0.98217962590537300000, 0.54821841043201580000, 0.35055350824870080000, 0.24124906687381914000, 0.11071295391925387000, 0.05426735011043298800, -0.15663544494967849000, -0.07754816086375818100, -0.13315974669181055000, 0.07657655623832168600, 0.06488676446820164400, 0.05008146189029488000, 
0.38099670268402980000, 0.29378811227567103000, 0.20573204515121954000, 0.12087985697518439000, 0.03938447791889730700, -0.01643944065240489400, -0.06403688705014880200, -0.06973559822603099500, -0.06678089714509098700, -0.02096241379450539100, 0.01425161715644732200, 0.06372517582511444400, 
0.29505348520152314000, 0.23640962765154985000, 0.16861670759891709000, 0.09701094698337287000, 0.02982908889333271300, -0.01717752161700356400, -0.05077377436739235300, -0.05248033268297867800, -0.03497046046529803800, -0.00865873969706373870, 0.01755470021168669200, 0.04075517734962570000, 
0.26674762330073326000, 0.21904190116152894000, 0.15915298398071701000, 0.09539245804370580200, 0.03687397902239776500, -0.01105286386107097100, -0.04759080352934561000, -0.05145708551579467000, -0.04071743613944083000, -0.01397698459753847700, 0.01902349652618910400, 0.04854726362228829100, 
0.23369051408207075000, 0.19109572757981480000, 0.13963944872123618000, 0.08647235746787142200, 0.03733867392079719100, -0.00867508024653998110, -0.04386022829343036400, -0.05385778198381933200, -0.05317347741063834600, -0.03613359265638414100, -0.00791102188876788290, 0.02337085760902848200, 
0.21196355132309763000, 0.17078092342645457000, 0.12397087383205958000, 0.07795988254862858100, 0.03253517480544894400, -0.01039318103710470300, -0.04258697683906101400, -0.05725282527561136000, -0.06029684385839812600, -0.05086422849328649200, -0.03216483097657713000, -0.00680328575501730480, 
0.18932700245093534000, 0.15686198918998515000, 0.11879005567754147000, 0.07930220956616333700, 0.03824301440608244400, -0.00222610681092452740, -0.03585233741487603400, -0.05571121401530299000, -0.06337366745884105700, -0.06241113595357965200, -0.05023078792487933900, -0.03269933606624836300, 
0.17279355472381297000, 0.14490207722497783000, 0.11032329700135830000, 0.07374546843934161300, 0.03605013068146933900, -0.00324388238806948630, -0.03724117350915082100, -0.05879632871054646400, -0.06951832854662139100, -0.06879636352899251600, -0.06077839276909024300, -0.04860615248297167600, 
0.16429009718607829000, 0.14024187447307290000, 0.10773640948656497000, 0.07103789094931599300, 0.03342000401798252100, -0.00443092531503026800, -0.03758536172227500100, -0.06117648468287591200, -0.07517812733084280900, -0.07488749018250925900, -0.06705276185610795100, -0.05426391650662583400, 
0.16165576169598153000, 0.13889828617031247000, 0.10594125519889175000, 0.06692975984168871000, 0.02658818702914065400, -0.01151811557456798600, -0.04363141971734226000, -0.06694600808546766200, -0.07990256454426994400, -0.08011791822653695200, -0.07168714747120789900, -0.05777985668525405900, 
0.15842363548546742000, 0.13380937153379349000, 0.09866931503903705900, 0.05841585668936061200, 0.01798814851579087400, -0.01921391057464606400, -0.04894488929015926300, -0.06933253169852680900, -0.07862391637780222200, -0.07452519552507350100, -0.06407258034848306600, -0.05033018432684999200, 
0.14994435697889116000, 0.12417287480633400000, 0.08819512547981846200, 0.04794582994995150200, 0.00848180847397062010, -0.02747692131838594700, -0.05576331913366654900, -0.07392589384534152500, -0.08085368277291760100, -0.07500366454520816800, -0.06251653325420933300, -0.04843277943766028500, 
0.13769015434003348000, 0.11361777198048995000, 0.08022317471704108700, 0.04230786387832791200, 0.00463851991821950280, -0.02926834808776735200, -0.05558083129213709000, -0.07176562035403306900, -0.07768285449416882600, -0.07343454700530115100, -0.06197410858202610800, -0.04847806830731711500, 
0.11839572294951727000, 0.09726466069436468000, 0.06872172922742241000, 0.03611697049248616800, 0.00364200151851428940, -0.02468871085196248900, -0.04587135319106260700, -0.05720887366903158700, -0.06116169692672605900, -0.05637237252806595600, -0.04665618835078418100, -0.03608314834066933500, 
0.09766386553750736100, 0.08031119497322708500, 0.05655339293826250300, 0.02986660077867574200, 0.00421340179753909060, -0.01737079764398542100, -0.03249301402483378100, -0.03931750414669189800, -0.03991185511422969800, -0.03432327535927109900, -0.02609609069670008900, -0.01791280624029040200, 
0.07423924853020556800, 0.06141815929258930000, 0.04455206934086557200, 0.02669643545381198600, 0.00990695143660107020, -0.00416440809696560710, -0.01359304197806874800, -0.01731129319306945800, -0.01614021099447204500, -0.01197389882733255500, -0.00752789897353821430, -0.00467978269914609640, 
0.05430591762761433800, 0.04469745696084968100, 0.03417333325587840200, 0.02476183803075100400, 0.01576902796769085200, 0.00725372973624597780, 0.00070465591549865453, -0.00234650629327914050, -0.00219008380361013220, -0.00050190852844039086, 0.00029929755067954929, -0.00099710417704284367, 
0.04032727060384112800, 0.03464488578521483800, 0.02804964597139222200, 0.02221480397105153300, 0.01661450096747235000, 0.01164463491801296000, 0.00759351902417636310, 0.00508933117923591160, 0.00391611918676992680, 0.00359246658571135430, 0.00271305321196720160, 0.00056313607067355641, 
0.02640865488792856800, 0.02352560132268740100, 0.01982682211299704000, 0.01626645475755899400, 0.01285261139283767400, 0.01024042649068923400, 0.00827650427471600390, 0.00699942590682307510, 0.00607219529859619280, 0.00555741064881304110, 0.00482829724587997140, 0.00356954495131480300, 
0.01565864305318810000, 0.01427557438812997700, 0.01272212827278146700, 0.01104317350102025300, 0.00940382038693022250, 0.00826598206044852450, 0.00752834867158241540, 0.00703762636811746440, 0.00648622121482849390, 0.00612836283858874970, 0.00582553296636569280, 0.00526499721351907000, 
0.00958586993308042400, 0.00905909843117551350, 0.00856305025013446440, 0.00772257410763198170, 0.00698369516531224460, 0.00625215027912857930, 0.00582569777702721290, 0.00590933661463465850, 0.00509166893123869960, 0.00500496057844622600, 0.00498511725336613430, 0.00456573831787548000, 
0.00447374588328400440, 0.00729539039828374070, 0.00710529759545888360, 0.00531032794036144160, 0.00647406251842351250, 0.00467496288112278620, 0.00459551634812999010, 0.00533350076929994720, 0.00458597976655995050, 0.00372033370577165520, 0.00472449604021100540, 0.00288311930074577630, 
-0.00198675408334136710, 0.00734609888674445530, 0.00735046705690847470, 0.00259975146797687080, 0.00636721338290247190, 0.00435352892048637780, 0.00351870244301641120, 0.00407187958558858850, 0.00557280213155302360, 0.00058507268777551781, 0.00597415771516995700, 0.00102510556278520250, 
-0.01254375033425661100, 0.01031034311739624300, 0.00644145165966029770, -0.00168017015901014630, 0.00739754968950698260, 0.00216003517634119450, 0.00144073600890558910, 0.00344403286338076410, 0.00425658662855462120, -0.00301274335481863930, 0.00868470239558000180, -0.00466097109884312890, 
-0.02712089146712779200, 0.01500062533812050000, 0.00875586680427407030, -0.00979012254105669430, 0.01313714041803631400, -0.00157692957538867240, -0.00103296736530054250, 0.00560271798440578100, 0.00109402153948015640, -0.00406941388601216820, 0.00822490128534594280, -0.00596138356285339820, 
-0.03397028554177165100, 0.01095581507452191700, 0.01612060611309163600, -0.01790780382324806700, 0.01304220508256162500, -0.00059121312901489506, -0.00239375333097819950, 0.00205782755847731210, 0.00407007025224820870, -0.00731587488001148380, 0.00874858836897893930, -0.00754012311122926380, 
-0.04682916239781103500, 0.00947204705407805010, 0.02450665049902427500, -0.02951751852013585800, 0.01643871582350543000, 0.00222933554669670860, -0.00728635228420931000, -0.00018662143344675189, 0.01636299948766912700, -0.02743382741880777100, 0.02917685720605227600, -0.01724531086115867200, 
-0.04754548721905881700, 0.00254872067095058460, 0.03627568190949674600, -0.03834521105537584700, 0.01474031908079827100, 0.01639031930705393500, -0.02690528305197216100, 0.01363981073714712900, 0.01379909900415260100, -0.03144322575130090200, 0.03068748479683792300, -0.01184941053120190700, 
-0.03665970403277382000, 0.00047277016296536762, 0.03124381974780498400, -0.03158774427888327900, 0.01052009879875391200, 0.01589847173731129600, -0.02504403508329478700, 0.01482132404947362300, 0.00666123356612963010, -0.01941767562460075500, 0.01756203493897285800, -0.00510696740511103720, 
-0.03782502092899522900, 0.00855882761877293020, 0.01963778835400503000, -0.02690427467978658700, 0.01515410175593349800, 0.00445144472634066610, -0.01625583646813850600, 0.01525834722069628600, -0.00164635363617680800, -0.01392916513630774300, 0.02039211675820032400, -0.01559958436308533600, 
-0.03109894976176010700, 0.00688956883572934640, 0.01743487510183168800, -0.02382268355304359800, 0.01542443682256428200, 0.00167207626397974100, -0.01423654749493273800, 0.01708616193169533800, -0.00651951362420295860, -0.01008488990203740100, 0.02183916864678776500, -0.02155751496192431100, 
-0.01687650439543015400, 0.00215763493030305100, 0.01271127541912278100, -0.01535698302349021600, 0.00943613627736655800, 0.00140369491938617270, -0.00897477307343338800, 0.01165961716971678300, -0.00650897139499059200, -0.00198917595784740220, 0.01023593178407259900, -0.01261314325761459700, 
-0.00782617477461721580, 0.00134214939422516570, 0.00550965207650373680, -0.00528453513680365690, 0.00207644234606648790, 0.00193632894511307870, -0.00323621686515872900, 0.00262356330582083590, -0.00072694938495753022, -0.00072632885414872499, 0.00187804463793618100, -0.00192527783577175150, 
-0.00439073948983259660, 0.00088138118723085201, 0.00413448921141763760, -0.00269456521450009290, 0.00079298007641456173, 0.00224982649178789330, -0.00194474137214629780, 0.00065455907080734922, 0.00155244445347393160, -0.00185472661474731680, 0.00096578787630423497, 0.00036815955639745178, 
0.00032074799094341047, 0.00172488858144333090, 0.00287708932703706390, 0.00043606055920128477, 0.00164530919625020030, 0.00165967632203047640, 0.00048805370993311415, 0.00142339348317395700, 0.00129974687117135060, 0.00024917563504437583, 0.00144716511885723510, 0.00079219499983216419, 
0.00773985046130537800, 0.00716474008628056100, 0.00647446935611315640, 0.00545530177476501520, 0.00468590064447807310, 0.00393451483701794890, 0.00325736502687817360, 0.00288748586809002000, 0.00242643487159427670, 0.00196738440883198600, 0.00171642158250560220, 0.00099615936279638900, 
0.02264874817090137300, 0.02059205388596220900, 0.01804236534930113100, 0.01513428176280113900, 0.01213347020206235500, 0.00903761954530496810, 0.00635657534250708140, 0.00395699854560475390, 0.00184533813202030700, -0.00005779914383301059, -0.00186981352729713010, -0.00389299541651620070, 
0.03732260172064674800, 0.03320778932223315100, 0.02847157880310393100, 0.02329830511044520700, 0.01754470546112773700, 0.01152781219125942300, 0.00635588931071682030, 0.00191453311691684810, -0.00182776182924674830, -0.00487629142746972070, -0.00765793269067453330, -0.01067011230121765200, 
0.04166106175882925600, 0.03569179435616361800, 0.02924239199814915000, 0.02266132984332178500, 0.01544162462461207500, 0.00828525915620995090, 0.00247422902255750930, -0.00197887018178732020, -0.00525882954239838010, -0.00769157060829010930, -0.01006746158345323700, -0.01316857275965932800, 
0.04124253403583900300, 0.03433458948155973500, 0.02690106000590915600, 0.01950046612884187600, 0.01149453288309821300, 0.00393754487161372940, -0.00185852261967033530, -0.00572056884191414830, -0.00806261846117534150, -0.00937985277018546500, -0.01056898039964667400, -0.01267360737959448800, 
0.04939786280925612800, 0.04086418526755142300, 0.03129615216542136500, 0.02136257328255917300, 0.01065211080422204900, 0.00047228558379663931, -0.00722033811939745180, -0.01210093366999491300, -0.01486149190344210200, -0.01606189455132124900, -0.01637459042760193100, -0.01689654910473610200, 
0.05797216687666124200, 0.04858830846382222000, 0.03667153760929621500, 0.02371938866965449600, 0.01037378637896591000, -0.00206600528496858400, -0.01161405001969630600, -0.01772904035677054500, -0.02101751385920480600, -0.02266494891748944300, -0.02319213051407618300, -0.02317475989080360100, 
0.06208670034914255700, 0.05254719523939679900, 0.03935380680026805100, 0.02451119249846128400, 0.00963591323686547110, -0.00370710358402392670, -0.01384628075780739200, -0.02046927762067222600, -0.02405591553249031600, -0.02593603183060900300, -0.02694152368514149400, -0.02748754646631019300, 
0.06305575287127293500, 0.05373720886956551100, 0.04017857375058433300, 0.02456089489961875400, 0.00907143899390783210, -0.00465661099073246510, -0.01514503770891980300, -0.02219860788861045500, -0.02620975137036251800, -0.02830742991125655100, -0.02939997367217494700, -0.03018458300943202900, 
0.06490119135216282400, 0.05558322717628653300, 0.04194955903683867500, 0.02612873398292235900, 0.01038473916528740400, -0.00378939766175613330, -0.01501850495082871100, -0.02292738747040977100, -0.02790827604774774600, -0.03082346504498737300, -0.03245164904657915600, -0.03356117166506966000, 
0.06327587569639146800, 0.05466833519729603900, 0.04204457957294185200, 0.02733799017200892400, 0.01245903009196475500, -0.00132241329706916670, -0.01289363517546949900, -0.02165433283943495000, -0.02774589740373870800, -0.03166905109696081800, -0.03405024438768642500, -0.03545832420914801100, 
0.05496969175764808400, 0.04820408311933796500, 0.03800254541467188600, 0.02590206289312059500, 0.01338323894172937700, 0.00141066308802413460, -0.00912591418217825400, -0.01764492658368272900, -0.02399703211735428700, -0.02846014430118967700, -0.03100541796220132900, -0.03244198378915404100, 
0.04558703008687772800, 0.03983107817500827100, 0.03121852305637192600, 0.02104217248203792800, 0.01052863810783210600, 0.00047034170167803316, -0.00826944499099353110, -0.01519954347051816000, -0.02007029016809650300, -0.02298329836023349900, -0.02418286468425942900, -0.02436312536806930000, 
0.04097862969324697600, 0.03559668632241355000, 0.02765985988101283100, 0.01832525906034765000, 0.00871655858102154090, -0.00036297987829384567, -0.00797415653280169650, -0.01366118061421980500, -0.01729314458628505900, -0.01897188182032050500, -0.01930080142705869000, -0.01877661674601781600, 
0.03899645107119256700, 0.03379485353271702300, 0.02615290224169418100, 0.01719146974558212500, 0.00804874133472153860, -0.00041282923859432483, -0.00722991436681704940, -0.01199922427146913100, -0.01471614592073762100, -0.01570541883045807600, -0.01552545702117692100, -0.01481914809853578400, 
0.03496425703521330300, 0.03028544625125267600, 0.02341793630492431500, 0.01544317393361781300, 0.00739950726159936500, 0.00018390104929579519, -0.00543451392795024630, -0.00913685456168266890, -0.01097116783019159600, -0.01136600046541781500, -0.01091031684002658600, -0.01026300377220219600, 
0.02310778820812034100, 0.02051479499902576400, 0.01671268197876087100, 0.01227917421531358700, 0.00764764288243649070, 0.00339562453789309190, -0.00008453819512410318, -0.00262999188131528200, -0.00432624912490204170, -0.00529678492434421370, -0.00582717189759032230, -0.00606924331847827520, 
0.01126414272636987900, 0.01047427521989353600, 0.00933197569678921240, 0.00799380343279672800, 0.00654335156154834270, 0.00515285300244885430, 0.00394721045290201670, 0.00296830032813308760, 0.00215522882037382040, 0.00149055534311185640, 0.00090555979342293175, 0.00040718706930224888, 
0.01022613955024269000, 0.00993992514211974880, 0.00950144400299056390, 0.00896677112879429650, 0.00836372443860307000, 0.00772741822234456360, 0.00710206558275030750, 0.00647946757594908970, 0.00586086948321896860, 0.00521013321886732840, 0.00453100929228704260, 0.00379812535036234920, 
0.01169410242373240600, 0.01137444193543886300, 0.01086765382831467700, 0.01023687113885195100, 0.00951043679108911320, 0.00872339282880647310, 0.00790821630044265780, 0.00706591715326248140, 0.00621724091865247330, 0.00534166035269743270, 0.00444644603985960410, 0.00350587521044081530, 
0.01176158689102536400, 0.01144966373553219500, 0.01095532340248159100, 0.01034095802546263500, 0.00962176181069743230, 0.00882889626344279290, 0.00798288027357656540, 0.00708775103745639630, 0.00617841639268096580, 0.00524665534213890250, 0.00430645746507839730, 0.00332890910454548570, 
0.01146098760308977000, 0.01115873180426575300, 0.01068880726589100300, 0.01010711212832143500, 0.00942145673877033650, 0.00865560278039390580, 0.00782952758831630640, 0.00693218678177937380, 0.00602230878760705130, 0.00507724135858615010, 0.00412350864015671900, 0.00313557588183500500, 
0.01098027712956246800, 0.01066037526169245200, 0.01017901972010693200, 0.00958842705808188660, 0.00890874062276036420, 0.00814273879382053020, 0.00733172644002081430, 0.00646090311883777080, 0.00556761192892862940, 0.00463439365469549710, 0.00368799194808440290, 0.00271736976006118920, 
0.01028421777884237400, 0.00999155332671386280, 0.00956540258590992190, 0.00904438403503836540, 0.00844459338986702610, 0.00775473353597732220, 0.00701182622138007620, 0.00619848091724632160, 0.00534907040246158750, 0.00446087092196620610, 0.00356808755436079790, 0.00267290799813395000, 
0.00968140192809230190, 0.00941115352923028480, 0.00902186309364114490, 0.00855133414068922310, 0.00800654693916853090, 0.00738227966258250740, 0.00669225663620414120, 0.00593732207209212230, 0.00514227067764320280, 0.00431919615298654090, 0.00348179562684385350, 0.00263673384650689500, 
0.00958471275079198460, 0.00933445259748310470, 0.00896371475632225420, 0.00850372533906292720, 0.00796282062114107670, 0.00733848249251755660, 0.00664249376225372390, 0.00587851679883420310, 0.00506115814892035920, 0.00421935308500653770, 0.00336033271124511110, 0.00249017328817782020, 
0.01031480126457733100, 0.01005399480765951900, 0.00968172235063804490, 0.00922064039489153660, 0.00867927046119653690, 0.00803211726053361390, 0.00729538190693753820, 0.00647673449130182780, 0.00559820639706998250, 0.00470048208253165310, 0.00379060148526610180, 0.00285869103449932140, 
0.01079760918442685700, 0.01049846780772244700, 0.01008740119092032900, 0.00960050663749704640, 0.00904484272539545120, 0.00838026001253193430, 0.00760384970677157720, 0.00673569214013028820, 0.00581578703483408110, 0.00489122217168722060, 0.00396695665767308940, 0.00301048039614746490, 
0.01092354808184859000, 0.01061873063962110100, 0.01019843975024480700, 0.00971191945523119420, 0.00914858935437683380, 0.00847889166410445080, 0.00768475697169519050, 0.00678658511081820480, 0.00581866147935240600, 0.00483130063292796020, 0.00384018390578700450, 0.00283649280113128970, 
0.01188417340327178000, 0.01148509805905456400, 0.01102232568346671300, 0.01050651529609291700, 0.00983387183750484080, 0.00902437686107685970, 0.00814825120790499580, 0.00720269591377304540, 0.00613981883203945990, 0.00501344642764540730, 0.00390444054800808500, 0.00281282280101534040, 
0.01300993523496640800, 0.01210392628743452000, 0.01153478266971413000, 0.01114580816865198000, 0.01032175387810713200, 0.00917375322733286240, 0.00818057508037197190, 0.00726698197146901420, 0.00601161401086774180, 0.00452741916930531060, 0.00329883366780047570, 0.00232094181234848450, 
0.01455299438821239200, 0.01290328906096137300, 0.01213528787973143700, 0.01203095985493362800, 0.01140301281687475200, 0.01022463390890388800, 0.00919766628267230240, 0.00818660573167002800, 0.00648826148504747650, 0.00438592593452526420, 0.00296494510598513220, 0.00227508276212501190, 
0.01598429719438056200, 0.01358503902846899100, 0.01238762440305836800, 0.01242503194583745700, 0.01227063394138978900, 0.01145213664449242600, 0.01041529592291537800, 0.00901880133453452150, 0.00679186939838667940, 0.00430064014990670040, 0.00283746065804687040, 0.00235264684684785480, 
0.01711676221603909700, 0.01369368120954611600, 0.01212352753921091100, 0.01275461455866163900, 0.01338185443652496600, 0.01261797870657204200, 0.01081680502630412100, 0.00856465161239653580, 0.00621862663159691510, 0.00436614353203307850, 0.00342406640763090550, 0.00274955563788041330, 
0.01708989739547170000, 0.01275487594735292200, 0.01104655325746716600, 0.01237158349994028600, 0.01367232568862036100, 0.01320497673889729300, 0.01143859039632361000, 0.00889477994044100310, 0.00587533992262685190, 0.00376943038921840210, 0.00352330827560897460, 0.00392589746769268430, 
0.01701472907255412200, 0.01201781097180413900, 0.01020665184309243500, 0.01190022298423675700, 0.01353335948411429200, 0.01337236991954663200, 0.01201017642099391400, 0.00954515341203027510, 0.00578978087359390510, 0.00309261907012673130, 0.00338705804891233260, 0.00497202629051582930, 
0.01671816665421715600, 0.01143724771198370100, 0.00987338135562045370, 0.01195208577713310400, 0.01352536787058374400, 0.01310362792125804300, 0.01170375187642402700, 0.00952495265236321700, 0.00589380509993591910, 0.00315803914527479880, 0.00367836799313151420, 0.00542390134849359600, 
0.01696178318776859700, 0.01064817165481693500, 0.00894112817798580280, 0.01167039833640042700, 0.01370314964575252600, 0.01321764381945812200, 0.01165487163994704400, 0.00934088966309446970, 0.00553531222727981710, 0.00251176267297923820, 0.00303760683518621790, 0.00533956705307852850, 
0.01783235206653771200, 0.01008837766132793800, 0.00806524722821139360, 0.01161028098918671600, 0.01442842551778994600, 0.01417914349297574200, 0.01241828418938885300, 0.00950336493004122140, 0.00493903726071741760, 0.00171115956100370600, 0.00302747125721309490, 0.00626051602395639490, 
0.01789632082342657700, 0.00923202295027351040, 0.00730027468524565000, 0.01146131813646164000, 0.01441372394931397800, 0.01399809321366038200, 0.01261262946320526900, 0.00984739877156962440, 0.00473014076970870290, 0.00113642256647298640, 0.00302882572602762670, 0.00702117828774256450, 
0.01779846887100886700, 0.00889568836940626130, 0.00683434339834118700, 0.01093005168709373700, 0.01395522782995178800, 0.01355542885008057000, 0.01240922295009138000, 0.00977507975061191190, 0.00440396502211055570, 0.00041770388015640415, 0.00231321591428203070, 0.00670848674501128840, 
0.01743093510916980700, 0.00914684002403890960, 0.00684759610103554280, 0.01045541070617103100, 0.01364985811473933900, 0.01384793837932798500, 0.01270133630368442000, 0.00976225789533008600, 0.00442422970393829660, 0.00060763615348850190, 0.00245764331102356870, 0.00672890931041713380, 
0.01707365612293041200, 0.00953464582340457500, 0.00721576073300281720, 0.01037871977331535900, 0.01348176248373306900, 0.01397600023856687200, 0.01261003204454062500, 0.00941283425514918140, 0.00445961172161703920, 0.00124766515012652280, 0.00298991047466941850, 0.00657425875160015490, 
0.01741787342256336700, 0.00975856810175295550, 0.00713065139128253500, 0.01021548365534476400, 0.01361562337087121900, 0.01430878918363131000, 0.01277537118866872000, 0.00942367102684924310, 0.00447685929748682830, 0.00113374405738150050, 0.00249162526323591000, 0.00587740030277970030, 
0.01791434982180326700, 0.01013692696436115400, 0.00721716182141324440, 0.01010681420883293900, 0.01367362131196054500, 0.01466525723832039900, 0.01317663936980826100, 0.00947671876244259890, 0.00423079824585287370, 0.00076735255410828639, 0.00212079440880875560, 0.00547971891635908900, 
0.01758116028881762500, 0.00987466364559112620, 0.00717034236128060060, 0.01007412334757740900, 0.01333044078892984200, 0.01415332238141658900, 0.01293885496231738900, 0.00957407894082519010, 0.00425136083904921900, 0.00053212995224100729, 0.00189742767029035590, 0.00532962970860228170, 
0.01751870333336153600, 0.00959903866984029850, 0.00685252189787385020, 0.00993068022910369340, 0.01330676343108802700, 0.01413839464753925500, 0.01291461204238650300, 0.00950699408799316610, 0.00412799090302600100, 0.00042448477422132852, 0.00169858879496174660, 0.00531814286176239550, 
0.01784514639514725100, 0.01060664077683590200, 0.00760516571694068440, 0.01007285733744299300, 0.01352330888278012800, 0.01473028356787751100, 0.01315545338918768500, 0.00914165544694981940, 0.00396210004064978530, 0.00097515755614408829, 0.00207703997596648490, 0.00496569289485825160, 
0.01790942039078660000, 0.01164126036076174400, 0.00923795491810876400, 0.01136380518857082000, 0.01393243291941043000, 0.01432009285467803100, 0.01250269446593362200, 0.00889955920504667540, 0.00448164115330757390, 0.00197971127753025950, 0.00278186068480739540, 0.00453675401455411360, 
0.01748739179972817100, 0.01185002973442237500, 0.00988966492131142070, 0.01184417207839566200, 0.01383544766404374100, 0.01374864074799787100, 0.01177617227860920500, 0.00816855453786722790, 0.00417331071289885230, 0.00238614239678116000, 0.00342542172060568630, 0.00420863682598326010, 
0.01619669239510644300, 0.01105575847192208200, 0.00938328208423374640, 0.01111856422431749300, 0.01253303776937168000, 0.01223570395868697200, 0.01095498632491634400, 0.00834167035690801940, 0.00443644070145982230, 0.00173621131323082070, 0.00232129503640575570, 0.00363693211679578510, 
0.01514315756021989000, 0.01099685344740371400, 0.00952046365278516430, 0.01071025583549722200, 0.01160201898247779400, 0.01115247652288755400, 0.00999144525517643540, 0.00785037647402943990, 0.00461534676998138530, 0.00226926501092435420, 0.00242983585177288610, 0.00308369802225351520, 
0.01426649508157151700, 0.01076691160833154200, 0.00941364245981254730, 0.01027163211570280600, 0.01101836400697802900, 0.01059390217127508300, 0.00927397263503951760, 0.00708421181948563910, 0.00439975562908118730, 0.00281254632596307160, 0.00283802557858604290, 0.00268638537640192910, 
0.01330519734785298700, 0.01055685550106453100, 0.00921579190895199450, 0.00964208538836587580, 0.01013675581775342300, 0.00984325646573527140, 0.00880713998042322550, 0.00700422518082672010, 0.00462630441530941660, 0.00290657410157963610, 0.00235074007917682880, 0.00203338356375475090, 
0.01224299229413585900, 0.01048381951755015200, 0.00944134567826216370, 0.00943259375953938400, 0.00947160864278980000, 0.00899220797770993940, 0.00809382306364854650, 0.00666211641107939110, 0.00479785363386630700, 0.00329627250345567320, 0.00235519867828913770, 0.00163044360896165870, 
0.01147563924478429300, 0.01025735747768741600, 0.00955066489837337780, 0.00933044959826464380, 0.00898375845957163220, 0.00828267324906533170, 0.00752286379631470460, 0.00643597378730069710, 0.00499066897047105350, 0.00368750248688884530, 0.00262302588222933360, 0.00160020718102370140, 
0.01062998413521021800, 0.00961336577353885670, 0.00900591839645219040, 0.00872082233934988460, 0.00824817886664326590, 0.00757625166928662350, 0.00702893270448544730, 0.00621981439126289940, 0.00498935376565391110, 0.00371263609673692150, 0.00261547582481422640, 0.00156599128309607360, 
0.00922109167127640840, 0.00852973110634343800, 0.00801092296370942320, 0.00768071800853234800, 0.00730657315012763540, 0.00676797167205075560, 0.00620355846374801010, 0.00545643586214609060, 0.00452653592541628260, 0.00352732620905081350, 0.00258155708310932710, 0.00161673938840711190, 
0.00757315342468619940, 0.00717281743257212980, 0.00683832195225723710, 0.00655822886332448320, 0.00621535230903522140, 0.00575024430293697480, 0.00524198147316637210, 0.00462120245113211910, 0.00394621677225054020, 0.00322224443776269280, 0.00250132828630670810, 0.00177845568719408570, 
0.00619468808678890270, 0.00592633001515041270, 0.00577769216827882840, 0.00547589009647621310, 0.00514522644496967670, 0.00483511698374820660, 0.00441948073661293380, 0.00383807113417562350, 0.00335333408959816650, 0.00284967315881192030, 0.00225824214379336930, 0.00173594379492333680, 
0.00497289160512009300, 0.00493110821069082240, 0.00487850856806145910, 0.00454188211603803910, 0.00423930238185439390, 0.00403061725990518790, 0.00376354431825501320, 0.00319672078938767860, 0.00296062848174509330, 0.00251115403926464210, 0.00204295537093687920, 0.00161948411012364810, 
0.00426170589469035060, 0.00438137770049176670, 0.00418435111345245600, 0.00392873677559442070, 0.00369148157592181490, 0.00336841589668057400, 0.00320003886042042080, 0.00269291586476418230, 0.00255758997670313140, 0.00200876091441182890, 0.00174198400495974180, 0.00129761416064608270, 
0.00414806314507152030, 0.00405035282611120040, 0.00395693610559520740, 0.00366811751055811470, 0.00342530148946803770, 0.00311666466775991500, 0.00282655102781927780, 0.00256899396610222500, 0.00229806642369955820, 0.00182051189411824230, 0.00157618351089293870, 0.00118887649664029290, 
0.00348354299021329680, 0.00352468586768815450, 0.00332321242834482390, 0.00308911556635691090, 0.00292064588103127170, 0.00266373326004900330, 0.00246927125998365600, 0.00211386217434125690, 0.00193300129270106690, 0.00153230397525322240, 0.00134108266026506520, 0.00096359343766743517, 
0.00256589326493526390, 0.00273446420401431910, 0.00246721131080295370, 0.00231283378831415290, 0.00215321358208939510, 0.00197012219371771970, 0.00189640623271303610, 0.00148773223372920230, 0.00142402079700315620, 0.00110357341172794390, 0.00093548334144484882, 0.00070488588830959660, 
0.00129610025467045840, 0.00162075879873041870, 0.00191325860440753630, 0.00146198579740895380, 0.00102905753600504620, 0.00157969653834695430, 0.00122308434706764990, 0.00057192924945030025, 0.00129380723510261260, 0.00063107610787229112, 0.00036829276650067651, 0.00052443167429796079, 
0.00077234265427875463, 0.00105240642544328250, 0.00177084864764536980, 0.00093933967760306337, 0.00064181877537622801, 0.00134396348345288740, 0.00089626729410376398, 0.00030244108528985209, 0.00115165069710986220, 0.00051629662194845245, 0.00019569787763597580, 0.00045600117236668694, 
0.00078922842844571250, 0.00110167643786203630, 0.00206268669050306810, 0.00070704214467218044, 0.00093524150105490087, 0.00145487891360934130, 0.00071693696015056446, 0.00060185084540339878, 0.00118633341480861210, 0.00037731634828328258, 0.00037808707886514845, 0.00065386454160555000, 
0.00062278946314614427, 0.00113460873053377870, 0.00256256808681855700, 0.00068472269327661235, 0.00105314047196160820, 0.00189738190369231590, 0.00068448629769817275, 0.00074798977234498778, 0.00145549399266404640, 0.00032467187392244603, 0.00049379727588383111, 0.00101498798859887920, 
0.00109255726362499320, 0.00165627482701363130, 0.00215077818713817250, 0.00134266084733862230, 0.00145716308107017490, 0.00139211219962390340, 0.00132060971438477280, 0.00124389862840167640, 0.00108447158309749610, 0.00087852527038750092, 0.00112083130498781530, 0.00064842491088100743, 
0.00174571504742255430, 0.00228916521781081420, 0.00245996329283816590, 0.00186693715089891290, 0.00201596577501547300, 0.00166982902697412480, 0.00184724116255287640, 0.00174736645362446700, 0.00146261816096207480, 0.00154195017273278650, 0.00151251462950256940, 0.00102297281799218290, 
0.00156031351654348620, 0.00216800354532871790, 0.00240111655976662370, 0.00152817526186060510, 0.00210222544875159460, 0.00164528062588463670, 0.00165654262537836780, 0.00170063817763707100, 0.00135544677826997490, 0.00152990616089825300, 0.00121081903634595960, 0.00107909288000685930, 
0.00145852910196915430, 0.00166801504730698070, 0.00206790814226699750, 0.00140039142116431840, 0.00154557935701975240, 0.00147927867521713340, 0.00135703848568526880, 0.00131285145215736890, 0.00114614278481212890, 0.00119182038067258990, 0.00101350737374736520, 0.00073584725629424145, 
0.00066093536010085622, 0.00097245333278253164, 0.00196653294712113460, 0.00074844492441501222, 0.00098774015214955530, 0.00128940332530515170, 0.00086125709107164679, 0.00094402763968105775, 0.00080991027352288886, 0.00083676502532768564, 0.00091531930375520995, 0.00026352292115594983, 
0.00024827482087982103, 0.00054930803955481220, 0.00202367816028681470, 0.00041829336784993517, 0.00054423945237717290, 0.00150411410094628560, 0.00054935122182469859, 0.00052129604467537189, 0.00116690849584398080, 0.00042640456221952969, 0.00061399305061826670, 0.00060446664592607230, 
0.00032686630003269171, 0.00045652780010665674, 0.00163050428636727850, 0.00068514309434821992, 0.00034184169341662095, 0.00116202272353124420, 0.00083421682246963942, 0.00032014600229368455, 0.00089244093258714573, 0.00063775680556477175, 0.00052957903251648708, 0.00037797613418490855, 
0.00021728558677352035, 0.00060598913677369591, 0.00132748707070102970, 0.00066758966809867210, 0.00039400278118368150, 0.00096085971890920734, 0.00059664400325183859, 0.00049088993786870619, 0.00050646354156974182, 0.00066033148927561135, 0.00038351525612547160, 0.00025052501114564596, 
0.00006225707964814275, 0.00084504947901872926, 0.00128023328060457040, 0.00059600407717857388, 0.00055146011757996652, 0.00113801311668987780, 0.00033220474266466089, 0.00057910074547569282, 0.00083165875819812536, 0.00047738919827403932, 0.00034988832056427491, 0.00054862905471634769, 
-0.00001658238422579906, 0.00062924802523573863, 0.00113857513348698550, 0.00047908153802914008, 0.00043651304636004658, 0.00099120612459614407, 0.00048405607726974243, 0.00019936689651373182, 0.00109691167302805590, 0.00035925369274983316, 0.00028836406459806018, 0.00057915748671458743, 
0.00015002906263466230, 0.00060190780544067655, 0.00099742347267830545, 0.00050299500599375129, 0.00046180513206917214, 0.00081952501407385025, 0.00069524287419069010, 0.00009753125829245581, 0.00096064671635435117, 0.00032794149173655772, 0.00040120636555910955, 0.00045944572038692302, 
0.00036815512406973219, 0.00063884626646455505, 0.00089277001500514804, 0.00057848047822334767, 0.00055826678975628920, 0.00084349213728338772, 0.00069369901298916192, 0.00028440930549029930, 0.00074790291011450345, 0.00033723915099074993, 0.00054519783530137774, 0.00036992749829231088, 
0.00037572407469708800, 0.00067943017901061131, 0.00079077967138276755, 0.00069271089754275878, 0.00047947213391294534, 0.00067318636977968136, 0.00074215927179729099, 0.00030722177061481376, 0.00062582266839752759, 0.00034112612878008732, 0.00056179367296211463, 0.00024328415637268479, 
0.00031900685098614715, 0.00054368782902278635, 0.00064715316208005427, 0.00061074713052915121, 0.00037185648149906951, 0.00049500807196942121, 0.00066010583837056939, 0.00024010021437769513, 0.00051937214349988324, 0.00027333373218492451, 0.00042693819777580265, 0.00017635766813743059, 
0.00027069929177774005, 0.00032299385469773581, 0.00052996221900920794, 0.00030334299075247221, 0.00036625853436566717, 0.00039253730055674788, 0.00036735675022086590, 0.00032639172420696608, 0.00033092657091173726, 0.00029983485957856866, 0.00023821878612996760, 0.00020909632963885951, 
0.00011881691183733468, 0.00023554151918457302, 0.00050289057932504050, 0.00016344913066082512, 0.00026599879610724847, 0.00036465710397414673, 0.00022952192075130972, 0.00023744637171845633, 0.00023080957099433545, 0.00027857028646767262, 0.00017872439664424876, 0.00014639303251382530, 
0.00027921947237321784, 0.00029960630355390305, 0.00052408338180835300, 0.00035171657014584413, 0.00024202151557185317, 0.00043033672284710132, 0.00034205328342258909, 0.00021909197076257889, 0.00031317526547426124, 0.00033248415754876280, 0.00021899082608046124, 0.00019923012840819055, 
0.00049237462959279030, 0.00045428329229013875, 0.00056296613305536428, 0.00047634984943754341, 0.00040483994498836788, 0.00047477436812343979, 0.00042604924814897230, 0.00035945139054140683, 0.00039206501404213468, 0.00036974935904017416, 0.00030699402555190087, 0.00030474135236544496, 
0.00062150096667307165, 0.00059979333390899436, 0.00060764847041482213, 0.00057938479849639428, 0.00055058972583262999, 0.00054898945486943406, 0.00052770887860515607, 0.00050037479986231792, 0.00048476893209291289, 0.00046245432196356161, 0.00043724337263537842, 0.00041712333377835493, 
0.00058118963063962859, 0.00057500815240258492, 0.00056974126109519247, 0.00056238262054667931, 0.00055409178513379656, 0.00054754280278587113, 0.00053928756474764345, 0.00052973368828457268, 0.00051974147285448983, 0.00050942486153062166, 0.00049972559941434955, 0.00048833781856884306, 
0.00029933190255118419, 0.00029619328920527278, 0.00029260385398399095, 0.00028902313900108241, 0.00028517903537998024, 0.00028138058402419746, 0.00027731866673640326, 0.00027321172532724259, 0.00026926234948550942, 0.00026492610591476347, 0.00026072414080062788, 0.00025588093731520684, 
0.00022400863373560893, 0.00022136389008807174, 0.00021877591964848417, 0.00021628682516670590, 0.00021355153348691667, 0.00021093229287575527, 0.00020836902804349534, 0.00020576315622293235, 0.00020317302236590740, 0.00020030313954703342, 0.00019773256609001590, 0.00019496232999482139, 
0.00033695606069515969, 0.00033400021451038053, 0.00033114085325718713, 0.00032820930277418961, 0.00032504918956900318, 0.00032187436376389107, 0.00031866948821163740, 0.00031526725258469382, 0.00031184244594187647, 0.00030810014193342867, 0.00030457486112699881, 0.00030081157052897839, 
0.00045274940752660747, 0.00044949034281681723, 0.00044608465473921230, 0.00044263236639731693, 0.00043912448715490186, 0.00043483170052753089, 0.00043069342798516939, 0.00042611679184924290, 0.00042123473888984795, 0.00041610197862359350, 0.00041121132731559724, 0.00040611564707105236, 
0.00069643625608881111, 0.00069401329683761173, 0.00069176965070064285, 0.00068955284476629485, 0.00068713063889038568, 0.00068406557924623006, 0.00068143739674312253, 0.00067835722237331777, 0.00067499424082566209, 0.00067123571138230436, 0.00066799841616276283, 0.00066464214574706601, 
0.00077468407065013969, 0.00077386274598465464, 0.00077356062363039956, 0.00077309987542637003, 0.00077238348975515838, 0.00077160803495371051, 0.00077112869234550823, 0.00077045612276919930, 0.00076973351652492145, 0.00076868791843378572, 0.00076793154803367391, 0.00076707994638635193, 
0.00060334917061180570, 0.00060243093581596339, 0.00060199151594500489, 0.00060135064566190551, 0.00060052228446620302, 0.00059983338749098431, 0.00059940235932917228, 0.00059861277085630858, 0.00059805423714780518, 0.00059733121563821550, 0.00059682337478054537, 0.00059634418504499230, 
0.00047608457904944987, 0.00047376905679383187, 0.00047192059669053305, 0.00046968945737593554, 0.00046724935129590115, 0.00046544504642661113, 0.00046371920713969886, 0.00046098291475563726, 0.00045918049403755295, 0.00045760164305882215, 0.00045560620129442124, 0.00045360005580091968, 
0.00034265712013897262, 0.00033901013188077528, 0.00033540199357440914, 0.00033167364180280046, 0.00032805664353647066, 0.00032510437590930823, 0.00032204279439281545, 0.00031790597448174763, 0.00031492868195376724, 0.00031215551458677396, 0.00030909644312317609, 0.00030579546404976523, 
0.00035693148234476358, 0.00035562571030532160, 0.00035486395976237273, 0.00035363805608909591, 0.00035259985087380944, 0.00035178419589265128, 0.00035075769975148992, 0.00034955362280562262, 0.00034858345159028358, 0.00034749897770696380, 0.00034674673335603583, 0.00034585260773606699, 
0.00038436782137090184, 0.00038343514171474151, 0.00038345451513668231, 0.00038305838990927395, 0.00038280230886638826, 0.00038268144076685742, 0.00038230534255636765, 0.00038170322731603844, 0.00038083097951618520, 0.00038026577190762291, 0.00038023699803102268, 0.00038007957461413337, 
0.00048056857179691414, 0.00047919941918420501, 0.00047880975023032151, 0.00047852635279350313, 0.00047842629854878005, 0.00047821071568030334, 0.00047810637569616320, 0.00047772732736086888, 0.00047693603022728721, 0.00047630487674089515, 0.00047611039793480004, 0.00047583033158657537, 
0.00057885539476929513, 0.00057759002058615496, 0.00057704815364058933, 0.00057657201224931552, 0.00057605802179105058, 0.00057527750871864210, 0.00057480185870438614, 0.00057437383483054647, 0.00057377312766585496, 0.00057286948023444612, 0.00057205442111887914, 0.00057133175363886855, 
0.00043684801162996114, 0.00043408962667139330, 0.00043184469089721229, 0.00042963564986938578, 0.00042767020291717758, 0.00042533387643381128, 0.00042293282422257652, 0.00042058860169142705, 0.00041843279955136267, 0.00041608269715486071, 0.00041354891267004991, 0.00041107719642618129, 
0.00037311429325114610, 0.00036980400825398972, 0.00036705585614353565, 0.00036451637220922731, 0.00036213301926827149, 0.00035948007606240531, 0.00035690487063075077, 0.00035433890709506036, 0.00035184986286903187, 0.00034911514689158082, 0.00034615149266502184, 0.00034343879359378064, 
0.00059538049524183773, 0.00059438213432773379, 0.00059395531492913948, 0.00059334072513985618, 0.00059254343481439126, 0.00059154971493329304, 0.00059082708433650744, 0.00059010260989026059, 0.00058957422918987990, 0.00058870976431614030, 0.00058774230632533406, 0.00058683787377205774, 
0.00063390438861151018, 0.00063307696926442761, 0.00063260327240183527, 0.00063169233831495851, 0.00063094593204942229, 0.00063002738482954011, 0.00062921060862573472, 0.00062824973900876238, 0.00062739170745497582, 0.00062636295161222391, 0.00062538329683727175, 0.00062405311915547602, 
0.00036092078895800161, 0.00035784834739108039, 0.00035479718221387117, 0.00035141953617051977, 0.00034880151675377831, 0.00034593806929164974, 0.00034311236135616246, 0.00034036696115345591, 0.00033773221296128179, 0.00033497251217156482, 0.00033177634906549487, 0.00032833922930161212, 
0.00019894504351283793, 0.00019678298166979800, 0.00019474659928357842, 0.00019270074045520027, 0.00019103947094400672, 0.00018925727378572024, 0.00018745583514446614, 0.00018565351669690930, 0.00018393123290298455, 0.00018212499667010350, 0.00018007904105777709, 0.00017795137455872112, 
0.00022812325812589728, 0.00022765758593128218, 0.00022746489967307687, 0.00022707964145642865, 0.00022689544923432459, 0.00022671172908789752, 0.00022637528393758624, 0.00022614224185677138, 0.00022589681406956697, 0.00022550816808475073, 0.00022541750757314936, 0.00022505352618798686, 
0.00054963064642623660, 0.00054873404795692830, 0.00054861447962121059, 0.00054792545455735714, 0.00054760940320195035, 0.00054717939258868570, 0.00054640151523147214, 0.00054588434102883349, 0.00054544460864785788, 0.00054472818208373618, 0.00054404755627455070, 0.00054312709375793785, 
0.00073630897771996182, 0.00073516138816320483, 0.00073468697262789838, 0.00073383126306831073, 0.00073326782347817119, 0.00073261203223056696, 0.00073176272071092850, 0.00073077530393690139, 0.00072979149997918927, 0.00072857928915653490, 0.00072742895508550386, 0.00072616839245806205, 
0.00041066467136734874, 0.00040809179534889625, 0.00040575991157611689, 0.00040337487411567493, 0.00040095775095090103, 0.00039859476139531350, 0.00039629020401502725, 0.00039385594880669454, 0.00039097122679286291, 0.00038813237771145192, 0.00038529952041174210, 0.00038240611125847830, 
0.00026317974416664849, 0.00026045197114851797, 0.00025817334849389899, 0.00025602747058422744, 0.00025388034635549328, 0.00025167762196219438, 0.00024946739715462274, 0.00024719513636634678, 0.00024470447440640901, 0.00024210296331513757, 0.00023919688012087693, 0.00023616574244379095, 
0.00028055234787535867, 0.00027958500723683559, 0.00027897908253687463, 0.00027835033557764495, 0.00027836661344654654, 0.00027818827255549213, 0.00027815419190895218, 0.00027775390114475088, 0.00027742468332247539, 0.00027668771228819800, 0.00027575672361657903, 0.00027508063397772392, 
0.00025094973383612488, 0.00025041926380742631, 0.00025012411269442021, 0.00024986223371298787, 0.00024978642568876570, 0.00024964253473667817, 0.00024950282554728881, 0.00024932474650109741, 0.00024926131142438202, 0.00024898825085693961, 0.00024841549265599379, 0.00024807426175346600, 
0.00023642089869647495, 0.00023567129624498014, 0.00023529888130788124, 0.00023516591964269613, 0.00023501610915466309, 0.00023473215797196890, 0.00023435474041819416, 0.00023407526874959480, 0.00023404164621330549, 0.00023382054688045559, 0.00023341937759038150, 0.00023286160997124870, 
