1.03382506555670540000, 0.50380019830739697000, 0.22638582993717277000, 0.05325745747280254100, 0.16595893749392088000, 0.09665714176437012500, -0.10613160527255447000, -0.24638762949187121000, 0.00318848373183178160, 0.07268749568055411800, -0.03700178074291173000, 0.02736561985926822700, 
0.40768660057254047000, 0.30418614711317526000, 0.22257885494592039000, 0.13758708264870972000, 0.05536995491788152000, -0.01040989245310269100, -0.06839309288639264200, -0.11866616378566253000, -0.08034422229896592800, -0.05009871019193110800, -0.03085491140095363400, -0.00116959580559378860, 
0.27499767079667231000, 0.21286356891351538000, 0.16052963304888196000, 0.10034642034989461000, 0.02988157394972789500, -0.02999166363583047700, -0.07393356388914874800, -0.10192665188479308000, -0.07966100510063459100, -0.06188836825046282300, -0.04812398214349715400, -0.02065215409040581700, 
0.21396496594655581000, 0.17190000431181923000, 0.13128447548642164000, 0.08873655909041632000, 0.03720686511786125400, -0.01300303821214320700, -0.05041052344639403900, -0.07190208903906610000, -0.07439531770675968100, -0.06185916326415012700, -0.05048815746955149400, -0.03155446456796413100, 
0.17291590344449592000, 0.14303718258902567000, 0.11072319425054568000, 0.07644832493907868800, 0.03596828801440893300, -0.00155946229082570140, -0.02863004111331835300, -0.04765489782877446000, -0.05534769678065028200, -0.05069273097225089600, -0.04265005434937375900, -0.03016864590969097300, 
0.17024935612106754000, 0.14374137618776114000, 0.11035594053596362000, 0.07533986916022628000, 0.03780647669183279800, 0.00342410368196114160, -0.02119662859989613500, -0.03814487416309450500, -0.04444211469527834700, -0.03995627623471509300, -0.02418628009166955500, -0.00402710470619469310, 
0.17360663011179672000, 0.14713851103107381000, 0.11190669539626746000, 0.07386263163562924200, 0.03424434495866164600, -0.00279810780719385450, -0.03217842473783978600, -0.05126915555534238000, -0.05887589054932385000, -0.05359700581206230200, -0.03698190457343609300, -0.01303445049706387700, 
0.15375392328688220000, 0.13166055205910779000, 0.10186399441882836000, 0.06823881134727265200, 0.03172386080274067200, -0.00065674981369483187, -0.02798750911108711900, -0.04621725529855332000, -0.05415463622646006500, -0.05009367777109181200, -0.03913563807292880200, -0.01942692653013104000, 
0.14019172042616720000, 0.12127902046887745000, 0.09474896520654713100, 0.06435084400384323600, 0.03210291008090766800, 0.00385284605560002640, -0.02020253324015325300, -0.03658744971969467300, -0.04428813257424634600, -0.04255587991574855800, -0.03679671628803832300, -0.02456381759583103900, 
0.12686663186687028000, 0.10933669653983595000, 0.08505066854819097500, 0.05694274797213654700, 0.02828446969654387100, 0.00214587117042614950, -0.01860331831842144300, -0.03285322527996771500, -0.04015451497836744500, -0.04021442120134274800, -0.03722077103755432000, -0.03220896224480983300, 
0.12346675058008812000, 0.10570054805979374000, 0.08178077561877862600, 0.05470385521322168600, 0.02750463280208312300, 0.00290677558334201740, -0.01540335529101368600, -0.02866178665806953800, -0.03448164236773969300, -0.03507700851250350500, -0.03312877446109573800, -0.03001696718410127400, 
0.12429456330545693000, 0.10719902886622000000, 0.08451466735838197900, 0.05933603221790913200, 0.03402458337879708100, 0.01004488508710907300, -0.00958005149613949500, -0.02449694026089878400, -0.03275085665523505600, -0.03665983828290665700, -0.03897996292065716200, -0.04047096390102740400, 
0.11143833984284177000, 0.09755247814981542200, 0.07875186035208325800, 0.05704133352581303900, 0.03417242741562594900, 0.01188922970802657300, -0.00843189410874650020, -0.02487028784484009200, -0.03594856473403344700, -0.04240275033295128100, -0.04591363809193514700, -0.04825454142971464400, 
0.09959615468850607800, 0.08790656715836259200, 0.07159633182612391800, 0.05248341797324920100, 0.03201840709634078100, 0.01199831042628458900, -0.00665652412537779980, -0.02233733977723311200, -0.03373426045340625200, -0.04097984641046875700, -0.04432211042372004300, -0.04607442384569032700, 
0.07768630521036648500, 0.06822574391934731200, 0.05547188515727551800, 0.04098361950626524400, 0.02574249877937991000, 0.01113086561914431200, -0.00129522353925247850, -0.01111124832192335300, -0.01722223928403610400, -0.02045853539671968100, -0.02192688183118935600, -0.02235131324810830200, 
0.05160313862543136600, 0.04594681509367556900, 0.03965321990451511900, 0.03217172257834180500, 0.02344990876073686400, 0.01551177075595490000, 0.00924104464602217010, 0.00391381446021256750, 0.00037641870747313639, -0.00108327271354261810, -0.00199471072612647860, -0.00291659845303084450, 
0.03329798658376359500, 0.03077129199072270800, 0.02813254116078497300, 0.02494855671907095200, 0.02077246833581531900, 0.01708706143654849600, 0.01438184251963169100, 0.01142369128065976900, 0.00914497744647381480, 0.00761423629945256080, 0.00616886186536417390, 0.00441054506684525690, 
0.02698791076465923600, 0.02580161559811625100, 0.02405211555702762800, 0.02180310692400032000, 0.01954448782488542700, 0.01695817792394934500, 0.01528283869563345000, 0.01314345767388855900, 0.01142259321282314600, 0.01009182091030061900, 0.00838388091070122080, 0.00730390484719386620, 
0.01641824936553876200, 0.01748393339864030500, 0.01634115606787166600, 0.01396036602560051700, 0.01444615017937672100, 0.01051338061486478500, 0.01174312968775111300, 0.01091053816442623200, 0.00905802370360507710, 0.00933883507761083980, 0.00741500162664502330, 0.00825562596490057340, 
0.00012944387261820618, 0.01246895765474066200, 0.01184739269476952000, 0.00353474068532065370, 0.00917736351069499590, 0.00621389831614488350, 0.00363064933132538220, 0.00829215061698859030, 0.00431008818092548910, 0.00462580078818424120, 0.00454279250928417340, 0.00470048772815656860, 
-0.01947483599648841200, 0.01207814782298520000, 0.01331504455366263600, -0.00756907196507246390, 0.00927175375351738800, 0.00514135372591912120, -0.00428652581338188990, 0.00930615100250990580, -0.00020600149684673420, 0.00146856449611421690, 0.00585842962489399340, -0.00182873794487679310, 
-0.02547608702951193900, 0.01737492364957401700, 0.01436481243642364000, -0.00843587254740566640, 0.01597180757215247600, 0.00180286970806735730, 0.00200429374191720070, 0.00874972411194309060, 0.00516482871230556240, -0.00118386532978551730, 0.01455440815651821600, -0.00630892600619761220, 
-0.03489178009919807100, 0.01417868343866253800, 0.01921456388448199900, -0.01676483065840971400, 0.01608429445800593400, 0.00266123993464693380, -0.00100034833984848670, 0.00420849882633485190, 0.00784700859249870020, -0.00452000501459312930, 0.00928477196414202910, -0.00212120795271620020, 
-0.04146677503871361300, 0.00774521502072425540, 0.02655551246654339800, -0.02858741504493415900, 0.01540803589370298700, 0.00872503995264045820, -0.01642704444948017700, 0.01400444001939072500, -0.00047290933877167123, -0.00528242272491486350, 0.01141656745102523900, -0.01053451706356321200, 
-0.04835078941976123800, 0.01503554080340206900, 0.01685075847904499200, -0.02735237004036596800, 0.01705214406498601100, 0.00299347905859660400, -0.01660327765146755000, 0.01874904236531268300, -0.01083339040436434600, -0.00070260566052540632, 0.01231950379697750900, -0.01615358143564103700, 
-0.03947608269689029100, 0.01348667854208926400, 0.01291158169339095800, -0.02123086088935268900, 0.01420155011805585000, -0.00038742369812575552, -0.00693405386345056880, 0.00649213534929212260, -0.00255937704298694800, -0.00271171412704634660, 0.00743544885282838850, -0.00748803315746173360, 
-0.03022066363163977000, 0.00920420853026946570, 0.01190813428648308500, -0.01544176392614908200, 0.00844669614091620590, 0.00274455665899525510, -0.00491193271837271020, 0.00045385860285316487, 0.00700326435775129600, -0.00828663569134324010, 0.00518555468621015750, 0.00046996752108062061, 
-0.03047068333852073100, 0.01157244067931847500, 0.00748391210335093600, -0.01077192497996531800, 0.00704654630099714460, 0.00231327562240126690, -0.00396380046447088530, 0.00022478922156885889, 0.00683863004708833420, -0.00921434691777607390, 0.00909930057684469640, -0.00350756259734543060, 
-0.03221036085149339000, 0.00848167558009801060, 0.01280212696059272200, -0.01376808347403048500, 0.00515155366478403390, 0.00652685123802216730, -0.00750198323759089600, 0.00118923317941406480, 0.01002372846506261600, -0.01420117540075421800, 0.01476489432082167500, -0.00550964590851026150, 
-0.03338119368575585100, 0.00471207600217229010, 0.02046629797945010900, -0.02107859678463733600, 0.00885883680172223740, 0.00651948921728286170, -0.00881020810860351500, 0.00261163452503005490, 0.00892232116429807380, -0.01101815622078767400, 0.00652214487994834740, 0.00535559446587265210, 
-0.02409100629166083600, 0.00331445926211486850, 0.01642340236957901000, -0.01693542222524530700, 0.00884682155824454730, 0.00296497576335995800, -0.00492770988111707920, 0.00204050757441624940, 0.00458332546787277360, -0.00433446683021226470, 0.00092475811682714249, 0.00588328728653194930, 
-0.01145044822514181000, 0.00121130141951041700, 0.01122101838011021300, -0.00981047433875701160, 0.00630117626103613230, 0.00282160463271243640, -0.00417200917998590980, 0.00455783908683932760, 0.00119260856052082280, -0.00165545296897727430, 0.00285353307831701960, 0.00130280721608323380, 
-0.00171701225261374780, 0.00184636682051830470, 0.00634372085245976220, -0.00148828841476301550, 0.00393879505722384210, 0.00239892397620164190, 0.00014693059204507004, 0.00330484602392793270, 0.00075536639188798012, 0.00108774851696587090, 0.00251245688637141960, 0.00047928291167986066, 
0.01452684061590828000, 0.01430021974059632500, 0.01442457360097603600, 0.01170301647172282100, 0.01108414447962177000, 0.00962979746886993140, 0.00892718883627378890, 0.00755691472882029020, 0.00664654533310189440, 0.00615509908278178040, 0.00518712869777667590, 0.00393299210244804540, 
0.04175666657496680100, 0.03781986600963260800, 0.03361669102011113200, 0.02871855759091018800, 0.02350127513532783100, 0.01820209939203813400, 0.01469216846970663800, 0.01128663492292930300, 0.00861250068745829550, 0.00612603883719498900, 0.00297993387410340480, -0.00047078879230524288, 
0.06438755283765439100, 0.05712144186086497200, 0.04864099779992150900, 0.04045417966313623300, 0.03100997201810495200, 0.02071687361422530300, 0.01297547621685136300, 0.00606116781520438680, 0.00120471615234886550, -0.00368065498440122090, -0.00948548095343351200, -0.01549451542074445400, 
0.07500235808013616700, 0.06401041560901543600, 0.05272379964607031700, 0.04428735822124153800, 0.03287773465743303000, 0.01830834178041752100, 0.00706910523672100570, -0.00275799752183092820, -0.00882315564574993360, -0.01388589475051952300, -0.01928929974482068700, -0.02590115731833433900, 
0.07673626060563167000, 0.06085355510848464200, 0.04885629134554189000, 0.04204341579426752000, 0.02927751267907677300, 0.01109777418798849100, -0.00106771020528056290, -0.01093861826387940200, -0.01624078087980057600, -0.01982866636599554500, -0.02169563381198547800, -0.02587773533567520900, 
0.08393003226369354100, 0.06387628541484144400, 0.05113950429146531900, 0.04286604785621776800, 0.02578854697189649600, 0.00388809576794397690, -0.00945118442751879780, -0.01746904594700076500, -0.02220602512417013700, -0.02697186486747353200, -0.02773209542943863900, -0.02854176960049871500, 
0.09229014435567856100, 0.06907147446157893600, 0.05480263989362724200, 0.04482251920238051300, 0.02481848108468644200, -0.00044147303196487644, -0.01645344548125947000, -0.02368235684009526600, -0.02830225475329255900, -0.03376173288841348400, -0.03488557347498406200, -0.03336781963074935500, 
0.09700925584259131900, 0.07527882287803480700, 0.05821103528238713600, 0.04363269890729740800, 0.02148288288677904800, -0.00417874408874636260, -0.02151188813535019600, -0.03032842767483846800, -0.03527752612221350000, -0.04016859334326963700, -0.04076717074400236500, -0.03874273093416489400, 
0.09669598955131684900, 0.07713857252249287100, 0.05920159153185448900, 0.04239525198478750300, 0.02043399750227141400, -0.00425900955360868080, -0.02230138387834010000, -0.03267857869892132300, -0.03844483650152441500, -0.04348885336895271700, -0.04499689059102535800, -0.04332669654624742000, 
0.09064592344035045400, 0.07346142973323660500, 0.05676438149359822000, 0.04067100474627677300, 0.02072115326663347100, -0.00172280969198988860, -0.01894986985020422400, -0.02908345071468012400, -0.03533942493443766000, -0.04087791497617765400, -0.04384703968930873900, -0.04272661042833548300, 
0.08119794158547002900, 0.06626002673154315900, 0.05119062538301252800, 0.03640065376791994800, 0.01828837038768032400, -0.00136003134482188830, -0.01640769339257554900, -0.02468225335047604200, -0.02971040748805276600, -0.03447223560580112800, -0.03702532006576050200, -0.03622426132685918600, 
0.07210369728941203000, 0.05879559887273486100, 0.04512745543702961100, 0.03163262228996642500, 0.01538125063272585700, -0.00196483550716907310, -0.01499084252863196500, -0.02159800087183570700, -0.02511289383064685400, -0.02812882733651511300, -0.02906994599712411600, -0.02726080515646915600, 
0.05740377619479845200, 0.04744284380167745900, 0.03606000828509488300, 0.02434157795374631800, 0.01130196117530224800, -0.00174013140501050320, -0.01138418898804578200, -0.01618892503444453000, -0.01782994041194547000, -0.01819380770470310100, -0.01721874088664822000, -0.01509395556771393800, 
0.03288650105673664200, 0.02788392124628597700, 0.02178326524398120600, 0.01534383841648176400, 0.00851261045509685290, 0.00199112139078750200, -0.00281400194227669330, -0.00532016451671253780, -0.00597521020100254440, -0.00577586105414944290, -0.00504412875094953360, -0.00423369611080682330, 
0.01386552119901259200, 0.01247163221658847600, 0.01082189035653204400, 0.00909300693463879590, 0.00721080760156133860, 0.00536664907307081790, 0.00394379458050534390, 0.00303236789247162810, 0.00249584552699447540, 0.00214292261601253590, 0.00195167513544335330, 0.00165399807196460450, 
0.00965271791395791620, 0.00924197753137200560, 0.00878783632869148920, 0.00830859214671181640, 0.00772217676509595780, 0.00705884807135006690, 0.00644874862667481860, 0.00593691225910931730, 0.00542764333126528020, 0.00487857123574765830, 0.00432631740455350670, 0.00376702476892344390, 
0.01244501692674076400, 0.01213470346941718400, 0.01172637271921036900, 0.01124780459730579700, 0.01067412171758992000, 0.00999669377871973550, 0.00923763833924583740, 0.00843179410519297180, 0.00758295318505594960, 0.00668774386515719970, 0.00575662080632366370, 0.00479355656060515350, 
0.01398249047919814500, 0.01359822660108076500, 0.01306648296948173500, 0.01243576340308357400, 0.01170702075712551700, 0.01088442544262661600, 0.00999741774290109110, 0.00905143995815321100, 0.00805654917117267460, 0.00702429390777030690, 0.00596041424052228770, 0.00483414418934363390, 
0.01512565043156134000, 0.01471008771267891600, 0.01413424591699558700, 0.01343367601023717800, 0.01261294066427148300, 0.01167772926838715800, 0.01068749208110149700, 0.00962640935006849750, 0.00849849105244149940, 0.00731966519814933850, 0.00613735548282250050, 0.00491517013333189060, 
0.01648604237108830200, 0.01601243858705411700, 0.01536837710678206500, 0.01458387549525259900, 0.01367712142513898300, 0.01265036558241428500, 0.01153710544124719700, 0.01032755223092295300, 0.00904817219448591540, 0.00773603520112680670, 0.00643781826950605950, 0.00510750524399237930, 
0.01689133578252114900, 0.01637140316026424900, 0.01563692918235105200, 0.01475707619140591100, 0.01377717897966725300, 0.01267457321883078700, 0.01146559660084977200, 0.01014209846198904600, 0.00876258817878030480, 0.00738456527732600510, 0.00602597357034331820, 0.00464521572601738360, 
0.01625521465839219200, 0.01574128564596611100, 0.01501791467986269900, 0.01416663433512389300, 0.01321795123297827800, 0.01215323202463224600, 0.01098709786363659200, 0.00970012362706477480, 0.00835005502141042760, 0.00699827085718938890, 0.00566977096106473580, 0.00433698987269220790, 
0.01438826418605588400, 0.01394809139105751500, 0.01336550544179205800, 0.01271095774899708000, 0.01197688427138318900, 0.01113198896301804600, 0.01016398389464315600, 0.00906242651886321990, 0.00787072863269290550, 0.00665758433718223380, 0.00547525769209383520, 0.00429570749347684290, 
0.01353040847880897900, 0.01312615344387422000, 0.01261691604991375400, 0.01207878923311663300, 0.01147166991253615500, 0.01074238034415927500, 0.00985013330900368250, 0.00878705016617409470, 0.00761110470334542580, 0.00641071143034341320, 0.00527255097200846940, 0.00415056023110553330, 
0.01399913729473178200, 0.01354202890997763400, 0.01299885847776403900, 0.01243844822921813700, 0.01177983266660708900, 0.01096659385966957700, 0.00998990398053989540, 0.00883952814705808720, 0.00755450779362880870, 0.00624275588552534320, 0.00501295359372804210, 0.00381784055922441010, 
0.01470545568662317800, 0.01387995360964831000, 0.01326453735607401400, 0.01279578040588550400, 0.01205983341229379500, 0.01100177491704637200, 0.00992425215074517650, 0.00880278865978688550, 0.00741351111993541690, 0.00583414421993997370, 0.00443072236639351080, 0.00326941575988137780, 
0.01792255493832832500, 0.01580223896990026100, 0.01472961538525284700, 0.01448997043860113400, 0.01365836316077678200, 0.01217935861429859400, 0.01100468871177830700, 0.00992781604981482140, 0.00791338805723755010, 0.00512902800071024160, 0.00303488928826788510, 0.00207013061243177400, 
0.02089404441968067300, 0.01721590317006212900, 0.01577283097573188900, 0.01607664966924377000, 0.01543160721932699400, 0.01385547315213535100, 0.01290106954425567800, 0.01181038243265729800, 0.00877259125977516640, 0.00466597668833424860, 0.00230551150345864340, 0.00202940026930269750, 
0.02233863321409160600, 0.01711702996242443800, 0.01469435412871653000, 0.01535560662108516800, 0.01605306336666858000, 0.01581951680856960900, 0.01513606917985150200, 0.01323934418465406100, 0.00885337951600652370, 0.00423761035706053060, 0.00239668309161781890, 0.00296577742079390120, 
0.02310416509820723700, 0.01608252078430007200, 0.01266944666495011800, 0.01403130255749984600, 0.01650567296496306300, 0.01758600659263041100, 0.01651474071822511100, 0.01302647312702765600, 0.00734161499721510630, 0.00320309482490667300, 0.00278597616139856890, 0.00409990001751904620, 
0.02289623896855187000, 0.01431307191732537600, 0.01090866939051678100, 0.01344854749421320300, 0.01670223166691024400, 0.01780626587236162600, 0.01646081633005258900, 0.01214680097931787400, 0.00568413779280450230, 0.00153774901050205530, 0.00250082152320155570, 0.00513956648103158250, 
0.02142303476454279100, 0.01397892169537071900, 0.01099317702735587300, 0.01328169516330976600, 0.01589421441180119100, 0.01654199507750469400, 0.01545833496337493300, 0.01197828945447461000, 0.00610106756874621150, 0.00169173242844677220, 0.00231062473692040170, 0.00539056379154790550, 
0.02106928437600639700, 0.01424433246796221300, 0.01174387958287600500, 0.01386300230354524500, 0.01585894434361218400, 0.01612012655021519500, 0.01517041114441321100, 0.01225618768950257000, 0.00667037137297058200, 0.00228209801445640200, 0.00249474756489434080, 0.00531257557100052200, 
0.02253120593021257600, 0.01487038208516577900, 0.01186141491845653200, 0.01391644821628477100, 0.01620257793193378600, 0.01729923607626609000, 0.01641628931485005300, 0.01287100789210364000, 0.00634863244972629430, 0.00136049760551328880, 0.00140112573789489040, 0.00456335098851879270, 
0.02249910584155161500, 0.01322821589866483700, 0.01032733783808351600, 0.01342682105561697500, 0.01610236582447334800, 0.01677713000117301800, 0.01633199223715253000, 0.01305731585291239000, 0.00576294644814610850, -0.00018530718573448411, 0.00055890060865023761, 0.00488712756246186250, 
0.02190231063593957700, 0.01288998805508690500, 0.00957115672924665340, 0.01281278794280290600, 0.01581268169074585500, 0.01692369496465633400, 0.01629571115781285700, 0.01241191879733310800, 0.00511856290405886950, 0.00023935399218229778, 0.00142514221642211990, 0.00536387361212971660, 
0.02107820969872772600, 0.01305381021258337900, 0.01005839060484348100, 0.01285565547261597300, 0.01543756309316695600, 0.01635733631067133600, 0.01548420629906551100, 0.01196746639175809100, 0.00574166865307158220, 0.00149938251743513860, 0.00202700152022272520, 0.00496137470442717210, 
0.02022436907493007800, 0.01288336674999153300, 0.01043396727128928800, 0.01280333995695648700, 0.01488755333440498100, 0.01516773251897382700, 0.01442689713202805600, 0.01153254236149102400, 0.00598936617192387560, 0.00157507066449194020, 0.00172802781190815100, 0.00437898122524541230, 
0.01963976828077323300, 0.01280631692465056100, 0.01047450137122172600, 0.01263684748468337300, 0.01456321598679324700, 0.01493770091895674100, 0.01447345661635085300, 0.01161308787611731300, 0.00604146434197777060, 0.00161109289591195660, 0.00204500328980988110, 0.00479127502399391300, 
0.02029569892595116700, 0.01324680920041385700, 0.01081775895766638600, 0.01299957849856655000, 0.01498462891405373700, 0.01551766883505415400, 0.01517429333707183400, 0.01207026014774634200, 0.00605391075307808860, 0.00153829628989220480, 0.00235005653731534900, 0.00524954016819269460, 
0.02029779043181965300, 0.01372021793750333200, 0.01137755814807767600, 0.01322930844932583000, 0.01500186143345259200, 0.01547516392071312700, 0.01506841698104112600, 0.01203746682988366200, 0.00620771075886808290, 0.00188919504532435190, 0.00248947092543180380, 0.00500982397642144550, 
0.01911423199749671300, 0.01416351198788389600, 0.01236348061919830700, 0.01362877006845750400, 0.01472780214043144600, 0.01463786721089235600, 0.01371061675641450800, 0.01090030187399534800, 0.00631758652457216090, 0.00308105449163791760, 0.00328893005647273690, 0.00456649300058399770, 
0.01812156579385599400, 0.01382017760380940800, 0.01221362607085829000, 0.01319878706256406000, 0.01395993718834183700, 0.01369653359945949500, 0.01285153460615878600, 0.01043922135328936700, 0.00640437581190919040, 0.00333780512064372430, 0.00327145624867062820, 0.00409940873990490870, 
0.01785586237150718300, 0.01393799684900394100, 0.01244738336823261400, 0.01313740006904504100, 0.01349638305497779400, 0.01304825724785867500, 0.01247182646388238700, 0.01058770213274560500, 0.00700188674070164470, 0.00382151833193684030, 0.00312503502548123340, 0.00339768689732369500, 
0.01777031753439136200, 0.01414118155040284100, 0.01264067447447872300, 0.01309559602503614300, 0.01330982099246919200, 0.01292510651262070800, 0.01235212263400101300, 0.01045138024782026100, 0.00705685631165180960, 0.00416022695919521150, 0.00325952715262079530, 0.00292980768986716550, 
0.01705858146145575500, 0.01443025729577410000, 0.01336417492539733500, 0.01351232466447496900, 0.01318959906603365700, 0.01254791544113821400, 0.01179985753099910600, 0.00983376608837499560, 0.00674812466708851670, 0.00453157438583686160, 0.00373029525187581340, 0.00288761701416254430, 
0.01620355330681795500, 0.01426631183430576700, 0.01338797797879289600, 0.01329725459476152800, 0.01275407070017296900, 0.01194496539577164800, 0.01110734623542658700, 0.00934286440594094860, 0.00686653715966307340, 0.00489486953459722110, 0.00394836717305623290, 0.00282925591688595710, 
0.01537312089555036900, 0.01365229846697933000, 0.01275305756796772100, 0.01251254513309264100, 0.01196149777760763600, 0.01113356811656109800, 0.01035438868857472400, 0.00889589500830768180, 0.00685776875695766430, 0.00490410448878976410, 0.00369780643866785390, 0.00239430051792059900, 
0.01431232297460852600, 0.01300648760349447500, 0.01210979332998002800, 0.01168947079022611200, 0.01107275039650634400, 0.01015650054822029600, 0.00923615855508015500, 0.00799287519475760070, 0.00630937350242659690, 0.00453174224274071040, 0.00308391817950199980, 0.00166376417768135990, 
0.01253485687764398600, 0.01166483348799050000, 0.01098051894744132300, 0.01050719220594571000, 0.00990385987472024690, 0.00898365779587344260, 0.00808205248207061190, 0.00695608809096274000, 0.00555172163777514420, 0.00413406919763186290, 0.00285877593800640610, 0.00164206865153183070, 
0.01044697811609187300, 0.00986407237691504060, 0.00944424861381712440, 0.00904202079344853560, 0.00842896332328644210, 0.00763882772131026580, 0.00695524511574813640, 0.00605134861952751760, 0.00493158150689032570, 0.00384922597722275150, 0.00287662682049762840, 0.00188898662785397940, 
0.00894264901399708520, 0.00846093103582715170, 0.00827372765135985300, 0.00784394382187903440, 0.00717356186090730400, 0.00656188317565523440, 0.00600059368065352160, 0.00519997996831238120, 0.00432258843072202710, 0.00345527654286732550, 0.00260211032866687360, 0.00171275152124533490, 
0.00776463919777614030, 0.00734663460285252430, 0.00720465990471998940, 0.00665856840383336700, 0.00611547640634823530, 0.00571708645032326190, 0.00524649871032707890, 0.00466687451682983900, 0.00402207014296142740, 0.00328862004131567080, 0.00245158728915014810, 0.00167775341135352300, 
0.00663420154216180610, 0.00634924192487897490, 0.00704864251923656770, 0.00561417409808386440, 0.00527491811821744270, 0.00568664022413434890, 0.00448013889322834620, 0.00413233428079175930, 0.00412852406614935050, 0.00298021755236415560, 0.00236515839866439880, 0.00201088644188619340, 
0.00513506004748525480, 0.00487646102161979400, 0.00667120792355125210, 0.00452978403173055510, 0.00414810663120767500, 0.00536768215672527980, 0.00373467151892733530, 0.00340409180536136190, 0.00406667178050073700, 0.00262189068193899400, 0.00210728359092599100, 0.00222330789138553650, 
0.00449580233018608950, 0.00431365362228572880, 0.00524786078627871230, 0.00415383793927335490, 0.00367986772642125290, 0.00401832333346497250, 0.00339477763212357340, 0.00305086541858444770, 0.00319972990121054420, 0.00229675913759218440, 0.00202054149355696120, 0.00187267145976608070, 
0.00365396914933428710, 0.00381903723230068340, 0.00512533167662538630, 0.00337676555098068330, 0.00314401078989928100, 0.00395424738455713710, 0.00289715259511261070, 0.00229775929026716870, 0.00316967267572301450, 0.00198241467068422090, 0.00145530564206349810, 0.00197340480836675090, 
0.00251183398427560180, 0.00297462376446735190, 0.00474568753080760290, 0.00258365424665867430, 0.00229489206434064280, 0.00333350087034785980, 0.00271726077588549470, 0.00125409746498327540, 0.00245872367948338610, 0.00219072821526641260, 0.00042079678075899096, 0.00136258636092424000, 
0.00047722116009229403, 0.00299760328588537500, 0.00373710830916689850, 0.00165422097987829380, 0.00207911397667664330, 0.00264251858813858340, 0.00191254605296648100, 0.00142878958626864020, 0.00148398231921708090, 0.00206768404293555460, 0.00035933471206920254, 0.00071844568409244638, 
-0.00090490268847040402, 0.00254382948833494240, 0.00300961888090764880, 0.00016675424807152691, 0.00256355876876256840, 0.00166068574617240260, 0.00084960018727365703, 0.00209983103268573900, 0.00042891700862641383, 0.00178083701013434540, 0.00064767066987658480, 0.00032400367889234117, 
-0.00068918161394584607, 0.00121794973035287660, 0.00292114471663395630, -0.00031623793655007721, 0.00176671190326995100, 0.00148770448591278970, 0.00053184452251472090, 0.00124487663344517850, 0.00075861350987372744, 0.00106453610745869580, 0.00037401980756602193, 0.00062598517752389100, 
-0.00054960397177912252, 0.00070489735021128219, 0.00257437500828915480, -0.00009469306159972915, 0.00097691660376312260, 0.00175415473556823060, 0.00049384578951836098, 0.00062654430283111124, 0.00118897849033293860, 0.00063980377323427900, 0.00034882882291981939, 0.00090544358964083044, 
-0.00108657457126090500, 0.00086540287189528268, 0.00325234074144666080, -0.00084478041996572631, 0.00182546547818724960, 0.00175113166911005940, 0.00005840185034198547, 0.00153447450805162520, 0.00078253101894509077, 0.00065621404022036969, 0.00093392063046868765, 0.00039693039241051357, 
-0.00142501701378837360, 0.00145677514116098220, 0.00318052061612040470, -0.00096566943203952812, 0.00257943921653595820, 0.00115088161207304190, 0.00060428279772695886, 0.00170031086809914080, 0.00064642785715471134, 0.00119461170980988550, 0.00085051128079127291, 0.00071923162468841935, 
-0.00095443279805467753, 0.00175071500116951640, 0.00172794465040695850, 0.00058920709534170308, 0.00142556715676320050, 0.00104092020485566790, 0.00135044260635132730, 0.00071956448476902561, 0.00114859665145095350, 0.00097333212654189863, 0.00070131633481905899, 0.00086177452039728694, 
-0.00155126795566838890, 0.00104008071872601500, 0.00231827046183536580, 0.00003720590300077791, 0.00038863696449650625, 0.00209999979659644500, 0.00033047814814120464, 0.00020704855320149567, 0.00209902373565531380, -0.00031104371207169647, 0.00104797601421297190, 0.00084087265026516419, 
-0.00298665176007437270, 0.00049844726587005899, 0.00323426101402902490, -0.00148968583455657110, 0.00017498071949532463, 0.00266454196067558280, -0.00106190918619331570, 0.00017297064836010832, 0.00274889617559507520, -0.00209500209453320450, 0.00198579590503780450, 0.00025430974289891142, 
-0.00281690683310447440, 0.00033293428525003416, 0.00267809262850311540, -0.00169307148564774120, 0.00044269060715934134, 0.00179725530212352930, -0.00117201199503678730, 0.00049425048799497408, 0.00164932934426765840, -0.00177120102453149360, 0.00199197895597208510, -0.00054451158808507837, 
-0.00241440444891900850, -0.00029539259527081485, 0.00247732498648622550, -0.00163141306396230440, -0.00006898350820641041, 0.00181711329255896570, -0.00130070866667964210, 0.00031295625825849432, 0.00095700907425878812, -0.00099386205376275107, 0.00079562076698433219, -0.00021942481023027972, 
-0.00335472192616074720, -0.00070683492907434289, 0.00343589108342857480, -0.00236373289100900220, -0.00018630472155927165, 0.00227742092648286180, -0.00182834418152387010, 0.00021840271929022648, 0.00092023622402295660, -0.00096446366503640077, 0.00043424068793101691, 0.00005170470720459644, 
-0.00304695974936844460, -0.00051921557248147982, 0.00314379627151535140, -0.00197142689040080870, -0.00006308732304042365, 0.00196385762103173800, -0.00134929697904612050, 0.00018164211422875209, 0.00100038057038531640, -0.00094756049153585191, 0.00066547818339671790, -0.00000677733765866919, 
-0.00311017189995302060, -0.00054824590338530205, 0.00323355359441071260, -0.00162449918837488550, -0.00067414652138575568, 0.00217861457580049340, -0.00056072667027796215, -0.00112885548418995980, 0.00206425155201633500, -0.00057769509358512807, -0.00070852156951839353, 0.00137293422422027940, 
-0.00406042461408532770, -0.00242384305979028700, 0.00640248687395781470, -0.00249525013008928320, -0.00268681901874506670, 0.00486405105731914970, -0.00089947708966914882, -0.00356232706468511940, 0.00469507560753047120, -0.00040279154569256747, -0.00378575984860092830, 0.00471991283446013700, 
-0.00305968404108803880, -0.00222363618672569200, 0.00519454183504640050, -0.00168290427396627140, -0.00254696729891871030, 0.00400005196000339110, -0.00048665132860416509, -0.00304418681764919570, 0.00364978982600043830, -0.00011106186571473953, -0.00294488201421906670, 0.00328364745498029970, 
-0.00163694775343307110, -0.00086361597754738069, 0.00208905752900136140, -0.00050788447008306211, -0.00093597450426763894, 0.00113934628987411780, 0.00036887937926978107, -0.00119715586956548940, 0.00098835161056921492, 0.00012788126712921007, -0.00056465252970104118, 0.00043019969637819890, 
-0.00117965235830709120, -0.00052060531451608987, 0.00135013769530362630, -0.00060711774796812592, -0.00026111893530035910, 0.00051630175983523134, -0.00001602932894620336, -0.00026252107292800564, 0.00027342663754560079, -0.00011542503488803959, 0.00012520675308217241, -0.00009764696570411950, 
-0.00093033252513460482, -0.00051693459614798464, 0.00127901617068167800, -0.00054953723537147557, -0.00041886975004737245, 0.00085107174951939426, -0.00031257457238903459, -0.00026145537105801516, 0.00056124126735884261, -0.00024695905391505281, -0.00012196589314227174, 0.00029260617415124426, 
-0.00055757160627961959, -0.00022010482748337619, 0.00086374433054380430, -0.00017044589104362219, -0.00019932882840602821, 0.00060226823305167647, -0.00004886454367952237, -0.00009428750523294225, 0.00027913740724072242, 0.00009865302332138971, -0.00005443445059034314, 0.00025682396869976926, 
-0.00024197185654235742, -0.00013971729796769268, 0.00059376956930334412, -0.00000454148494632254, 0.00003624187802090877, 0.00044916794045538522, 0.00013231720002222560, -0.00008989772651124682, 0.00026004292208444459, 0.00028042515683893230, -0.00005066291563513122, 0.00035007521907889878, 
-0.00012375108035565224, -0.00015094204480333058, 0.00054550417730048098, 0.00008078679824771531, -0.00010679965152008198, 0.00040021811761296156, 0.00018139912651163548, -0.00013467365498835612, 0.00032718808179016786, 0.00024612604493671667, -0.00006440619877689615, 0.00029542859972150740, 
-0.00007197292461110435, -0.00011410719905053681, 0.00044831849368404629, 0.00008717304295424846, -0.00017416581652938257, 0.00025367237790717520, 0.00019864267376646164, -0.00015370680570873387, 0.00018379784014872316, 0.00024759756990339109, -0.00008692426876513784, 0.00012137343860974586, 
0.00010566593713720849, 0.00002760744965253732, 0.00031171167603584080, 0.00012564458215542484, -0.00002530752091763534, 0.00016982249210095493, 0.00013732596291172580, -0.00003852446855990499, 0.00012963820898279820, 0.00017661136199642816, 0.00000296103880278339, 0.00010758877188763527, 
