0.94422778613803249000, 0.45638229647331802000, 0.31508217718584852000, 0.20939544226047280000, 0.18074995692760770000, 0.17832435091038823000, 0.13721089403106448000, 0.15657326991387649000, 0.10050859539740269000, 0.04084598424962829200, 0.06473883841353700300, 0.04816709219553848300, 
0.19411710199357185000, 0.16437520866610725000, 0.14864726920500954000, 0.13466687139993438000, 0.12232059985129172000, 0.11024487039648749000, 0.09887860608295243000, 0.08837673259996944900, 0.08005611728220982100, 0.07355337469102729600, 0.07111947213699279500, 0.06929318735648103100, 
0.13523699710799264000, 0.11509213715712607000, 0.10915853612222419000, 0.10385606299807827000, 0.09729326408256522300, 0.09042209002401682700, 0.08638984919630664200, 0.08189166480593644500, 0.07923878016710056400, 0.07840720944954590600, 0.08001615839833471600, 0.08157406546796167100, 
0.10836987177842529000, 0.09589749864452577800, 0.09143832931517413600, 0.08796493795845317100, 0.08438921627920471800, 0.08007870593248299400, 0.07753690300656702900, 0.07618030089249354400, 0.07521195723638414400, 0.07363127278329993600, 0.07272999362065193900, 0.07260512380940392600, 
0.10172916300119288000, 0.08842624908262371200, 0.08150190103520693600, 0.07518542777868797400, 0.06857285226161996500, 0.06156854999847093100, 0.05564935109793092000, 0.05151448741120993200, 0.04699613226539050400, 0.04210644775608343700, 0.03656604714614435100, 0.03181292207153265500, 
0.08422589751901672600, 0.07931422668151251500, 0.07585217373085279000, 0.07273957864934696400, 0.07013500992005478100, 0.06703691509750875400, 0.06424485228604756600, 0.06227650328485027900, 0.06029643987675081800, 0.05866058977704966000, 0.05682118218469201000, 0.05543569974517593300, 
0.07440962742655778100, 0.07114343351330429400, 0.06876641923149573500, 0.06668052235571185500, 0.06478977031417676400, 0.06185881506424208100, 0.05968632413288744300, 0.05824750905164706400, 0.05684287831430406800, 0.05537002668247993600, 0.05432181636382374400, 0.05333672753840438400, 
0.06732666007622890900, 0.06413351586983198600, 0.06157882190199802400, 0.05917789076783752700, 0.05695469245169495300, 0.05388508573303380000, 0.05149405284734397100, 0.04957757075198543400, 0.04786398782048405900, 0.04617016344987773200, 0.04443642639998501800, 0.04270301413177615000, 
0.06070182059432197700, 0.05843620454816439400, 0.05648687306459467000, 0.05482115745673747000, 0.05338549223468550000, 0.05133330533661288600, 0.04984431796232861900, 0.04844850597439828700, 0.04729663181036410100, 0.04647148142740812500, 0.04563542924520779000, 0.04502456166429839200, 
0.05490366388111242400, 0.05048037665166473600, 0.04814449419247850800, 0.04579242672272256600, 0.04355350669329784200, 0.04272999757798876000, 0.04194022785850375800, 0.03981183674065106500, 0.03780564358064397700, 0.03621516307341983400, 0.03462143171700979300, 0.03307300695678194700, 
0.04984210212301896900, 0.04562315371072522100, 0.04403820447994576100, 0.04218976333221342200, 0.04051234598968302100, 0.04087605310595579500, 0.04095196417863762600, 0.03937206792094413000, 0.03786023671309840500, 0.03672627986520139700, 0.03549063747123976100, 0.03409027391563555800, 
0.05305855733353148600, 0.05165119889590139000, 0.05092533365182071200, 0.05015590208903066000, 0.04958233646823932000, 0.04920516278153055900, 0.04889217331950827100, 0.04835704900507208100, 0.04775138713989484500, 0.04758563907445839700, 0.04750346891924037800, 0.04758668284795734800, 
0.05396955300567652500, 0.05241341192840194600, 0.05119390404082724300, 0.05002761954583950800, 0.04898252332333472000, 0.04783252879554154800, 0.04685693619985929800, 0.04598055169657777600, 0.04502194190349367900, 0.04417864773641715100, 0.04347723014052681100, 0.04306922065133670500, 
0.05018500130609802900, 0.04897498454661208800, 0.04794330275343306600, 0.04698396078395862500, 0.04596995490152929600, 0.04493993628159168000, 0.04389896080771574900, 0.04300200531783036900, 0.04228248055340048900, 0.04154764411998559300, 0.04091013878945182200, 0.04026615927709578700, 
0.04580076831199409600, 0.04468638368307707000, 0.04382593435182633600, 0.04301816721574510500, 0.04214056233716341500, 0.04124598277072418600, 0.04029905259165290900, 0.03936141339495082000, 0.03877388453284989100, 0.03818691977644426300, 0.03758435199327650500, 0.03700516397724693000, 
0.04304004038477918200, 0.04232259526488155200, 0.04190329925989171000, 0.04149178317110608500, 0.04117312717848447400, 0.04073555071522037800, 0.04042324442998911800, 0.04019485436354188600, 0.04010744340334113100, 0.04003042135023862600, 0.04000011072808905300, 0.04009903955814431200, 
0.03906582735472067400, 0.03837148722765191400, 0.03790712158319389100, 0.03741400357092452400, 0.03723390806887672700, 0.03688669110361136200, 0.03650884871440945200, 0.03639398422092362400, 0.03620208709339441100, 0.03607913868037430900, 0.03618979929042836400, 0.03634206093212712800, 
0.03371020611487701700, 0.03354621338433598500, 0.03346011319905065800, 0.03340697665485772200, 0.03348493909307775200, 0.03357195181748381900, 0.03363639026417893800, 0.03377036834984144900, 0.03393618768066866000, 0.03411330239662840200, 0.03434591084348610100, 0.03462849588324454200, 
0.03348231263960198300, 0.03261570801396459400, 0.03173873383344928700, 0.03100480795683143200, 0.03032088606296367100, 0.02970103213081020200, 0.02907285620543557200, 0.02855634023820287000, 0.02815251443843777600, 0.02771450746768520200, 0.02726848227706252200, 0.02691071971690235000, 
0.03283085961092131700, 0.03158782418876507300, 0.03048183444288914500, 0.02956558672122369000, 0.02872672661556617500, 0.02781358782516942700, 0.02691793491586865300, 0.02609282487615749800, 0.02539214906333768200, 0.02466416504410749000, 0.02386968830650049200, 0.02321161867726809600, 
0.03589672641140789100, 0.03434317072088188100, 0.03289271216108763400, 0.03215391711373131300, 0.03147112763217620900, 0.03059382172368373500, 0.02980340181196055100, 0.02897646931115126600, 0.02827736765922363900, 0.02765126514966586100, 0.02691937658021788900, 0.02623773143022006100, 
0.05755420278193391900, 0.05369138471915221200, 0.04931705946937404300, 0.04610595655848806500, 0.04335964345011103500, 0.04067518682902546100, 0.03837661372320472900, 0.03637048152944256200, 0.03450667042627447700, 0.03263813059380901700, 0.03054045909787467300, 0.02793585296771088800, 
0.08365572462653916900, 0.06781154099492468800, 0.05774432672606685100, 0.05166303740225530000, 0.04364684060950017900, 0.03075218990930682000, 0.02181158011440644700, 0.02550896352184370300, 0.03121757113837794400, 0.03228272634028365300, 0.03339254039173413000, 0.03682269377483991100, 
0.13074717096256436000, 0.08474841965139540100, 0.06040364175268805900, 0.05036671428139001500, 0.02861990636105079000, -0.01229824723889902600, -0.03822741983595952200, -0.02214528187609870300, 0.00077439782720739765, 0.00966573229076799280, 0.02136708946820879300, 0.04375173909459713400, 
0.12737257025099766000, 0.09166948633225810400, 0.06329101706900407100, 0.04397976300649199300, 0.01960144626734405100, -0.01129601595739058000, -0.03142657820267361100, -0.03257469737456467100, -0.02298591947272742700, -0.01534898723605855300, 0.00037855287720360217, 0.01944888484751451000, 
0.13353843849473213000, 0.10370965069409979000, 0.07608503933728291700, 0.05389073042342061600, 0.02627735452284426400, -0.00495675362915744440, -0.02676720940116443500, -0.03657891458523328300, -0.03881104247755562400, -0.04034260419827482400, -0.03195389734307322500, -0.01877497773529048000, 
0.15876632217723322000, 0.11937729254295427000, 0.08654059256800388000, 0.05881715522751726500, 0.01944783723483668000, -0.02587500341543490600, -0.05475529227795573200, -0.06171130262230004000, -0.06305198428660777100, -0.06561213325561823800, -0.05678707887544414600, -0.03887063109112792700, 
0.15382387929621008000, 0.12073054708784600000, 0.09004393865419857400, 0.06183758513943249400, 0.02517042521384432700, -0.01730186960830968500, -0.04925637562578182700, -0.06219395287433088200, -0.06568081824030470900, -0.06539928650726269100, -0.05743335465887045000, -0.03916481221350388800, 
0.12520625882747244000, 0.10062617092746017000, 0.07686454121963635900, 0.05488515023355470400, 0.02670497901604346900, -0.00722351718646752250, -0.03514308626098981000, -0.04997670862627563000, -0.05700498309855224500, -0.05978545167774523800, -0.06081203943308369200, -0.05143889456264007200, 
0.12196575584010913000, 0.09971936735654241000, 0.07619503114614703500, 0.05280780600382255900, 0.02390410449674685800, -0.00922955645579747430, -0.03694424497404102300, -0.05381794784344361800, -0.06276646033368976600, -0.06542244251969793500, -0.06469952269778893300, -0.05301670776865936900, 
0.12323207984046328000, 0.10412029347463413000, 0.07852192001556315700, 0.04890620657147772700, 0.01637968255011836400, -0.01547542626356956100, -0.04180820130187241900, -0.05988744598205612800, -0.06936072962243355900, -0.07160582402627931100, -0.06487763989664602200, -0.05099528228833542800, 
0.11458718277198775000, 0.09807530423743933400, 0.07390189690182860600, 0.04497412152709584500, 0.01409537257426158800, -0.01460619295841756100, -0.03884401751950379600, -0.05641209115560535900, -0.06647207518961449600, -0.06999943992719426200, -0.06584839297560653200, -0.05563344955215650300, 
0.11733388037269875000, 0.10002051900769293000, 0.07457903401871318600, 0.04475859555436215200, 0.01363697797065691100, -0.01567003244794865400, -0.03942461956382624400, -0.05610661849417334500, -0.06461470923768702900, -0.06627708390823469600, -0.06059887579317144200, -0.05040361316462992800, 
0.10842979753598267000, 0.09121600571016667800, 0.06702463165564455400, 0.04006115907615161200, 0.01259038381307656300, -0.01388879407912154600, -0.03575465153980669800, -0.05142220884127157700, -0.05908127281152842500, -0.05867394925667198500, -0.05158223150557617000, -0.04160060565479156000, 
0.09901816013013671500, 0.08288068050891332600, 0.06141503440151881200, 0.03825253982164361600, 0.01475744150719422700, -0.00806307041337922180, -0.02802326375469307500, -0.04246098705531727000, -0.05036925017855607700, -0.04903859298287417700, -0.04345938812388133700, -0.03611979680359871800, 
0.09030798989304603100, 0.07466974556783156900, 0.05419980717463578800, 0.03231495597768815900, 0.01059285443122152300, -0.00974656166588253390, -0.02708160715065107600, -0.03881609621630270600, -0.04440386464491499100, -0.04166464860567605000, -0.03515578287501293400, -0.02823646779672529100, 
0.07286555087953208700, 0.06057439958703719800, 0.04407554926748164700, 0.02618500163386742000, 0.00870173198643611410, -0.00703645357081473900, -0.01989164944437010400, -0.02773132640502585700, -0.03044679776314970100, -0.02808957198096686100, -0.02297326061373345500, -0.01782392546914253100, 
0.06659959027385256600, 0.05482315907335912800, 0.03961676987956020600, 0.02374549546239384400, 0.00856363318484154240, -0.00496217222159198600, -0.01551064890595082700, -0.02107348747443197500, -0.02188248577579703100, -0.01900272290974469900, -0.01494385212654709300, -0.01204297380407712500, 
0.05814089492326175700, 0.04801785862731468300, 0.03508607469102063100, 0.02180407801308668200, 0.00925892971674144650, -0.00170432410860276540, -0.00964894389841167500, -0.01355168687323634100, -0.01342491836986780200, -0.01106128868819203000, -0.00840438575305027180, -0.00734982108084686940, 
0.03727109965676532500, 0.03218497972461884000, 0.02576207822171482100, 0.01908389124017413600, 0.01272773422710096700, 0.00694914538266893510, 0.00237369129451802260, -0.00065264904788514782, -0.00121132595545508620, -0.00123313958224895090, -0.00113802747582269220, -0.00182863912575266610, 
0.03305407620338308300, 0.02885180401086516800, 0.02388668102716772600, 0.01881459353999586500, 0.01384655656436441700, 0.00937106398622298590, 0.00595436343458567460, 0.00374811957291360530, 0.00309246443090030380, 0.00277132235572986450, 0.00223407473742473490, 0.00104805344076180530, 
0.02983436650673177600, 0.02630801366905201000, 0.02224084082200048300, 0.01802183165422221700, 0.01382672734351195500, 0.01013839716605425900, 0.00749704755431518290, 0.00579956713863875700, 0.00501282595915753840, 0.00455046274546006680, 0.00386746661414532870, 0.00281879638589472690, 
0.01994634608985411700, 0.01819728269558650400, 0.01647921186674115900, 0.01476754266113205900, 0.01289366415914123600, 0.01120792955746680400, 0.01011151934668622600, 0.00894378125227385940, 0.00800719734194844240, 0.00714224015016584440, 0.00618347274870518870, 0.00501440242218710410, 
0.01214997432206941400, 0.01178039724188326800, 0.01116953335902861300, 0.01024723085529965900, 0.00963461575518866080, 0.00813380210976111930, 0.00874410416242131160, 0.00790414911186328350, 0.00697478231185822470, 0.00666390933809807120, 0.00588293156583551660, 0.00507320977151264320, 
0.00533769506579242010, 0.00746136250217288840, 0.00718031803725412060, 0.00569520127618527130, 0.00724165957394536440, 0.00446754666989841210, 0.00650708452198543560, 0.00543119989427676750, 0.00463642537563434610, 0.00525044210148033210, 0.00457882694820503380, 0.00438236539545496310, 
-0.00227212333870585940, 0.00520407468171625850, 0.00532049964201386770, -0.00059013579088728902, 0.00623749068729940840, 0.00036074729981157267, 0.00396300215267882810, 0.00257493130424111750, 0.00145712976874049630, 0.00453943364328936090, 0.00110292169789723650, 0.00294665566480346780, 
-0.00714929030112107600, 0.00558598187345602050, 0.00613931808181716280, -0.00384237824938788710, 0.00746699543230443150, -0.00048753880491961309, 0.00287718285890824820, 0.00266759579732003030, -0.00019681236130425224, 0.00469904060623911770, -0.00100351828440432830, 0.00308595662864512680, 
-0.00968522508718016110, 0.00548476521189234740, 0.00638693125775913980, -0.00572163898371287620, 0.00826837128479306420, -0.00203502722968868040, 0.00197043254578544230, 0.00347473363512678470, -0.00217386654897644850, 0.00413037354339796000, 0.00024378226230509757, -0.00085504937331686015, 
-0.00879683647363134310, 0.00424259194791972920, 0.00697154618735732960, -0.00520611791670794710, 0.00618763684574206650, -0.00024810835540561740, 0.00058030345600192947, 0.00255294671236677320, -0.00029483017121307659, 0.00125775581005939910, 0.00204872742764315890, -0.00225853825271956750, 
-0.00989870047260578250, 0.00364336261442218570, 0.00811123563756656340, -0.00615815636848445010, 0.00540785485336083700, 0.00253230074606880990, -0.00214554199940221370, 0.00382364632034065420, 0.00077649795525053299, 0.00026090013960528626, 0.00121497177895420150, 0.00065271175528298919, 
-0.01017861952654861400, 0.00452219018112731080, 0.00718817394897414840, -0.00611100631804757480, 0.00690690450993505790, 0.00106867839446237530, -0.00215043872125719740, 0.00555178586079127430, -0.00130101148367692610, 0.00122508964666683590, 0.00127861660939394460, 0.00071883527752053251, 
-0.00733613049678065540, 0.00611710674299972140, 0.00571026787372850430, -0.00101776657549291420, 0.00542507058264294320, 0.00219640563464261860, 0.00137061650588512100, 0.00319232453010893970, 0.00278129869124022580, 0.00062011223619524286, 0.00314444859564735890, 0.00210329504859661440, 
-0.01067453503744179300, 0.00730432297343907090, 0.00479427306039237590, -0.00261778920054979090, 0.00590964447662555010, 0.00065371305688177533, 0.00148741668455227260, 0.00216605435293955790, 0.00305206022299814310, -0.00122258933781459860, 0.00430340366903014890, -0.00008184732469615074, 
-0.01163047635183879000, 0.00510001686204907940, 0.00591662997444805920, -0.00555858285160605510, 0.00497055515426277070, 0.00028299074164213757, 0.00016729803959240528, 0.00063385614894812664, 0.00297435293931405190, -0.00240319777751881210, 0.00289398526735316520, 0.00079881328198077239, 
-0.01379728138333717400, 0.00493108800465907790, 0.00724761843010339470, -0.00621825304615347080, 0.00385453492807381890, 0.00190917448374749720, -0.00061895601508976021, 0.00024315199646789132, 0.00309063413798767300, -0.00075137412296894608, -0.00085427314943197137, 0.00644913702480856120, 
-0.00958198821591457400, 0.00637896583114891480, 0.00793894113312038420, -0.00386200535290096060, 0.00762339523667182610, 0.00151789755018885220, 0.00234297001474735460, 0.00277156707680904350, 0.00258095994832038080, 0.00475031568154343780, -0.00165477627754076290, 0.00918370595105866790, 
-0.00714846453882751750, 0.00360270888662089780, 0.00716544401937641450, -0.00375975082839593530, 0.00564618058053015410, 0.00062401536303817635, 0.00219995956732798320, 0.00087987431077564415, 0.00272085604072273010, 0.00274679091303922220, -0.00093752993618932776, 0.00680923221490187590, 
-0.00330532398264701170, 0.00260624781974505300, 0.00438145826748824120, -0.00112367290883473130, 0.00289208964513476070, 0.00113329994562817420, 0.00091802812099573783, 0.00221202017568162970, 0.00037424063407841176, 0.00194316967021542140, 0.00075887718634645295, 0.00210598588729926300, 
0.00333652280029400660, 0.00447884817547236460, 0.00483164066394006340, 0.00324019703255014640, 0.00360633679888972860, 0.00333656442610883630, 0.00280077632917141980, 0.00301152760912706170, 0.00198335894061207930, 0.00246622196358291680, 0.00209251025866351480, 0.00192493272619052730, 
0.01523357573929438000, 0.01430191837687389000, 0.01312039547113371000, 0.01158415138998817500, 0.00993585584061894460, 0.00837770645744549160, 0.00715852429660525980, 0.00615255341007882920, 0.00513847954318723350, 0.00416189297222670840, 0.00331633579067609070, 0.00242022791269863370, 
0.03115936040841371700, 0.02776597915324802200, 0.02415155648168795100, 0.02021467706767802700, 0.01562580618447716500, 0.01114575730018397800, 0.00817013332945315880, 0.00579455782064476270, 0.00341138372111144580, 0.00122772831048950320, -0.00064959347807937390, -0.00318445329581219880, 
0.05004989944518566800, 0.04347266831783959400, 0.03605909171803816500, 0.02828847786803827300, 0.01982753021671547100, 0.01163810435021539100, 0.00582551065216631650, 0.00132269539683425540, -0.00238956427257272250, -0.00568855024784973780, -0.00880294129831931880, -0.01291551729236273400, 
0.06547700452224371200, 0.05462608429401928600, 0.04291179135931238300, 0.03142035721414704300, 0.01866677342497802300, 0.00599271466558618650, -0.00220247013644272970, -0.00792465296402506020, -0.01200497049930480300, -0.01533048422002885600, -0.01766186410990255200, -0.02120235339725742200, 
0.07677451439737081900, 0.06242987344122873100, 0.04805202722619869600, 0.03450680007166953600, 0.01844688468214942700, 0.00236246513619486770, -0.00783026518641785280, -0.01459943889194529100, -0.01945829757222520100, -0.02286851077656720500, -0.02389583760317080100, -0.02648135338344743600, 
0.08203930573883212700, 0.06590081109855060200, 0.04989302592255417300, 0.03523553005173117600, 0.01778708720682341600, -0.00002658856439298994, -0.01233633434641270300, -0.02027143173272651400, -0.02562426105166089300, -0.02903356865994323100, -0.02944440037801925000, -0.03136007877038794700, 
0.08016091553674954700, 0.06315121105791826600, 0.04662766646557357800, 0.03257527328202379500, 0.01679631116411944200, -0.00044848350096066310, -0.01381423214015290600, -0.02207088844657993700, -0.02655274434611484100, -0.02869524435750995700, -0.02871301769370707800, -0.03013234910160146600, 
0.07679989842204292000, 0.06037006558670930000, 0.04388635647059314900, 0.03063947771272818700, 0.01686801453215042500, 0.00053226734906741593, -0.01372120126343973200, -0.02298045727309671100, -0.02708530751057166400, -0.02853355874917949000, -0.02882700697252938600, -0.03064516699081852600, 
0.07231040372038589900, 0.05688567344485205600, 0.04239574608380591200, 0.03040063516141843600, 0.01633231582995741500, 0.00002519209571714412, -0.01326349084106427000, -0.02125041011931967600, -0.02573146046288527600, -0.02854892422607411800, -0.02948537356977114600, -0.03062755494923755800, 
0.06543010570325409600, 0.05283933190852679900, 0.04075550097529561500, 0.02989471486698582600, 0.01647861741989836700, 0.00149442120758039030, -0.01062750926228290600, -0.01837921882768953100, -0.02359888978445815300, -0.02718487637748701100, -0.02824874803170735300, -0.02871723330806314600, 
0.05913771894306704000, 0.04923225035287109200, 0.03892343217881814900, 0.02872333820108320700, 0.01633777119535927100, 0.00280575611924808230, -0.00825498964221421660, -0.01591413442416229500, -0.02150976941385427500, -0.02549446073612114700, -0.02698271470937551100, -0.02729166802572314400, 
0.05072587962498795200, 0.04250160424576902200, 0.03372518930110259700, 0.02478649278123491400, 0.01396653889779379000, 0.00225021630570332790, -0.00705388636577098350, -0.01306446592582172900, -0.01721754160874064800, -0.02028052771873903300, -0.02143192399481888200, -0.02120141111439665500, 
0.04008811312545816600, 0.03388809283109876800, 0.02678040784119807600, 0.01926473401344831400, 0.01070024599135868700, 0.00198508623009824480, -0.00489523806757750580, -0.00932438352290858650, -0.01207266223042028500, -0.01351913559639378700, -0.01405883149642826400, -0.01426273182906065200, 
0.02901099619175739900, 0.02506114494691752100, 0.02017209835396787900, 0.01478899435751958700, 0.00887217694792556340, 0.00311360886069581100, -0.00138352311343740990, -0.00428613013617179000, -0.00597343465385688850, -0.00666789785150236500, -0.00684405789013908110, -0.00696652266766342380, 
0.01645582898769868500, 0.01465524792340577000, 0.01228087771053375100, 0.00960189662225366740, 0.00669296021307896630, 0.00387268334052164480, 0.00165426995837016700, 0.00022675889329478341, -0.00056825769031763527, -0.00100194788218788500, -0.00111203898710862860, -0.00106457010681193860, 
0.01088156934325540400, 0.01036464119560031500, 0.00964469008858482960, 0.00882457560653883770, 0.00793662800276320920, 0.00704221398820494350, 0.00623365788189355220, 0.00555039711987595500, 0.00497320072080128990, 0.00442961654344035170, 0.00390774545748841410, 0.00338236137424103350, 
0.01141108083650754100, 0.01110678783143980200, 0.01067053316047398400, 0.01015463164841809900, 0.00957146287396264640, 0.00893047473520579980, 0.00824688746172718740, 0.00752476325755374940, 0.00676222444096887840, 0.00594968542877222140, 0.00511111323570810280, 0.00424261891279164960, 
0.01226475472338506600, 0.01193156041070159500, 0.01147295164998590200, 0.01091333862212495000, 0.01025648093553504500, 0.00951735392362844900, 0.00872043456653244340, 0.00786579115672731040, 0.00695836227353137900, 0.00601786317326339670, 0.00508176447515282240, 0.00413314207105516030, 
0.01212146515211813400, 0.01180045266358465400, 0.01136112273612954400, 0.01083258379350112900, 0.01020393706095620200, 0.00948787084061058180, 0.00870475475445918470, 0.00786188915383213840, 0.00696905138986579720, 0.00604844146492878630, 0.00512313826068576910, 0.00418836238033871990, 
0.01173249666508301700, 0.01143671725852687300, 0.01103577825664896000, 0.01055787442431583400, 0.00998519491054396940, 0.00931779249308503640, 0.00857104073257806270, 0.00775943483685643650, 0.00689746028967847330, 0.00600558765056545370, 0.00509988350161866020, 0.00417754680708630220, 
0.01278416898261047800, 0.01240525911166863400, 0.01189938738939946100, 0.01129417153648760100, 0.01059143933651227400, 0.00980139305954550590, 0.00894798134486549280, 0.00805521530853281140, 0.00714080854554267460, 0.00622356654493786290, 0.00530581042436808520, 0.00436590512138214110, 
0.01388228371067007200, 0.01344826300772030900, 0.01287315493267710200, 0.01217963155320179800, 0.01138021683114626300, 0.01048403622078429200, 0.00952736074599553830, 0.00853163975072207020, 0.00751757594485129300, 0.00651130866915474240, 0.00550549111836055350, 0.00446795198266711210, 
0.01314548171415346400, 0.01278686577403423400, 0.01230029210321314000, 0.01171173685700000600, 0.01101349213803435600, 0.01019944642578013900, 0.00929496961741727020, 0.00831695071184215990, 0.00731103644461491250, 0.00630013020522873950, 0.00528009258775358720, 0.00422247825782284990, 
0.01167580407002290000, 0.01135050016716656800, 0.01091794039352009200, 0.01041562969173112800, 0.00982701911392643530, 0.00912230551088021900, 0.00830983153325687980, 0.00741639396754366180, 0.00649090910365554030, 0.00555604071768314030, 0.00460927804670581070, 0.00362259815973486630, 
0.01090991911177776600, 0.01060025312218148200, 0.01020130578977614100, 0.00975494228954263030, 0.00925144062581488400, 0.00864416708914870350, 0.00792548546182674650, 0.00711912176277262890, 0.00627044872855776670, 0.00542563896165149450, 0.00458743244354940450, 0.00371911640371382770, 
0.01193820258397187600, 0.01159022125669896900, 0.01115799573070276600, 0.01066151147860146300, 0.01006675529199329100, 0.00936743498894930010, 0.00858846325646315040, 0.00774249107992522070, 0.00684515220295187600, 0.00594002568861951370, 0.00505716448266674970, 0.00417392166905633260, 
0.01253608580017650000, 0.01188588410253089600, 0.01128972660002862200, 0.01069814967156662400, 0.00989936005854180100, 0.00891509453168597660, 0.00795248694633788130, 0.00700950462462481770, 0.00595561058459439550, 0.00482272779485923200, 0.00377396970397307670, 0.00284691418602834230, 
0.01419513864964254900, 0.01287269028008940700, 0.01195924952923667700, 0.01142235513361786900, 0.01061247514042446200, 0.00944686173821379480, 0.00836288747445302490, 0.00734365839675557490, 0.00597963764102492620, 0.00430676625650471680, 0.00288944732895006320, 0.00194759176259561800, 
0.01498374830848833700, 0.01338574659706813500, 0.01237413628088479900, 0.01201860297191775400, 0.01150340423509738600, 0.01047463563929873200, 0.00922574255413825820, 0.00785732028529136790, 0.00625968985691893660, 0.00462960938846065230, 0.00330057538839471310, 0.00226291819452156770, 
0.01413620990948181300, 0.01253276494700150300, 0.01163095370086484300, 0.01150323524337232100, 0.01122148151794580800, 0.01036012797969469400, 0.00912423066578489480, 0.00761838199887108530, 0.00600373597551573640, 0.00470145794588419310, 0.00383631095541431960, 0.00295609814730272760, 
0.01409901499748850800, 0.01227522204044972700, 0.01145554635284416200, 0.01155211801106214300, 0.01124549898688353500, 0.01027707951925941100, 0.00915430355969173470, 0.00781747753457836740, 0.00610706729268886090, 0.00459426420742272030, 0.00384537142966030150, 0.00325931255792035780, 
0.01476102882767065000, 0.01263833091909133700, 0.01175786485288087200, 0.01196982800821958000, 0.01167054073834375900, 0.01065440336880415200, 0.00965485650536280180, 0.00848658368889922310, 0.00657155381643022200, 0.00455930414379651130, 0.00356302590477825800, 0.00322935265142560230, 
0.01508929048291962100, 0.01248650463292985700, 0.01144340357709514600, 0.01178913043561840400, 0.01159809395487882000, 0.01069795537131185500, 0.00980819431183940770, 0.00851863317746106440, 0.00612381943944667520, 0.00363821368294011800, 0.00256409856707187290, 0.00242023082342362070, 
0.01420465130376000700, 0.01129587608019381300, 0.01031548656656683600, 0.01099015903126664800, 0.01102560088289652800, 0.01008855745394095900, 0.00900947754497639220, 0.00765254743982547380, 0.00532988106140818570, 0.00304715709218461500, 0.00213105350942482690, 0.00205149309688519400, 
0.01258659280495381600, 0.00966429458463803110, 0.00889162461672458360, 0.00991872386836701800, 0.01028878955686698100, 0.00925978442840937920, 0.00773665081968656280, 0.00628292729820314250, 0.00471369929770549570, 0.00337023801344162480, 0.00263390894590754580, 0.00209194272225308400, 
0.01122609321021693900, 0.00808163765659939550, 0.00734388685391119170, 0.00855140105385956970, 0.00898143827311241940, 0.00815254998927108720, 0.00723842485687707300, 0.00634597223361157370, 0.00456766534216385130, 0.00266439783334053050, 0.00214773987516968770, 0.00251625560331184080, 
0.01110522219494511200, 0.00812140552119250750, 0.00724801370550750680, 0.00820237458144233020, 0.00860821800055496490, 0.00797020550925073290, 0.00717289933678581970, 0.00610247907012514620, 0.00420006198978070500, 0.00240853582763450500, 0.00202207364036634600, 0.00232294826215567180, 
0.01143924699726091600, 0.00840631274566022710, 0.00753912733310253910, 0.00843307691469553750, 0.00875306265535713730, 0.00809646134428828810, 0.00735640785492955650, 0.00604808254312562580, 0.00384605779214794440, 0.00198519109001019490, 0.00170107746979027380, 0.00202203352130583820, 
0.01146882068577404600, 0.00825540446623899100, 0.00737686649521532550, 0.00840336999568812820, 0.00883604127193132580, 0.00823161932340904510, 0.00738423835342757840, 0.00586360331677527980, 0.00366595426850026320, 0.00201236913201900200, 0.00181275379360532870, 0.00198398026048140620, 
0.01174126658879976300, 0.00860998157393033990, 0.00766722422637370300, 0.00867502614599130650, 0.00920861981103070220, 0.00855681082210184300, 0.00744017752672555390, 0.00566022157089650540, 0.00358789996540008610, 0.00250038484057448850, 0.00234525043441286690, 0.00204187833599105660, 
0.01201691245898415700, 0.00919499300164251450, 0.00834711700946019070, 0.00904326002105563210, 0.00936399564917427510, 0.00873990429661835110, 0.00804414226427716500, 0.00653588718215568090, 0.00407295964617203180, 0.00253942263835913590, 0.00240698684485367470, 0.00237419774011216270, 
0.01175384553890356300, 0.00926227271825564270, 0.00847287573650423210, 0.00901090310344019110, 0.00912889747138641990, 0.00859730390875435530, 0.00808214838015254910, 0.00676268767874828490, 0.00442026523273544080, 0.00256380089115201780, 0.00231651339153925340, 0.00233275955983306210, 
0.01125298644656330000, 0.00939298513003924970, 0.00878136454626533320, 0.00908661627328484660, 0.00886917131016700180, 0.00815961968233025470, 0.00758048979501548070, 0.00642466291703317970, 0.00448468884326711990, 0.00279241066183278340, 0.00233219025604780150, 0.00209640959373133450, 
0.01101724443995652800, 0.00923577721614667750, 0.00863667276672549880, 0.00890997110053828870, 0.00872054833157435980, 0.00798361251297955220, 0.00722736846594949040, 0.00598868133832975660, 0.00417539178554559350, 0.00272824475801435730, 0.00226847742130273840, 0.00189368782853008330, 
0.01084380522281928000, 0.00913526853570433700, 0.00863586400599980660, 0.00890209179002759980, 0.00868046015227199980, 0.00797540278344086550, 0.00724568098111199890, 0.00605371805132107890, 0.00441633765760718070, 0.00318404977772161190, 0.00272677251723052760, 0.00220469960564850100, 
0.01037835069685037600, 0.00892652507229111520, 0.00847680756911874110, 0.00859979874679699110, 0.00833278348131222430, 0.00772520050725064230, 0.00703028010430775670, 0.00588956547002565750, 0.00450104009830174480, 0.00358578544043241470, 0.00310851641734132420, 0.00230602535217882490, 
0.00996802802276084910, 0.00884843854981338590, 0.00834974126049022740, 0.00830462641543614630, 0.00802601286126749040, 0.00747595736223868270, 0.00691906679547653940, 0.00602643690061179390, 0.00484859716272872250, 0.00387646030258252240, 0.00322200508222853040, 0.00247242068376238910, 
0.00890095093157388870, 0.00809948535776765410, 0.00763046390815916470, 0.00746114812303054140, 0.00714720382427052980, 0.00655265190916327380, 0.00598927953195520400, 0.00521851070123995410, 0.00424740062412215690, 0.00327579241554384890, 0.00250147694810358640, 0.00182130476434634220, 
0.00810732275394526400, 0.00755389978864378940, 0.00714423769057932670, 0.00689380248195846890, 0.00661350564146152750, 0.00611219436294921540, 0.00553026436592218410, 0.00477895103117037880, 0.00390303874699575710, 0.00312890870599740130, 0.00246207391840096550, 0.00181952744167159170, 
0.00760195454449568050, 0.00710772785832555760, 0.00677571750527669260, 0.00659908197923803760, 0.00638839468052151360, 0.00594658042830937490, 0.00543197951847836090, 0.00477631066871188860, 0.00403653628915420780, 0.00342856267359254980, 0.00288756897314469810, 0.00231602058415915920, 
0.00694343578720861470, 0.00646537554769108240, 0.00613574911227835090, 0.00596602821925230720, 0.00577339062161922200, 0.00537681791824547520, 0.00490958297954746830, 0.00434654416787337050, 0.00371855459861514940, 0.00313088617485377840, 0.00258305766849346210, 0.00202275142273927520, 
0.00656270498811125590, 0.00615873829418756450, 0.00583257772324030730, 0.00559010412211894020, 0.00535277882063737740, 0.00495808862630169130, 0.00456544206687380020, 0.00405682692446827050, 0.00346430867056995520, 0.00287316755977610720, 0.00228694186386965830, 0.00175589195956442500, 
0.00659904579946783180, 0.00627190566576736170, 0.00595423863939439650, 0.00562362490102286030, 0.00529597812546530370, 0.00486821544924081680, 0.00445285625262191370, 0.00390846668171772850, 0.00330800551955625800, 0.00270939901177588400, 0.00208719077755117110, 0.00150724456874825210, 
0.00618588796209478590, 0.00595509859255787670, 0.00575156990145071160, 0.00538224029878854420, 0.00507048551514924400, 0.00472322714750452680, 0.00433411628872860080, 0.00380151382416342230, 0.00328933349776155920, 0.00275096449449767530, 0.00209473408918534620, 0.00158148825819167730, 
0.00593956383707585320, 0.00572655102639179830, 0.00569952372269084870, 0.00525134389382953850, 0.00486129579451005050, 0.00465240808714538140, 0.00423956153523517930, 0.00360183055816148910, 0.00321991261548835220, 0.00273407636026615570, 0.00193059738629226430, 0.00149256144714754830, 
0.00533398794466007940, 0.00520762866811879440, 0.00520725052426813250, 0.00480843146466688930, 0.00438395056837174830, 0.00419131770959324260, 0.00383631285350369750, 0.00315613958685343530, 0.00285120198684009770, 0.00241663663190105860, 0.00167026678614007110, 0.00124035126482222580, 
0.00357458098734016270, 0.00378198849281510690, 0.00391178007608181800, 0.00342631457913633240, 0.00315480307272724340, 0.00312341264981824510, 0.00288736569666341770, 0.00226736679349545670, 0.00218306129330809570, 0.00194143599625829380, 0.00126803460896861520, 0.00108615168019216310, 
0.00287370213559371690, 0.00308370759202152490, 0.00343267973503090730, 0.00278461406239258890, 0.00274811987291973410, 0.00276663384577099290, 0.00254584585340426410, 0.00218421582054509820, 0.00208370788997414880, 0.00209365439468681570, 0.00142104889734931210, 0.00139082859346290420, 
0.00142081281640157290, 0.00206838987508752930, 0.00274245454537199940, 0.00160721441186434540, 0.00198121473420627930, 0.00185889548897447630, 0.00188532106468758090, 0.00133907324367808710, 0.00136024082464032280, 0.00172454151414707150, 0.00084626824556531099, 0.00087820780631449574, 
0.00092701307992382946, 0.00203895956787028070, 0.00248468342352008200, 0.00140621410667739090, 0.00186290102824292480, 0.00164481968269623750, 0.00185846491207342160, 0.00100145968655675930, 0.00156493362908881420, 0.00144468327410176620, 0.00094689551646723530, 0.00103444053755393320, 
0.00031511466219274104, 0.00136455412857251030, 0.00332695293889900350, 0.00107607074687314180, 0.00091708736168470348, 0.00272383357398539020, 0.00152239849516770190, 0.00012737482996329503, 0.00255775067888904450, 0.00111281529640847310, 0.00014052819681491973, 0.00187142850435106360, 
-0.00076927982294515201, 0.00031211562229594629, 0.00483450382952821300, 0.00053778890166171435, -0.00030734725276567495, 0.00411968215544010210, 0.00139129979431943810, -0.00104670875061924270, 0.00348467825522239940, 0.00143070784111289120, -0.00110613864288486190, 0.00267853090980825930, 
-0.00020766974223957919, 0.00071359659380853342, 0.00389645124704670080, 0.00064915665707415574, 0.00040146326361946064, 0.00311790955786888590, 0.00129859612044651530, -0.00003915594152996628, 0.00259005128070088690, 0.00126456772153576160, 0.00016351945558994190, 0.00155831607438089260, 
0.00014251686382394274, 0.00094516565594896505, 0.00295093093810955150, 0.00028341930018745490, 0.00132083727659660480, 0.00199925811124082200, 0.00067971335304373430, 0.00142510469775285740, 0.00113367562933784160, 0.00106084607039109080, 0.00127031000687868730, 0.00049610260804474574, 
0.00043924857346151801, 0.00042616178111208174, 0.00290759566109070450, 0.00086220028694595639, 0.00044215394534691905, 0.00216741248164062940, 0.00133369508339739380, 0.00049299460981629031, 0.00145061712474734810, 0.00162619063082786720, 0.00043134060620572662, 0.00101333369855055740, 
0.00009068575064388192, 0.00027372909702862516, 0.00230685415492596500, 0.00052108937757470628, 0.00024918965835465744, 0.00176241321530248960, 0.00077803547575988760, 0.00037920157832309310, 0.00121980288497715500, 0.00086992721999050318, 0.00057653984368968381, 0.00067302091535531832, 
-0.00023797737050627640, 0.00063165042038000716, 0.00202408843298799510, -0.00002895076585367980, 0.00087328846763371209, 0.00145720553935848020, 0.00016050586095967294, 0.00104732739379721120, 0.00092114160342383834, 0.00030047609528490338, 0.00119873971053787540, 0.00026521142343228989, 
-0.00027653619891376818, 0.00046715448787452876, 0.00177543285745460210, 0.00004849751694114091, 0.00067789077194426166, 0.00109277546417949020, 0.00042855096965346623, 0.00069939642709692545, 0.00071705683467982210, 0.00058606499679829632, 0.00079496967154008317, 0.00022896531613381368, 
-0.00003290360619580150, 0.00057445605773093938, 0.00163897972310961020, 0.00039765954578689368, 0.00078026033006138660, 0.00083447354729886776, 0.00104581096778856920, 0.00060565824870950462, 0.00072577886066641677, 0.00096308703986814454, 0.00079063482718044287, 0.00039813902187058156, 
-0.00073697026054324452, 0.00034874458271317010, 0.00138010929727323400, -0.00006771168806361940, 0.00043442315637656943, 0.00044064262363007443, 0.00085730705093921852, -0.00011354115206475140, 0.00061242291444050764, 0.00058639520791809775, 0.00018651267439074315, 0.00031815471508710755, 
-0.00082941192531152169, 0.00025455168082604755, 0.00142817350324649310, -0.00032360736803705575, 0.00038589823427131158, 0.00064099880316571367, 0.00037009955734791867, 0.00002031914966087395, 0.00077025524290644601, -0.00000303352192260173, 0.00037071525503049513, 0.00046595715382323813, 
-0.00093659402921527344, 0.00036383135443894120, 0.00141276395508445040, -0.00070370234211012989, 0.00070603059069386769, 0.00056245080733287908, 0.00001183456966594462, 0.00039973761596540401, 0.00060310683481894310, -0.00013762041985643280, 0.00046365237367179094, 0.00041661634554083420, 
-0.00065100504985243887, 0.00031113244202204195, 0.00165884994980871130, -0.00058523335089706466, 0.00068076575199982347, 0.00093368290362681218, -0.00020813142416190120, 0.00081426100405536904, 0.00055672029738615490, 0.00004530131433094106, 0.00090378791941937784, 0.00015097237940678404, 
0.00004289266611385844, 0.00046307449712386524, 0.00168243221202945370, 0.00005595404690201594, 0.00073971278342281187, 0.00119955025065719830, 0.00018941330985988868, 0.00084953802569090507, 0.00099716955728813166, 0.00040517947381966810, 0.00099507019409309470, 0.00066645041515656371, 
0.00001437585959132222, 0.00022911131364522841, 0.00098456639822565415, 0.00015803002531748840, 0.00047308913625433946, 0.00056254322868305208, 0.00037261281429503687, 0.00034403789188687495, 0.00054077976843578182, 0.00055749922110219952, 0.00035255754401726443, 0.00042086507875275803, 
-0.00018023191068678398, 0.00000832663220051007, 0.00108458238236487820, 0.00006469214967662692, 0.00013396021302454763, 0.00059764639054193133, 0.00034465613980560203, 0.00005979224842109397, 0.00042581023001403353, 0.00050593603460711146, 0.00004757280797133136, 0.00032277879680696374, 
0.00050213127538695777, 0.00053306024847911730, 0.00133289408521282790, 0.00056337530736770970, 0.00056751393539388178, 0.00100663768261718790, 0.00074014897365381343, 0.00064520943397564231, 0.00087502779419616002, 0.00087564970742168605, 0.00056600696463097024, 0.00072399841892422788, 
0.00046168962720029207, 0.00045835922894875566, 0.00078147359182057440, 0.00049010633316281464, 0.00052072236465591684, 0.00058956927455630376, 0.00053450209449227735, 0.00059717770415997496, 0.00053615492035643121, 0.00051932057174571575, 0.00049825830168697218, 0.00044405982668614620, 
0.00008615860760927950, 0.00009447034294786757, 0.00058748250311970926, 0.00022193265052995606, 0.00017329949214971749, 0.00033211345393879761, 0.00035505811766572059, 0.00013225892687262925, 0.00021981843380909852, 0.00032193648171565065, 0.00008436739338378573, 0.00012875475778423344, 
0.00019406077973359805, 0.00016748522526249183, 0.00074049867654672503, 0.00032098913642054780, 0.00020327494815383670, 0.00052252919487140177, 0.00045186516773594392, 0.00016983569859927198, 0.00044192767795937478, 0.00044370315192151193, 0.00016995697550945126, 0.00035744826080795435, 
0.00036807979554094947, 0.00034619048456953019, 0.00060436911810168295, 0.00042599254552478370, 0.00036211199631055535, 0.00044913636018727545, 0.00042450955233946507, 0.00038412430034576276, 0.00044272872095251934, 0.00037231628786854728, 0.00036449998497767717, 0.00043166109525870957, 
0.00043123664749390001, 0.00041817698615027226, 0.00048741696243536243, 0.00044197600584180920, 0.00042293764006655300, 0.00039739047886216424, 0.00043146909477249711, 0.00039574398493835477, 0.00038530697969125848, 0.00035580972311275073, 0.00037884689237057512, 0.00036888632438854323, 
0.00039306044424806410, 0.00035978889669463954, 0.00039147757238220711, 0.00036478844401109921, 0.00033754604258295949, 0.00030477512147499605, 0.00029215334970961448, 0.00027840539636545442, 0.00027074520074765751, 0.00023905667227328359, 0.00024320056641295211, 0.00021383516632240927, 
0.00028850870423952041, 0.00027283098995385256, 0.00027611994267183330, 0.00025787627140205001, 0.00024002662685591953, 0.00022421217596854356, 0.00020574237683674960, 0.00019682197103926803, 0.00018821066674745205, 0.00017237545753989039, 0.00016725336182119870, 0.00015573998994173401, 
0.00025037752484502733, 0.00023733389454698136, 0.00022796826459807552, 0.00021544802229230968, 0.00020284676150953381, 0.00019149593962305782, 0.00017781875112046899, 0.00016473766008152081, 0.00015858549178782123, 0.00015582581112337512, 0.00015421095476384541, 0.00015296321933505022, 
0.00033173039961507310, 0.00032148565041163486, 0.00031279672414076206, 0.00030334872349052167, 0.00029397839998550671, 0.00028409293412555697, 0.00027338473654931454, 0.00026305849503451809, 0.00025699202045664673, 0.00025189677296849486, 0.00024772998333652481, 0.00024326893204531578, 
0.00037529028767334599, 0.00036599267701331546, 0.00035867105035590968, 0.00035111408607755716, 0.00034336906877233640, 0.00033447180346966973, 0.00032602124982347838, 0.00031725541482332056, 0.00030786261924980573, 0.00029783364017948668, 0.00028854913711360831, 0.00027794611824872342, 
0.00027840810203450672, 0.00026883893039706921, 0.00026049562866299554, 0.00025207116595220953, 0.00024322952040329413, 0.00023342554509603826, 0.00022428069331759408, 0.00021473161141191555, 0.00020351384924495341, 0.00019230415383112687, 0.00018142143753370311, 0.00017010837358984575, 
0.00022446061036258925, 0.00021910607573322584, 0.00021414609676672833, 0.00020895032663861908, 0.00020356485638959245, 0.00019826128568890716, 0.00019305686513445349, 0.00018794511612049849, 0.00018133883637486649, 0.00017447484513654889, 0.00016771044041931626, 0.00016128536249605075, 
0.00020661908276126841, 0.00020059541653537092, 0.00019489034251178543, 0.00018890073179814428, 0.00018290247848750551, 0.00017740275149837916, 0.00017203298801665037, 0.00016668172556282031, 0.00016019625571767710, 0.00015432042740547812, 0.00014884905333331099, 0.00014273906476304930, 
0.00021564724916435288, 0.00020572386192460810, 0.00019637384276343460, 0.00018671433060048730, 0.00017756990598136882, 0.00016845822223901272, 0.00015923749617218893, 0.00015015513938728848, 0.00014016141953264024, 0.00013084469795571622, 0.00012160581696547206, 0.00011163063773762359, 
0.00028623506623410801, 0.00028126337807620182, 0.00027702047640262931, 0.00027262290051666106, 0.00026843021254457152, 0.00026386280471638821, 0.00025914385134152043, 0.00025488615516294701, 0.00025039182787712220, 0.00024598854609979932, 0.00024100957970805869, 0.00023606689020047822, 
0.00025865277428157533, 0.00025646399641928748, 0.00025534480305334118, 0.00025427145403215446, 0.00025270697706667919, 0.00025096042356648218, 0.00024909843491418611, 0.00024733673842468790, 0.00024593588720970964, 0.00024414968537377361, 0.00024231011309687817, 0.00024082320739469005, 
