1.26440889368398100000, 0.66626470282500216000, 0.22835645926519099000, 0.03504584579710749000, -0.07465589237351796800, -0.15023015490561620000, -0.17677656484035445000, -0.11547558734962857000, -0.11185451722837983000, -0.02984633847586931600, -0.01208193981292228800, -0.00417113584406965040, 
0.36239023539834336000, 0.27115149104923403000, 0.16286164367974354000, 0.06650582091511755800, -0.00883039456681325440, -0.06266037774759247700, -0.08710349381884682800, -0.09082321130782555800, -0.07197862956964934400, -0.04623967794543547300, -0.03006112926187964900, -0.03696283741730357900, 
0.25275101360926672000, 0.19816463124349321000, 0.13134702937417764000, 0.06897870495912510100, 0.01770890508072169400, -0.02194202793706888000, -0.04492903590635595500, -0.05496671434573131800, -0.04786699197139620400, -0.03613977425124112500, -0.02457207695771467000, -0.02157995657831873100, 
0.19106180816298882000, 0.15793010882102299000, 0.11420332317654831000, 0.06897175008095921000, 0.02906779259626121300, -0.00191845172788301590, -0.02296483915329739600, -0.03497173862364168900, -0.03799949956170480700, -0.03693019993155548200, -0.03121291346571091600, -0.02321111753682770400, 
0.14284358893472951000, 0.12086626415955314000, 0.09206574503846182100, 0.06232723426819446900, 0.03541487678090680900, 0.01330253688603184500, -0.00316016844450417440, -0.01506106479269465500, -0.02158924350426902700, -0.02588111260076571300, -0.02715531824695063800, -0.02598983391543129700, 
0.12507096819740568000, 0.10804252376941541000, 0.08585887339861113200, 0.06254962020186091700, 0.04037681448068222700, 0.02132444403882126400, 0.00706787437642742230, -0.00376515297518790000, -0.01250213901859988100, -0.01996755090994508900, -0.02621818777284689800, -0.03143916531331954900, 
0.11969398410656333000, 0.10611294120374169000, 0.08733882006422816200, 0.06637933906540766100, 0.04535340902114889900, 0.02645225380635574800, 0.01105246261558339400, -0.00136293365445262250, -0.01256165689122115200, -0.02296251350379278600, -0.03247247472674780900, -0.04142238688253355900, 
0.10541114339387761000, 0.09452675999167867200, 0.07892301723802899700, 0.06130991393400409000, 0.04348454895278994200, 0.02711322598335550600, 0.01274921065693916500, 0.00009405426731869896, -0.01173947536429122500, -0.02282050893271976200, -0.03379894743991476700, -0.04463492193889578900, 
0.07858344224589339200, 0.07146163016935802600, 0.06117193363781751900, 0.04925952444735005900, 0.03676741345400280600, 0.02471040983490975500, 0.01351528892546496400, 0.00300423226179398140, -0.00646304105779354700, -0.01488247403124411300, -0.02264593207978201500, -0.02966294558960509000, 
0.05003140990071108100, 0.04603392365024140700, 0.04053657522778963300, 0.03412194782278860800, 0.02755774092188548900, 0.02106518768553726500, 0.01505597339877233500, 0.00957049684767612500, 0.00479525163290565450, 0.00061809838960471446, -0.00294813685676827580, -0.00582227543548684370, 
0.03262179223774378700, 0.02955363542168358600, 0.02598891590534608800, 0.02170737702146401500, 0.01751160927823952300, 0.01320834374898702800, 0.00931283296690923160, 0.00593676447890937980, 0.00316311228626002220, 0.00072813842382594182, -0.00093288489807443809, -0.00174652174808749130, 
0.01901548186385266700, 0.01666387139866887900, 0.01434191303655845000, 0.01162860395554421300, 0.00908246143929344710, 0.00630521967511216230, 0.00388670563017901650, 0.00183856387288070290, 0.00000773110644896555, -0.00139927974991681380, -0.00193532265512143300, -0.00188435222708165960, 
0.01150522971367788300, 0.00876210010433543450, 0.00656374616368742260, 0.00387967921393400380, 0.00204615234694432510, 0.00027711535971736124, -0.00078436509242596237, -0.00143097001884034700, -0.00249157736850164460, -0.00277490802330693840, -0.00163983407858105240, -0.00048939394699300839, 
0.00663490891089759530, 0.00376056288628489900, 0.00313984550667600550, 0.00134311284988719490, 0.00022527399916846662, -0.00038577494224021323, -0.00022997388023222198, -0.00041144270730152099, -0.00067521709631304693, -0.00097767473179733474, 0.00050830932151441121, 0.00180634805250070080, 
0.00430522199713690660, 0.00312314155783030090, 0.00348942445920887760, 0.00287272689186116340, 0.00286471638428960250, 0.00165388950072575290, 0.00168250952614579250, 0.00109019311172216550, 0.00175610846330126470, 0.00090700111533181045, 0.00154599101316809450, 0.00252763149192806230, 
0.00876701347551923740, 0.00827496805815519130, 0.00760970503888055460, 0.00703586958538380410, 0.00581127193544011670, 0.00376241593999865430, 0.00318922978608255370, 0.00270903332682658790, 0.00227441475515875470, 0.00070081361243093312, 0.00092219602618528627, 0.00029973216290784128, 
0.03370559409033829100, 0.03126731357325714100, 0.02715307699564939100, 0.02283987347526843200, 0.01778041900450467300, 0.01273642284227482500, 0.00917357863121829810, 0.00574393262040800640, 0.00264938108608135010, -0.00058980690208538177, -0.00291540892550494870, -0.00618326071097475160, 
0.06215580776626220000, 0.05472252687965616100, 0.04397834802202116300, 0.03218123290648738900, 0.02104188815504662600, 0.01144861262741435300, 0.00427859407112819810, -0.00107955938636413590, -0.00506959583080302670, -0.00839876448850492350, -0.01135533899978382000, -0.01484374896915946500, 
0.08707105391642758200, 0.07410811154128302300, 0.05581710496216567300, 0.03602726417594718400, 0.01790003365500587200, 0.00313812211368389660, -0.00729747368950603610, -0.01392018820155819900, -0.01766659194658749100, -0.02018482837495926000, -0.02168033037120317700, -0.02457620585969835800, 
0.09643742814852197800, 0.08107977260777089700, 0.05965534482519909600, 0.03623182741918919800, 0.01415261039876671500, -0.00415709416390059020, -0.01694126250264985100, -0.02430253979973898800, -0.02749949940927091200, -0.02765890580306370300, -0.02546823732528195500, -0.02365169013405508600, 
0.09339668736664662200, 0.07777991667265571300, 0.05595154430842669300, 0.03171012014718230200, 0.00869517305654404420, -0.01030988037391400600, -0.02363182706240179000, -0.03105227650317497400, -0.03380939197821297700, -0.03195332088165987700, -0.02718978904237465800, -0.02086297164404325700, 
0.08217907389821163500, 0.06762499621100970200, 0.04716109414516018300, 0.02459587960928204900, 0.00397724626176303080, -0.01217553692793389900, -0.02269553693039284500, -0.02779511636024140800, -0.02844403434707814400, -0.02606000616818314100, -0.02172079109829445200, -0.01660580149794671500, 
0.07879101491795144400, 0.06429568087981314700, 0.04392369501632010400, 0.02170600515483545700, 0.00167143622572791040, -0.01352093223141890800, -0.02255562096383763300, -0.02593223931163883600, -0.02508603478890103500, -0.02156047391041265900, -0.01688142769044256200, -0.01242472473479973800, 
0.07624752840773116300, 0.06160561188767372400, 0.04120319096724787300, 0.01902866161050476000, -0.00084363301488310071, -0.01578439897231837700, -0.02395481672544860100, -0.02611161011336224000, -0.02394135527459637800, -0.01843273939438205100, -0.01225738390819497800, -0.00699299867789723690, 
0.07046436952195860000, 0.05638352544451774600, 0.03665876135759200300, 0.01528468022833788300, -0.00364491107537189600, -0.01744130997055474300, -0.02448755319919262300, -0.02521619622029841100, -0.02104702402484893300, -0.01354511273213079200, -0.00522400740993788670, 0.00183533244864859600, 
0.06169084194181886200, 0.04880170540561690200, 0.03072740719952653600, 0.01140050753331441400, -0.00553123923433399000, -0.01733847706950006700, -0.02302777675877877600, -0.02259013286062368200, -0.01749190944285445100, -0.00958665162550396100, -0.00089113906394418024, 0.00663882201488906560, 
0.05734072189931312800, 0.04548051469440959900, 0.02900791616104922400, 0.01160637942889547800, -0.00368334929961165560, -0.01423092415378199300, -0.01905008667058624400, -0.01826788325009786800, -0.01329842393204554700, -0.00595775106495212950, 0.00219481752010714130, 0.00924912338437201830, 
0.05387352592665140700, 0.04322334606982947800, 0.02839847876932349200, 0.01270420364004073500, -0.00140840165413057160, -0.01132441006338453900, -0.01597762417888352900, -0.01573284568356460000, -0.01151184564348732000, -0.00524632255116717730, 0.00154579145192507190, 0.00738457972406349280, 
0.05063952681543459900, 0.04067307607813391200, 0.02677108209539998800, 0.01204167414069264600, -0.00110416484766773370, -0.00952417858649931390, -0.01329648244177917200, -0.01244718578217421700, -0.00834158149606429970, -0.00230898117801452050, 0.00307574151165262160, 0.00713336661005317930, 
0.04524336178489132800, 0.03626327847678736300, 0.02371694022884166700, 0.01037620987546118700, -0.00129534360853815670, -0.00875526940346667460, -0.01188133018677188200, -0.01081416863731210800, -0.00683665225529578050, -0.00133053962846185450, 0.00351139947301468870, 0.00673644363338131000, 
0.04334647053193641700, 0.03496443560712057100, 0.02308296347514371400, 0.01038734327468576900, -0.00077538138855535424, -0.00808925609925961740, -0.01131144092407996100, -0.01059471639997056200, -0.00697938029475248830, -0.00201989725132230640, 0.00261598589352254150, 0.00558267596026249590, 
0.04272457184398283800, 0.03490176225787403700, 0.02378238955973167500, 0.01191450156336756200, 0.00127798363969216520, -0.00575806531442629890, -0.00895029628388264650, -0.00871183724859389550, -0.00560087580118290900, -0.00129144792668247020, 0.00287027625896134130, 0.00514401082054426020, 
0.03921436890509338900, 0.03236693994472198500, 0.02257344579152016600, 0.01213893379079340800, 0.00265670170755240510, -0.00386019461566212320, -0.00692458158218124850, -0.00719406470930714780, -0.00457310210481563000, -0.00123120910799511810, 0.00213553280933674510, 0.00357651067179673910, 
0.03663561591280714600, 0.03093686186467174700, 0.02283715555044296700, 0.01398692746036454300, 0.00598318820589446070, -0.00007820997709585094, -0.00336375894605130420, -0.00425072806691335210, -0.00295814943146637280, -0.00075661230477130090, 0.00133960645956957760, 0.00236220829225919140, 
0.03087955171196754200, 0.02664878584991492400, 0.02070426489912342200, 0.01413308709316760600, 0.00818203376182278890, 0.00355052139572005230, 0.00091951957812685156, 0.00002802881406762964, 0.00065731470596634050, 0.00191580400243143000, 0.00299911682272432050, 0.00329766102479075570, 
0.02197959437177584100, 0.01938791532534884700, 0.01579322940320351500, 0.01187737668464524500, 0.00830135809862753670, 0.00553085219471397770, 0.00386645539367769720, 0.00309617627353049210, 0.00305398488341524550, 0.00320108706726770270, 0.00317972073665809520, 0.00259479529357788730, 
0.01779432521612982600, 0.01633850849953699700, 0.01432645442269938800, 0.01218194227989353500, 0.01021918855579290000, 0.00869498880612803660, 0.00761891153495667700, 0.00693096026405756910, 0.00650040093770684790, 0.00612811670250571360, 0.00564010697638457450, 0.00485893682529111620, 
0.01731900293193225400, 0.01622918079941943300, 0.01475750637290890200, 0.01315354447644862200, 0.01170802864731031500, 0.01051199243997959200, 0.00961558603700419550, 0.00897870079038983960, 0.00846906109228479780, 0.00797780974981867480, 0.00730195918148361050, 0.00626488035360268920, 
0.01922818344171473400, 0.01815520529843146800, 0.01676136550565098700, 0.01520699601374284800, 0.01377715452790325600, 0.01251736894375066900, 0.01149847909045387600, 0.01068418655249644300, 0.00992460325036602880, 0.00914441586095195160, 0.00812789047007870560, 0.00671936450278469350, 
0.01942103767240172700, 0.01858801164077461500, 0.01744309129330497100, 0.01616064851136356900, 0.01492241333741527900, 0.01373605610737470300, 0.01262049335481611900, 0.01155600648159143600, 0.01047344767836283000, 0.00933481440437744500, 0.00800564922708287170, 0.00641982697509528060, 
0.01848088117429616200, 0.01779514790828471600, 0.01682343053301076100, 0.01572351480768577700, 0.01460697932319592200, 0.01348316740723714600, 0.01236389633029481000, 0.01123983698604932000, 0.01010437554057875600, 0.00895780498392209110, 0.00772214588622239030, 0.00635400979210372280, 
0.01768218877456406000, 0.01702913023937470100, 0.01609215638171845900, 0.01502960493541842900, 0.01392794570066769800, 0.01282131928232825000, 0.01173183150575976000, 0.01065236280689406600, 0.00957624490039092960, 0.00848835990614858760, 0.00734192118425777870, 0.00608061178622452870, 
0.01892551778948542400, 0.01826207760860257300, 0.01729871538293567500, 0.01620973234839708600, 0.01507743905272241800, 0.01394085711900899100, 0.01284749440041750900, 0.01180280857084781300, 0.01080310160729986200, 0.00980358613436609770, 0.00875180659124428180, 0.00756062308070332150, 
0.01902631019942113400, 0.01830538700825504200, 0.01729450317797179300, 0.01614967937928700100, 0.01498796369597376800, 0.01385013104377015200, 0.01279076747912218300, 0.01183631109270801700, 0.01096214582261762300, 0.01009559491916797600, 0.00916263726741556320, 0.00804466522752038910, 
0.01887523312129361200, 0.01818552332203279800, 0.01720927855771043500, 0.01612118727478013800, 0.01504897061067266200, 0.01400218036410036600, 0.01302783252928615300, 0.01214223776299468300, 0.01130668843724564600, 0.01047942741142245100, 0.00957504499177202170, 0.00846600576873047720, 
0.01769254349427467100, 0.01710300098437032800, 0.01623894098939636700, 0.01529461583790587400, 0.01436580719507793900, 0.01344301432181147300, 0.01252813978132380800, 0.01164399380969464000, 0.01074967234439100500, 0.00985617436604576890, 0.00885452798903095880, 0.00766707890143584860, 
0.01871030294317554300, 0.01821637297289514100, 0.01750545175546849500, 0.01666953262156439100, 0.01578988975114849200, 0.01482935155130670400, 0.01378339793061459500, 0.01269441489668239400, 0.01154177222099159500, 0.01035059497265966800, 0.00909041615584315310, 0.00769252941155118470, 
0.01828736308314588300, 0.01780411021111740300, 0.01711023336629843800, 0.01627886130772042100, 0.01537692564593807900, 0.01439285382288707900, 0.01331344831350430600, 0.01216493791349541000, 0.01095567800068332500, 0.00969160039345604890, 0.00838846197891025300, 0.00699038584281856410, 
0.01758284137274859100, 0.01711052973190375200, 0.01640745340541217200, 0.01558689713125146300, 0.01470702142945140900, 0.01376646248566275700, 0.01276563733156587700, 0.01172131154714695300, 0.01064580151560520900, 0.00954597467413989890, 0.00839448603927166890, 0.00713519862003937630, 
0.01703692701883525000, 0.01659163111230120200, 0.01591476213250431600, 0.01514166738952227700, 0.01431275533862265900, 0.01340351974251695000, 0.01242598262183359400, 0.01138753280164882800, 0.01029548270910305700, 0.00917885349765182320, 0.00799838345596012860, 0.00670299511116934350, 
0.01689510806448798300, 0.01646198122828109600, 0.01579604494175904400, 0.01505312457812878700, 0.01424502336983329000, 0.01333128681688268800, 0.01230964243241308000, 0.01117789180336070500, 0.00996882140442888720, 0.00873409833786476830, 0.00745866402159068610, 0.00609031676549313950, 
0.01638326963925128300, 0.01590997909499442000, 0.01521655277414380200, 0.01443571169042378800, 0.01359670050132740100, 0.01264069407880334200, 0.01154684380629120000, 0.01032255531903519300, 0.00899923430426313560, 0.00763904590543274500, 0.00629597295858148970, 0.00488850606361277730, 
0.01653324042892240900, 0.01581158595706888200, 0.01496740379407832800, 0.01418937113160040300, 0.01344199872510856400, 0.01250044597051535600, 0.01128150883752224500, 0.00983952180964696960, 0.00822592169406275230, 0.00657530723623621880, 0.00504748169805627030, 0.00357473902040162440, 
0.01611539940342286700, 0.01477787031136835100, 0.01377813833989198000, 0.01336228555941295500, 0.01294607005271806000, 0.01195147224698690800, 0.01040967966516310700, 0.00873025896405671930, 0.00704237612823520670, 0.00539069744446685550, 0.00386505637459561880, 0.00247773487707088430, 
0.01510258938915821400, 0.01323403325555622300, 0.01264675293168977800, 0.01301533387347118500, 0.01263070732167620300, 0.01088921972244657300, 0.00888643088182427400, 0.00769974687975128430, 0.00679030518876515710, 0.00524913509518323220, 0.00334269864651706760, 0.00182519611944028090, 
0.01604960383484686400, 0.01398345804905909100, 0.01367041021165297700, 0.01449065220754833200, 0.01373829366573860500, 0.01133994225893766200, 0.00960075510735388350, 0.00925934947715239400, 0.00868225288037241530, 0.00650170389926030960, 0.00398396036190412990, 0.00270753516788669770, 
0.01838403101195754500, 0.01623853728506662000, 0.01583732473027206100, 0.01658773298964785400, 0.01559534164276470000, 0.01297946943886803400, 0.01121374541305650600, 0.01070163501454384100, 0.00975659730202884170, 0.00725938430292853540, 0.00472434892042482810, 0.00353709412732834940, 
0.02034887768199126000, 0.01784241799922305400, 0.01751989359778096200, 0.01875268795243435400, 0.01800126590752158500, 0.01504143996488426500, 0.01253467307758189000, 0.01192425650126509700, 0.01145883824080404900, 0.00913191944626644790, 0.00593572898149620150, 0.00417589261745957180, 
0.02129361345519616500, 0.01880511943517496400, 0.01855973304205087200, 0.01975812775053808300, 0.01911741575837441400, 0.01602901795109804000, 0.01336496501101305800, 0.01280070665615276800, 0.01246898185718368200, 0.01013890831219662000, 0.00670585493667194030, 0.00465184014694135230, 
0.02010871816628122600, 0.01786162203587601800, 0.01769075868900821200, 0.01867254629338089400, 0.01793949258009431400, 0.01494161499902199600, 0.01259329173284966900, 0.01221702018414133100, 0.01183815195547005700, 0.00950944976049467730, 0.00631334327202259270, 0.00455793042553233240, 
0.01874405759434207000, 0.01676371844889795000, 0.01649726678497528300, 0.01718313945463512500, 0.01640142557450183200, 0.01372671450025315900, 0.01168264194781967400, 0.01123465077115274500, 0.01068288605796810900, 0.00845461879683579930, 0.00565431652888118310, 0.00416449092431589710, 
0.01754111486456433700, 0.01576539818820858400, 0.01542500108957675300, 0.01587484178661153000, 0.01500444471232923300, 0.01258341633931379100, 0.01076122307217789100, 0.01018978012968169800, 0.00955166932456713750, 0.00743717458833771830, 0.00493340759304927540, 0.00359232222096809130, 
0.01709326033971491100, 0.01533627367695726200, 0.01499213474449279100, 0.01559134166510737000, 0.01478825493261827700, 0.01231888692119034200, 0.01036802764687207700, 0.00975720320639109420, 0.00927246402971050770, 0.00718770003021665560, 0.00446499806993420210, 0.00294856533361540290, 
0.01679845335285558300, 0.01506066797785581500, 0.01478619016191253100, 0.01537476005574213100, 0.01462539922294684100, 0.01226986301089582700, 0.01047342743706549900, 0.00997539926099873070, 0.00948720438773898060, 0.00742585555381457520, 0.00482317266661890820, 0.00343807961522316510, 
0.01606748711178918700, 0.01429500614136861500, 0.01410871933741073500, 0.01460773384827514100, 0.01390976123891098400, 0.01178070290924512200, 0.01018215539951142900, 0.00982808831315418710, 0.00930001847072984420, 0.00729890642230739820, 0.00505937282663531260, 0.00404466316275041340, 
0.01611282791510762100, 0.01446022549405062000, 0.01416209170484600800, 0.01445507681876624800, 0.01371289666358544700, 0.01179452639829793400, 0.01031978537332437500, 0.00975898918258830480, 0.00904080438793258830, 0.00716778965407748220, 0.00523644725753268870, 0.00424505483688412430, 
0.01674345321933527100, 0.01505893258162314400, 0.01472034795606800800, 0.01501671623799602500, 0.01413576152467107100, 0.01211396169410583000, 0.01067974988223976600, 0.01010206259059423200, 0.00914293468688238960, 0.00709359835694869240, 0.00516810685772284800, 0.00418949763430447300, 
0.01833878823333977600, 0.01652785347749955600, 0.01617157459038372900, 0.01656585593184857500, 0.01566681368376605200, 0.01339035284073042900, 0.01176285880268908800, 0.01124405023809189500, 0.01029183642835175500, 0.00805040168682502090, 0.00578086941070419650, 0.00464676788287068670, 
0.01899505827030135600, 0.01722768173322127700, 0.01682727750421662100, 0.01720633375008295800, 0.01633783693775353900, 0.01406004209791261400, 0.01238978011509544800, 0.01181217815164113300, 0.01091741506318424200, 0.00871938317885883470, 0.00637841289298840020, 0.00515172463956179580, 
0.01810397965294447500, 0.01643794740585677300, 0.01598002861258909800, 0.01625543128777549500, 0.01545509416088456300, 0.01336818871322586700, 0.01172700925353668300, 0.01098221912448708500, 0.01002869665405662800, 0.00801714681898657750, 0.00588403938230829160, 0.00470581608162717790, 
0.01649270207258633400, 0.01503807286130945600, 0.01448788619918306400, 0.01446774414948738400, 0.01363993075027290400, 0.01186849224984332100, 0.01036767233759596500, 0.00931669150056162360, 0.00802308481022060390, 0.00614817626409348750, 0.00445356499297006920, 0.00339787023750574540, 
0.01393766476888803400, 0.01265426324342654200, 0.01200104614385267600, 0.01182799249688099400, 0.01096657896846118200, 0.00940399965392658790, 0.00807103096223407180, 0.00684804919667199220, 0.00535138789597044280, 0.00354882188675007550, 0.00227198644740676280, 0.00142538992336642690, 
0.01066862706059690900, 0.00963043259144540260, 0.00913490519446646600, 0.00899634804863210480, 0.00838412849016875040, 0.00712197705230086400, 0.00606392720644251350, 0.00506068102084279370, 0.00389366672665733030, 0.00251258443018704050, 0.00141356046909952370, 0.00072597419705046449, 
0.00898197065304611080, 0.00812029712253559310, 0.00776920360426724180, 0.00770553504175897510, 0.00726075229938663150, 0.00611457457966678180, 0.00522953959006344520, 0.00448558461204560770, 0.00368251038351570090, 0.00262104640181917620, 0.00148578455260585880, 0.00084363658794162880, 
0.00862992283467803320, 0.00768252042995944740, 0.00734889383248988650, 0.00735911637554308420, 0.00691716050115996540, 0.00574175322260830730, 0.00478558386112328330, 0.00411160618000255920, 0.00339132377970688140, 0.00231136996782029280, 0.00116124558160084230, 0.00055535189754472945, 
0.00805135171423290890, 0.00701831061351749790, 0.00667103388817095670, 0.00673578708018327320, 0.00637915100172119480, 0.00532584766343148760, 0.00426043621978797450, 0.00345049810088657660, 0.00271072205206392610, 0.00174869713055454720, 0.00077978186717878430, 0.00011775155174273695, 
0.00861306185274971110, 0.00753469212610379490, 0.00699725365864148350, 0.00692814416581382950, 0.00652119407391789190, 0.00545788634254488170, 0.00423548552022997350, 0.00297882506997980370, 0.00192237747521369700, 0.00107290995323604780, 0.00032885117164133663, -0.00056521330143178249, 
0.01023942722705099500, 0.00914282217763918470, 0.00850062680955452140, 0.00830685591136433310, 0.00775470962874126420, 0.00654101754730478020, 0.00515419745852421700, 0.00366836280252297050, 0.00240504595893309460, 0.00138579872861529190, 0.00047696743240040532, -0.00069956446082410800, 
0.01153246978073552100, 0.01045619559746057600, 0.00982013780309703990, 0.00962038391958166050, 0.00903399699009563470, 0.00776871866895802000, 0.00631106558928295690, 0.00483248767524752880, 0.00351413704604060540, 0.00234802549917380960, 0.00125396302864466940, -0.00006953014995889832, 
0.01204422644467040800, 0.01100694186904880400, 0.01037569637876219000, 0.01017605678982355000, 0.00955456162239696340, 0.00825241736325904760, 0.00677403944201495060, 0.00533733031172341480, 0.00398542978638042040, 0.00269946715269373710, 0.00148375811311422690, 0.00016030181032749262, 
0.01237279383444807800, 0.01127340346014277600, 0.01062993699663965400, 0.01039314260941954900, 0.00971180181854412910, 0.00822921391868872660, 0.00655438413055228070, 0.00512395227097433430, 0.00384654483780786210, 0.00250125978219141710, 0.00100752985986136140, -0.00043529466574690945, 
0.01361318690817238600, 0.01234921841305012600, 0.01165834734861490000, 0.01135136442182516300, 0.01055464155575516600, 0.00876593659989076400, 0.00674474172784701210, 0.00525388245180130350, 0.00402549341056566460, 0.00252449446552096680, 0.00057631365921593874, -0.00115266545979220540, 
0.01372459463742924300, 0.01262084492972479600, 0.01196024492260352500, 0.01159955409793830100, 0.01081800836393391800, 0.00923356788001502770, 0.00748303174300245670, 0.00604756490931483360, 0.00474757186618330900, 0.00322589424229816200, 0.00144469873627067370, -0.00017066492528280324, 
0.01283685389619761300, 0.01200603615426790900, 0.01142385575363254500, 0.01105160798517235300, 0.01033974885219794000, 0.00909498397558046280, 0.00775446894428629720, 0.00640782322922712080, 0.00507374607026403120, 0.00363861338013406680, 0.00221087654239109650, 0.00083988678032652971, 
0.01200322000082438400, 0.01114609231907413200, 0.01051507954014000900, 0.01013177935795651600, 0.00951937608316335250, 0.00832668780863157760, 0.00693740245858773600, 0.00549778657880125710, 0.00418907075589733560, 0.00284817596123516930, 0.00146499764802284500, 0.00008937627139526513, 
0.01128196033643036200, 0.01035956395842125900, 0.00974555921385554700, 0.00944852234094481140, 0.00890665773107156100, 0.00773921020704468770, 0.00631744459015076610, 0.00495866768667703110, 0.00375627702301740710, 0.00249668882141948140, 0.00111319759125712770, -0.00021729777184628939, 
0.01058633891732029200, 0.00972815021780189770, 0.00921028512072870340, 0.00905127301586876840, 0.00857554371587681930, 0.00749014118444790020, 0.00621229099850200040, 0.00508928153289381350, 0.00404885038149632810, 0.00290544117849634520, 0.00161217499273844920, 0.00039809019579722515, 
0.01020733276793780800, 0.00948369495512961860, 0.00896525536245902300, 0.00875316926006206550, 0.00828079398794469120, 0.00724222303092388830, 0.00604489315883380020, 0.00495389151040916040, 0.00402960405596338060, 0.00293297633092082020, 0.00167758628878483160, 0.00047705973972205417, 
0.01006062439487510200, 0.00948579961530987730, 0.00895815490952002990, 0.00862287072109825350, 0.00816693108215720870, 0.00728911176523496140, 0.00625392961683777970, 0.00510995060941379310, 0.00410979563205638230, 0.00300012489807533270, 0.00185354936556570520, 0.00077679638118022449, 
0.01015784315161128600, 0.00961568026878915040, 0.00910056944615576100, 0.00871436828615252710, 0.00826526219746888910, 0.00746829706651830960, 0.00647557919146838760, 0.00530371414701123060, 0.00422088481600433030, 0.00311225152799256150, 0.00203299891442461270, 0.00098224367942570802, 
0.01030911145313003100, 0.00977805166783932840, 0.00928962764808991330, 0.00887570177737725260, 0.00840902903111870150, 0.00759448383732705920, 0.00660117341181197180, 0.00547036334498945610, 0.00434065553699657190, 0.00322713640012208760, 0.00213124542676219930, 0.00107702937730831850, 
0.01007613149626396900, 0.00959351214223523600, 0.00913151317603486980, 0.00871015510018867750, 0.00826154883968113420, 0.00743456270300386570, 0.00647894654998874220, 0.00542395941608818120, 0.00431496925742855170, 0.00324675871816565080, 0.00214715784121902650, 0.00112528483485118320, 
0.00961933789447324410, 0.00921200038449346630, 0.00878536178466450890, 0.00834200573126286060, 0.00791974166224129920, 0.00710717753595539130, 0.00622801612453805200, 0.00525385159887927550, 0.00419119364184154970, 0.00318956176120814080, 0.00211327206041333170, 0.00112835170922904430, 
0.00949544546486827230, 0.00916569620019278170, 0.00875446584494507340, 0.00822671238181615920, 0.00786176316219605250, 0.00705821485827603110, 0.00625086690766746190, 0.00535510229481411980, 0.00423257815082809470, 0.00328644635149588030, 0.00217838227949676730, 0.00116959122549773530, 
0.00923154672601728290, 0.00892486267474407180, 0.00852946521821340740, 0.00798114602348337820, 0.00765369979855002640, 0.00687261584346667700, 0.00611685874956465450, 0.00526144510918806490, 0.00413552757711611960, 0.00322480329894898630, 0.00211319835870002560, 0.00111274520648603300, 
0.00818628058644409530, 0.00792429937343083930, 0.00758073218293120210, 0.00711480732675447150, 0.00682076847413882940, 0.00615454321970755180, 0.00552004503038787480, 0.00478756696415444820, 0.00383365330710341150, 0.00301868783216351340, 0.00204854711496004710, 0.00116445531122793860, 
0.00684953594480413460, 0.00661562821891871920, 0.00630014372073668930, 0.00594099535665641460, 0.00571314073466080030, 0.00524386515005314650, 0.00475376111505306560, 0.00417367548603675940, 0.00340812719293595710, 0.00269668616560254490, 0.00194456744724382910, 0.00121773288477229210, 
0.00558087907035742250, 0.00534526416233854080, 0.00504725428078618790, 0.00477337699150463810, 0.00463548490142925380, 0.00430628497854878500, 0.00394042855990669320, 0.00349432598032765540, 0.00290215862308948900, 0.00234154596909070700, 0.00177254106575582100, 0.00121072107254103990, 
0.00421474920528889900, 0.00403445426763223130, 0.00378776074991521140, 0.00354740904980783110, 0.00352394051591970990, 0.00327958783700629680, 0.00304891384693000820, 0.00275993174812930130, 0.00229753794430308420, 0.00193860867250383400, 0.00150317418084066310, 0.00108322500495327930, 
0.00352092452593086560, 0.00336866656614929600, 0.00316289456516072020, 0.00291399991050148930, 0.00290387189753945870, 0.00268218478857104850, 0.00251847343073788310, 0.00230804673190833890, 0.00190052534152062310, 0.00160309447499517100, 0.00122301471695707590, 0.00084704425479779509, 
0.00294350807048675230, 0.00278775308366040330, 0.00259109244234826100, 0.00234310616809378860, 0.00226886523380137810, 0.00205709281298860520, 0.00190770233717636350, 0.00170340083316220170, 0.00137474428364113160, 0.00108849631821815000, 0.00072347098492612073, 0.00039541650894367491, 
0.00220415378818133520, 0.00210024562245272930, 0.00195923773253155710, 0.00177488844455412540, 0.00168818639125954140, 0.00151864466786896910, 0.00138081868522156160, 0.00121070576810960490, 0.00097123477214632698, 0.00076724508472045792, 0.00049597400351229391, 0.00026029037135380447, 
0.00162182731967450060, 0.00156257234488215940, 0.00147991391662521760, 0.00136284276458760610, 0.00129347418140904160, 0.00117305858261305610, 0.00106178214344630890, 0.00097035015025274170, 0.00079421259237609856, 0.00067223274415677498, 0.00049904079112486025, 0.00032029183901830850, 
0.00150089149152550200, 0.00143221800655583880, 0.00136283375427496940, 0.00124747810353191850, 0.00118006222040454350, 0.00106896525979475980, 0.00094962047011846302, 0.00087887326141722116, 0.00071700126052050761, 0.00059301676646114686, 0.00045063735790385314, 0.00027144423293513925, 
0.00161157143777761630, 0.00153693422738088320, 0.00146372580684069570, 0.00135080333900779500, 0.00126797276932290290, 0.00115423682840847110, 0.00101952787792714970, 0.00090536864295673216, 0.00074662031299254261, 0.00060124301456943355, 0.00045590627610955173, 0.00027127496330545846, 
0.00177629254006765730, 0.00171025630926911380, 0.00163153888933666060, 0.00152470332240552920, 0.00144409115196797380, 0.00131749036867406820, 0.00118146420826536040, 0.00104482412145156560, 0.00087713914530152567, 0.00071530973934894352, 0.00054678570494332164, 0.00036233857478974182, 
0.00182899848179365080, 0.00176012847032829340, 0.00166839409640532160, 0.00155425878414725210, 0.00146189501035350470, 0.00132161389958151770, 0.00118238669697983270, 0.00102757574254166920, 0.00085052969616746335, 0.00067043090524646445, 0.00047923308412379812, 0.00028835565794867006, 
0.00155265338414313070, 0.00147995450204759760, 0.00138434736671483450, 0.00127131891654664000, 0.00116737763692343480, 0.00103958225605202060, 0.00090734169610369605, 0.00075856600858363642, 0.00060445220555691199, 0.00044161382565875988, 0.00026875396591908115, 0.00010091844974437560, 
0.00108549532624327450, 0.00100186742342608110, 0.00090800777373818665, 0.00079817787994182726, 0.00069848653245550461, 0.00058583658545091882, 0.00046537561198354492, 0.00034688177007847381, 0.00021870343309806780, 0.00009002933569792057, -0.00002405490861276300, -0.00012315261098823810, 
0.00096015469514694073, 0.00088922028588709614, 0.00080912498405460976, 0.00071603301806169670, 0.00063231620375414491, 0.00052964658200086844, 0.00042186723980349984, 0.00031783926159004714, 0.00020568933307791120, 0.00009447819677575129, -0.00000100815456184792, -0.00008402499141832975, 
0.00121936985329107270, 0.00115590328993914280, 0.00108356381012733460, 0.00098923394588787102, 0.00090267502613999905, 0.00079294436842397770, 0.00066919956878287528, 0.00055018186321024564, 0.00041857057412709775, 0.00028215331207082084, 0.00014704202895020758, 0.00000937498307110721, 
0.00106611256481807630, 0.00099572945693718481, 0.00092028354026657750, 0.00083081932737331726, 0.00074288887361313857, 0.00064155737655340050, 0.00052617876663182527, 0.00041351326026833413, 0.00029599195450455803, 0.00016984625089312762, 0.00004785228832200007, -0.00007677783129618165, 
