1.09553357730663480000, 0.64351409288826489000, 0.24913356186734664000, 0.15694347540754114000, -0.14375057972493432000, -0.06491284108640088500, -0.03662262821115969100, -0.31033085247373504000, -0.01404934518883965700, 0.03697256095997501800, 0.06380023649029555000, -0.02776176223852838700, 
0.40327118704807680000, 0.30535654315726174000, 0.18444986414906195000, 0.07089357314071655100, -0.01939610040135184000, -0.06696652100109871900, -0.07692433657936230400, -0.07398880690003228900, -0.03623852182938040000, -0.01633347150054093000, -0.02318624447692606300, -0.05376342107513512600, 
0.28143716348156111000, 0.21678252699286793000, 0.13475615043343542000, 0.05605813754836563200, -0.00498436345741649910, -0.03985307499187262800, -0.05002983277482356300, -0.04955729402409751700, -0.03670514971710470100, -0.03382063976020233100, -0.04560893313356095800, -0.06864159223572510700, 
0.21383128548490060000, 0.16557820895172126000, 0.10343295838747685000, 0.04265886615989891700, -0.00403397534687198470, -0.03294744881179794600, -0.04515307827662574200, -0.04910749894131277700, -0.04190413432273812400, -0.03524585799574345100, -0.03465484603901453100, -0.03339361488678752000, 
0.15327904833286679000, 0.12171521504059980000, 0.07979748341934264600, 0.03637932443601241800, 0.00100187389922447650, -0.02553227670942041100, -0.04142859123311371700, -0.04906339814974834700, -0.04486100192429489500, -0.03506265974514233300, -0.02291640278357255600, -0.00641483503090030900, 
0.11011461443696634000, 0.09087805360234729700, 0.06525653287342275700, 0.03795262359640115500, 0.01377549756085031200, -0.00638180918853381750, -0.02111756337787094200, -0.02878806909215819700, -0.02907029941103350300, -0.02446945741001741600, -0.01554643415567069800, -0.00377087432290993670, 
0.07695962851807890100, 0.06521849038858031100, 0.05041425206549454700, 0.03577643338666696600, 0.02283623237413551200, 0.01300367012782600700, 0.00499130591912940250, -0.00008582089907371035, -0.00344781546760678050, -0.00531547911771346540, -0.00647684502528985550, -0.00592235879276420230, 
0.06034672804195526800, 0.05387479623821891900, 0.04575935357016824200, 0.03764487875002535400, 0.03025239778363744700, 0.02430207481946256000, 0.01873051806248477900, 0.01344198882134788700, 0.00812297695264243590, 0.00285505943007604390, -0.00244444621658519540, -0.00666437103630438020, 
0.04114968833932394100, 0.03769420782440850000, 0.03326675134945870900, 0.02875916764564348200, 0.02423355229267185400, 0.02008391216539962700, 0.01635753790346455800, 0.01223680581682480200, 0.00820455847865354110, 0.00419041077177870720, 0.00022430070833545515, -0.00316447117942711930, 
0.02109477147776096100, 0.01909138372721190500, 0.01509064058096805400, 0.01300626165498203200, 0.01000042977263566400, 0.00851431587140287840, 0.00679122463419138370, 0.00360381461696654330, 0.00102147341071916110, -0.00115602638109695790, -0.00283428454333681980, -0.00407799041719665060, 
0.00719583281285973790, 0.00924737091047590780, 0.00443527914507473030, 0.00509153987962535170, 0.00041536879402525115, 0.00137080030727576530, -0.00136048803383068870, -0.00221775739391500990, -0.00353486671978176570, -0.00298407100699712470, -0.00185667759119111940, -0.00228249188855132820, 
0.00131809191682274180, 0.00979276370265227090, 0.00307319290556928430, 0.00294755491599082640, 0.00194038676033249720, -0.00203740855255056750, -0.00133306542814807740, -0.00531614696878748940, -0.00380254206307385070, -0.00300451051527877340, -0.00294826707701254010, -0.00061352916430667452, 
0.01098850239086369500, 0.01712223687521476400, 0.01202726464614234600, 0.00963189255072046700, 0.00870534231929100990, 0.00545396162871726940, 0.00582342585562682390, -0.00030017080116600132, 0.00125028886511348690, -0.00062570093726620798, -0.00364857957658718150, -0.00093417731171458818, 
0.05660868346227918000, 0.05386355998228628500, 0.04757449776741400800, 0.04106553159411247700, 0.03403706061102285100, 0.02825770719121130000, 0.02135945819292005600, 0.01389970821231951300, 0.00820671964243282000, 0.00138877142804878180, -0.00534833670682173780, -0.00988058572894829660, 
0.10775979540253544000, 0.09763309681962921400, 0.08273929500058904700, 0.06634271130924665500, 0.04995617730561477400, 0.03479151927070621400, 0.02076601686614287400, 0.00779908362152314380, -0.00417194183354290940, -0.01619182316323930200, -0.02818864436986851000, -0.04061348501815973500, 
0.13485048097454516000, 0.11742453157445373000, 0.09293128204467990300, 0.06735309984531634400, 0.04363586894729365500, 0.02392627248459189300, 0.00787961232112751110, -0.00490739920110164990, -0.01648962662719092100, -0.02859257482078738900, -0.04189456500683382700, -0.05686965564297130600, 
0.13527064387781340000, 0.11500433063313080000, 0.08732995456863468200, 0.05816930559436749700, 0.03223547672481594900, 0.01186089930977428000, -0.00233792639424291150, -0.01186250753091906700, -0.01973198698647982100, -0.02772709399194458000, -0.03674132411475652300, -0.04691355532241487500, 
0.12068825394630150000, 0.10153280330467607000, 0.07519119952309363800, 0.04761061833789203400, 0.02373978904903163000, 0.00582447668764971180, -0.00569628536531140150, -0.01278194959353611900, -0.01837669791496090000, -0.02334046022570173500, -0.02921676680722486500, -0.03486247548565274400, 
0.10966811516273998000, 0.09194958421582331800, 0.06738828898406973300, 0.04165609024227767700, 0.01925176118438590500, 0.00220841976666528210, -0.00928369522089335720, -0.01683166331119179800, -0.02225989209217394500, -0.02641497926231021300, -0.03006923071547152500, -0.03222494676561054500, 
0.10805333677550216000, 0.08913076083321451500, 0.06320581297890763600, 0.03624286262401409100, 0.01233509191911221300, -0.00627816383458888740, -0.01938547174086179300, -0.02838183834129615100, -0.03416422073215762100, -0.03709807266500365200, -0.03746683291183788800, -0.03501760311908670700, 
0.11231989736709756000, 0.09130955642542355800, 0.06259549208099141100, 0.03323507036796170100, 0.00716252043165156900, -0.01236341599250661400, -0.02531541096369839900, -0.03334656427186807900, -0.03794147895797177900, -0.04003390414963113600, -0.03920449439352361600, -0.03643690708472358000, 
0.10918891612581254000, 0.08908150921778300300, 0.06150376018097884800, 0.03305513737946900300, 0.00765739048779562160, -0.01146263680638751900, -0.02388715800649854700, -0.03130802199551511300, -0.03532824550589247500, -0.03773960640849921600, -0.03812434751283662300, -0.03796425770569664800, 
0.09390138115893430200, 0.07671763527849689800, 0.05302132582551039000, 0.02820399949512514300, 0.00567752852293914280, -0.01204187521667180400, -0.02410812332501206100, -0.03164711031811762900, -0.03587744536211631000, -0.03811584536383198100, -0.03753221893139058900, -0.03542792385368297200, 
0.08268623696020910300, 0.06737704393531759900, 0.04619177392967371100, 0.02364423848725071300, 0.00320082266843243860, -0.01306504577942676700, -0.02421491214885369500, -0.03117620793177644200, -0.03493595674446644400, -0.03626981081941503500, -0.03464841521882401600, -0.03098727160209905100, 
0.07504690046311716900, 0.06149187886271013900, 0.04231851386191940600, 0.02164718512777145900, 0.00259065353585580420, -0.01287642759087459500, -0.02382743353151760300, -0.03063297537576952300, -0.03390795557558357000, -0.03469215878393520200, -0.03248256731088721600, -0.02858768957869824200, 
0.06998441483659646700, 0.05784955938049721200, 0.04050383023916193100, 0.02161933131340067900, 0.00387355168487009230, -0.01081869509042211000, -0.02156434930488280700, -0.02840340775020430000, -0.03171059965581725400, -0.03231582049417063000, -0.03036826408129134100, -0.02670885631382283900, 
0.06430317433399965200, 0.05376284069135065700, 0.03872568046884482300, 0.02196830254778754300, 0.00598516597729178110, -0.00753000705041257600, -0.01757573542372567500, -0.02407475351476472500, -0.02742113416398675500, -0.02804018994524471600, -0.02658827158244624800, -0.02347331247100159500, 
0.05730597961908304200, 0.04842773252320217700, 0.03568466260860515800, 0.02127143561838345700, 0.00723724782080753700, -0.00491424221775089210, -0.01406809504693041400, -0.02003835099700898900, -0.02310077128174984100, -0.02370031668690701300, -0.02244199023793378200, -0.01965233366193143800, 
0.04831346795120661200, 0.04132043911030544600, 0.03131339001086037900, 0.02003296891921944900, 0.00884442476940654720, -0.00098434088040594237, -0.00867580798145317290, -0.01387948721817051400, -0.01685473236033104400, -0.01797483260955942700, -0.01749378163768844700, -0.01561546266387078700, 
0.04096954749410337100, 0.03548808133722119300, 0.02761079008678634200, 0.01870740307787685500, 0.00991440691908369860, 0.00207230001259698600, -0.00408757227361360420, -0.00842049572795491170, -0.01104394692064368300, -0.01224201104325457800, -0.01226837855664454500, -0.01117053570461967700, 
0.03315492241429356800, 0.02925657777643956800, 0.02356824405096015500, 0.01708140912481324900, 0.01069079080074947100, 0.00495624976816084940, 0.00039128607657831267, -0.00301986157378336150, -0.00514494700835609750, -0.00624701108128665390, -0.00656196496330807310, -0.00622138025031371360, 
0.02098546050162323000, 0.01877874083557900000, 0.01565311556790303200, 0.01221444501508807600, 0.00889962640325125780, 0.00600509010389134110, 0.00366339381266765110, 0.00174984082718069260, 0.00042331604381323318, -0.00059720933731958884, -0.00126629676362758590, -0.00169567589879667580, 
0.01184592845143634500, 0.01087187996572236900, 0.00957231701387364390, 0.00827591700420254000, 0.00711975599546137060, 0.00620303513155153700, 0.00545289360273489360, 0.00478794152446560940, 0.00417558291075304820, 0.00356864987006343510, 0.00299978451835332310, 0.00239177438784815350, 
0.01118704415533641100, 0.01066935719495445100, 0.00997197177866265830, 0.00921994192624571960, 0.00851022622053675470, 0.00785777173729476810, 0.00723423014988184690, 0.00661274862037090990, 0.00601717994639395810, 0.00543867434289586720, 0.00485599048665274860, 0.00422760503385130690, 
0.01308299412097254300, 0.01250561050449787400, 0.01170193078502922000, 0.01081910427069157500, 0.00997908362032637500, 0.00922277605572851230, 0.00856788354738343210, 0.00796871748388774430, 0.00744334122358505330, 0.00692528053497561570, 0.00638068823703072560, 0.00572394011273274960, 
0.01486517217023510700, 0.01421519912408609500, 0.01330790659719194100, 0.01232039022338368700, 0.01137179257306623900, 0.01051968555206698800, 0.00978127924684770240, 0.00912306465505706090, 0.00854261035882245700, 0.00796934611601549620, 0.00734412256107438120, 0.00656018121140105550, 
0.01686029408668778700, 0.01626955578198221000, 0.01542675689668526200, 0.01448731735636563100, 0.01352346561798546000, 0.01259433521138016500, 0.01169444826993779400, 0.01079986758860614100, 0.00991188074496170830, 0.00900010846142287360, 0.00800916108083083410, 0.00686716162938649790, 
0.01797383795437180000, 0.01736689761190779400, 0.01648707420992038400, 0.01548471750568972500, 0.01443716038574235700, 0.01340484336443095200, 0.01237176348069209100, 0.01131188231087226400, 0.01020360911333128100, 0.00900157314252471830, 0.00767074273176122580, 0.00617641470546595370, 
0.01834102774482118700, 0.01774119617580776500, 0.01683856425482017900, 0.01577303174871636000, 0.01463556604312197700, 0.01347441585149926000, 0.01232568169316703600, 0.01118198841469001000, 0.00998891402442278130, 0.00871987384661696530, 0.00736048569108338750, 0.00588567019327207970, 
0.01867983888993448400, 0.01812759947804210700, 0.01728508167335919900, 0.01624857963974502300, 0.01509510345661866300, 0.01386951239576088600, 0.01263746694040595800, 0.01142987823400446300, 0.01020893041423751000, 0.00898039634775247430, 0.00773849472925309310, 0.00646319693441602640, 
0.01856509218064661400, 0.01808640745760620200, 0.01736418246124149900, 0.01646399782638989500, 0.01546033093727099000, 0.01437285320006255600, 0.01324117527246512300, 0.01208396801555302100, 0.01090097756309076100, 0.00968072427986911050, 0.00843867501907195030, 0.00715508976332417720, 
0.01873579088160863900, 0.01834765413120406600, 0.01776650478420473800, 0.01704360367423599800, 0.01622457220313170200, 0.01530975130696834800, 0.01431512460457988500, 0.01324326588499108800, 0.01210014883633933800, 0.01086965051821754000, 0.00959457064609739800, 0.00823230459514628230, 
0.02019563040970821400, 0.01980341608496118500, 0.01921139392270439900, 0.01846996333708491100, 0.01761762106372829300, 0.01665274739630708000, 0.01558490439501620900, 0.01442608205408903900, 0.01318087680956179400, 0.01183812227979747300, 0.01044924497096985100, 0.00894748236479991390, 
0.02161787503151063600, 0.02120028572616655300, 0.02055572860870983800, 0.01974970064898624900, 0.01880614170395968100, 0.01772499197326514800, 0.01651583572793359100, 0.01520126147036280800, 0.01378102326722761500, 0.01228538994727193200, 0.01074224907642669500, 0.00907730252409638850, 
0.02184909358886624400, 0.02144433325848037500, 0.02079831153191959900, 0.01999293014424137800, 0.01904057749214575100, 0.01794131566433304600, 0.01671672976011727400, 0.01537925968486521100, 0.01392239493532256000, 0.01238742267034666200, 0.01078771184736294400, 0.00907002764458510190, 
0.02098065196145446400, 0.02060675966945792500, 0.02000500599584761500, 0.01924139757030802300, 0.01836889844347037300, 0.01735138222589780600, 0.01623264959148683700, 0.01501909212942646400, 0.01367792511824859700, 0.01224323795516882000, 0.01073064470997952100, 0.00910644391757210040, 
0.02089683150619819900, 0.02045745248646319700, 0.01980735330760530600, 0.01899576036876789200, 0.01812218487559967900, 0.01710871250982399700, 0.01599371309499260700, 0.01477654948172292900, 0.01341763256392064900, 0.01195635515240750700, 0.01040575031215399900, 0.00875113046846421470, 
0.02203238645590032500, 0.02129300000146541700, 0.02032400523943114100, 0.01929804877457714700, 0.01832433649935718400, 0.01726595653780158300, 0.01604814981178351300, 0.01460867917596656700, 0.01295261489665631500, 0.01115186416245556000, 0.00928699699601695520, 0.00736726339192116800, 
0.02150592443351546200, 0.02038412414291711200, 0.01919930423694851300, 0.01829035203060422700, 0.01759392899142766000, 0.01670589900833780200, 0.01535500878626811800, 0.01354873478097917700, 0.01145372436128776200, 0.00935545667137137500, 0.00746339416064937650, 0.00572315466957958560, 
0.01930835927833542100, 0.01800112844043130400, 0.01702814267556729300, 0.01655188292128449700, 0.01602807741581175100, 0.01486410623893534900, 0.01317560583943415200, 0.01134032775055966600, 0.00947722490699254120, 0.00760052767860407410, 0.00584423366759018960, 0.00428832605234879660, 
0.01773192591027217600, 0.01601606368153109200, 0.01542984351221904900, 0.01562806177069687000, 0.01499397216481770100, 0.01313269678324068500, 0.01136367700279106200, 0.01023795377896822400, 0.00893448149100159980, 0.00688173995122484410, 0.00481270167947931130, 0.00355662107026478380, 
0.01681897198332621400, 0.01432179727686082000, 0.01410688123653416400, 0.01516419289402527400, 0.01453732594448350900, 0.01199512069531829100, 0.01014036867264738300, 0.00982931256723606000, 0.00905358938081527070, 0.00652568614582411080, 0.00391999227968938420, 0.00309072656145022990, 
0.01794356173363872600, 0.01519368806490900000, 0.01517308058672298500, 0.01653158186001483400, 0.01588045710585476700, 0.01293615670250761900, 0.01080905867391568200, 0.01065465054950628400, 0.01030063624008506500, 0.00754411780730640350, 0.00426048024004358620, 0.00312966871183088800, 
0.02007122403492394800, 0.01726745632154240800, 0.01724988842497931400, 0.01869652753848237100, 0.01787757246644836700, 0.01466569813279815400, 0.01237926678193535000, 0.01221512496968127400, 0.01172521710061954700, 0.00869677467805943240, 0.00518554621469887680, 0.00386916797114535700, 
0.02208094192910481000, 0.01971938806456434400, 0.01945419730987848700, 0.02040683203646122300, 0.01949657235317682800, 0.01664018103824288500, 0.01450967683520160800, 0.01396566623378333100, 0.01295426736341280400, 0.00994289550543457980, 0.00678151345151687280, 0.00537200980476227560, 
0.02328951913295820200, 0.02126769228032492100, 0.02094076959021608900, 0.02150579762203347000, 0.02046658769200001400, 0.01780632752239045400, 0.01577217038208568100, 0.01494600528457281500, 0.01375589576014961400, 0.01084558175888893100, 0.00781824441389332440, 0.00626304019783012130, 
0.02282928470815745100, 0.02099873107161035600, 0.02069879760261441800, 0.02110108099704086800, 0.01999533379969591100, 0.01744081559020889800, 0.01550987449246212800, 0.01461332226752211400, 0.01340186338297393700, 0.01059277304380785300, 0.00770356290498889350, 0.00611711034325298450, 
0.02126610741485063900, 0.01930735883796081200, 0.01905655920709781500, 0.01967274426585101000, 0.01857650928066073600, 0.01592614215967073200, 0.01409356774574695700, 0.01342530845965244700, 0.01226578992781044000, 0.00947336865202759800, 0.00674872671281463290, 0.00538126548285950120, 
0.01973647530454104800, 0.01778837566955122600, 0.01747279804299480300, 0.01800668758545719700, 0.01691927410526986000, 0.01442860046189349900, 0.01281753721048738100, 0.01210706890117794200, 0.01072945347859776200, 0.00808448931832775500, 0.00578362883434589000, 0.00467462917752302190, 
0.01804038657437405700, 0.01646184056988357300, 0.01599798839402243400, 0.01633241547345283900, 0.01551279876853726300, 0.01345157869223958700, 0.01182190798848389800, 0.01093019283517882200, 0.00974308797050719640, 0.00752976096394470960, 0.00532470149001626480, 0.00403369574988734270, 
0.01803188396573676300, 0.01649085356462649500, 0.01607812526071234300, 0.01643916502025136500, 0.01558613969608441300, 0.01340755826005680900, 0.01173813927960568200, 0.01097019321352576400, 0.00994332543554724350, 0.00772960286413052790, 0.00541499370618456040, 0.00409237686600064270, 
0.01804145215840974000, 0.01663911158062256900, 0.01627292960390022300, 0.01651277741927350100, 0.01561430753458483000, 0.01355806413371412600, 0.01206679212500682200, 0.01126366782926978300, 0.01031663864407485900, 0.00821616093810332080, 0.00601768763618071910, 0.00468639224225114900, 
0.01762373641132891300, 0.01639190812054177500, 0.01601173468192782600, 0.01617324109653268600, 0.01529793042313385200, 0.01343764022753654900, 0.01198941927816123500, 0.01118642952468307800, 0.01024095914515193100, 0.00826814986321252640, 0.00617974297345517610, 0.00479328191840495880, 
0.01726655863183006900, 0.01597393700594036000, 0.01562242486738671400, 0.01583287898463426100, 0.01495366816520856700, 0.01307380971019045600, 0.01161724367242485100, 0.01092549265058786000, 0.00995012893903368320, 0.00795274635983224920, 0.00592407169929636600, 0.00462501602098905950, 
0.01801223826255442300, 0.01657309816526831400, 0.01619533076430299000, 0.01626693181362790300, 0.01530149683110025900, 0.01339953128322851600, 0.01196357183719254900, 0.01118603149763782400, 0.01003895571387119700, 0.00798260393486680330, 0.00606897170140522670, 0.00482206450267624010, 
0.01895156819017646700, 0.01754808153006615800, 0.01718186318846811500, 0.01725677398458979100, 0.01626192938008977000, 0.01431373774126744200, 0.01284964781771182900, 0.01201851395915487200, 0.01086962221613536500, 0.00874797490307678210, 0.00675134290999467120, 0.00543097309014313990, 
0.02013744935206477800, 0.01864118073411372100, 0.01831199472214815500, 0.01856564250890564400, 0.01757600594408869100, 0.01543019171389356500, 0.01392059332632086600, 0.01319122487710659000, 0.01210585612602342600, 0.00982945994085672110, 0.00766248510749911560, 0.00637283189900099500, 
0.02098754248752318300, 0.01954278678808435100, 0.01913791510238675700, 0.01926936225626127400, 0.01825516293136464000, 0.01615661587034062500, 0.01462206802218999000, 0.01375216737028363800, 0.01251571343796812800, 0.01024051712762709900, 0.00808261661696120510, 0.00677648210621199270, 
0.02076071285712828900, 0.01933536841525687600, 0.01881027199944367400, 0.01872346105897539800, 0.01764710987565134100, 0.01566214366658639400, 0.01413401120719626200, 0.01303056361248023900, 0.01146073965097711400, 0.00922503679391441580, 0.00729246073777213390, 0.00599239556023677470, 
0.01948228630883068100, 0.01790236774238573200, 0.01734139344456031900, 0.01721684441156479500, 0.01607681625582734600, 0.01401700806310395500, 0.01247265192222765000, 0.01127757649565485300, 0.00948218858208512570, 0.00716141316398235650, 0.00540029156960059910, 0.00418219116950557970, 
0.01768338251513364200, 0.01615695898576522200, 0.01564045929930560400, 0.01558795176426258000, 0.01447133162047379100, 0.01245228659675714500, 0.01094808440943138500, 0.00988226336705080870, 0.00826662668884702200, 0.00602637303761916890, 0.00429492898572096310, 0.00317671857033326960, 
0.01612835057590493100, 0.01476294161547602100, 0.01428145181359900300, 0.01424210543311804300, 0.01323084243072125000, 0.01136764749378209700, 0.00992815932497965320, 0.00896933644923034700, 0.00758957713011092390, 0.00559511187685722030, 0.00390035658301444550, 0.00280802807237055030, 
0.01529543178256403100, 0.01398664218771804600, 0.01346403602026003500, 0.01330391078837249300, 0.01234748158382007800, 0.01066345897259076700, 0.00933228840700644870, 0.00828575225661855840, 0.00678342191498217120, 0.00496119904797343460, 0.00357818876533740490, 0.00252807177344970640, 
0.01439755685403760000, 0.01321048113016023800, 0.01268263813240931000, 0.01248128405262613500, 0.01161795076337719000, 0.01009853958663191700, 0.00885399720644471440, 0.00781939825762193070, 0.00641143473169394650, 0.00474898934351589750, 0.00347906050206966230, 0.00245791330477608540, 
0.01237484292883840400, 0.01135171795043944800, 0.01093013207754282200, 0.01082614095145698200, 0.01011002317022223300, 0.00876313415484327070, 0.00766672043801662310, 0.00682541647379165860, 0.00572190405275037860, 0.00436940507478969340, 0.00320538563737335140, 0.00231289947855071100, 
0.01031738000250090500, 0.00938869337848348590, 0.00905707209212613590, 0.00907354563176446940, 0.00838787513380978570, 0.00712669064482090040, 0.00621860977060874520, 0.00559750628179113510, 0.00471944377472725400, 0.00350574325702891200, 0.00250637557924753270, 0.00180898420265919630, 
0.00928654001908347030, 0.00836192848437209560, 0.00805450525288651380, 0.00808331987785131450, 0.00743997458052542660, 0.00620477531177319150, 0.00540557312663397190, 0.00484045652225884460, 0.00396820336956857190, 0.00276601302162674630, 0.00190503797110388400, 0.00136563951017071800, 
0.00903740056075773120, 0.00819182392156598760, 0.00784290728665880050, 0.00779827392101790050, 0.00723768326281281660, 0.00594687883281772370, 0.00509221912083645740, 0.00446966331247615390, 0.00372765496211672390, 0.00258173077255959130, 0.00150980021622058930, 0.00094935637302920382, 
0.00882247115931216950, 0.00795879100515083960, 0.00760474740864505900, 0.00758617475129363860, 0.00701382393427468260, 0.00574539411411102190, 0.00482684479381170240, 0.00421127491985077380, 0.00352482457429037720, 0.00237087461225751790, 0.00125497398665899320, 0.00062840332152674493, 
0.00842049901998785130, 0.00748611186811994500, 0.00714073615134422010, 0.00715281008161399240, 0.00654319283331911660, 0.00530006794583616140, 0.00443496589883980890, 0.00384522318280761370, 0.00307941123060696080, 0.00189171925892069530, 0.00096405471036851076, 0.00042563697045267733, 
0.00761983771321663500, 0.00672364772907424730, 0.00638466174580757350, 0.00635494365254145320, 0.00575160464890720970, 0.00463718849671595180, 0.00389986446612708690, 0.00333371787330560610, 0.00250443800292861640, 0.00142619253871772490, 0.00070473090276258808, 0.00023820446083941079, 
0.00702990444897578450, 0.00613414207673322180, 0.00583723004952156530, 0.00579955730065726160, 0.00525281230158500780, 0.00421461931877510370, 0.00346838413470052260, 0.00295588519189098190, 0.00214974373233532520, 0.00113685733576196270, 0.00042408124303595847, -0.00002503234085239773, 
0.00728614008773610660, 0.00627445482195267740, 0.00604559797109211270, 0.00611652290783193650, 0.00564304579574291440, 0.00450709361071249810, 0.00356613470862076000, 0.00305534041782536950, 0.00237427699959089820, 0.00130359466869211420, 0.00040039082845298149, -0.00013830870296097642, 
0.00778853474272503920, 0.00674969934917134160, 0.00655728654179988780, 0.00666803513947879840, 0.00614474672035976620, 0.00495476284555945290, 0.00399299772953834450, 0.00349646198577926740, 0.00284809031956389760, 0.00171095088754937960, 0.00068920719077092017, 0.00004374502654521054, 
0.00811954907910455120, 0.00713316955193187600, 0.00690448833257201360, 0.00693536850460659510, 0.00633503013474981740, 0.00519862968546626770, 0.00433024705313351820, 0.00380125657904494380, 0.00289726391210300920, 0.00166010838654436980, 0.00079079348754959003, 0.00024794217664887485, 
0.00810765552573543270, 0.00710726234406869150, 0.00689517809545384200, 0.00699364961915908190, 0.00639225573676490900, 0.00520392394091617140, 0.00434415156435151350, 0.00379434579906674780, 0.00286531039652749210, 0.00163191127522462280, 0.00075178956075697102, 0.00024297623779855477, 
0.00815445672355564340, 0.00722600328885891680, 0.00692769430949995240, 0.00696176143661549150, 0.00647882784883275010, 0.00537540645769737060, 0.00441975307296300650, 0.00362987488648981380, 0.00271607253648026730, 0.00171541573898199500, 0.00087956413111351761, 0.00016899493664733410, 
0.00853767123924292770, 0.00776304173574416530, 0.00734810607258349050, 0.00721808722549735580, 0.00680943459047958150, 0.00584378963995940780, 0.00484327432381535370, 0.00386201159748070970, 0.00286873160853039900, 0.00199606460666106740, 0.00116661425243150670, 0.00028513904114269267, 
0.00885370640237170480, 0.00820601838561392000, 0.00778356966814179860, 0.00753555257634334640, 0.00706373914780993820, 0.00615663275733703550, 0.00522261852257139940, 0.00426117778413324930, 0.00318555892030897810, 0.00219832292194062970, 0.00132429325062746870, 0.00050693860150708456, 
0.00915565618004318510, 0.00854852290963806560, 0.00810003853053801320, 0.00777813522746717300, 0.00727506637862914560, 0.00641355996420759230, 0.00546844742423866460, 0.00446519741131372150, 0.00336769756628762940, 0.00234994716098852350, 0.00144079210472001650, 0.00056533809258273095, 
0.00920193301633594890, 0.00858381588221735630, 0.00810321275417691390, 0.00777808637213348030, 0.00730319196681332700, 0.00648931414459430650, 0.00554843065510845620, 0.00453478735433471020, 0.00349903598431542400, 0.00248137321615184100, 0.00155928191874609490, 0.00065726666032179582, 
0.00926894084509091550, 0.00864096733919061770, 0.00813536323112932710, 0.00781144031854069580, 0.00734689704291159080, 0.00652991448872098330, 0.00559102966514310550, 0.00455363113571501020, 0.00347537193582798120, 0.00243636964564537170, 0.00151844946891618460, 0.00067680749541684142, 
0.00902403122005778630, 0.00842612802204343630, 0.00791167425522419300, 0.00756823826864620480, 0.00713168994170561110, 0.00636160663349349610, 0.00548128834874629830, 0.00445634027859347260, 0.00334987661172874780, 0.00231488415818426960, 0.00142184942150224950, 0.00066293923283050832, 
0.00876088680537588820, 0.00821187612757920230, 0.00766434303600552900, 0.00727300043778037530, 0.00689390277284979750, 0.00623885626489084890, 0.00543242898672477090, 0.00437832465574306260, 0.00324617863695220600, 0.00219481511039305120, 0.00133328891925771700, 0.00061133828236846965, 
0.00800684774659601860, 0.00752933986947768380, 0.00703811030637980630, 0.00665246978850421960, 0.00631027252353760870, 0.00571372555204464030, 0.00498821474154405400, 0.00403013436943126800, 0.00297102125913587670, 0.00198413317976117030, 0.00119818517239206440, 0.00051860237559407164, 
0.00655222103803182290, 0.00615541914953561010, 0.00581337291196770690, 0.00550989828325652680, 0.00528271821135777460, 0.00476920105961725890, 0.00419937043921963810, 0.00352316060815339180, 0.00266652721768886100, 0.00188073213166853520, 0.00122221383776635670, 0.00065791197804663463, 
0.00519836583459369360, 0.00493136919956768410, 0.00469876197703097530, 0.00443322972920129600, 0.00428606210974496590, 0.00388705144567921220, 0.00349280572349182140, 0.00303198962414204760, 0.00238398443739036440, 0.00179423851503991990, 0.00125318471073152600, 0.00080444402314213770, 
0.00452382846733666910, 0.00437716022307902980, 0.00416166792817667700, 0.00388904024663897470, 0.00375977713439352900, 0.00342848975036016530, 0.00312696130200951350, 0.00274917913763467060, 0.00222501114886286500, 0.00177864487436901620, 0.00126330471440709930, 0.00083130094081379762, 
0.00439116240326803060, 0.00427701242453354040, 0.00407834934710881150, 0.00381666523301088740, 0.00366957911106896880, 0.00335814835220451130, 0.00306315385764509500, 0.00271313658091031130, 0.00223894723625538230, 0.00182336709295133540, 0.00134895815109934280, 0.00089502731369972067, 
0.00432468339143705130, 0.00419656737979545290, 0.00401791617635368670, 0.00380417785380695670, 0.00363067988745311830, 0.00337167904989649260, 0.00309776977722353750, 0.00278197790412759410, 0.00237947840633194330, 0.00197533837573559550, 0.00155307282217055580, 0.00112936693125633930, 
0.00369856248736959680, 0.00357655605379826520, 0.00342628168198380860, 0.00324000857100359720, 0.00308421724872574200, 0.00287240167997247600, 0.00263958389885743210, 0.00236707262920082300, 0.00202821999090224950, 0.00168465254326158140, 0.00132442713051633540, 0.00097552528011106920, 
0.00312938283141523870, 0.00302748504825399710, 0.00288919307015785690, 0.00270740656189563540, 0.00256303415510593030, 0.00235922261167140560, 0.00215405564112231950, 0.00190312306027876640, 0.00159589962280341220, 0.00129361843176091310, 0.00096659598562615805, 0.00066261275614646774, 
0.00203287656384172100, 0.00195028883248751350, 0.00183288330401026360, 0.00168566051417762610, 0.00156202116368647650, 0.00138881146595564340, 0.00122198421875074770, 0.00103031181616568420, 0.00081413387356191939, 0.00060624920923809614, 0.00037889881730429154, 0.00016399163150953823, 
0.00154412789324044230, 0.00148445318446107370, 0.00139099025361144380, 0.00129583690541723630, 0.00122117562421547590, 0.00107236929268746660, 0.00094947101588837245, 0.00079552438142318485, 0.00066464940595427878, 0.00052379982951618255, 0.00036400667029217929, 0.00021607668946663442, 
0.00148399311949981120, 0.00143690733759996890, 0.00135161439469948700, 0.00125211181283588600, 0.00120168394518418100, 0.00106639488103473910, 0.00096581050378431981, 0.00083149690602643545, 0.00071433108198039840, 0.00059324325819569456, 0.00045110021939284570, 0.00031365780427747324, 
0.00097776574774404118, 0.00090604957442320553, 0.00081997550652043575, 0.00072248822918230830, 0.00067322754614095471, 0.00059135836757228831, 0.00051539633899939507, 0.00043289756536700745, 0.00034977008586053830, 0.00027695889962338328, 0.00020017996093617905, 0.00011545507191405494, 
0.00083927085606301445, 0.00074870252075273744, 0.00066610766392289137, 0.00059299285216747296, 0.00053033521206813838, 0.00044398714964115051, 0.00037307710836111758, 0.00030233242903678108, 0.00023672397194039887, 0.00016566251928048139, 0.00009910604290030483, 0.00004324123976999498, 
0.00080377006815567477, 0.00073763707736965829, 0.00067108177449223588, 0.00061727524715570847, 0.00052727252766913925, 0.00039937377654779315, 0.00032896999560703386, 0.00022443793202647227, 0.00021691283503027993, 0.00012637438298469583, 0.00004757135405009700, 0.00001950176018141682, 
0.00051841925567292218, 0.00049095401460968384, 0.00048452272214817972, 0.00041413455557501414, 0.00033588851497563533, 0.00026705907944892459, 0.00019541726419411163, 0.00009867107502192153, 0.00015360880635441053, 0.00012380084945535773, 0.00003442237433802631, 0.00005570221012278410, 
0.00053030270667997503, 0.00047488158158027615, 0.00045204237309101196, 0.00035698020121066018, 0.00026379817535069738, 0.00030253151512731264, 0.00021289544752041840, 0.00013703817636376013, 0.00014432787108962619, 0.00018676165104479210, 0.00010419883617474085, 0.00011673750550742126, 
