1.20539419583566600000, 0.68100500527009200000, 0.37659896945892490000, 0.20228552499426239000, -0.06851154729032293800, -0.06483795013150921200, -0.07096896571702587800, 0.07419095921684512600, -0.08843161439265515000, 0.02258105450600989000, 0.03110738287771622200, 0.02112961587133289600, 
0.37599834244778496000, 0.29788083109069224000, 0.20673917071674461000, 0.11745989356165357000, 0.03804044698766764100, -0.00941120628107246230, -0.03414559170527316200, -0.04014490631597837000, -0.04264711640208426700, -0.03090176691853886700, -0.01216697090598346800, 0.00783198573785444730, 
0.26005012900488922000, 0.21024451351784801000, 0.14893046912034882000, 0.08777847676005218200, 0.03613102357589762600, -0.00102580070069967570, -0.02233146585028260300, -0.03223074278455127800, -0.03694527432769984700, -0.04171074645477115800, -0.03857042404069432200, -0.03094295269300608600, 
0.17732800816647215000, 0.14701812349754237000, 0.10779653618305596000, 0.06953595705878046200, 0.03675780151582417500, 0.01272920828371879700, -0.00225442859993170080, -0.00943260038669161900, -0.01600105552000513600, -0.02435193927771224900, -0.03232700026231041800, -0.03801019418080665800, 
0.13408565970666603000, 0.11462529751489729000, 0.08884258544773582200, 0.06280861993349673400, 0.03946596534061714400, 0.02087573931931262600, 0.00639025637932795830, -0.00217093920413468250, -0.00958514968312941180, -0.01706289125222600100, -0.02494794247305195600, -0.03242739433461339800, 
0.11113834048285351000, 0.09795337643146721800, 0.08048616537756261800, 0.06216467871357901600, 0.04539028596054342500, 0.03115732730306101600, 0.01915412982404072000, 0.01014144708702623500, 0.00220524669957127860, -0.00566645289420345150, -0.01420647101052934300, -0.02353622133964759100, 
0.08849576620341474700, 0.08026508520231708000, 0.06930056803879737500, 0.05721412772477095500, 0.04612672246724636200, 0.03594591605053792900, 0.02680118218578900900, 0.01855754796552603500, 0.01082262587728197500, 0.00295094041371044780, -0.00530148735871009690, -0.01390770441462329700, 
0.06049901548768168300, 0.05515409256982618100, 0.04881620310150224000, 0.04175973132908676600, 0.03477275492532327200, 0.02825613141887174300, 0.02147080137280556200, 0.01466397495586930900, 0.00838536760271273160, 0.00204256137073396960, -0.00405594454022279150, -0.00988845580203823880, 
0.02820104050722707600, 0.02606595505194886000, 0.02274029549625254000, 0.02056409825439182300, 0.01632127538400550800, 0.01530830339005551600, 0.01030418584288950500, 0.00925634077934459070, 0.00605439160761432620, 0.00375869048446748290, 0.00120804391778214170, -0.00056612368788358253, 
0.00368553848298615880, 0.00910451896690245110, 0.00867225854334309490, 0.00502771734334390200, 0.00588331484506550250, 0.00522908415254372950, 0.00070038197034842555, 0.00671791454779036530, 0.00048904199148101649, 0.00449849865536982710, 0.00081471614920639946, 0.00261384682904273420, 
-0.00034860369998923954, 0.00666985543161496310, 0.00759145729148431350, 0.00259949338403028850, 0.00286221836720832290, 0.00339646614042764340, 0.00024435640414659064, 0.00313038647091216620, -0.00183424140234292620, 0.00377248548610872180, -0.00185804532683900050, -0.00243694295078606020, 
0.00281089741317799150, 0.00926528908390621650, 0.00764182003710025570, 0.00509638940345533660, 0.00167120233319376480, 0.00447173024882463470, 0.00175481833659113040, 0.00176308398648197440, 0.00135212411666418280, 0.00239908472156320430, -0.00092877947138057749, -0.00352719496011284860, 
-0.00389628088277320760, 0.00697366365642837410, 0.00650563253148819800, 0.00177438812966397440, 0.00671997069749546640, 0.00300841216438979460, 0.00170615700292978510, 0.00541726256756537830, 0.00045754369790935399, 0.00063431204505945448, 0.00054943682286546906, 0.00083333897832807207, 
-0.01752507995743394400, 0.00260190321326934060, 0.01603502802734124700, -0.01709174968581498100, 0.01363651309233570400, 0.00182738922245568060, -0.00430313263235639930, 0.01157862868716645100, -0.00596627282578108840, -0.00007547568936462293, -0.00052878154476478870, -0.00266434431055338540, 
-0.02693581296606429800, 0.00268133891998675140, 0.02674837575218588400, -0.03209688007896425300, 0.02294567957546013800, -0.00204846307693811080, -0.01077278028796839800, 0.01660453287655495200, -0.01055725472206658600, 0.00224583451813578600, -0.00139600300849025000, -0.00470346772455705170, 
-0.01278994838532492900, 0.00182759206444358530, 0.01824016944674364300, -0.01128366642086016900, 0.01316946359703910700, -0.00111701008947982470, -0.00450232333969826250, 0.00441399038762135040, -0.00325273862732467770, -0.00124013786385033640, -0.00368631769410721020, -0.00079810634264548645, 
0.00096823358825855914, 0.00891197653739222300, 0.01676875362713751600, 0.00186373903860250870, 0.01426392389645978300, 0.00348617684663474640, 0.00509191654492395850, 0.00285558390975479940, 0.00275887564359816960, 0.00103383398554474200, -0.00215420759796010760, 0.00213768172633559260, 
0.04342054639987753100, 0.04200945036380261000, 0.04007162233778899200, 0.03231325330218660200, 0.03066334084396183500, 0.02354143296289103200, 0.01980210465114413300, 0.01435213919496611300, 0.01168325275464238800, 0.00592328207939682870, 0.00240679562647339250, -0.00024327196628106187, 
0.09405149239480130300, 0.08485947730677075000, 0.07191194356148564200, 0.05732093874684726600, 0.04338419178531974200, 0.03097323668444840200, 0.02028674836813064800, 0.01123401926809763600, 0.00311060946852544400, -0.00480460529597264310, -0.01197776762718895600, -0.01911640118589605000, 
0.12125938414094838000, 0.10635884630538198000, 0.08609601390242914400, 0.06468373715705241800, 0.04427139919839361000, 0.02672020591454189700, 0.01256219668181935700, 0.00074738928756782740, -0.00967510366293126110, -0.01932522397035591300, -0.02839869151118116700, -0.03733463687931409800, 
0.11538396081163049000, 0.10005403333046929000, 0.07989786810960605700, 0.05867032056969365100, 0.03863059994611597900, 0.02147805830572556800, 0.00845408113135207380, -0.00173313332232656340, -0.01033164995568539000, -0.01844325654600899700, -0.02525629849825828500, -0.03150586118805773900, 
0.10240560512001995000, 0.08839404618925364400, 0.06980757669060640200, 0.05010236909982465600, 0.03213070973122983400, 0.01726687559843252700, 0.00641363052095821410, -0.00115386552041500150, -0.00727336361222534300, -0.01293549060106681900, -0.01757462272938906100, -0.02165951717191469000, 
0.09437857031313254300, 0.08137242313218127900, 0.06403107393416343500, 0.04577021921859486500, 0.02893158520727436000, 0.01509806799739712800, 0.00507507050416009920, -0.00159442682877628150, -0.00672398343645044800, -0.01149562814061761900, -0.01508365303619426000, -0.01791712644355249200, 
0.09376339268455433100, 0.07993769336681191800, 0.06223927224119455600, 0.04378843962304142200, 0.02622706986233194100, 0.01145999715180295900, 0.00103957202493035190, -0.00495780962485432850, -0.00899364746979715650, -0.01191517507790010300, -0.01397432368593720300, -0.01503074905581517700, 
0.09338578773053639300, 0.07837291429201252700, 0.06003706944962373300, 0.04098481302499305100, 0.02235490318314776700, 0.00623320060428721090, -0.00470145716618448980, -0.01012385951258043900, -0.01310298238228799900, -0.01493679513041468200, -0.01595137294712431500, -0.01606516843049477000, 
0.08970900656629154900, 0.07529185604917974800, 0.05730766681273375500, 0.03859419237607066700, 0.02028726271190423000, 0.00441969977411947770, -0.00646710409652739330, -0.01263086247528781400, -0.01626434317022576100, -0.01900899471264431300, -0.02065118705508949000, -0.02099851489621653800, 
0.08309197253916492100, 0.07033044700285376300, 0.05371304943285226700, 0.03603547017332653400, 0.01899697612381517900, 0.00411296793832229960, -0.00672633784335829960, -0.01377398876216044500, -0.01815028866750763300, -0.02093642079068959800, -0.02219719576764420500, -0.02191850083540922800, 
0.07065402901517980900, 0.05979584255108060000, 0.04563219467546524000, 0.03021077578379845900, 0.01565056063168386600, 0.00290492665501849470, -0.00624160556714967520, -0.01184043041141305000, -0.01494718897508107500, -0.01630417349428257800, -0.01653433786969494800, -0.01564092458774999500, 
0.06014508709180978200, 0.05118302805413056700, 0.03931376281971153000, 0.02642236878600481800, 0.01438052610832412300, 0.00405320059608135430, -0.00314250969047355890, -0.00730216711350064030, -0.00937493111450718800, -0.01014524227443378000, -0.01037379963550029100, -0.01001633530538005900, 
0.05190275618448943200, 0.04490619092517016100, 0.03539503342763487100, 0.02516418101416930900, 0.01565787527399635200, 0.00755669153243858790, 0.00173323937889045520, -0.00189920653064496210, -0.00382233260737376270, -0.00500004780477983530, -0.00589561353943471920, -0.00644041086043772770, 
0.04421825206380818100, 0.03924482238852480800, 0.03237580758369475200, 0.02499834898764756100, 0.01804143949570432100, 0.01192785009351116100, 0.00718230498212024240, 0.00379872018619097820, 0.00151314739137395590, -0.00044866802124086524, -0.00210528276511100060, -0.00374763459517548110, 
0.03619405394690958200, 0.03291300845822760900, 0.02821298822299019400, 0.02315044725383796200, 0.01825010540451677700, 0.01376171710036515700, 0.01014542859470139600, 0.00719363662367935190, 0.00495629059675851100, 0.00286338506275569860, 0.00115245510585913390, -0.00070611444806175944, 
0.02813263302081934700, 0.02598732101585078000, 0.02289313008481807700, 0.01961144237151905500, 0.01646430151704724600, 0.01352137682459977900, 0.01114494006569026600, 0.00892632405057097730, 0.00713231016257760960, 0.00535688936051697400, 0.00384877335613625570, 0.00229645912972973550, 
0.02188576051208406000, 0.02055327865364026100, 0.01874851393802235200, 0.01682074384849925300, 0.01508694133929624700, 0.01341748828698191000, 0.01195096963552117400, 0.01047051040827068900, 0.00908211147447628850, 0.00769673252517708880, 0.00640475163476135480, 0.00511636492111104330, 
0.02238973335975562700, 0.02140806281892594600, 0.02002095365071599300, 0.01855275609779335300, 0.01711490469790778000, 0.01574297018554844000, 0.01444982729941727900, 0.01313709365617508900, 0.01184395764193297100, 0.01051290028103355400, 0.00915959844853846650, 0.00764200579117832980, 
0.02457417545820101600, 0.02357018725665863100, 0.02206508548058616300, 0.02044903886984293300, 0.01879824465849136800, 0.01723648109037014300, 0.01578385118030576500, 0.01439965067746190600, 0.01303756468795544400, 0.01160366817527750700, 0.01007342352864625200, 0.00833103682354147810, 
0.02552657679593553800, 0.02448728128761809600, 0.02295941975598892300, 0.02124814549901947800, 0.01956540258427678900, 0.01793168403311116300, 0.01638336421608853300, 0.01484657377103985500, 0.01334058443348883200, 0.01174939917014547500, 0.01007422787641306000, 0.00825533709454799420, 
0.02577349621426720100, 0.02479007001144389500, 0.02335046453456753700, 0.02169188122767962800, 0.02007001972807374900, 0.01844930459320827400, 0.01691041330784606000, 0.01538601588295588700, 0.01388142025384471300, 0.01231459831515182300, 0.01065189129834063000, 0.00882586375795020240, 
0.02613539149016509700, 0.02522667577138570900, 0.02385116398516037200, 0.02225908385020215800, 0.02064700913526093500, 0.01902523120565065600, 0.01747977685577788800, 0.01600250459996775000, 0.01452788070068379900, 0.01296807251916351100, 0.01128723391613925400, 0.00934134868687296750, 
0.02702778671071212300, 0.02622160887154202600, 0.02498533064161588900, 0.02355222009808690200, 0.02202049324262183400, 0.02044923752289274200, 0.01885996489544226200, 0.01722215890116725700, 0.01557439362906831400, 0.01380102404125288900, 0.01193675405036964000, 0.00981115216893173150, 
0.02735903846568597500, 0.02656642284202070200, 0.02533277885807563900, 0.02395117321798400900, 0.02245577906981005600, 0.02092154141490702700, 0.01933788789061295600, 0.01765623744229113900, 0.01596594576122215000, 0.01408574482811738100, 0.01214911666027236600, 0.00992016306682770060, 
0.02711658461206402000, 0.02640496959176022500, 0.02525360855917338200, 0.02397653132625474800, 0.02253368778218751600, 0.02106582762921719100, 0.01949802941009230400, 0.01785622659579374000, 0.01619847328906189400, 0.01439955684773549400, 0.01254740329953512100, 0.01041232257606867700, 
0.02716047537702673600, 0.02659691683906393500, 0.02566056006867024500, 0.02458169132419065300, 0.02329274073393964400, 0.02190696858345546300, 0.02037948229716816600, 0.01870785521314544100, 0.01697771141340298500, 0.01512549754619284600, 0.01322270479254712300, 0.01109248843554132600, 
0.02749683170603759900, 0.02698511264330299300, 0.02613623662652037700, 0.02509978581505727800, 0.02387361610503908200, 0.02248340382357399600, 0.02097162736448164900, 0.01926929623128780700, 0.01748303439721311800, 0.01553094560544495500, 0.01350299445399161200, 0.01127775388566004300, 
0.02678994373452313300, 0.02629080897173364000, 0.02545317663990679200, 0.02444069687658868800, 0.02325278693248326200, 0.02190923822226864900, 0.02043564273770227800, 0.01881510773315270300, 0.01708840093961543400, 0.01521786224330389000, 0.01327664367259982800, 0.01116185394118769000, 
0.02559414071658947700, 0.02511438994273333000, 0.02428326425101323700, 0.02330900636582272600, 0.02218181251111965200, 0.02094610784665244500, 0.01959280740024660300, 0.01814245235174713500, 0.01658107723494699200, 0.01488973820737215700, 0.01313078250352853000, 0.01116936780137996200, 
0.02571525261727339300, 0.02525261185242903800, 0.02445051599257063900, 0.02348300122606931900, 0.02236107742816786900, 0.02108030795393387600, 0.01966034430021054700, 0.01810215405728460300, 0.01640536748119569100, 0.01457041945620140800, 0.01265813043259339500, 0.01055234423091651300, 
0.02520157139691126000, 0.02469326081349548800, 0.02383150020339619800, 0.02283994467092387600, 0.02169857913906213900, 0.02037312899959150800, 0.01887935730318302300, 0.01722163393718102000, 0.01540641577653486200, 0.01349089935320273000, 0.01151707942383290100, 0.00936897247387161870, 
0.02459173264260556800, 0.02380866664608821300, 0.02282729324578080400, 0.02186593398134811100, 0.02083517308100896500, 0.01944402354599143400, 0.01782898221703470600, 0.01603962687385526400, 0.01409436768514815200, 0.01201170957806246100, 0.00995473211217359070, 0.00777864660946066610, 
0.02431697497155488000, 0.02245455691616585600, 0.02112283393616517000, 0.02064544820717501700, 0.02025534033203936800, 0.01879882289255679900, 0.01664041749416747500, 0.01421471275133856900, 0.01175298083697135800, 0.00939933460244529030, 0.00749007280686682900, 0.00565826816893142370, 
0.02339287139785669500, 0.02022751654140942900, 0.01873625590075385400, 0.01925864927262594900, 0.01954856087965901200, 0.01791989449964944200, 0.01511524921633880200, 0.01222129003029838100, 0.00953314811155521120, 0.00736302186052412240, 0.00601224776206251990, 0.00470510866450717620, 
0.02255987339358415300, 0.01962050697100142800, 0.01871471830838064900, 0.01958278177359040800, 0.01898045359879671500, 0.01655951333896256400, 0.01423705143090728100, 0.01236174295335628800, 0.01019736262587122100, 0.00771298086915280480, 0.00609751355538460870, 0.00477747552807069110, 
0.02368103690857034300, 0.02101623855617865100, 0.02055024376861022000, 0.02143153268357425900, 0.02005437358919901300, 0.01716824235687455800, 0.01537144856518169200, 0.01419102182469292000, 0.01214671298348552800, 0.00923426924793366130, 0.00737609338089743360, 0.00604633902102768780, 
0.02774319853136400500, 0.02420616528657958100, 0.02380065323047719100, 0.02523913328183681800, 0.02423925983950975600, 0.02091934932184338600, 0.01858064026132579300, 0.01734800649019911300, 0.01499628225123812500, 0.01153054145186694300, 0.00921920603690300560, 0.00802598092939217290, 
0.03027890802103768600, 0.02658822112909008800, 0.02626817840587871900, 0.02781767796582897500, 0.02672331276898412900, 0.02306245093819863500, 0.02082124888970608000, 0.01988358128359140100, 0.01742284407505745000, 0.01327132200374942800, 0.01054775528051366000, 0.00953344103743221200, 
0.03101199812850369300, 0.02765559211253781200, 0.02727902159228506900, 0.02845456999132230400, 0.02694042243478789200, 0.02338276339583097000, 0.02150174665592571200, 0.02036879406238315000, 0.01764292853771400400, 0.01339951012986626300, 0.01097369275633054500, 0.00981850553372906610, 
0.02959126430150319300, 0.02628399113098354700, 0.02593671151005069400, 0.02722416958944722700, 0.02603990820795044600, 0.02253567941962291900, 0.02031569018843534100, 0.01930268384032718700, 0.01721821303622325000, 0.01335270219585824000, 0.01058974836363566600, 0.00928587761565109920, 
0.02689223689391312400, 0.02355839277791376200, 0.02313375276937348600, 0.02444450767273747400, 0.02396351168858956700, 0.02084934736370544500, 0.01827051021436067200, 0.01723539206623283400, 0.01566007883306838300, 0.01243534803084250400, 0.00966571305748302290, 0.00822531100943996350, 
0.02427233346645889900, 0.02120207549147375500, 0.02059894290368542700, 0.02169045638840341400, 0.02132889259493052000, 0.01882229347458681800, 0.01653901382529599600, 0.01525881104780392800, 0.01355135911986732200, 0.01088789392057417900, 0.00881231834403772150, 0.00762074180203020390, 
0.02408010489284422700, 0.02129136576802857100, 0.02053682817203083400, 0.02137905483125466700, 0.02075297518782141100, 0.01838180042081170500, 0.01636021893447061800, 0.01497066422580027400, 0.01301050405570279900, 0.01027849578309030100, 0.00837774578675940480, 0.00729044294983800450, 
0.02432450596270299700, 0.02178079390947920000, 0.02106064107724949600, 0.02193253342068531000, 0.02127586215294166600, 0.01879925259831478600, 0.01665871372241066500, 0.01539668693086772600, 0.01378844378233860500, 0.01102511401056145900, 0.00870410262663971760, 0.00737189883358717840, 
0.02353035457005400700, 0.02132870800788741500, 0.02055890593227163400, 0.02119552163542682800, 0.02065657246887096100, 0.01849341028203927200, 0.01643512635130410500, 0.01509123118934827300, 0.01369665009677755900, 0.01131136643522654700, 0.00926781055423365680, 0.00783751265260813030, 
0.02293310025753945000, 0.02105240299667758200, 0.02024484002284610000, 0.02070238503845238000, 0.02010644941713519300, 0.01806104380407913200, 0.01612100140361065800, 0.01473547885936121200, 0.01334629084601128400, 0.01109897128879094200, 0.00913760488555784980, 0.00765552726044073030, 
0.02298480148647180300, 0.02127136681106680700, 0.02041434766728275300, 0.02071464295147737800, 0.02000983524955008600, 0.01809840024357689900, 0.01623331158271734000, 0.01474308277958252600, 0.01317494572781783800, 0.01091496536702538300, 0.00906225091831058470, 0.00755103238586682990, 
0.02414314770176850500, 0.02242789068127076800, 0.02157399884804814300, 0.02178759667959831800, 0.02098285317925876700, 0.01894395673890074400, 0.01703843104888910400, 0.01556403809103443600, 0.01396831504823113800, 0.01156960180645416100, 0.00949942260033039170, 0.00791770966448504360, 
0.02538390601815867700, 0.02370111997538294400, 0.02289200511800024200, 0.02303413014425772000, 0.02213074969290598400, 0.01996710066890188000, 0.01799316827342746500, 0.01650781264967168100, 0.01486153857300585500, 0.01242013054812339500, 0.01020625001404661800, 0.00852195516545521840, 
0.02578119718380739900, 0.02407010977328958400, 0.02327266116030630300, 0.02331097645564042900, 0.02237899338504406900, 0.02023350924219856700, 0.01816363829572665100, 0.01652732323428279500, 0.01473078104109340000, 0.01234497805771408300, 0.01014796548592896200, 0.00837463499707380090, 
0.02483551649419788600, 0.02309214162234065800, 0.02215123903896919200, 0.02194403029543666500, 0.02104926048836388400, 0.01905008714872783900, 0.01689538349170569000, 0.01492617906050922400, 0.01297303267780669000, 0.01082325727308601100, 0.00862937664332887040, 0.00669169349732241360, 
0.02145829879453668400, 0.01983001400711003100, 0.01889978353481741200, 0.01870983115035986000, 0.01786727845221971300, 0.01605832489362668500, 0.01404119104971140800, 0.01213546416056646100, 0.01030741245748502400, 0.00852533042900263310, 0.00669434764405780510, 0.00478949341164549430, 
0.01802946412749538800, 0.01655679396850786100, 0.01571098950011848300, 0.01555426207935713800, 0.01487996586109505300, 0.01315843572642430700, 0.01132300383543645100, 0.00971363245606386180, 0.00823460861214668670, 0.00681398934485160160, 0.00513496318695621720, 0.00341405235032879580, 
0.01619334040828869900, 0.01479081559268678200, 0.01393952160519691500, 0.01375826605874215200, 0.01323803232263996700, 0.01174171198486699900, 0.00997783247309730340, 0.00840498249681193190, 0.00703600619769668720, 0.00584922548146939080, 0.00436737996977368780, 0.00276841887050112600, 
0.01513557835525425300, 0.01384488440264050300, 0.01299974209871509500, 0.01283121790753892000, 0.01244891453961842500, 0.01115640963835495800, 0.00952842160877391370, 0.00800442676172034330, 0.00664094437648599880, 0.00554629718861983970, 0.00429339782415061150, 0.00289721347556756450, 
0.01364411077704268600, 0.01241192689339469900, 0.01164675125361061200, 0.01158523301894818500, 0.01137678262804803000, 0.01021937921362899700, 0.00867250198933827190, 0.00730518314330741870, 0.00619270060884159580, 0.00536320648408992320, 0.00432382175312612250, 0.00306070786129661410, 
0.01202208630151648700, 0.01086621384782306000, 0.01016228479275652200, 0.01014474163829750700, 0.01000560795762083000, 0.00896782634339218270, 0.00751616735233123000, 0.00631681959531549780, 0.00543290321702217820, 0.00477179494637678530, 0.00389805584366203400, 0.00277009256585067320, 
0.01042332031398529900, 0.00935105021276416880, 0.00872025915321673890, 0.00866974815422594250, 0.00855665463829639520, 0.00762439650804891490, 0.00638847661166010770, 0.00530765453911996410, 0.00447644701364484020, 0.00381649066367220100, 0.00315481997880668820, 0.00225244542640240610, 
0.00937589932265499650, 0.00839346050752986200, 0.00783297796026584220, 0.00775954194785673490, 0.00759037163879789420, 0.00670738199071125190, 0.00562617050730764790, 0.00462553522745827540, 0.00378251192144674240, 0.00304304039441760220, 0.00243904828002869950, 0.00179062443548979010, 
0.00937365353702632710, 0.00849238230660256080, 0.00788583612120956000, 0.00771037014903509870, 0.00745927040794817920, 0.00651537563963840940, 0.00548831659285123600, 0.00443530409375503690, 0.00346059589831066230, 0.00261240856937539070, 0.00192055292100444160, 0.00134382172365847020, 
0.00934936744276048880, 0.00851468740394839730, 0.00790358154320808250, 0.00774261030302064550, 0.00748658394252875360, 0.00651843724393245690, 0.00555037406171951000, 0.00449457607028961970, 0.00352193802012490830, 0.00264179387277800780, 0.00192834589046087640, 0.00135261205466235730, 
0.00879302543457173920, 0.00796031507970457880, 0.00734108507242362940, 0.00725167765688579990, 0.00704475877289727740, 0.00616565829196187920, 0.00520482449857165470, 0.00412139215258225740, 0.00325046740253260180, 0.00244312724453947870, 0.00184674813737902360, 0.00127147429474252040, 
0.00801499458417498890, 0.00716447048730231050, 0.00648145965039919740, 0.00640563465465059010, 0.00629920701775190000, 0.00550991901502723750, 0.00458537147726290240, 0.00341726258159724080, 0.00264387814948563100, 0.00193645430920793420, 0.00145917369156981230, 0.00088102097050548158, 
0.00779721922188711300, 0.00685723374107247930, 0.00611318906402604030, 0.00597116483838736920, 0.00583699282644959110, 0.00500862204150528000, 0.00406604679299322340, 0.00291733527983445340, 0.00214380140816870530, 0.00130334121808727320, 0.00060043597256103482, -0.00002714328418283426, 
0.00818453812996841440, 0.00719782779634729410, 0.00644614620325176070, 0.00623221891219510270, 0.00598616165666104700, 0.00513804692969241790, 0.00414841022438221330, 0.00306678834207387010, 0.00220286726942004300, 0.00119872065603811480, 0.00031810230890729277, -0.00034589274969156061, 
0.00860994093676560430, 0.00775709261482291060, 0.00702753688681839740, 0.00677050725258642950, 0.00652814835266534580, 0.00570684022027465820, 0.00474511583004757870, 0.00365758705330917340, 0.00284740123647347430, 0.00196906189266885230, 0.00105425330829180010, 0.00025344426344761926, 
0.00887781495682423570, 0.00807726675539211310, 0.00739576956694372800, 0.00714259324871075430, 0.00692421174722300090, 0.00613335320109449810, 0.00507882352083429460, 0.00394214605103685930, 0.00315125669090039530, 0.00241507719465777460, 0.00155157019215382670, 0.00059752517921746976, 
0.00846630490305210450, 0.00764811254688719040, 0.00695453749513360970, 0.00672236151689935110, 0.00651205891193458540, 0.00581117607071547550, 0.00478503973486640170, 0.00363273381999158240, 0.00280803326698586890, 0.00210195908453772320, 0.00138157687983487120, 0.00055084443241841009, 
0.00812202907311700310, 0.00719500264770200990, 0.00641007359190697970, 0.00612265508942588630, 0.00592736599916152220, 0.00528911791375050960, 0.00434322296945337080, 0.00308605779097634660, 0.00201416617199742490, 0.00122733227776513820, 0.00066261172424368620, 0.00020632394515518535, 
0.00825652940666403780, 0.00725739875067468210, 0.00641147060358919670, 0.00610063318457902680, 0.00587259254499362600, 0.00520416926014470940, 0.00424765213482597520, 0.00290949716349847260, 0.00169036174341684400, 0.00081122760179923965, 0.00029020254333010198, -0.00004200451208430310, 
0.00839541451351476750, 0.00732367331066441620, 0.00642663752394093640, 0.00616460895052248210, 0.00587719020008421400, 0.00524120792082460350, 0.00421980661598652610, 0.00284558206407527170, 0.00154314385000571040, 0.00058388792139360448, 0.00015373148707102202, -0.00020530070939263654, 
0.00829475970475608730, 0.00721345552509335390, 0.00636443868336680070, 0.00613532524989959980, 0.00580398573808774910, 0.00514080353696626330, 0.00417285257170529110, 0.00284359446113837840, 0.00151536083005945270, 0.00047178143403658413, 0.00008940424850109510, -0.00026526068702956076, 
0.00827007625919595930, 0.00724775730088954640, 0.00649559279129877880, 0.00623981564300403470, 0.00586211532350404410, 0.00507068689121261980, 0.00417045240886925170, 0.00296244494856111840, 0.00170235863081380760, 0.00060829472389636017, 0.00008180774466877196, -0.00034317479201586372, 
0.00833519516657068270, 0.00740713317568620670, 0.00664937286929181710, 0.00633268686920528470, 0.00590346374524352950, 0.00510183916061956750, 0.00416327667853182320, 0.00295338984183798850, 0.00171943507741403340, 0.00067636628158766711, 0.00006334128870071167, -0.00053935293451553537, 
0.00855401915523237850, 0.00770045272337508550, 0.00690385719981515770, 0.00657463234424466440, 0.00609124161368252740, 0.00525858180110280560, 0.00423850482947748900, 0.00297588839944168920, 0.00180073929403337750, 0.00078590085425654416, 0.00004693995350496204, -0.00072163555911160574, 
0.00869213300203888590, 0.00792810764344110960, 0.00716770772639240690, 0.00686402247567385450, 0.00647745867824955740, 0.00559815317297032800, 0.00450976325464058640, 0.00318760790796493010, 0.00217029525277284310, 0.00126666869262004240, 0.00042797134031355552, -0.00046820510337922100, 
0.00849488024554283410, 0.00784207873633402730, 0.00710792292381070330, 0.00684095896561796870, 0.00649427072940717350, 0.00566338546187086270, 0.00455521318879604540, 0.00325547485026905220, 0.00232176906612674300, 0.00152510818262955240, 0.00071733841851696358, -0.00029189579139519761, 
0.00856078784720143250, 0.00792838990516088820, 0.00717648726636678760, 0.00689061965013770730, 0.00653791485781386830, 0.00579675494025807400, 0.00469346270810734600, 0.00341012306998094440, 0.00237321724292848930, 0.00154322211454228310, 0.00076917914562421889, -0.00019075921519111775, 
0.00862388485394165010, 0.00792424720228883900, 0.00718359980239161380, 0.00691358599071111460, 0.00672882291225248340, 0.00610016751957923480, 0.00499039341778278240, 0.00357609068726210970, 0.00244833845648460660, 0.00166978033125427490, 0.00109851182633523890, 0.00025493910614591550, 
0.00906245746376529990, 0.00834964360206535800, 0.00758697813463590860, 0.00725242251220188300, 0.00702208950918225240, 0.00639437871011686640, 0.00528026142169733640, 0.00380545481498607360, 0.00256151299390135760, 0.00167876580311038730, 0.00107682092243990400, 0.00023610305671702473, 
0.00942843615833608740, 0.00883150346188833760, 0.00811526016159078160, 0.00768999743882382930, 0.00730138739005974700, 0.00663259875752459770, 0.00558919409695418470, 0.00419868361021664450, 0.00291503323767986020, 0.00187183561360212640, 0.00109374765139184150, 0.00019062536314072624, 
0.00903279339639838190, 0.00861696525261913640, 0.00798902302556283270, 0.00752659321067785950, 0.00702568124446956070, 0.00633860417807881070, 0.00539198360534626480, 0.00419658413250485400, 0.00304849282801495510, 0.00198149529046938270, 0.00113274748911037560, 0.00016721658572011846, 
0.00828779350987412550, 0.00802304733269499320, 0.00746566271618425740, 0.00701276069252705640, 0.00649486277510644230, 0.00581031886865597880, 0.00499883408101590640, 0.00398536100515527700, 0.00298949931074665290, 0.00193397919492551060, 0.00108997126948247730, 0.00012975663803163029, 
0.00720565018749980140, 0.00703629283166636550, 0.00656493387231531570, 0.00616095768350930980, 0.00568365527950858390, 0.00503055114119388500, 0.00436370800102066010, 0.00351802209683971250, 0.00266775902822597500, 0.00169887647406210310, 0.00091157630768864332, 0.00003521480610618025, 
0.00594524467802405930, 0.00579318708305984460, 0.00544187952636113280, 0.00510998832698679550, 0.00469856519636154600, 0.00414507274071931190, 0.00361466916292427050, 0.00290366476824495750, 0.00219327544775902100, 0.00137029918923328420, 0.00070443689595187174, -0.00003012756442962349, 
0.00428508624759871540, 0.00415882271641319220, 0.00390828079249396030, 0.00368084742644101800, 0.00341177949739608940, 0.00305931882808692510, 0.00268936351992532080, 0.00222324061173632390, 0.00169858073097480880, 0.00113151829124466700, 0.00066679477604228421, 0.00018268779741080891, 
0.00268586812428481000, 0.00261949251843934370, 0.00242723996022600840, 0.00228664898390523770, 0.00214618806743890540, 0.00194173503286242800, 0.00172655958040995570, 0.00146333582036824280, 0.00116407147818897740, 0.00081557391361741826, 0.00058436966666977424, 0.00028624938778211320, 
0.00183192941927430990, 0.00180119992361014680, 0.00164940295107258800, 0.00155163740732595190, 0.00147248235788457850, 0.00132409337496369830, 0.00119258189876515590, 0.00100832227760070830, 0.00083728548875646412, 0.00063294655607634492, 0.00050096709953709097, 0.00030992766303565659, 
0.00204438898953751990, 0.00200055417854382760, 0.00187208436447686580, 0.00177075017310943470, 0.00165926475108571760, 0.00150633830823473770, 0.00137557718087078020, 0.00119486782042504160, 0.00103735907766279400, 0.00083790018752806798, 0.00066487041744379624, 0.00046316775040242814, 
0.00295830376083535680, 0.00292227507298056450, 0.00274506834280230810, 0.00261637598383397330, 0.00243652360304910190, 0.00222985563318399500, 0.00203884352094762640, 0.00178949165767914710, 0.00156658948880184550, 0.00128205776916902410, 0.00102597498786428710, 0.00073105318966791327, 
0.00330051899781422070, 0.00330150118076131620, 0.00310073676986796780, 0.00298102611155479130, 0.00279719333695103430, 0.00257878445913197610, 0.00237537375229230660, 0.00209939908851544940, 0.00184562964081166320, 0.00152968275077640550, 0.00126183162449735130, 0.00091838787528287081, 
0.00364832266895511420, 0.00370755604582590540, 0.00347257852059542270, 0.00332355688501266390, 0.00317412116151662240, 0.00288763715218377450, 0.00271649976989270500, 0.00237859845335055150, 0.00211896811210000780, 0.00174942221712284250, 0.00147287624569205580, 0.00105379922329606700, 
0.00287265616231711710, 0.00289029757131602700, 0.00272990392873217240, 0.00256539688451530670, 0.00252620064275295520, 0.00227431565567485110, 0.00215995957263634060, 0.00191848901597781500, 0.00168082420430544760, 0.00146766621162723420, 0.00123807712752870830, 0.00094970307804322020, 
0.00182776976690872200, 0.00175024721715902770, 0.00164907478433334450, 0.00153344349965995950, 0.00149888491494298970, 0.00135818114859393080, 0.00123931812369014870, 0.00108084819731333920, 0.00090884480867722763, 0.00077995303119487351, 0.00063509211623635623, 0.00047576413846768019, 
0.00105923608929802410, 0.00096687523396858600, 0.00087365640070865560, 0.00078178662236362139, 0.00071716241083700171, 0.00062842061728094563, 0.00052653181153771258, 0.00041475026675080523, 0.00031987031149664574, 0.00024103043641703078, 0.00016239890920692349, 0.00008738242100936023, 
0.00097751205413928554, 0.00088396724616039994, 0.00078749986472701579, 0.00068847644685568954, 0.00060943267041284712, 0.00051826277731868622, 0.00042013656271589086, 0.00031862532468365432, 0.00024799957024364158, 0.00018536529849237068, 0.00013098776444406358, 0.00005646015312610596, 
0.00144212122747394310, 0.00133671276837922600, 0.00122653360642515200, 0.00113414035871484630, 0.00102221847548602020, 0.00091441649656328358, 0.00078331380142063537, 0.00064415505773770078, 0.00052382977803484788, 0.00041105913249014719, 0.00031992594287602442, 0.00017550280728883635, 
0.00157555892189846760, 0.00157032749832322000, 0.00149675410072761100, 0.00147012185174922630, 0.00131062636852970770, 0.00115860184937955190, 0.00111724812244988980, 0.00097636755867439148, 0.00080160321921577207, 0.00067039561246648211, 0.00053707765533049241, 0.00042192927074143625, 
0.00105574520638134720, 0.00155959330196786990, 0.00140573843024008850, 0.00134351197936451910, 0.00138663737704253810, 0.00084257227211683382, 0.00117218374094142720, 0.00094050758769152016, 0.00077100198163365717, 0.00064128343252500548, 0.00048412726734557091, 0.00042662873302394831, 
0.00056562570520538535, 0.00148143807221036620, 0.00111775337462339170, 0.00107614071714417230, 0.00124912780638116870, 0.00069096301229231978, 0.00100932627608869100, 0.00084052369457479463, 0.00075003237110161545, 0.00060972732763831146, 0.00042594713732516196, 0.00040436860136596050, 
0.00051692874463030148, 0.00120499339975001660, 0.00095463733845679388, 0.00104011260309956000, 0.00101228779731207810, 0.00066250483401601365, 0.00082670742972688037, 0.00070951010329400616, 0.00065877949881284321, 0.00042095031158058036, 0.00038387461745849084, 0.00026579364973016275, 
0.00048192757961561174, 0.00093021563048729624, 0.00083779046226879056, 0.00078616638864542274, 0.00083113230286863723, 0.00038033532934039310, 0.00060843033358206461, 0.00048586087491457044, 0.00031976361084755823, 0.00015820032435952258, 0.00020701025839505485, -0.00004321553628720110, 
0.00059022578257489139, 0.00073713132611480728, 0.00061155456500980765, 0.00052804552831582153, 0.00043127762489977574, 0.00027670702662982796, 0.00024252353439523921, 0.00018987587810588154, -0.00002102282377537640, -0.00006508784789437547, -0.00012566372990862590, -0.00019433190388116868, 
0.00007282447728239565, 0.00051717379192951502, 0.00026162313474557326, 0.00041488279556654758, 0.00008034610923786584, 0.00018476802271332580, 0.00002717369883685516, 0.00005662480108401167, -0.00009608145138627659, -0.00010845404150464228, -0.00016435747090780495, -0.00020368586344318154, 
-0.00014411486291572806, 0.00047469180317080088, 0.00023263508022976003, 0.00026699841207277841, 0.00010624402533168224, 0.00016276475251200497, 0.00004324285461826249, 0.00002632133511006395, -0.00004507561229547506, -0.00009094444364871559, -0.00009625760345089154, -0.00022860615513934431, 
-0.00002894167633061119, 0.00048932630281284825, 0.00031746811553641242, 0.00020030815890688307, 0.00020692324001986997, 0.00010523892092589611, 0.00007362835362197138, 0.00001853978236394594, -0.00005550244254013851, -0.00002995473063754413, -0.00019407354811192624, -0.00014838600365271970, 
-0.00016529996313287379, 0.00046788828515556584, 0.00028976759134892910, 0.00001052103928762651, 0.00036784138943581925, -0.00007004569058709453, 0.00010824839195807846, 0.00003831412215713320, -0.00001404184399704515, 0.00013300252724728561, -0.00018099242319964524, 0.00012638359356079211, 
-0.00012163351693958885, 0.00030724147571724417, 0.00012497919504537685, 0.00003724907165134156, 0.00024830226784445462, 0.00003630301916236321, 0.00005888759197758535, 0.00006342922617932789, -0.00002499690971842244, 0.00015452370080598225, -0.00005248592811047872, 0.00014088288058804353, 
