1.15186165546848860000, 0.67115451913778557000, 0.32420142655228851000, 0.11743441305206244000, 0.05564155778710602700, 0.01848476126176825500, -0.01104824388018550000, -0.02504032845333858600, -0.02107592183770135700, 0.05183630802482439700, 0.04557547639570902500, -0.02817316680952386400, 
0.31927101722609735000, 0.26708607121825462000, 0.20159484021775714000, 0.13965064365418373000, 0.08965913544607997900, 0.05446817582600267700, 0.03300896209963608000, 0.02173651671014653600, 0.01421973298249630700, 0.00503517462081895690, -0.01196184956587564500, -0.04003211186792726700, 
0.22420757633555041000, 0.19491178034582984000, 0.15640384847024014000, 0.11782641148862723000, 0.08500015439072328100, 0.06052421531653750400, 0.04385916634887580800, 0.03262623701678644300, 0.02219776446607190500, 0.01013258501245148700, -0.00433503138832069290, -0.02193798056988912500, 
0.18474932830880936000, 0.16288586743938074000, 0.13412182707910983000, 0.10431971315317255000, 0.07945275599366064000, 0.05969148545583521900, 0.04487194919632082900, 0.03336766153722475100, 0.02234181664479600500, 0.01033373554209118100, -0.00370746442494136740, -0.01884155539268841200, 
0.14245833980645820000, 0.12546358945501379000, 0.10486989247833856000, 0.08306778308137621700, 0.06564242755569783800, 0.05052121795383984800, 0.03813642414398964900, 0.02768009815570803000, 0.01792765627551135000, 0.00797983451491387530, -0.00330830804292201260, -0.01473703843389817400, 
0.09726029585327017300, 0.08702086927394550600, 0.07566774887935087700, 0.06362734631423280800, 0.05259475648759263200, 0.04195616065600470100, 0.03201423633850518400, 0.02263817387038174300, 0.01370226411442818800, 0.00508691060223090230, -0.00345125897943435960, -0.01159257281230845000, 
0.06384998561032344300, 0.05681647592321394100, 0.05006710849408022700, 0.04211737011165457600, 0.03655103205316050100, 0.02963923323107593000, 0.02042656840975736600, 0.01131736903183327600, 0.00395700377505076200, -0.00506005396542555390, -0.01201470282976939600, -0.01850675688296460300, 
0.02882496744859040800, 0.02529599203136432400, 0.02311036302999884900, 0.01959644510878384400, 0.01903309539770522300, 0.01909039582034862500, 0.01266879039772272000, 0.00693911902165849240, 0.00490370119426843280, 0.00077263993471230613, -0.00144399502797278810, -0.00360871379908933330, 
0.00939755118971474270, 0.01473135414732741600, 0.01090624768547498500, 0.01669059519419478800, 0.00290597317669459170, 0.00826410909421708940, 0.00603917706394797430, 0.00912824153694322130, -0.00181012374435923900, 0.00746790574517737760, 0.00534923579316612990, 0.00135903172419241750, 
0.00197059501552810600, 0.00947244394091566880, 0.00646294931505052120, 0.00330800444568151880, 0.00251194611576218040, -0.00201873587701445040, -0.00040558561754608396, 0.00379098798585256800, -0.00948240884071175660, 0.00368469726431715090, 0.00016452814599151894, 0.00202638067609117520, 
-0.00072635786308964756, 0.00658313509795899110, 0.01405932064376913500, -0.00584185141381221490, 0.01004415329527547300, -0.00229891794658847920, -0.00102836204217610150, 0.00231818723788945660, -0.00566343620138399280, 0.00514032315580778900, -0.00407447444394175820, 0.00149225697388809670, 
0.03647442934233728600, 0.03418267006746986100, 0.03788275957393995300, 0.02272673518373602400, 0.02231846303036614400, 0.02048152995397091100, 0.01219335823410655100, 0.00933608628873409430, 0.00960336507922693660, 0.00600459908935098600, -0.00020261237334423489, -0.00266943843476493770, 
0.10698482741575287000, 0.09420993985103026700, 0.07933684030665753800, 0.06085311854514567600, 0.04500646083947143500, 0.03308036590703699500, 0.02028252809575466900, 0.00998657881572681710, 0.00200130248065951730, -0.00810129155099351300, -0.01774006216306642600, -0.02824406239202144000, 
0.14267262803094241000, 0.12344699292204030000, 0.09824095126383058900, 0.07210093620176090400, 0.04845266370851710600, 0.02866175123819220800, 0.01243993133559534400, -0.00072722395934139358, -0.01368313326702762400, -0.02733981169019300900, -0.04052006775920644800, -0.05444093492023361500, 
0.13585350424165221000, 0.11574368166932919000, 0.08991876172987059400, 0.06380180570526508600, 0.04028251993366761800, 0.02114358302590283900, 0.00684701017913320800, -0.00417466636470217780, -0.01392360480346663600, -0.02472700408038392200, -0.03380679062481683300, -0.04248163104309216100, 
0.12103462769119894000, 0.10144718210683555000, 0.07650224899234225900, 0.05187743277654109600, 0.03042201530350258400, 0.01377659266904076400, 0.00270298777350859100, -0.00496669377773204140, -0.01041375188534844100, -0.01652639527200395300, -0.02146688100884981000, -0.02550782470938281800, 
0.11740622112930342000, 0.09655387717633645600, 0.07060832209212483700, 0.04552370986306649600, 0.02340321109981909400, 0.00690483073978930520, -0.00288027414342595030, -0.00819740577326426470, -0.01206110954884724600, -0.01638596319477946700, -0.01935347232563254500, -0.02129395610136087400, 
0.12207753836218051000, 0.09851065727358740400, 0.06876111380638994000, 0.03930181091337520100, 0.01418382990399743300, -0.00340050317963849860, -0.01287999304613728900, -0.01660183035904160300, -0.01859829033337045300, -0.01955711121014216300, -0.01907907016996269700, -0.01708875411241664300, 
0.12012244103837788000, 0.09561607094312069000, 0.06382586104245467600, 0.03154010892612949700, 0.00379689218793010430, -0.01560665535454938700, -0.02575874945234844100, -0.02934295118814069700, -0.02912075716510816700, -0.02657212352522441900, -0.02328773596485355500, -0.01842243091171437400, 
0.11175946612882610000, 0.08841138706928400300, 0.05757556924353813400, 0.02641768876433705400, -0.00074992787176268380, -0.01979374006949322100, -0.02967956564451722600, -0.03240472935243889100, -0.03091229161495536600, -0.02792972366920677700, -0.02535342829368509800, -0.02287540997165546400, 
0.09927951464297619900, 0.07841537310470533800, 0.05027947438917568200, 0.02166456818152501200, -0.00312508573947946600, -0.02033606673740158400, -0.02941538715999758900, -0.03185154512178529900, -0.02960272270232080400, -0.02582098440070979000, -0.02215112079513338600, -0.01910919221185410800, 
0.08545059642686159100, 0.06686980723581435700, 0.04227299620631901800, 0.01725763047188278600, -0.00427706918500409160, -0.01947329231416044000, -0.02729466397000809800, -0.02880319544674839200, -0.02554502851745033300, -0.02106219355555886300, -0.01678731177274565800, -0.01287806811448809200, 
0.07439526185390871200, 0.05785886793727219200, 0.03600325679746029700, 0.01396563642581014600, -0.00488962368848319670, -0.01880758655123612000, -0.02576987707970553400, -0.02665514313604194100, -0.02303074403841718100, -0.01828663182392246600, -0.01390213699362139600, -0.01039178244496836800, 
0.06762165033532002700, 0.05280781621100644900, 0.03327216866785573400, 0.01326948446814854400, -0.00402922534216796500, -0.01675589350027511400, -0.02340869649808491300, -0.02486261749527077600, -0.02175974976087569100, -0.01778374403510102700, -0.01427067642336663300, -0.01122523293577655900, 
0.06137755883252892600, 0.04873711416977151400, 0.03228444160924461700, 0.01486535366392569000, -0.00097478449089808458, -0.01325045902847249100, -0.02064103756553645200, -0.02334764432194579000, -0.02139970966064863600, -0.01833879338216812300, -0.01530149309988620800, -0.01128355725150372400, 
0.05453508902570269200, 0.04430313971802590800, 0.03019809548354866800, 0.01512033186761785300, 0.00091205110742017116, -0.01041264299847833400, -0.01755035003996354600, -0.02048885244299205100, -0.02000347814710417400, -0.01748180639524969700, -0.01404640149301597900, -0.00948873223759725060, 
0.04782609434246835200, 0.03924828187637503100, 0.02745922737363087500, 0.01464448074502326100, 0.00235409730530921480, -0.00748874696490230750, -0.01389508888872887700, -0.01681640858396225800, -0.01702529333382633800, -0.01481570970276631400, -0.01158415608643736900, -0.00752500872338131110, 
0.04192102415776141600, 0.03521792227079073600, 0.02611420256551017600, 0.01575338272237097900, 0.00563282308722379710, -0.00341147074599799620, -0.00969130273331022390, -0.01357086265977657300, -0.01508358996853646100, -0.01411367748025611800, -0.01174072859365614400, -0.00811051528077636270, 
0.03588825024659968200, 0.03097563288585715400, 0.02423676904697561600, 0.01652372843631080500, 0.00886958862295108770, 0.00159248611866055330, -0.00396663776194995830, -0.00790097350511257190, -0.01005949088918154200, -0.01058854456944626500, -0.00979590122373369050, -0.00781630645727561000, 
0.02916569871068399500, 0.02589343085796000700, 0.02116310150370526200, 0.01590533028508498600, 0.01078352660470906600, 0.00592101548362682690, 0.00184097254109175840, -0.00128647177149580380, -0.00332301225808233260, -0.00452154665165414600, -0.00484420955587737490, -0.00449100412713410690, 
0.02111762128616159800, 0.01904221682472812300, 0.01606701515221610500, 0.01293072893261899700, 0.01011346058832547800, 0.00742937232137583050, 0.00516601912292294610, 0.00339419299968034920, 0.00203330693105467680, 0.00095068954950792842, 0.00021449660497875546, -0.00038797059837242525, 
0.01412225801171986000, 0.01291790821932441200, 0.01131255523696471900, 0.00963094712874336920, 0.00835019444216741380, 0.00712868453706780400, 0.00615775645338227040, 0.00535900844650642400, 0.00468243971926566440, 0.00401008260866313370, 0.00336245163708314390, 0.00265414000773987270, 
0.01433348469874352900, 0.01339549733002467400, 0.01208767865169587700, 0.01066198914443230300, 0.00943192385941988430, 0.00840894712493809280, 0.00768258450230172900, 0.00713270748917920610, 0.00670941162319162180, 0.00629863774467821160, 0.00580722704741594600, 0.00508737707569032520, 
0.01609184010770044200, 0.01511630280024539400, 0.01374372081484119700, 0.01223928257117809200, 0.01088613461738271000, 0.00975675753139012770, 0.00897576942009967530, 0.00838887441965741400, 0.00795696428185855600, 0.00757984760002864030, 0.00706529618728111550, 0.00623800621449326250, 
0.01689660708611465100, 0.01597733877629464400, 0.01471511349673402700, 0.01330783163357410900, 0.01203530692351471000, 0.01090241182786561500, 0.01002245474619212700, 0.00926928333986649920, 0.00869678825498059960, 0.00814988203768162760, 0.00747527192426712070, 0.00656428895636476400, 
0.01643365696407780500, 0.01554329725014171900, 0.01438324179496364300, 0.01308151331434103000, 0.01193442451223758500, 0.01089053278109862100, 0.01004762465514131100, 0.00925240965043618720, 0.00862650239024203950, 0.00801273994778871000, 0.00728544072687921890, 0.00637219661207245710, 
0.01670954192108715200, 0.01590944107967309100, 0.01485998488296023400, 0.01370591024359280400, 0.01267447551328027200, 0.01169016543333164000, 0.01082810653306400700, 0.00996178060255427030, 0.00921973738987548470, 0.00844525907672512640, 0.00758333014954068550, 0.00656687928290333650, 
0.01830956594169454500, 0.01755173723971111300, 0.01650423649262401000, 0.01537561900137465200, 0.01429364871546969300, 0.01318432233551158600, 0.01216642863380510700, 0.01112364458408137700, 0.01023366171801933100, 0.00921723753580429820, 0.00815508911614819600, 0.00686250230787608350, 
0.02013050490919978200, 0.01934852676076655500, 0.01821066154597982700, 0.01696669379817989200, 0.01571321845157277700, 0.01445020018831837300, 0.01327719734795676900, 0.01209831185296895100, 0.01107473812009850300, 0.00988137355939217380, 0.00858643875640109810, 0.00697704654920923780, 
0.02071609454272793300, 0.01998928261290659800, 0.01893100672869961100, 0.01772625987214916000, 0.01647596097903479900, 0.01519833894730107700, 0.01395229784673654100, 0.01270463947414541100, 0.01152340799709471000, 0.01021618356078662000, 0.00876921292229442330, 0.00708587206192929070, 
0.02178137539576509600, 0.02112180978589629400, 0.02016484554080186600, 0.01902252388752353000, 0.01779858170115196700, 0.01648050922686379900, 0.01511934597357874800, 0.01370662820841289800, 0.01228541868433841700, 0.01076827810174739400, 0.00914253505264647420, 0.00735217101642370290, 
0.02298342410670189300, 0.02232596424290309400, 0.02137944014653269500, 0.02025060301364668300, 0.01902165267097832800, 0.01770161947466465700, 0.01629933681596303400, 0.01484439312034045200, 0.01336742711053962000, 0.01181684037745806900, 0.01016452365837084200, 0.00833169775213309270, 
0.02266242769711192300, 0.02202688683732037900, 0.02108547263347998500, 0.01998715380294723700, 0.01880008155727721000, 0.01751431562306091800, 0.01615252724152547300, 0.01474242132271992800, 0.01331686930246914900, 0.01182811891973082800, 0.01030576379807704400, 0.00858020999533795450, 
0.02322976412336757700, 0.02262110986762840000, 0.02166722357941495600, 0.02055898964687256900, 0.01933457491276854200, 0.01798669441693322200, 0.01658688545852372200, 0.01509592133467908300, 0.01355786599670108300, 0.01190347673591774500, 0.01018723779989662300, 0.00827109085425834290, 
0.02390679567597818800, 0.02335181675819267300, 0.02245373658967327000, 0.02140255331726469800, 0.02019559499898126000, 0.01886326343372943200, 0.01743363607065948400, 0.01589499108818723200, 0.01427068506812335100, 0.01252939246327521000, 0.01070932585469896800, 0.00871203844397896820, 
0.02380810076443141600, 0.02318838322234139500, 0.02226391016246554900, 0.02125275569032683600, 0.02014331484930496600, 0.01895163040147543000, 0.01760276409117818600, 0.01611645735185751600, 0.01445296153393541500, 0.01267676059051408800, 0.01080480563566967400, 0.00883258497632777130, 
0.02525225268566095100, 0.02403188172069047100, 0.02253858134309020100, 0.02112958567221446100, 0.01982157829293003000, 0.01844214577543738100, 0.01685691218048311600, 0.01504668027076788000, 0.01297854891277581100, 0.01067447173400692600, 0.00816087890319877260, 0.00561188079490576150, 
0.02710242279975782300, 0.02530054296221405000, 0.02340205935925753300, 0.02188136288477591700, 0.02050782678675112200, 0.01876358245746832500, 0.01653696136193914500, 0.01397174768668257500, 0.01124035785723591500, 0.00835334233521966940, 0.00536865752082596550, 0.00246681520929417810, 
0.02614737165231734900, 0.02390219229669639600, 0.02207746925484772500, 0.02121177268983152900, 0.02047401172700074100, 0.01893756123371937200, 0.01667304601748336900, 0.01396650853278734600, 0.01100437974832091200, 0.00787498364029105490, 0.00501275631395372520, 0.00269960662350723260, 
0.02400777816904689200, 0.02111756079517913800, 0.01957563550200323900, 0.01952817643758988900, 0.01920439441576422800, 0.01717533609833291100, 0.01444225652959957000, 0.01193409097493634100, 0.00934593758975702310, 0.00655854546254376010, 0.00399544299213620490, 0.00208884765061200570, 
0.02254318788966252700, 0.01929649370694696800, 0.01819444623444493900, 0.01875833508696683100, 0.01851615965093010900, 0.01605551565361094300, 0.01305136108732712200, 0.01080670226458325300, 0.00862115577403111540, 0.00613569878032414840, 0.00385551278576668240, 0.00205398509098057280, 
0.02260213598575704400, 0.01932126748459054100, 0.01865514094813398500, 0.01955834485049047200, 0.01878352950139810700, 0.01573412968007337600, 0.01306552503659580200, 0.01150409648201368600, 0.00954816900123661540, 0.00651362322502346820, 0.00387195399190487420, 0.00216593656932055710, 
0.02496066593458584600, 0.02157197841075999100, 0.02119592655146174800, 0.02238245415983114800, 0.02112558918954322200, 0.01730019963353655500, 0.01479785324092185500, 0.01386180358185188200, 0.01198373213687523200, 0.00796621733894428700, 0.00463735976517628410, 0.00329236959242539200, 
0.02870164618817069900, 0.02525310859570923900, 0.02462893157107453800, 0.02575259075893098600, 0.02451284825132057900, 0.02066085264432874700, 0.01794529021076421400, 0.01632006057250912800, 0.01384559381530019700, 0.00972162451378394760, 0.00665869477878885430, 0.00515174651856802750, 
0.03057251995368814200, 0.02652163741339767400, 0.02585175032769006200, 0.02730050663472528500, 0.02609857659863364100, 0.02224035720580580200, 0.01939277998522099000, 0.01768912203366888200, 0.01471583638888401800, 0.01050053956866438600, 0.00773338115994345010, 0.00645276491561916790, 
0.02944175180976805300, 0.02530167365079965700, 0.02466945232186967100, 0.02600146244676294200, 0.02502962953128704300, 0.02152128901074709700, 0.01886613443190718000, 0.01721723220815329900, 0.01425150037543479300, 0.01042577933249632900, 0.00798643267479796910, 0.00687851065828927990, 
0.02646672398142681200, 0.02280016859000302100, 0.02214296907992358400, 0.02327880514171238800, 0.02254095462219035000, 0.01930645030279451800, 0.01679800996391871100, 0.01511665902761154100, 0.01269408398347829900, 0.00950857419953632380, 0.00714069658905123680, 0.00605919813972714570, 
0.02441371476304178200, 0.02086363321177231800, 0.02021779045451372500, 0.02138352854319369400, 0.02051300026057950600, 0.01735229628970011100, 0.01493705761630049900, 0.01332573422515824500, 0.01087772429345465600, 0.00774114534810227150, 0.00584870950107889940, 0.00498938649889998050, 
0.02457131858781672100, 0.02099753403921591000, 0.02043333535319230900, 0.02170569132239922800, 0.02065470472102037100, 0.01728056002875252500, 0.01485556553985423000, 0.01360062541174128000, 0.01136847736465104000, 0.00802445297343254950, 0.00590492484021570150, 0.00498770592643836470, 
0.02374629460238698500, 0.02005221190420845200, 0.01979778124259140900, 0.02155648765046238500, 0.02079732391086738400, 0.01735366505760227100, 0.01487732669617936400, 0.01405252621533354400, 0.01255267813250294700, 0.00952682364700794570, 0.00709209447982240850, 0.00616790730388596000, 
0.02569405129263361800, 0.02213224742679297000, 0.02146654096165829700, 0.02251809966187050300, 0.02167413288492893800, 0.01845093491073105500, 0.01573497648858823000, 0.01416693371262630100, 0.01220506743277656600, 0.00935159219513475790, 0.00695886893122637990, 0.00531245001265562380, 
0.02668264868793546500, 0.02348770354078610900, 0.02248196044178277200, 0.02297174032338954200, 0.02191053944087948200, 0.01875012855756622700, 0.01612103752450229700, 0.01429665485813306400, 0.01211745638072166600, 0.00907528564018405400, 0.00664805634902537920, 0.00485246020497945210, 
0.02553007064004225000, 0.02261685194376983000, 0.02157649526476793800, 0.02212804998964148000, 0.02151704326365905300, 0.01859900264874610900, 0.01613748896285116900, 0.01440735093344990500, 0.01257293485354623600, 0.00990024361010891260, 0.00763014405984953870, 0.00620857150653193230, 
0.02585424424373761900, 0.02280978115829189500, 0.02160805299205002100, 0.02216360085323698300, 0.02169826896080847100, 0.01881385701105813700, 0.01625463006347883900, 0.01431078289872669000, 0.01226736155545302500, 0.00955515664702370590, 0.00735961012561799510, 0.00606182408884796240, 
0.02636784941789217800, 0.02318057104029111100, 0.02169226799876723700, 0.02200228173349102300, 0.02138658571710658900, 0.01858655235997265200, 0.01578287903404251200, 0.01323228915426695100, 0.01067447327167172200, 0.00784028248541413300, 0.00564062660006763720, 0.00413529726553447070, 
0.02254718822508414200, 0.01966246325719198100, 0.01824585195549984300, 0.01838488661845643500, 0.01789775315898926900, 0.01550098832635987000, 0.01281442198230827900, 0.01036328175426530000, 0.00820661312968217450, 0.00591933707506655040, 0.00375818814340688530, 0.00202152935793250370, 
0.01834691656827583700, 0.01575336055238078800, 0.01463277161617328000, 0.01483731264084082100, 0.01435038955946266700, 0.01218125250709212500, 0.00989562384355784090, 0.00804294466683101900, 0.00634636529647393970, 0.00433967946171506280, 0.00235303366789515940, 0.00084021726725730589, 
0.01640412582023698100, 0.01389130220288180500, 0.01314890963974034100, 0.01377198417311048500, 0.01329820436580374100, 0.01115205129578405100, 0.00908768363319043680, 0.00773996833784162780, 0.00644169305034551430, 0.00445112297484292260, 0.00260851226282967240, 0.00138569756740058830, 
0.01804084153066012200, 0.01546001047479157700, 0.01460336350805689600, 0.01520355388247636600, 0.01470530524639371800, 0.01255153211456825800, 0.01036776420639799700, 0.00880096873364926390, 0.00739157346223722880, 0.00537155455098519040, 0.00359885107247405640, 0.00212363262851293900, 
0.01995371938977490500, 0.01728509057925349900, 0.01630376062385798700, 0.01714222697945863200, 0.01661895636167784100, 0.01423644261957914200, 0.01190409065658791900, 0.01037792765459361100, 0.00887325213624096630, 0.00627092290514003150, 0.00419381304194783610, 0.00278585376433492650, 
0.02125151708924537300, 0.01879957997001214000, 0.01771360831593841000, 0.01834866123355121500, 0.01761727368859333400, 0.01524173532028185900, 0.01283983949742957700, 0.01097936341263200000, 0.00925669902339482790, 0.00649112618884890250, 0.00435777960976580380, 0.00266449646088295090, 
0.02244056149741248000, 0.02004602792689877400, 0.01907382353656784600, 0.01939785639127713000, 0.01856248042881217900, 0.01640725838408673900, 0.01399776935312798700, 0.01167181057325500000, 0.00971286926293738090, 0.00729380534637502800, 0.00534102307316869190, 0.00339847686352305740, 
0.02437850236532309800, 0.02167881448165558800, 0.02093992644622052700, 0.02156154380845588100, 0.02067041826672674100, 0.01830331490024879000, 0.01591652587040154000, 0.01392001967466319200, 0.01191692631669067800, 0.00914486582964612640, 0.00697597665447475480, 0.00523431551254858840, 
0.02631699486835108200, 0.02374514634946725500, 0.02291708667764737200, 0.02334825305776120500, 0.02215462391948564900, 0.01968972313154495800, 0.01728364008368182500, 0.01534406713749184500, 0.01295254174673788500, 0.00987185484357127640, 0.00742996753951955400, 0.00553248359766194890, 
0.02560699737061148500, 0.02342371704222238500, 0.02251810506542504000, 0.02279327754636523200, 0.02168472125304321500, 0.01927538287984401400, 0.01700903682729540100, 0.01508167956922964300, 0.01282038331104769400, 0.00989550251849611460, 0.00756266855426796470, 0.00560299622920273220, 
0.02341429165496984600, 0.02135641014689517900, 0.02071333860510713200, 0.02114960229407800200, 0.02009708296865773300, 0.01780855328782185400, 0.01568130550241205600, 0.01400519190935520200, 0.01206687182397663700, 0.00934991964029496980, 0.00733699312597399080, 0.00565397623121549790, 
0.02246393688758598800, 0.02048048004413503800, 0.01991589528146978400, 0.02037965185137090600, 0.01939450712823581600, 0.01709053378682338200, 0.01498560402257344300, 0.01350136827357642500, 0.01176123264602756300, 0.00910259493911098890, 0.00710186791009563380, 0.00551948050672831230, 
0.02165877957725450800, 0.01979668909497264400, 0.01910977373421054000, 0.01951536778731918100, 0.01864980385666703500, 0.01642105579727657500, 0.01431441194198432100, 0.01270788024086379500, 0.01111285861176613600, 0.00859762230936312110, 0.00662505309610632220, 0.00491143875780397640, 
0.02046483078851756700, 0.01874589452519471700, 0.01803237990729631200, 0.01822473972729421800, 0.01736901328071802800, 0.01532810536525673400, 0.01337461261862967600, 0.01165097581903384000, 0.00994788072532331450, 0.00767612627507402010, 0.00587274185872793240, 0.00419225898596736840, 
0.01887442193681512100, 0.01730904707026900300, 0.01653924798190054700, 0.01657178796295182000, 0.01572064411290782800, 0.01383333635881007000, 0.01191847034546101400, 0.01019712147308280000, 0.00851049883554364300, 0.00650744628451642960, 0.00475329897970508140, 0.00310650068357851230, 
0.01822144937980869900, 0.01667681028396710700, 0.01583644735442163100, 0.01578090755311391600, 0.01491091997512995200, 0.01306777443585019500, 0.01097645061739024500, 0.00914996456356253690, 0.00756572688835111930, 0.00573245134187282300, 0.00388576487497345250, 0.00196043416579731600, 
0.01801028965370295500, 0.01656899716100613700, 0.01587290432329138700, 0.01580174086585592300, 0.01487807740930370000, 0.01316641626528210200, 0.01126681312574750000, 0.00954652641916327840, 0.00796671404525191480, 0.00619887188676970530, 0.00452569474563846530, 0.00270128042666270640, 
0.01805101322956996100, 0.01668776928872330700, 0.01583506225290431600, 0.01574907685087412500, 0.01487832955941475500, 0.01318936383130326800, 0.01124681257745012400, 0.00950920809992171660, 0.00801534005006025380, 0.00625464604576891210, 0.00455058915369340420, 0.00261967503216791040, 
0.01770699296130226800, 0.01628494487449911500, 0.01536558671954928500, 0.01521708947795950300, 0.01431040420000841700, 0.01253456119524321700, 0.01055536671119095000, 0.00882655462201182780, 0.00738883840706533890, 0.00553704357575873600, 0.00374719790275291650, 0.00180960996582921980, 
0.01667815641301176000, 0.01538681084931383500, 0.01447775641234397600, 0.01430205539045848400, 0.01351728946107772800, 0.01186516475466988500, 0.00996952726311181940, 0.00829905710200157590, 0.00693233166087144600, 0.00523236388530400830, 0.00350135564396248520, 0.00169337753746239410, 
0.01672772714802067700, 0.01541830381041622100, 0.01446627283292397300, 0.01427633098916692100, 0.01355195460142133400, 0.01194820945783779300, 0.00998183712015624640, 0.00821562126027618880, 0.00680125723662527820, 0.00515400753641884640, 0.00342772938161088960, 0.00159784745083247410, 
0.01679827625510380000, 0.01541620498547516400, 0.01444242818486890900, 0.01416978298517994300, 0.01338790709180400600, 0.01176174600913205600, 0.00988560518130069020, 0.00808399557094025690, 0.00655701051054891160, 0.00473962532624767980, 0.00306036580262602880, 0.00135911480926689980, 
0.01605655540380809100, 0.01476618569644913400, 0.01382401324879950800, 0.01351967850715076300, 0.01278093601808594700, 0.01124003133767256500, 0.00949069537628973590, 0.00779898523613988240, 0.00630897666956625400, 0.00458088382930730340, 0.00291254233797640700, 0.00137422333142809320, 
0.01516647805549472900, 0.01393872177892983500, 0.01302139605129885300, 0.01266015131624216900, 0.01199235204955404800, 0.01063092097312093700, 0.00900484853382009680, 0.00735940595315247130, 0.00583236021162322930, 0.00424434163489343170, 0.00273219133630293270, 0.00137510293305119920, 
0.01445381798710125400, 0.01330965627548815300, 0.01239301857249570900, 0.01202201131593775100, 0.01145818615740280300, 0.01022952875903718700, 0.00863917797113039970, 0.00693449993781155520, 0.00545000202553892840, 0.00404993712281579920, 0.00274757383104342430, 0.00139663285388942970, 
0.01360728080922043300, 0.01261387874020693900, 0.01174054848114530400, 0.01138452955001893800, 0.01085934351251128700, 0.00976356382434276190, 0.00826244947422651380, 0.00661592935021693140, 0.00520722669602525540, 0.00395351497381052610, 0.00278236112411611290, 0.00148985002141639690, 
0.01245249405122763800, 0.01162704147761014000, 0.01087522085453306700, 0.01050544233826681100, 0.01002625872783337500, 0.00910176283433294580, 0.00783166607776865360, 0.00628275871173575220, 0.00492448129891701060, 0.00376790160165466850, 0.00278708605511549490, 0.00169258916664576810, 
0.01180451807288402200, 0.01111886110254120000, 0.01043486269681983600, 0.01003570425001304800, 0.00951243075176243930, 0.00859594255294814790, 0.00744261485476547730, 0.00598808485909939690, 0.00471221513321395950, 0.00355030487707640390, 0.00255466699086763630, 0.00148180868459482210, 
0.01132298236955671400, 0.01080387904783166100, 0.01016483674614611700, 0.00970919784600492680, 0.00914437796821111070, 0.00819782958468580690, 0.00713862788255231580, 0.00577285951603459700, 0.00462562000836124440, 0.00346109756677861080, 0.00243700245986887490, 0.00131628991492259280, 
0.01081447996615345100, 0.01042804805158713100, 0.00984813933109845480, 0.00938246618087863580, 0.00877958117856997460, 0.00787990219132706640, 0.00691310982080887460, 0.00570725015198607530, 0.00464384000332304040, 0.00349246827025860570, 0.00245959862863814100, 0.00135497971544958510, 
0.01024917639506418500, 0.00992313071464502590, 0.00939534844094382790, 0.00891560465893753530, 0.00827324368662702560, 0.00741398308706147250, 0.00649875189323065660, 0.00540642013420491400, 0.00437142262831257280, 0.00323517072792229570, 0.00220175077578944630, 0.00113341703949580430, 
0.01020668060573217200, 0.00988824582164129880, 0.00935234098029373400, 0.00882460999759119260, 0.00815682931669948520, 0.00728542011194802110, 0.00635779164817145810, 0.00524042092775931810, 0.00416955725058438830, 0.00300453182259782700, 0.00193644416957716420, 0.00082584881173594009, 
0.00996961455026203720, 0.00966175490068828250, 0.00909894720199872980, 0.00852314119027424220, 0.00782757459114109990, 0.00693772903320304200, 0.00602412461331469290, 0.00488708783323837160, 0.00381543345747188290, 0.00261195965695412220, 0.00151162038940046390, 0.00037785095919596885, 
0.00895431750506942710, 0.00866151898490224830, 0.00814038911365299110, 0.00755875955967668430, 0.00688150507104490220, 0.00604705998999372980, 0.00519928541484828390, 0.00420088103747175230, 0.00322783957319850230, 0.00213580196395370600, 0.00109378506710288630, 0.00004379451948530717, 
0.00750848347925228090, 0.00726584224722050600, 0.00684428776586048190, 0.00634191116540896210, 0.00577161502843236400, 0.00506634743907859520, 0.00435360574626241990, 0.00353499604804943060, 0.00272476654342816490, 0.00182464353395313120, 0.00095908547344399401, 0.00005958692215460392, 
0.00593153962202385040, 0.00574372103821391230, 0.00542005831752936760, 0.00505840716616639750, 0.00462585138286808130, 0.00409154491792038200, 0.00354968044532372310, 0.00291067444143406580, 0.00229518311529932490, 0.00160922266523094110, 0.00096758598292633817, 0.00026611416103870534, 
0.00426194758750204470, 0.00411517153114134610, 0.00389738655227729600, 0.00366126711718919990, 0.00338142063743404520, 0.00303310892925928680, 0.00265464244877732830, 0.00221955583330232320, 0.00178102255377759170, 0.00130702921776502880, 0.00085804215120300633, 0.00037176997067147162, 
0.00309665089232663690, 0.00298057021445772290, 0.00280202949344577790, 0.00260382039219407380, 0.00240110495330764400, 0.00212867169862430460, 0.00185218872337655550, 0.00150749272986825180, 0.00115791108711038220, 0.00077688571836986300, 0.00040960932347853672, 0.00003826238124402070, 
0.00242273184692445770, 0.00232808504298212750, 0.00217961474950141610, 0.00201435752357633550, 0.00183211593060994510, 0.00159605974271343040, 0.00135773541343928360, 0.00107485878557089880, 0.00079228445510470553, 0.00048493647981301554, 0.00018809253547321950, -0.00010789918628244473, 
0.00221583941964512190, 0.00214851636640530500, 0.00202585119041138760, 0.00190366593503838190, 0.00175903391050298390, 0.00157201839546976470, 0.00139165519914088100, 0.00117702746920381010, 0.00097174123124877331, 0.00072671984932528937, 0.00051175821854995251, 0.00026415429719470868, 
0.00266146891659615630, 0.00263991278586239810, 0.00249555304471542430, 0.00238905698705429080, 0.00224948057473237750, 0.00206154841579618380, 0.00190358014847442500, 0.00167624864845823020, 0.00147256018756424880, 0.00120761008202532800, 0.00096525233051350458, 0.00067884948300633169, 
0.00274994458092443290, 0.00272593430127149580, 0.00258089999141165910, 0.00246844236223259850, 0.00233024258905614300, 0.00215139639275385490, 0.00198654378236481170, 0.00176781076586988110, 0.00155480186307500140, 0.00130591364862742120, 0.00105682127088416610, 0.00078821689017990939, 
0.00192013174167169030, 0.00190871590065738790, 0.00176915479803327990, 0.00168074050144080170, 0.00156306307940486440, 0.00142758318086275020, 0.00129299807759215220, 0.00114878821767253770, 0.00098388201552569374, 0.00083130850858845618, 0.00065674773676748768, 0.00048273291258798070, 
0.00131748940770705740, 0.00137092173460079420, 0.00123273201848687250, 0.00116165908581942580, 0.00108276437866089840, 0.00098785919933189561, 0.00084836225409465696, 0.00074529525320713645, 0.00059505589260354570, 0.00047947432644243675, 0.00033855927981032600, 0.00021565705463084942, 
0.00102119237858252160, 0.00105277084677651820, 0.00098164088900686551, 0.00087306549972432021, 0.00084438934572962112, 0.00076800861018647517, 0.00064678811604314235, 0.00056053028823175167, 0.00045350392993754490, 0.00033396828138752621, 0.00024707618749367395, 0.00013651650171878310, 
0.00111517887719694040, 0.00108679433523293310, 0.00100199853079807780, 0.00090451811280635734, 0.00083913091438174154, 0.00075070263576115890, 0.00065837539124781572, 0.00055332807678580163, 0.00046188825099810271, 0.00034544972080639889, 0.00023227286220314978, 0.00011012923817104882, 
0.00107325076115220790, 0.00103657621762477710, 0.00091393484541992963, 0.00083055635537375742, 0.00070958863187177792, 0.00063272944515748461, 0.00050921328090989843, 0.00038938354578687461, 0.00031233611780700306, 0.00018931728153783907, 0.00009610660989986952, -0.00003920849245716737, 
0.00091599879442651785, 0.00098300187257462199, 0.00087444514409365092, 0.00086377295242972814, 0.00059902714365902665, 0.00058411883971005150, 0.00045889767784118189, 0.00030722745170492014, 0.00025479299383367947, 0.00010521750166165252, 0.00013039209040568785, -0.00009512773638330091, 
0.00112459306255022600, 0.00116288096819498860, 0.00114536461732354630, 0.00116257281156823420, 0.00089493322108576286, 0.00080785211707596987, 0.00080290124171541761, 0.00061846270276385434, 0.00047864814165079312, 0.00037253640593330983, 0.00037063463599043637, 0.00007986479956006805, 
0.00128960537288228850, 0.00128473927436912160, 0.00121801245234122790, 0.00115918633421348090, 0.00105408505013575620, 0.00097168996928981765, 0.00087851707225347425, 0.00075494092188540022, 0.00060631011524803192, 0.00050068070284217659, 0.00039182714374871950, 0.00024237402381068536, 
0.00114677404535792290, 0.00127157725508623460, 0.00113038651194165780, 0.00111176076453991930, 0.00097466512402839519, 0.00093513357813339814, 0.00074125103748890527, 0.00070891329457457766, 0.00053102880765492938, 0.00042788594541018522, 0.00025185352414682703, 0.00018448129888653446, 
0.00089959062901247419, 0.00100878575020344610, 0.00090849867101199509, 0.00083764454931831362, 0.00071638069706899386, 0.00061152792894516943, 0.00047120437754817878, 0.00043056608079855856, 0.00025066658603315704, 0.00017445848192963647, -0.00000773249959351437, -0.00008483473346838619, 
0.00036044962989976179, 0.00065307181175981764, 0.00048336567970374633, 0.00034786174571324450, 0.00035516313898590300, 0.00015704166751217790, 0.00018559379298160761, 0.00004288224419969239, 0.00002800307464090175, -0.00002047549772101780, -0.00015708823006847883, -0.00013242647173747669, 
0.00025974131005639215, 0.00062954602554504214, 0.00037280727567562752, 0.00034931262721437978, 0.00023185408315866347, 0.00012598074668020677, 0.00012400975853814984, -0.00004284531921085232, 0.00000026921255338796, -0.00008330437672841275, -0.00019661944368504192, -0.00005780279569180522, 
0.00026271511002393485, 0.00056416753739563100, 0.00045165517731980725, 0.00040154507606939829, 0.00027673814360451197, 0.00019754814969130042, 0.00016256667517689809, 0.00010668055231563138, -0.00005384675517486543, -0.00000100104013834278, -0.00018221198739206684, -0.00003958773256617429, 
0.00025666172883556811, 0.00050998950408946947, 0.00041742268245661957, 0.00030965818185683784, 0.00030664027874713909, 0.00006823796536171997, 0.00015276330933250906, 0.00003968067625638714, -0.00012340152097316595, 0.00000888136945643379, -0.00021273825089494715, -0.00010918734171879312, 
0.00026616677610633049, 0.00037087422712788907, 0.00028678763819363161, 0.00022456960979114584, 0.00009991414104817900, 0.00004539724440124571, -0.00003282389074571349, -0.00005966336378346741, -0.00017038202513069167, -0.00018466710986141650, -0.00019297018074847870, -0.00020017781284124115, 
0.00016179106901576914, 0.00023355221345959420, 0.00022996287524388445, 0.00021129166663959946, 0.00001413636164829158, 0.00007539621365320532, 0.00003268676967826978, 0.00000561284557316321, -0.00009749838464704716, -0.00011170415182074437, -0.00007062083914824339, -0.00016223974005587246, 
0.00023363289301892327, 0.00022265855206317578, 0.00024163238171948524, 0.00026931512383948777, 0.00005994288347532669, 0.00010050723604556275, 0.00010776192122253445, 0.00007290221781188177, 0.00000046197505036680, 0.00002203961622354316, 0.00002882318499769323, -0.00008171346908016987, 
0.00017691846999341054, 0.00017472932079666903, 0.00019320107086155631, 0.00026039886695237090, 0.00000589598548798439, 0.00001789615195450878, 0.00005491587294733734, 0.00009155420738250815, -0.00001666397902608244, 0.00003678014474087052, 0.00002394915472988642, -0.00002201704259176643, 
