0.99128289205147035000, 0.57133813983104265000, 0.15158698886912697000, -0.02903404854599978000, -0.12868507685848071000, -0.16716257298573209000, -0.32750834727660982000, -0.06661725606091067900, 0.04695641883799342400, -0.06976703560072630700, -0.00807298159947729240, -0.03064753057141572600, 
0.35247354587991797000, 0.24302670456438794000, 0.10776892443873001000, 0.00019426119875372294, -0.07319678912834856600, -0.10807675695382657000, -0.11501719220338869000, -0.08524842906518584300, -0.05246891871052602300, -0.03236698762379218400, -0.02471381778529873100, -0.04251431910446403000, 
0.24412314638343205000, 0.17475546216555982000, 0.08714543364341881300, 0.01168319775395877300, -0.04015068829611255500, -0.07005298475890350800, -0.07697136123340861400, -0.07184829369898308700, -0.05805366448187974900, -0.04465491367361336400, -0.03807297497661225200, -0.03721030243206831200, 
0.18970416104619994000, 0.14257342189257904000, 0.08105536900247284300, 0.02402566210822616400, -0.02027374267120923100, -0.04746034292331601000, -0.05797708974350495500, -0.05847799939368713400, -0.05528452486951505900, -0.04839792270519200500, -0.04575757277813329000, -0.04472483966658045300, 
0.16178498944840228000, 0.12517818173762069000, 0.07681190306473666100, 0.02970594546316018100, -0.00961941377932188160, -0.03580056313927210100, -0.04996946052946208600, -0.05546117635363148600, -0.05683193758882628500, -0.05457032112546715600, -0.05246062932431654100, -0.05091305414904438700, 
0.13394789511231137000, 0.10653369918987558000, 0.06979991883815989100, 0.03236615847304568500, 0.00052072978159998715, -0.02228418116653101100, -0.03683652525791440700, -0.04580168605072108800, -0.05139994993357645300, -0.05422105509310765800, -0.05590732842601092700, -0.05466397582783068300, 
0.11214251045299883000, 0.09141028092798823800, 0.06319818464548468400, 0.03405116902265496700, 0.00876444465984524590, -0.00942679926045802110, -0.02183953809374750800, -0.03036795546074279000, -0.03735880516256016900, -0.04184031925687176800, -0.04593531385658088100, -0.04722847846058021700, 
0.09606049415142875500, 0.07999486810353033400, 0.05824502903838444500, 0.03615955632612664900, 0.01673742913241008100, 0.00176028421499864600, -0.00923677243852280210, -0.01754810155318401600, -0.02475919345332540700, -0.03004165973387325200, -0.03466618795634054300, -0.03658594418368799800, 
0.08322585467608099900, 0.07059707601407561000, 0.05397983402034263500, 0.03691669775445390700, 0.02140811666357433200, 0.00875533268919925080, -0.00157073019478524460, -0.01030111097772940800, -0.01805951192566831300, -0.02502704733620779800, -0.03096497046554259500, -0.03449454713279969500, 
0.07553365582871288100, 0.06533951969625961800, 0.05156264007710412800, 0.03689558803740293500, 0.02292846937281751300, 0.01099846642261674600, 0.00075749013796086624, -0.00840285724137825730, -0.01674107617464230800, -0.02470102920421558100, -0.03207779257430520100, -0.03791705223409990600, 
0.07052065996440862200, 0.06231359898205364500, 0.05070541316343675500, 0.03801608153952889400, 0.02573026713291239700, 0.01483086001777674300, 0.00509147459535039950, -0.00406971977941482030, -0.01313033835104274000, -0.02225090918471568300, -0.03145816960281127400, -0.03993237696349057100, 
0.05679457301960586000, 0.05126821712076412600, 0.04317918494153361000, 0.03400870808519469700, 0.02476028189142802700, 0.01597947212056776600, 0.00780073431028971770, -0.00013837894390246594, -0.00801553080342990930, -0.01573115257965007300, -0.02342179752934142600, -0.03042444098025799700, 
0.03410557389793138900, 0.03097772483051370800, 0.02653659949743666200, 0.02136260551891434900, 0.01602135739245130800, 0.01081890947668348900, 0.00627373752757107330, 0.00216199023947421820, -0.00155733119149566780, -0.00489803341972724820, -0.00796063249197077360, -0.01066992169791695100, 
0.01780391577568823200, 0.01582854273236424300, 0.01374256573580522900, 0.01130787028343679900, 0.00902425199501388250, 0.00668942099916654260, 0.00472897310717617600, 0.00324878078724162060, 0.00185444361841405730, 0.00056928396830085103, -0.00066260095867077325, -0.00177360674017983590, 
0.01019130887541391500, 0.00759800260887919140, 0.00557794955460742810, 0.00339255859552870010, 0.00229695542608915680, 0.00095352828786252910, 0.00011579207975565388, 0.00033911349635879889, 0.00009227299088440033, 0.00017419575988539973, 0.00010620197230745605, -0.00011210550042692928, 
0.00712417414415373980, 0.00587710820467286180, 0.00361400482729520770, 0.00246901642700217980, 0.00094914543947627892, 0.00028792931159960048, -0.00063623233458007310, -0.00006350339351534700, -0.00057202830947567906, 0.00095944836363269362, 0.00034336330794101742, 0.00113476344539090580, 
0.00251509287677146620, 0.00321488457710750920, 0.00221784874200995360, 0.00245574922777738040, 0.00053268768661073182, 0.00047833275349472168, 0.00042918262852064900, -0.00008860439696726832, -0.00065978936585419192, 0.00132083546562470590, -0.00022587691620430756, 0.00162106559503801870, 
-0.00005668045322030744, 0.00191679921091893820, 0.00192105202742302770, 0.00088175143035253937, 0.00044795195232396733, -0.00118218045265541050, 0.00081396786706804147, -0.00054510748241075270, -0.00074746156977738905, 0.00002045048341657149, -0.00115747864378286490, 0.00012883961352719116, 
0.00126238872175146470, 0.00285976075751688760, 0.00154949224602126730, -0.00023565625075862339, 0.00037597315905652662, -0.00059843402013920596, 0.00054076429995610802, 0.00046570882793129444, -0.00075583166348198690, 0.00009210120432464837, -0.00073096363434694959, -0.00022809174371162371, 
0.00052543671591791599, 0.00295163494883650360, 0.00167857484669088060, 0.00001652098647487790, 0.00031085678470251676, 0.00041523011586651841, -0.00054520529386894415, 0.00048314683057743013, -0.00140032445934526420, 0.00005060667538365297, -0.00117011728510332510, -0.00057626093914014769, 
-0.00213162784923824620, 0.00263989612568623230, 0.00183214001060571040, -0.00181166637251149510, 0.00150619763683267270, 0.00007832937653290333, -0.00075097623890723068, -0.00082809361002125640, -0.00064972309978843213, -0.00046872168787330071, -0.00160933380905700080, -0.00035853340638450533, 
-0.00038922558458039542, 0.00328790872266521020, 0.00266587057980619550, -0.00212288030381585630, 0.00188598410572365840, -0.00150937055338600550, 0.00068642304125727930, -0.00306882571661293640, 0.00051379843691202695, -0.00098180743393469928, -0.00186475678589158680, 0.00102821258742418840, 
0.01249759844282215300, 0.01257760097831672800, 0.01089980307204471000, 0.00767337588555175050, 0.00664203313252631140, 0.00426251966497596430, 0.00331626592151707240, 0.00011315090882636583, 0.00080543408390729631, -0.00137146055019815390, -0.00242735730097285280, -0.00199165426170568390, 
0.03375725288940751400, 0.03078516481868709100, 0.02658814520345429900, 0.02131071783750547100, 0.01608276948428428000, 0.01076727627519273600, 0.00575071556481625450, 0.00095633066399432071, -0.00307972410646037850, -0.00691722359280251030, -0.01016315304181966500, -0.01267585475907546600, 
0.04867648500751403000, 0.04324540283202189100, 0.03556443847220114300, 0.02685395939357499200, 0.01840956014462882800, 0.01067985913783903500, 0.00357272912351893870, -0.00302908047824084100, -0.00914630405261912870, -0.01522820697126810900, -0.02063135611985529200, -0.02547657272446830400, 
0.05712578795988933200, 0.04929120447245353300, 0.03837210457105148100, 0.02661990511393227300, 0.01603046421100033600, 0.00733699847559929690, 0.00024553261664819661, -0.00551853720005201360, -0.01085435519961195000, -0.01648541275921373100, -0.02148977503001712300, -0.02636895055536638700, 
0.05865782239292941700, 0.05001341592336965000, 0.03814799055779623900, 0.02546832802244419800, 0.01401404294313794400, 0.00486019155568252590, -0.00174780014741811800, -0.00633471335338457470, -0.01028478691264472100, -0.01426873940083514900, -0.01779040337890197900, -0.02135649561259338200, 
0.05210348499081231300, 0.04447447976130698700, 0.03374064508337313400, 0.02228796196801027800, 0.01156002326145004000, 0.00300729598876574340, -0.00304245989922391060, -0.00703923831244336780, -0.00983890448428140050, -0.01192281576820536700, -0.01341941127970227600, -0.01449474756487896900, 
0.04866073323075337900, 0.04136599598582556300, 0.03097183593664460500, 0.02015176271063785400, 0.01003294905011549400, 0.00214674543366304320, -0.00341299060383952560, -0.00721291873907467260, -0.00941132422282540090, -0.01106107639697768300, -0.01161991092397784100, -0.01153010873420204400, 
0.04623671838372795500, 0.03908262557582627100, 0.02907688881703454300, 0.01872325191524604200, 0.00911891019627309070, 0.00161191017041719410, -0.00393948876514641990, -0.00772570775982372220, -0.00999478632382865690, -0.01139500990271355800, -0.01136416380963093200, -0.01020429494485064500, 
0.04460135074074693400, 0.03745321872919708800, 0.02758266373639701300, 0.01732275112707702700, 0.00803765709720067470, 0.00076814259073196224, -0.00458858174320745170, -0.00786118746586097000, -0.00999869497662818350, -0.01106404569343791100, -0.01084998772419063500, -0.00947207269774584870, 
0.04641622781588260200, 0.03908233009485275600, 0.02907482131956696400, 0.01867341995811894900, 0.00935636182286329020, 0.00208366636943187150, -0.00321682120693873130, -0.00668204359969980150, -0.00907582755690111710, -0.01055580848991998100, -0.01092372940440138100, -0.01029616116882145700, 
0.04702071150935110300, 0.03972557671740028400, 0.02980403623826845600, 0.01950716751432469300, 0.01033269808091707500, 0.00307113024428142070, -0.00242811150068673180, -0.00653966317593735950, -0.00958391106497685080, -0.01162474559790575500, -0.01249362203975607600, -0.01218167095759778100, 
0.04475395010280002600, 0.03802946883522172200, 0.02882512899564630000, 0.01915720683993324400, 0.01031486380301399300, 0.00298474548623622060, -0.00282244707043676890, -0.00736339179833087140, -0.01067764539843271300, -0.01288782107181749900, -0.01379949358015271900, -0.01346130735738868500, 
0.04267465320139696100, 0.03640677847896107300, 0.02776379944647936300, 0.01856030571491138600, 0.00992468121348491320, 0.00257086006471082820, -0.00334087351104220280, -0.00788779042279232070, -0.01113116741661852500, -0.01307718156255894100, -0.01376815648331836800, -0.01337184875647869800, 
0.03837211898765199900, 0.03281163558356750600, 0.02507147733588694500, 0.01671709991894823300, 0.00876144059957409230, 0.00183436806799053280, -0.00372280875370681810, -0.00800695312739032470, -0.01082416998051920900, -0.01231138774177980100, -0.01241160728250005800, -0.01128627373296602900, 
0.03520663046102712200, 0.03033356862991325900, 0.02355910048816663900, 0.01606319909740104200, 0.00873435898269887650, 0.00218718569922256690, -0.00312134886911129150, -0.00717563081184102980, -0.00963587625005710850, -0.01086469250181872800, -0.01086110074112640700, -0.00967441104557526660, 
0.03246406089654068500, 0.02853922678780870100, 0.02292035018959249400, 0.01654973313551539800, 0.01012806501064373400, 0.00423749044922221150, -0.00074327050984253167, -0.00466238129015049060, -0.00732439383494990460, -0.00892690633968021810, -0.00952544772164369730, -0.00925555558370730160, 
0.03102930492135298800, 0.02786506240237859200, 0.02326329114606332300, 0.01788612016756248700, 0.01226957657614288800, 0.00687136137287234360, 0.00202416662894452620, -0.00208350559924633900, -0.00535840706938324300, -0.00774549751161177080, -0.00926200266326822690, -0.01004666429263222300, 
0.02767190265123340200, 0.02533575868305988600, 0.02188402278306024800, 0.01774397499722001800, 0.01324824240032258100, 0.00868778344764329500, 0.00428228889734707900, 0.00015206858346020679, -0.00354626241738180200, -0.00673291616188924880, -0.00918585112938178320, -0.01106236698342306600, 
0.01975338241999423400, 0.01820259923842197600, 0.01591548645500848900, 0.01320445420182163500, 0.01023267567475049200, 0.00725692576540444820, 0.00424840465991552140, 0.00128935383856223880, -0.00154581428721214550, -0.00419803057600062150, -0.00652910314527982510, -0.00855781170353150760, 
0.01201085020589829000, 0.01117008761270396600, 0.01000081087455578600, 0.00869995439390017400, 0.00740002697529413240, 0.00618747952570579670, 0.00501900673251716970, 0.00391062346835196330, 0.00278921866552890850, 0.00165661677763850970, 0.00050741068408406990, -0.00066927613144824412, 
0.01163849969177440000, 0.01100986904349799000, 0.01014817329745549900, 0.00918787366679352060, 0.00829115818592163390, 0.00750060123995890690, 0.00683331611784468960, 0.00625454406184047270, 0.00566855171585604020, 0.00501751453464436330, 0.00426647558304772430, 0.00334588720334343200, 
0.01289660170878970100, 0.01229658485589763500, 0.01146334185698633800, 0.01051972627328896400, 0.00957817630804897420, 0.00869702292037699900, 0.00788701570450136770, 0.00709144442484610240, 0.00627105579934423510, 0.00536711157707293100, 0.00439612922180853890, 0.00331525824151499870, 
0.01353205430581333300, 0.01304812639862292300, 0.01233567996374671100, 0.01151106203620505200, 0.01062911034183715100, 0.00973352827347654690, 0.00885731032890789940, 0.00793091074499458790, 0.00698267184411528130, 0.00595561320965195310, 0.00490096599270398690, 0.00379063220048616750, 
0.01428732872186329700, 0.01385116450599931100, 0.01317393579847318300, 0.01237494318730537500, 0.01148523747012207900, 0.01055146342388630900, 0.00959429427810193010, 0.00859478876441631400, 0.00756749846530315250, 0.00648900634966547570, 0.00541826884254113360, 0.00432533373768479580, 
0.01492495466303650700, 0.01449530021664821600, 0.01381949650709048300, 0.01300657318166789500, 0.01209770014645376900, 0.01112117841226636600, 0.01009400688460885100, 0.00902236369177517910, 0.00792723930876648720, 0.00678844607004980980, 0.00567789959983393270, 0.00453711581088627350, 
0.01591976606347946700, 0.01549690438946832800, 0.01484564046454920100, 0.01403558152720928300, 0.01315148895537230500, 0.01218462287898864700, 0.01115709004535895800, 0.01006705765486948200, 0.00900334252954672690, 0.00784576028887274190, 0.00671143819482326790, 0.00547697711918120320, 
0.01769888830679134200, 0.01727473876954749000, 0.01661758652056465400, 0.01579095775473277800, 0.01488757893971748300, 0.01389281449490955100, 0.01282254224205446400, 0.01166796811033397400, 0.01054633700588560200, 0.00928296265972408320, 0.00802393443274697710, 0.00661436224775298170, 
0.01883366553698457400, 0.01842302141502469600, 0.01777286367802089300, 0.01695900918324986000, 0.01604863408800637600, 0.01503176454072658100, 0.01392577911857274500, 0.01271791455820566300, 0.01149111832515468300, 0.01012128690962409500, 0.00871545443036892030, 0.00714496377116048170, 
0.02026137419426936700, 0.01986473236472163100, 0.01922262587206621100, 0.01839859956734876300, 0.01744796858660822500, 0.01636671703268795200, 0.01515780047233097200, 0.01383838880890910500, 0.01246323566709471200, 0.01094919958890474800, 0.00939966575105485700, 0.00767766931289287290, 
0.02111051484713379800, 0.02068808410036357800, 0.02000854463991712600, 0.01917070341595116000, 0.01820755943840708000, 0.01710442699815289600, 0.01587513823942201000, 0.01457184623752806300, 0.01318697347017715900, 0.01171843047767083200, 0.01021338066692107000, 0.00853027011597466690, 
0.02180612607646247700, 0.02137962011884373900, 0.02069201286768740000, 0.01985292951366993800, 0.01888279827711685600, 0.01777425385599006000, 0.01655163883548895300, 0.01524488457104074100, 0.01385827866602455500, 0.01239749823216845400, 0.01088970206591568200, 0.00922092315043570620, 
0.02371224527427405100, 0.02321876593125310500, 0.02252185858634072500, 0.02167112087585001600, 0.02071687228528221900, 0.01955538178346871400, 0.01815692926818664900, 0.01659917109567959900, 0.01494717818617033100, 0.01321550907379158100, 0.01144647302813143200, 0.00952241846247343230, 
0.02539806805291464100, 0.02446667373275297800, 0.02360929824121822000, 0.02286163050745829500, 0.02214368330850859400, 0.02094726379098249500, 0.01923491076659435500, 0.01732417485685623000, 0.01540868452563937600, 0.01359696494040718700, 0.01171822637409484500, 0.00963386587513209710, 
0.02421294854835861300, 0.02290618292549702000, 0.02207679786583020500, 0.02172634337745477100, 0.02124363812547525400, 0.01996921960224973300, 0.01812569160618559100, 0.01636608980065885900, 0.01481145255754538400, 0.01328879278575702300, 0.01152350464214894000, 0.00948361014332554240, 
0.02329249415736377900, 0.02186005590259548800, 0.02115208539857909400, 0.02109316012979352600, 0.02064322531100230800, 0.01910842103624785200, 0.01719241521921618600, 0.01556685489205928400, 0.01416590251648619900, 0.01260046173168799200, 0.01079382950750080000, 0.00886997275182594730, 
0.02253913670334847100, 0.02116730456893081000, 0.02051336921892456300, 0.02042994311988613800, 0.01977172634654548700, 0.01801523704481521700, 0.01617719632199241000, 0.01468131692510832100, 0.01323940141402245500, 0.01137927683847307300, 0.00933199711620072250, 0.00745297907334608370, 
0.02191646461446551700, 0.02059991198442735100, 0.01991503319169774000, 0.01965723493881723100, 0.01884452303546279800, 0.01697971436855978700, 0.01506957092765524200, 0.01347634381479834000, 0.01195989148845527000, 0.01005296084990626800, 0.00784874121144730000, 0.00582971744041894080, 
0.02130023840166329900, 0.01983674774827572100, 0.01915909513881676100, 0.01890318012353826200, 0.01796751750496684100, 0.01599002434212821300, 0.01392317694682754900, 0.01220026792428379400, 0.01059643459230022600, 0.00871481153747566060, 0.00650313802560511300, 0.00426783080494200220, 
0.02056318465177926100, 0.01925523957605840600, 0.01861511147670551900, 0.01846587894738619200, 0.01748342736639259300, 0.01558192242002721900, 0.01377858477856554500, 0.01232580015866502200, 0.01080398946915271000, 0.00884026895534506700, 0.00678459782923803750, 0.00471105313941398010, 
0.02210040408408587100, 0.02093857121141460400, 0.02042309090773811500, 0.02023404801746904100, 0.01914367126197088000, 0.01725272100292386500, 0.01572171972340247900, 0.01440619231426081700, 0.01261354379860263500, 0.01042277318873324400, 0.00849376217550125430, 0.00671331006556073660, 
0.02585629376336403400, 0.02467775678219017900, 0.02416843656391022900, 0.02381286251113150900, 0.02250246764236239800, 0.02041829966580404100, 0.01870393649106879400, 0.01716108022841430700, 0.01492432241144287500, 0.01243471201297112000, 0.01022855593585123700, 0.00816630752422951340, 
0.02903076092978503600, 0.02778750445630453300, 0.02704554027040969800, 0.02646534810615316900, 0.02523978093164224900, 0.02302669907215977900, 0.02091636413484281700, 0.01897732442062758500, 0.01651497181596130200, 0.01393669777293558300, 0.01142596624916433100, 0.00886521806986416420, 
0.02978767443387630000, 0.02855430875958440300, 0.02755042148587283400, 0.02685481837835360800, 0.02581955056734944200, 0.02367410087022393500, 0.02129752250674586700, 0.01895004470658645200, 0.01645029480572176100, 0.01403762264662818800, 0.01140112685659644200, 0.00850852388923441050, 
0.02764980574171753400, 0.02651464826672421700, 0.02549687272843500000, 0.02486338119847785600, 0.02379545339261876800, 0.02181273944888236300, 0.01956658590017186900, 0.01734312587023351100, 0.01492069338449841100, 0.01254616871719762800, 0.01014821934902987800, 0.00746925152622693150, 
0.02462881759646452100, 0.02342047570600843200, 0.02252706913027626200, 0.02204113707554457300, 0.02102115351099528900, 0.01914142954998012900, 0.01711018426428640600, 0.01525902816225160700, 0.01312049140362028500, 0.01088391254017814100, 0.00889553793996751380, 0.00661426728416749170, 
0.02355932429600886600, 0.02221816185421136500, 0.02145637332572829900, 0.02107931966414029400, 0.02015108649484228400, 0.01825089356571234200, 0.01629382215972555200, 0.01465320224041640300, 0.01259513360816744700, 0.01037462986453708600, 0.00844539037843882940, 0.00641844058273123920, 
0.02459559299882284300, 0.02312791051972419200, 0.02234161102918004800, 0.02194487660196810900, 0.02116501585043885400, 0.01920017341458779200, 0.01715135385682844600, 0.01543703705925416800, 0.01329475175876327800, 0.01101885502399798900, 0.00902002773930670950, 0.00702935753364068460, 
0.02590857828905421600, 0.02430261682474999000, 0.02342924819435301300, 0.02303212135032252700, 0.02226790711741599000, 0.02014409742030631700, 0.01792757120522247400, 0.01603873797334140800, 0.01382612713361865500, 0.01149327729007016700, 0.00932649477885940520, 0.00715089505988895580, 
0.02575210679491781600, 0.02426163617412028400, 0.02320970540025505900, 0.02267207850703280600, 0.02194304593030239500, 0.01999029870929802700, 0.01776774454677609500, 0.01565647266141530600, 0.01344437059854799000, 0.01124853086363675200, 0.00913407309424087850, 0.00690407731032922650, 
0.02469280799913422700, 0.02337468017583176100, 0.02215541772948551000, 0.02155236537034163600, 0.02085516438242750200, 0.01912868865582230100, 0.01698186314906227600, 0.01471483983697595800, 0.01253970654375678200, 0.01058258067762332700, 0.00871954022063169650, 0.00654148077937294350, 
0.02349814501699379000, 0.02223736479994075500, 0.02111713250777120000, 0.02064126077149054000, 0.01984530513008049600, 0.01810290306084370500, 0.01601693610989394400, 0.01392258931986348200, 0.01190091071358119000, 0.00992270495414160520, 0.00803156783311380700, 0.00594870473346642390, 
0.02086650244857084900, 0.01961415592770645800, 0.01874576253849518200, 0.01850694571440390400, 0.01783393301230469500, 0.01612353287133147500, 0.01423232338795997000, 0.01249793715651874500, 0.01082632642745137200, 0.00897477337669592280, 0.00725663361613696450, 0.00547844388867263150, 
0.01703215405361551900, 0.01589865419922990200, 0.01508918537783152600, 0.01489854955920974500, 0.01431358569671697900, 0.01281009832694261800, 0.01103758809899942400, 0.00944445768895194050, 0.00803364790363251050, 0.00656943992448867120, 0.00513902429141287200, 0.00349190639437250420, 
0.01318722509233049800, 0.01220517554176832200, 0.01146462041587680000, 0.01129677774225542800, 0.01071895650308383700, 0.00944824009030627130, 0.00791502088709932980, 0.00657480857739539330, 0.00537619479669400320, 0.00419364311032087870, 0.00302193152212213180, 0.00160293903429579020, 
0.01223752967334716800, 0.01142425016262931300, 0.01078016548148567900, 0.01053290371883873500, 0.00985116768460008590, 0.00868335580095293790, 0.00741774770590772000, 0.00621646866128470860, 0.00504032752137870390, 0.00382507261709668290, 0.00276161963579545570, 0.00152426810693107000, 
0.01404392522131815400, 0.01330527072490792800, 0.01269184662363822400, 0.01232700918620820300, 0.01154562302801705700, 0.01022920231450987600, 0.00894778449603973040, 0.00771935068702498790, 0.00652560588134191120, 0.00510464771360172670, 0.00381295138310863050, 0.00244574664766612160, 
0.01612595144015035700, 0.01533618808308454200, 0.01468638125512801600, 0.01416079114075557500, 0.01327079015041478200, 0.01177166845556583400, 0.01038298493262412300, 0.00900388688912398020, 0.00758808155368902690, 0.00592727084180924050, 0.00437568551665070900, 0.00289380951759227610, 
0.01780446845906246900, 0.01691774827486536600, 0.01617233175946433300, 0.01558976166659681500, 0.01470194963797514000, 0.01310250543108973900, 0.01151022594564508200, 0.00983499432641821510, 0.00821192620904155450, 0.00642340519433495790, 0.00474178541211899270, 0.00304191773198121860, 
0.01989967960990334300, 0.01890772100962477900, 0.01809921264536530600, 0.01754649127562433700, 0.01664281374253215300, 0.01494643331539693500, 0.01315265724139624800, 0.01128083328594233500, 0.00950060158393545820, 0.00754479138414355760, 0.00568037121903304870, 0.00372660311408148670, 
0.02209643725565757200, 0.02110370444716878600, 0.02029229337581084000, 0.01972254645973228400, 0.01867788882587010500, 0.01685632266402586900, 0.01500314328439175700, 0.01318261445432289900, 0.01133550594823139500, 0.00920046485765379890, 0.00706198646195944910, 0.00489965392659092670, 
0.02355207539393893900, 0.02262877675823584200, 0.02179884013573761500, 0.02111615844153861400, 0.01991869153738331400, 0.01799363766042815600, 0.01611429108607175300, 0.01417986692901259200, 0.01219291055735800300, 0.00992084685851745380, 0.00763393494972452230, 0.00531681942781485340, 
0.02293468523015501600, 0.02196956918220747300, 0.02125949777228435700, 0.02057731647549367700, 0.01933097268300214300, 0.01747634228548570700, 0.01562817248105985400, 0.01376277367647896900, 0.01176939398243680300, 0.00958438940962203290, 0.00735956091295669490, 0.00500937464429120850, 
0.02113522364402760700, 0.02020441192146451800, 0.01949857469479455300, 0.01879648386071996000, 0.01767544267505218700, 0.01602574408450194200, 0.01431677434595997300, 0.01249850210636821800, 0.01055366382503713500, 0.00865097944796319740, 0.00665021855147359880, 0.00453621314666448510, 
0.01984948686532158500, 0.01912040640177822800, 0.01840807574974973700, 0.01775910769640120700, 0.01674943152864770100, 0.01517771604186784300, 0.01363824487548389600, 0.01197167434297141300, 0.01022024417814384300, 0.00843467866074215300, 0.00657806306006794660, 0.00469147295220855970, 
0.01929271514148977300, 0.01864207994279933700, 0.01795809086363201300, 0.01738402877333301100, 0.01637726949576380500, 0.01484401239248838200, 0.01332723565906943400, 0.01176655041038839400, 0.01016000010801148900, 0.00835668660687603240, 0.00656361938468824710, 0.00468111367778712740, 
0.01784668786604503100, 0.01719386611765980400, 0.01660090033189149500, 0.01605046277300103600, 0.01503912332088126700, 0.01363038697200254600, 0.01220187980645252900, 0.01078081702174116900, 0.00923375482136677870, 0.00751657488512771400, 0.00587900499637785710, 0.00414493274785590360, 
0.01602834428056582100, 0.01542061351524915700, 0.01483501352772009100, 0.01430836747034942200, 0.01332409126220081100, 0.01198587228846844300, 0.01064607238539313000, 0.00932566924948829280, 0.00785040700436320620, 0.00621134730950164730, 0.00466536505266214320, 0.00310682923730167460, 
0.01578931760975623200, 0.01509939458928523200, 0.01440251422435016200, 0.01377935132612386100, 0.01270908233709528600, 0.01121486924161277000, 0.00970336392582613930, 0.00827274985932150400, 0.00669788528407425780, 0.00499292145355967070, 0.00326573016963189630, 0.00171195592498920680, 
0.01645825547780782300, 0.01567784968206094700, 0.01491605092699185300, 0.01425953290349664700, 0.01316314936780572800, 0.01155615718506891300, 0.00992919932539076430, 0.00844611908531366430, 0.00681459921424623120, 0.00503969459819964860, 0.00324160213073243500, 0.00168393928402506710, 
0.01648800724886656200, 0.01574719926630479800, 0.01496636148373259100, 0.01434678275083771400, 0.01332290860729796200, 0.01179474645585553900, 0.01020499156307218600, 0.00870265502516572730, 0.00716007482011698190, 0.00541426624310629990, 0.00364539663775381850, 0.00203774565926983670, 
0.01561894475126120900, 0.01488353744870560600, 0.01414395990978746900, 0.01358281843054487900, 0.01263321942772732000, 0.01116786566144186600, 0.00963459690932542270, 0.00821091327259746910, 0.00678420228106094490, 0.00511573828830240870, 0.00342165797524316470, 0.00188620654791841470, 
0.01492313808691717400, 0.01421712361031569500, 0.01349609348023356500, 0.01298918864608135700, 0.01204873696487288400, 0.01058229863241193100, 0.00907445932141341320, 0.00771441483551568200, 0.00634694370898642410, 0.00471501978504202960, 0.00308657131850403110, 0.00158855587875944650, 
0.01478874285332343000, 0.01411160161347092600, 0.01338215967013069300, 0.01287911016411360600, 0.01193072254328754500, 0.01047931534846911900, 0.00897913540778984970, 0.00755534190432889750, 0.00623444731260613860, 0.00460404955141260720, 0.00302949376318121640, 0.00145652282751988380, 
0.01440388614360138700, 0.01373984609060379400, 0.01302452256288029300, 0.01250181817874308800, 0.01157628652901354100, 0.01015842238164112200, 0.00867089345979775960, 0.00721792508466182530, 0.00592265416873795450, 0.00434769222919723170, 0.00279328475971012730, 0.00121277383676493760, 
0.01324408061361238000, 0.01265075894893605100, 0.01198089958468582400, 0.01149753389314860800, 0.01071748342484343100, 0.00945156144549485870, 0.00810822096185899450, 0.00670678889766314000, 0.00549483817024711430, 0.00409731555835482830, 0.00273880357496625050, 0.00129982231255573970, 
0.01226837069299751600, 0.01173987301887336400, 0.01110493467241604200, 0.01062243535784196000, 0.00995003453583860440, 0.00882508830228262260, 0.00761466942336588070, 0.00625201133943044040, 0.00509129762494542940, 0.00379935750156660830, 0.00261139203647051550, 0.00133057435949189870, 
0.01137418711404611400, 0.01090978981962368600, 0.01031891112327775600, 0.00981063209290726660, 0.00917375034312726750, 0.00814655614437541540, 0.00707171257259492630, 0.00581941257562720950, 0.00469164129127816550, 0.00348630191234193920, 0.00234830928887715070, 0.00123553958782289180, 
0.01053945318164675700, 0.01013642121075492900, 0.00958296752438849400, 0.00904841177902928310, 0.00840447948258605040, 0.00745907692608655320, 0.00646840526064119180, 0.00531682156162196270, 0.00421653820230834950, 0.00308147979969252210, 0.00197883467560644540, 0.00095951623164837821, 
0.00984693338484940100, 0.00948263949048768450, 0.00894854670711998230, 0.00839902582123597950, 0.00776312807893731700, 0.00689075203113405970, 0.00595013084553710010, 0.00484860720217442000, 0.00378249293187044550, 0.00270851561296798010, 0.00165580528182005210, 0.00068988947852514286, 
0.00960281671532395990, 0.00924593860679575120, 0.00871146375400544060, 0.00814405352625737970, 0.00749124621394220770, 0.00663465139625163230, 0.00569869367466380350, 0.00457638490746148030, 0.00352112821075395350, 0.00241681076024387970, 0.00137100132383631190, 0.00038031093619428412, 
0.00941041906139032480, 0.00907366012108888100, 0.00855603476662972380, 0.00799270017225207560, 0.00734070179202855110, 0.00652181921260238180, 0.00561085124825680750, 0.00450836768655037390, 0.00345392884057740740, 0.00231857517331286040, 0.00123979620523749910, 0.00018264134407911810, 
0.00866085588672022530, 0.00835580683820235680, 0.00787976095100995260, 0.00733739054486009290, 0.00671454603300649690, 0.00596087783204191180, 0.00512309900033654400, 0.00413174929976340130, 0.00315072616794025020, 0.00208028185666558510, 0.00104440877498869360, -0.00000364578326288981, 
0.00707335760537801050, 0.00682539245166866640, 0.00644046947438426870, 0.00597589453103101760, 0.00545225853078284710, 0.00484081685643374030, 0.00418245775997847130, 0.00345054799979933970, 0.00268144877005184770, 0.00185389723349291490, 0.00101093559917707270, 0.00016505242840905363, 
0.00557807894768208320, 0.00538740827788962340, 0.00508633291253778390, 0.00473283347332875520, 0.00433458616270078910, 0.00388651070110560300, 0.00340506530123579550, 0.00287771321494267700, 0.00230735361825466690, 0.00169776099340106470, 0.00106248353659547370, 0.00042572774656906274, 
0.00463764203445864600, 0.00445690256954344580, 0.00419829003397150300, 0.00390407098226907680, 0.00358111274752828970, 0.00322914057676900770, 0.00283817050334623630, 0.00240498103791060400, 0.00192695720661254020, 0.00141567926044394850, 0.00089442639000398042, 0.00037297859083984097, 
0.00316109675617597680, 0.00301421693875867460, 0.00282581007385402940, 0.00262217569803898910, 0.00240779318123414150, 0.00217340388680822320, 0.00190099494002641030, 0.00159479951650154640, 0.00126146024740512640, 0.00090920199145120520, 0.00055491744350996089, 0.00020074056882700238, 
0.00211230351000370010, 0.00200402605843280930, 0.00186552601940916130, 0.00171164720723046560, 0.00156752232233165470, 0.00140429472664904690, 0.00121687645706142410, 0.00101017049403539910, 0.00077711968523125016, 0.00054017010873728347, 0.00029560481768858236, 0.00005266554351725818, 
0.00154156959673839310, 0.00144703676314064100, 0.00132952258538518790, 0.00119273380980422220, 0.00106925706920853200, 0.00092983435044082549, 0.00078198055481914640, 0.00062411057637126602, 0.00044114928808953053, 0.00026109004762164568, 0.00007581074973702590, -0.00010671173582796574, 
0.00113246304546370010, 0.00105714515790152240, 0.00095332703713418723, 0.00083833437215686147, 0.00073177100219641545, 0.00061204416118845555, 0.00048890076744163846, 0.00036342854061466236, 0.00022622214163284756, 0.00009570494701554044, -0.00003342787607742728, -0.00016155980431064668, 
0.00115426867633658700, 0.00110693513906244150, 0.00101332618099889610, 0.00090111158213151965, 0.00081062319835495974, 0.00070411613227006607, 0.00058209241863706965, 0.00048123217209526778, 0.00035087957429522283, 0.00023264135342840366, 0.00010764498466993522, -0.00001287473905676019, 
0.00126416798941197450, 0.00122437911174932840, 0.00112864968776817940, 0.00102022393351443110, 0.00093879039988943450, 0.00082090220436261633, 0.00069126921218230287, 0.00058004079438247504, 0.00043757405806522606, 0.00030876453044694548, 0.00017461860571426960, 0.00003108754297885990, 
0.00113014551729989490, 0.00107937216980596630, 0.00098350015717356084, 0.00089560411142501812, 0.00081696842814210917, 0.00070928422757584079, 0.00061204903792596069, 0.00049175198659824105, 0.00037744574867356115, 0.00026372352349979706, 0.00014623807652579000, 0.00002492034481745863, 
0.00084564863704842861, 0.00076235835017965999, 0.00069285453741831646, 0.00058472996902791084, 0.00052215790025927976, 0.00044193919778481589, 0.00033077510049493638, 0.00023928723734078076, 0.00018429321146961475, 0.00012764969881996061, 0.00008290542795362476, 0.00003042823850005842, 
0.00072066513549677396, 0.00062482037717314710, 0.00055860446927975176, 0.00043921321791991658, 0.00037199792252165005, 0.00029141974223994226, 0.00017809814419812373, 0.00010332668554513716, 0.00003800234041638804, -0.00001339063771718664, -0.00004260724436247127, -0.00008660612272800193, 
0.00091173387895739837, 0.00082561916206470788, 0.00073997642199560235, 0.00063171557954818140, 0.00053486539421046216, 0.00043726915653782811, 0.00033455305572842537, 0.00023671460272328625, 0.00013468876184227787, 0.00003199322875528007, -0.00006523569519818437, -0.00016891034509970186, 
0.00109027121774835000, 0.00102954662579418810, 0.00094524237190018534, 0.00084583663545472756, 0.00075203723601125817, 0.00066225846020484536, 0.00056382561347921654, 0.00045135351033539410, 0.00035408360658978891, 0.00024461947364817641, 0.00013362558626689563, 0.00002299361023986975, 
0.00117027960519193910, 0.00108832972499980270, 0.00099924696911463020, 0.00090720850851913788, 0.00082497870793028576, 0.00071241259462857126, 0.00060088712727232542, 0.00048025424484907732, 0.00037050762756519361, 0.00024887552020358623, 0.00012566937463374939, 0.00002434370352706506, 
0.00110659759844592060, 0.00104571214305925380, 0.00094682496822303969, 0.00084388081416669487, 0.00076696796883248442, 0.00065260424963759888, 0.00053558937502819800, 0.00040613887329609013, 0.00028456775152746369, 0.00014472951146660425, 0.00001656070960792987, -0.00008119291158468287, 
0.00088227746160654574, 0.00080775373610963367, 0.00075182602315657576, 0.00065574468648421896, 0.00054120725286708354, 0.00042582099716665961, 0.00034942979597972593, 0.00024842507107899955, 0.00012059826034963085, 0.00005365422625317482, -0.00001100401714708096, -0.00011722338243888751, 
0.00049875848026289334, 0.00045264083449603811, 0.00046128038157728849, 0.00040043231811557418, 0.00027893009278445410, 0.00020348723463060398, 0.00022604780552849959, 0.00015747503251278472, 0.00007272121670018041, 0.00009607617545800089, 0.00010664435525378908, 0.00001590915433292505, 
0.00032057112502372273, 0.00032636581895513061, 0.00031798226312544772, 0.00026075430504941989, 0.00022423737448295768, 0.00021017307687989708, 0.00021423836496266020, 0.00020496477574049758, 0.00019148017397648979, 0.00019820153556013837, 0.00020631576193285003, 0.00019700283240123574, 
0.00025661229720167205, 0.00024212326028124717, 0.00027142608355772130, 0.00022514609285486688, 0.00018572178721179637, 0.00018472163426871811, 0.00019456696204188766, 0.00016181985868661794, 0.00017312041426551029, 0.00019038422746913070, 0.00018622858214128275, 0.00015513042212234225, 
0.00017259412647938053, 0.00009886945358320907, 0.00018822284077935834, 0.00024439490390120095, 0.00015396435421913778, 0.00012352377507301413, 0.00011699178542450052, 0.00011065864910877314, 0.00013075062426640125, 0.00012342595544395990, 0.00008964048450894886, 0.00009518851449395251, 
