1.03558940952867550000, 0.67493428999657523000, 0.38517974862022852000, 0.29575456322112004000, 0.03347277942947862700, -0.08118265264700087700, -0.07814166625171969900, -0.04213600167419492800, 0.04295096327617160800, 0.00696345632255157550, -0.00191679505646157040, 0.02225334811891022500, 
0.38198877519255692000, 0.32019328489769727000, 0.24410914586673685000, 0.16413753296470845000, 0.07833254671774889100, 0.00800243212216072970, -0.03355863091518494800, -0.05808370488994284200, -0.05743128849044645100, -0.04687430924111375700, -0.03357407828530208800, 0.00380996970016374280, 
0.26374593173745747000, 0.22579051385962851000, 0.17493397959088938000, 0.11896793996626807000, 0.06075838669129016900, 0.00925729365200068930, -0.02281817904216650400, -0.04114431033486297400, -0.04046292279953807300, -0.02948725165226849900, -0.00787132488025141940, 0.02203097675857826300, 
0.23199490149443464000, 0.19769319702308849000, 0.15693513378117740000, 0.11554904055275636000, 0.07001524556212798700, 0.02479264165998744700, -0.00804598487029972370, -0.02903054920814261000, -0.03804081143150438200, -0.04173507279548605700, -0.03706893027601827800, -0.02457307821533650000, 
0.20245465877387617000, 0.17419150269236974000, 0.14283492943714415000, 0.11201784651260349000, 0.07622526773880769500, 0.03668933562650402600, 0.00468384285031796240, -0.01894293228616833100, -0.03694442438593818100, -0.05061876621673142700, -0.05931239878563437900, -0.05848633558966198600, 
0.16897399124697679000, 0.14830158727692833000, 0.12465827360887864000, 0.10080564641673340000, 0.07313273985130508400, 0.04007091426843929800, 0.01018918280813718400, -0.01517063886275036400, -0.03541326653425626300, -0.05146462690882007400, -0.06422779635026298900, -0.06959271016213039500, 
0.15589468374337170000, 0.13684094444597061000, 0.11397534391086160000, 0.09108590346162706600, 0.06575418927740106500, 0.03592072480681073000, 0.00676219168101078150, -0.01814063826850298100, -0.03674441181201436300, -0.05150478820699764400, -0.06347074131128185900, -0.07020128354228671900, 
0.14317642114074769000, 0.12447244959352591000, 0.10179867599931049000, 0.07850190888193894800, 0.05354757432134089200, 0.02696938306197867900, 0.00217832006511037120, -0.01718780695380792100, -0.03140414240526225000, -0.04236836349554457000, -0.05171598656050983200, -0.05925313613390710600, 
0.12760733312984698000, 0.10962784299118501000, 0.08876284731631273200, 0.06748269504184592500, 0.04517237099045677600, 0.02230630622514446700, 0.00208781577496545270, -0.01313306301446192200, -0.02395457885561192900, -0.03176360531484689900, -0.03835123159331817200, -0.04620560669769956100, 
0.10892391049101428000, 0.09517076337920144000, 0.07810205786477172900, 0.06002261212686405700, 0.04162436984642974000, 0.02318897031308983500, 0.00739619473037833600, -0.00526763668569122950, -0.01457335272134411800, -0.02156131211612398800, -0.02763648136979711400, -0.03460750912549358900, 
0.10452729529639496000, 0.09296092972387501300, 0.07691853015800502500, 0.05877253603343762800, 0.04024006381181635700, 0.02218994441544276700, 0.00728153767708197670, -0.00494283905389506820, -0.01442599796242493600, -0.02204491806115033500, -0.02914885731041350400, -0.03472229047768054400, 
0.09401849794748749800, 0.08411354320046528200, 0.07080336083559357600, 0.05519137829121936700, 0.03856904184365934900, 0.02272379696474440700, 0.00912970329595514000, -0.00234766921141110840, -0.01155280677794575900, -0.01891196900499246500, -0.02553374875512799700, -0.03022425176342769700, 
0.08421693570751598300, 0.07556668357660878400, 0.06379319741300799900, 0.05011998798269090600, 0.03623762856366213900, 0.02351557591308390400, 0.01276249118388115800, 0.00385074725158273710, -0.00293545592186111570, -0.00859795156729246600, -0.01390326383594058700, -0.01904438810397887300, 
0.06461333867508173300, 0.05900633389098188700, 0.05096457001950133900, 0.04198516249109602400, 0.03294519151758833200, 0.02401357701321334100, 0.01649865896188241300, 0.00998876435462339040, 0.00498041057952909850, 0.00054717894413708681, -0.00370233154885317010, -0.00764878697049121980, 
0.03553614099320341600, 0.03271854440998258500, 0.02891670033341175300, 0.02480028561832495900, 0.02099707771137293900, 0.01725930757783823000, 0.01439850368646805400, 0.01188154263330257400, 0.00959590459551406920, 0.00733076867048562410, 0.00487808304286666600, 0.00277189930427933130, 
0.01539990145866571700, 0.01439787750211906000, 0.01362799925035020100, 0.01221424742514873800, 0.01157393905225801100, 0.01043319990371230900, 0.00968312441283030420, 0.00962075880200263970, 0.00902732647416235390, 0.00848542517602935210, 0.00723305611101548750, 0.00567273320307685670, 
0.00303754938744858110, 0.00751095068707667650, 0.00713305879741920390, 0.00564110162695497740, 0.00723919453128457970, 0.00479065020109808920, 0.00693551705447657990, 0.00439379155672888190, 0.00477775395585822940, 0.00633887976458385670, 0.00357337565629864320, 0.00466000106361880860, 
-0.00926311444889424930, 0.00520126423848634320, 0.00802326076109009800, 0.00150027467881686020, 0.00289330426177577830, 0.00059623480440715196, 0.00918421937748087510, -0.00440252988724346060, 0.00363593957965557260, 0.00535883323109399930, -0.00213398738893510070, 0.00394866461450689260, 
-0.02002131566246873400, -0.00299539061921836720, 0.02084993927154620400, -0.00595681679717565470, -0.00279289568774383420, 0.00616170725182605460, 0.00622547927659168260, -0.01020446403005884100, 0.00880429475171610500, 0.00170273473811921920, -0.00703768084282582490, 0.00987865828248202930, 
-0.02911258422963197400, 0.00172482090069198840, 0.01645301514446668300, -0.00963894418561804870, -0.00306741684292085450, 0.00939718775050238720, -0.00315876422766053980, -0.00319510566048849960, 0.00667237999643061940, -0.00305193712068315600, -0.00288051011724894470, 0.00647104873033709300, 
-0.03461924818154923200, 0.01146964697157764300, 0.00753090123759341240, -0.01011859618803824300, 0.00102831582544716840, 0.00951086682118954670, -0.01188502452345650100, 0.00760350454898253960, -0.00039506743672433088, -0.00542414280112878300, 0.00688757745364937560, -0.00490003897758424340, 
-0.03344964911873649800, 0.01005961313907156500, 0.00924993222873668470, -0.01343480018254342700, 0.00580843446684939200, 0.00438159053728493650, -0.00863114753033781230, 0.00726685209254586580, -0.00145972429023841260, -0.00631928357886795200, 0.01033436300775166800, -0.01021301917828331200, 
-0.03300239353715291700, 0.00948021783406161920, 0.01018233980071181700, -0.01427150122992774100, 0.00577515185695094430, 0.00489310674524630950, -0.00892977617428366430, 0.00631940941323782140, -0.00042197936581414705, -0.00449061927411212490, 0.00547859522092161360, -0.00482933901247777510, 
-0.03785438497687983900, 0.01518584878384783900, 0.00431024421714927900, -0.00903498979269271720, 0.00379090727986375070, 0.00125213694912013020, -0.00121809760346804770, -0.00060475352539672697, 0.00108570358504154730, 0.00045091057239238545, 0.00041226632663540736, -0.00433219094785561050, 
-0.02812865050451683600, 0.00773455951784608130, 0.00720716491986655560, -0.00821634933559301120, 0.00137536650491446860, 0.00173601526583206080, 0.00187010428892456360, -0.00581628970767924820, 0.00618553930666824150, -0.00182007881670226130, -0.00246418332084035340, 0.00305997770481310780, 
-0.02075555144965699300, 0.00206519341376803530, 0.00873272975970291150, -0.00596861137727539100, -0.00168613157182643950, 0.00413865846139217530, 0.00107538769660538590, -0.00396493612018381830, 0.00395676361708484620, 0.00000969243438180074, -0.00555713909121325310, 0.00814528399528468250, 
-0.02678574117455904300, 0.00177730835284872640, 0.01220444924443954800, -0.00617418590513817670, -0.00552461335509213560, 0.00940791443858313150, -0.00152722866164198580, -0.00609545813604284520, 0.00786837401790356670, -0.00270618198917530570, -0.00317999112482515380, 0.00421152169664740140, 
-0.02630069617261335300, 0.00098109276965411304, 0.01477225204369902100, -0.01208611751291698000, 0.00175670914493731150, 0.00406845373093441680, -0.00169027838465981800, -0.00223641106677303050, 0.00282722991787101110, 0.00002324537259731999, -0.00120990876692465120, -0.00187001499064625440, 
-0.02416801291849476200, 0.00330080312174906020, 0.01143365407693230400, -0.01031467230169889500, 0.00318173831647279450, 0.00287756132292153010, -0.00030354220545916115, -0.00229597224808291950, 0.00379390668196212840, -0.00173487932106916990, 0.00234066953858837670, -0.00407608684672512360, 
-0.01569870570694335100, 0.00249745049601431900, 0.00897500603487542780, -0.00453601652580448100, -0.00011401700889395852, 0.00601757088216909980, 0.00019482977882341335, -0.00396736785626054110, 0.00830846267988099260, -0.00321410223077424730, 0.00190700022027557780, 0.00028351908049350740, 
-0.00197990502565318240, 0.00248346608832030390, 0.00708636156911333910, 0.00043456641226447283, 0.00238762647919068620, 0.00509406617472960360, 0.00179421121964752520, 0.00124194354465963280, 0.00562652579220775280, 0.00064717553120126846, 0.00237168964716832340, 0.00377131588615577110, 
0.01081416755098815600, 0.01072436406095774900, 0.01060233396951394900, 0.00925821309606990150, 0.00873073277977391180, 0.00830253330553528370, 0.00750300939563299830, 0.00667371740356524290, 0.00641768121865588910, 0.00535270092236632150, 0.00470269825304925160, 0.00412317053860457830, 
0.03088647287019220500, 0.02879876995401717600, 0.02652010423120941900, 0.02395174396247162400, 0.02113220812632027300, 0.01846284049353463800, 0.01621928851620193700, 0.01389333519546912000, 0.01165065330161519500, 0.00935988689069257310, 0.00686682369109292270, 0.00394281572373542800, 
0.06301701793242529800, 0.05803994426246476800, 0.05367278595108920100, 0.04910640917108780000, 0.04274049246024244600, 0.03568064661738250300, 0.03058662598556285300, 0.02481086987213801000, 0.01935735052666279900, 0.01442399827851892000, 0.01066056761091281400, 0.00600289638791359510, 
0.07619029462740199700, 0.06830765585593370800, 0.06133386437030637100, 0.05480747728917653700, 0.04526981087716971200, 0.03425673396780310600, 0.02708709226782861000, 0.01916764375844802500, 0.01201713190749125800, 0.00546471464017817940, 0.00135808363366432370, -0.00398604467955799950, 
0.07136111576412633400, 0.06189212188622867500, 0.05323249932242710100, 0.04564809580222938700, 0.03445800802365629700, 0.02156840290749377500, 0.01371388780529255400, 0.00538550902034511030, -0.00177865890689696440, -0.00873024322194995010, -0.01256407931224384100, -0.01794814110306057500, 
0.06971126006005586000, 0.05888000375397568800, 0.04875945033586730200, 0.04047057353255106200, 0.02816995368624053400, 0.01378214441721652500, 0.00514832073436790810, -0.00310047854248137610, -0.00971084593715835880, -0.01617583805069842300, -0.01867337473125995800, -0.02225978882727065000, 
0.07298696452230507600, 0.06119847038673358700, 0.04953919377662720900, 0.04057633768641690000, 0.02839536853695672300, 0.01282060197082619600, 0.00180440902237674440, -0.00820396123968985400, -0.01504386231675134500, -0.02122561445625347300, -0.02343490159470056400, -0.02602197205768743200, 
0.07749698803468375900, 0.06507026886986024000, 0.05276220635819087200, 0.04161940382049037600, 0.02764526135162259600, 0.01182045244576699700, -0.00132240490860406020, -0.01253118786564025000, -0.02095563561147433700, -0.02669164083060021300, -0.02920078651597282600, -0.03258513769197461700, 
0.07894677007757464100, 0.06672230686063407300, 0.05359888004994683300, 0.04041499020171300500, 0.02512753614859695300, 0.00908815429010691700, -0.00468273928820511690, -0.01564106578413875700, -0.02402907341959769500, -0.02962600190146395100, -0.03276793736692057400, -0.03615952839468109000, 
0.07353658688143380200, 0.06243206610508331100, 0.04939515736640404800, 0.03572294545868344400, 0.02082190107312608500, 0.00577886243722882090, -0.00697094092099815810, -0.01660670183221302900, -0.02341392814289846800, -0.02785666833935965300, -0.03071125808190701800, -0.03352621246250478400, 
0.06540289256969221400, 0.05602304220964726700, 0.04408659070631795700, 0.03109880587116131000, 0.01728448871558950100, 0.00368275386884058020, -0.00794262164643033670, -0.01660813891949608800, -0.02229845386993990800, -0.02572088968662408800, -0.02788194278322254900, -0.02957816597623775000, 
0.05684207720658929900, 0.04936046807050168500, 0.03942526675469939400, 0.02823395242103361400, 0.01615723051364764300, 0.00432600379407953580, -0.00571414158347680490, -0.01315148534875362800, -0.01822642404170309400, -0.02143698816590908200, -0.02321212470437497600, -0.02397519267535467400, 
0.04433625000482587000, 0.03862864917543376600, 0.03080869105591356500, 0.02192863769198338100, 0.01263441064494791700, 0.00401135475477685990, -0.00280786306783817200, -0.00753842831772578910, -0.01056983792823219800, -0.01229277353665091800, -0.01305639992370605400, -0.01342386086216255900, 
0.02477119403089655300, 0.02189549816356506400, 0.01785852272024015400, 0.01326394409697813700, 0.00862619629726645710, 0.00453920125884679690, 0.00150839822021016190, -0.00036360093408526557, -0.00137316779261992820, -0.00179513810803968980, -0.00194309037739769770, -0.00219888078129427300, 
0.01075404636330709600, 0.00994456874614299720, 0.00878823001150599340, 0.00746238759011037810, 0.00613329497056724730, 0.00493793560390087730, 0.00401621642650888330, 0.00343546476221495530, 0.00310140989852354750, 0.00290004631015487000, 0.00272421708790556880, 0.00246698626539601290, 
0.00846971838005371700, 0.00823765664148798720, 0.00790625852908195120, 0.00751217625760219800, 0.00706414525907023050, 0.00656829726042556810, 0.00604903126437825260, 0.00552875447064775200, 0.00501475117441433070, 0.00449402470125163850, 0.00396656434400898850, 0.00341244953873281980, 
0.00956632074206155420, 0.00936566580473371930, 0.00907333280006958860, 0.00871787815049369750, 0.00829301478108915130, 0.00778245860296801830, 0.00719377526858768630, 0.00654734272693281020, 0.00587150408312969980, 0.00517489898454591770, 0.00445786158145563500, 0.00370596826873581660, 
0.00961116888621748630, 0.00940781030769594250, 0.00910654384757129090, 0.00873531227543005400, 0.00829602679654229190, 0.00777539324143170470, 0.00717612983818472290, 0.00651129725068364410, 0.00581711391112624350, 0.00510671347498515590, 0.00438713941506664070, 0.00363771712483471930, 
0.00948382210032100260, 0.00926395813745287120, 0.00895393538070321690, 0.00857383076933396740, 0.00813156163386017160, 0.00760529236104774770, 0.00699530517650569050, 0.00632092998025692800, 0.00562186101482737770, 0.00491873231674108940, 0.00420936718340402580, 0.00346922443085284810, 
0.00906772116778002850, 0.00883408466693195660, 0.00852866567665704760, 0.00817673110420329490, 0.00776650104884009720, 0.00727518786125671940, 0.00670222030053015900, 0.00606338490045330290, 0.00539877267377992380, 0.00473189157173864800, 0.00405735015042209620, 0.00334342425092457040, 
0.00865200862599622980, 0.00843120937019873650, 0.00815567214386925770, 0.00785247812960244290, 0.00749399997772950100, 0.00704986390972736370, 0.00651882689600256570, 0.00592425654693124700, 0.00530070173234712270, 0.00467006454108694760, 0.00402561938222548500, 0.00333906450350686820, 
0.00863098873166231320, 0.00841953433321047770, 0.00815364647948763590, 0.00786299913398979390, 0.00752233851439070100, 0.00709058311522204990, 0.00656212518075862360, 0.00596523594106810470, 0.00534805352851623180, 0.00473303915209096010, 0.00410679629395595620, 0.00343733780282695160, 
0.00877377249495577170, 0.00856626056239001040, 0.00829267826554162120, 0.00798415351786057460, 0.00762662284718230130, 0.00718605710117429640, 0.00665496162855959940, 0.00605129611428151770, 0.00542523110076248340, 0.00480290180806135660, 0.00417448445533676050, 0.00350142678071580250, 
0.00916812326390135930, 0.00895437024098702000, 0.00865574345088318190, 0.00830188333958497420, 0.00788689462007532980, 0.00739388649928035980, 0.00682069648532217500, 0.00617600536072991990, 0.00549230768674073120, 0.00479221529270749610, 0.00408205698256541850, 0.00333654458716372290, 
0.00934769463162947280, 0.00913306638319759560, 0.00882798002511570560, 0.00845983759728839370, 0.00802159862936471270, 0.00750517994043080950, 0.00690952044919911600, 0.00623649271438235340, 0.00551197202771767920, 0.00476105946108372050, 0.00399837403982677540, 0.00320865993205427140, 
0.00924957919490451000, 0.00903351753356629320, 0.00872860805248954970, 0.00836676187736371330, 0.00793514511435219030, 0.00742076229209295490, 0.00681866993913855020, 0.00613365138256742520, 0.00539899369914534700, 0.00464273325202388660, 0.00388321723215080120, 0.00309874107876719450, 
0.00993053357930948070, 0.00963809198317563430, 0.00927458319828378810, 0.00887930139795541080, 0.00840978561556863030, 0.00783392337561038960, 0.00716679915953853140, 0.00641038311360092070, 0.00561173440053853130, 0.00479354019564776170, 0.00397463397401146350, 0.00313728571890908470, 
0.01197453954656731200, 0.01131078958049659300, 0.01069406906912808600, 0.01014667241353299800, 0.00948968774073814110, 0.00869389277028925420, 0.00786472541737128290, 0.00695562689900629420, 0.00597327203838043590, 0.00492889992474885350, 0.00390802125147989530, 0.00292441920391441890, 
0.01510216086051815100, 0.01367878567976482500, 0.01276751482373406100, 0.01217991574196289000, 0.01145386829675888900, 0.01056115295391609400, 0.00952414719422121740, 0.00821345679115170410, 0.00654839398528470320, 0.00479889304630925440, 0.00343948156071119440, 0.00241897422898216220, 
0.01691923068330679300, 0.01471405422193674400, 0.01342955130939331100, 0.01299597250264673100, 0.01252480849854923300, 0.01175938940761355100, 0.01080809691951757300, 0.00940263469583262070, 0.00722490618517827170, 0.00478088438679018320, 0.00316003557780118300, 0.00232916945997724970, 
0.01772552741823876800, 0.01440179359919779300, 0.01259266318165354700, 0.01254800400249331100, 0.01272390012457811800, 0.01242035998413097000, 0.01175792373782210900, 0.01017186571593523300, 0.00729992948125347730, 0.00420990979404131490, 0.00269374427292998730, 0.00256405894521571010, 
0.01790639647207047100, 0.01362301917101638500, 0.01134774401886003100, 0.01158509614938062000, 0.01244481578988998300, 0.01278807924811699300, 0.01239143327940202800, 0.01040138556963819700, 0.00674587855600625350, 0.00315269150875455670, 0.00171740847810588490, 0.00216783933974898720, 
0.01902729950966188700, 0.01370584717965083800, 0.01055091065919827900, 0.01083933599767902600, 0.01250733593659360300, 0.01372032919746639400, 0.01369783080819508500, 0.01136160902138833700, 0.00677433244727125310, 0.00224124079156984550, 0.00057245067265658707, 0.00157804196282535120, 
0.02001482237462640800, 0.01259654377680253400, 0.00828987936673400080, 0.00926843877865424910, 0.01230444512811562100, 0.01457242978159419900, 0.01498456882386872300, 0.01228499161748991700, 0.00655729984255258060, 0.00067062622419657289, -0.00088576972220371275, 0.00159879266925291690, 
0.01972774386396762900, 0.01134127469574086300, 0.00695719902832575130, 0.00861373356835832410, 0.01247476837450931700, 0.01501356738355198200, 0.01492020521327647300, 0.01127490275063669300, 0.00485124557267350210, -0.00053111531826757633, -0.00073101754742136186, 0.00288530480797077360, 
0.01966938413159935500, 0.01016688457059707200, 0.00572155242171723360, 0.00820438732866530900, 0.01283742174146968600, 0.01560981094720164000, 0.01526849319440540800, 0.01095318329734532000, 0.00371059923638580000, -0.00153309130256229410, -0.00044495855469744706, 0.00453150947819727990, 
0.02000755375801325000, 0.00993608381830020890, 0.00505722916791354670, 0.00793635845498176160, 0.01345429384442114700, 0.01671458543615345100, 0.01602186379112198500, 0.01083960570047213400, 0.00322103736370832250, -0.00163416786803166080, 0.00034769766818110902, 0.00598679168714184430, 
0.02019875940861688700, 0.00898291137866370420, 0.00368342035904435610, 0.00723702736647218680, 0.01364623341801632200, 0.01739858689473500900, 0.01645128244093115400, 0.01060617853936642700, 0.00244771370667734320, -0.00244148457378515290, 0.00045059645743255206, 0.00695860579532047490, 
0.02055552648919730200, 0.00785718945610233180, 0.00278134406938799820, 0.00703820008841403440, 0.01361536842703421100, 0.01733119288583159800, 0.01682681160007273200, 0.01152236947687921900, 0.00247489477324293980, -0.00341304378115160750, -0.00023834123920336581, 0.00719303771255792170, 
0.02127664198754405900, 0.00838793210525955350, 0.00301012094519285390, 0.00723530759125814820, 0.01416532864099346100, 0.01811225030755039800, 0.01769962388384864100, 0.01205370996468646500, 0.00276102426268487250, -0.00285131856767704490, 0.00027060761783263159, 0.00777538427362589250, 
0.02168521339803956500, 0.00941155488150639120, 0.00351342632191101570, 0.00735295165803628080, 0.01467957871455791200, 0.01893071537122312200, 0.01803948321658650800, 0.01139320680941649000, 0.00251295647132828480, -0.00228249463980987120, 0.00071378020341077522, 0.00760262440090498080, 
0.02084715024926103400, 0.00966221754150732930, 0.00439209845385282300, 0.00799310893468721530, 0.01432841631239660200, 0.01798275522880342000, 0.01725411744786241000, 0.01116461285336569100, 0.00290713401368097910, -0.00196690436165125000, 0.00070768910710423743, 0.00679507269770883610, 
0.02082283220719475000, 0.00994783539024553760, 0.00495380017145750570, 0.00856994118755817840, 0.01443901371872351400, 0.01781639666710311800, 0.01713317188746726900, 0.01148133442049964500, 0.00348251739427819310, -0.00149596135695117880, 0.00095053430735645306, 0.00665732016352568040, 
0.02041488381217325100, 0.00984098532455086880, 0.00465598496283088810, 0.00789306278523240790, 0.01387971759486494200, 0.01765682228614455900, 0.01707775408293485400, 0.01094386058754721000, 0.00282131764848641330, -0.00197177290672298930, 0.00087635232441506225, 0.00657086695219496080, 
0.01943950053336285600, 0.00920264560479899620, 0.00459279313561417910, 0.00776405337766251140, 0.01322973264575337500, 0.01667528526292731300, 0.01615510990261617700, 0.00997932704944852820, 0.00211599286717792640, -0.00208948017301826020, 0.00124579692382307230, 0.00654324640615190200, 
0.01855670316622861800, 0.00825511058403466220, 0.00393404563836172000, 0.00721881062028126730, 0.01253200136071233200, 0.01570077226667469800, 0.01501700963546068900, 0.00961920958371967340, 0.00208373324116876550, -0.00193985395815347260, 0.00090644762232877868, 0.00593700652081077890, 
0.01779628978244655200, 0.00818291882988160870, 0.00404902666564421320, 0.00704645063085512870, 0.01203538482695477500, 0.01488580459145341500, 0.01429218299331305900, 0.00909716620670127100, 0.00194978823345473650, -0.00168082802925471940, 0.00105612249426069640, 0.00536530118222555180, 
0.01666967326219579900, 0.00817658820789181170, 0.00449078391314663290, 0.00712661799915299910, 0.01134693035003676200, 0.01369690936407977200, 0.01334982687935659700, 0.00860534163100373610, 0.00210613240693235340, -0.00137101014248405190, 0.00122579076734520670, 0.00492419276390395310, 
0.01572994708108838400, 0.00836825035379820500, 0.00518640814798459680, 0.00741430440922739770, 0.01067600117299301700, 0.01243642610448272500, 0.01228471963904857200, 0.00845656467082467680, 0.00286392306308855350, -0.00065540902589330033, 0.00116385271767693910, 0.00396560915946570120, 
0.01522341182097229600, 0.00876412167799412410, 0.00564628213875691550, 0.00747608248175791590, 0.01027924755273497600, 0.01189612389234597600, 0.01145180504673365100, 0.00773679420775961240, 0.00292057135840252580, 0.00024467901350751805, 0.00140539278883307140, 0.00272585202106590680, 
0.01484390486343967000, 0.00879259941007647270, 0.00550378417909720350, 0.00665440291155473560, 0.00912620834246922680, 0.01102267668430480900, 0.01121160208578961400, 0.00812214081310082270, 0.00333596349429916620, 0.00025316027388088211, 0.00044299549154193341, 0.00138900905371685960, 
0.01378601267133585300, 0.00854867487341117590, 0.00547006656486477210, 0.00606715362725762050, 0.00804675705441976720, 0.00977236692019959300, 0.01054341204383475000, 0.00837144947228835560, 0.00408400046124014670, 0.00043845807639035798, -0.00010971667025323225, 0.00077833578615269178, 
0.01191416154666126600, 0.00817751814207504610, 0.00582390770044077370, 0.00621288337399777350, 0.00765706543047011460, 0.00860529358501955530, 0.00898742488390596660, 0.00714252815032900750, 0.00399362475960968190, 0.00109983442778409550, 0.00062431387908999897, 0.00112566828020397330, 
0.01000859004813230100, 0.00761313619341701630, 0.00605104612359053370, 0.00626981833294362480, 0.00722482215899604170, 0.00758153114411733860, 0.00746449398484907900, 0.00586733022642205860, 0.00373814712437029690, 0.00198330015815076930, 0.00167116647557803790, 0.00183459615709258480, 
0.00848951071175301120, 0.00695351919634331580, 0.00607969864890723410, 0.00616298206399074410, 0.00646983408449525090, 0.00641637201486300500, 0.00624312838403965480, 0.00518648586996372020, 0.00372467446127510130, 0.00264190874706041800, 0.00227858821309655710, 0.00205686244346962650, 
0.00729021624508768410, 0.00647833367922555270, 0.00595202437530801750, 0.00574918074372668220, 0.00566047767082610360, 0.00541134078700153750, 0.00531893345949185650, 0.00474809536366106650, 0.00379251297271686850, 0.00302294930198472370, 0.00242039674471187590, 0.00188382580189889100, 
0.00619851456515332480, 0.00569070137787865220, 0.00520959625675376790, 0.00492057320837248610, 0.00485048036838800750, 0.00467392794795473600, 0.00454867076420075250, 0.00418061023545464140, 0.00354433322359996340, 0.00290648154488427990, 0.00234877652897003040, 0.00181477486827268650, 
0.00508213057206244760, 0.00478374673015357930, 0.00443950013681460210, 0.00416193769905448540, 0.00405415279239095070, 0.00394867505215485120, 0.00382787303021119930, 0.00356909990761992160, 0.00319315733502510300, 0.00269780898812829780, 0.00226666528619762830, 0.00178319806875359780, 
0.00399950269610157680, 0.00385821077749780650, 0.00374362846025599710, 0.00344827065177824140, 0.00329459669961332680, 0.00334130085453160490, 0.00321701319699540820, 0.00300840865904050720, 0.00282887697049463620, 0.00248441194307512730, 0.00206258657608996260, 0.00178405811254143410, 
0.00347061840493200760, 0.00352667148302701150, 0.00345643782051975600, 0.00328941310811333920, 0.00292417141294453850, 0.00316237564830302830, 0.00299075257273397800, 0.00274271014507164200, 0.00263199855830426430, 0.00244667147472472190, 0.00198283408968826130, 0.00178870655961934100, 
0.00284575149622669870, 0.00344940622912374070, 0.00327901923327733430, 0.00333244934864630050, 0.00259686554603824440, 0.00298797699773932150, 0.00304137764451731370, 0.00219637194060604260, 0.00256814175145881050, 0.00224344865256649420, 0.00197976281735005090, 0.00140243973040876590, 
0.00225290169282526190, 0.00321289449281188330, 0.00301091365260125650, 0.00297626358654692410, 0.00230844217968034480, 0.00271364300675009390, 0.00270244553748275050, 0.00172852063604518390, 0.00240108856032970710, 0.00171053634398494200, 0.00178165758190806890, 0.00102168236982401070, 
0.00152648656768325750, 0.00266516766088226820, 0.00255166454709214320, 0.00213873196689837520, 0.00198562156169009370, 0.00241387368581682950, 0.00175047426391106980, 0.00158454239252333410, 0.00201260715287101930, 0.00099741870231432402, 0.00159817472170517710, 0.00082435635181767118, 
0.00032650923308138319, 0.00206116992168625190, 0.00182247512175527560, 0.00131482689860939750, 0.00131719637624926270, 0.00203080982126629170, 0.00082027036168517704, 0.00137380434307816050, 0.00141782845174880190, 0.00057555128620162522, 0.00120549878602290990, 0.00074377313891533863, 
-0.00091938493642044268, 0.00161502249348304830, 0.00087168008620353129, 0.00079343992915708423, 0.00057569198995417921, 0.00129977065421711340, 0.00038301899985053141, 0.00088185196978050352, 0.00076984007857406461, 0.00044612045689083261, 0.00056687874334427268, 0.00055695259355154829, 
-0.00127096820010123090, 0.00085918918462336575, 0.00178404702114584790, -0.00035139027702494371, 0.00088156319575020926, 0.00104685784584651090, 0.00022709106153615897, 0.00058279025670056057, 0.00069925855727742995, 0.00039335731144885054, 0.00023351230250102034, 0.00052789288165267856, 
-0.00172534954963956340, 0.00139288574548993770, 0.00229558635530981160, -0.00034779415963038314, 0.00128562473898292800, 0.00116539669186895030, 0.00060818880688083337, 0.00084674175863269185, 0.00037588884605358288, 0.00108361183583541060, 0.00010508255514010064, 0.00033839239107458262, 
-0.00106498779197172550, 0.00268640737802834780, 0.00180453726437843250, 0.00069656327897773271, 0.00223343549169278650, 0.00079549536543739325, 0.00186279136157266800, 0.00091652338328068283, 0.00105854597219402530, 0.00126069818372761860, 0.00063422686557502506, 0.00096505838646771837, 
-0.00000839771744449329, 0.00374354737195359710, 0.00255275034365934220, 0.00187261638755362000, 0.00315721397900879490, 0.00165575340507038870, 0.00328743471137491090, 0.00129245033611685520, 0.00273265254290431520, 0.00166486108205723420, 0.00151145388501636340, 0.00240074577571669110, 
0.00285971482173571520, 0.00562031013982498650, 0.00572767895970706980, 0.00434874905987509000, 0.00524520873747495900, 0.00487026001833766510, 0.00575654747775498560, 0.00366618581639971190, 0.00587225938408841420, 0.00427532385621711640, 0.00422178977792344620, 0.00538145740599563390, 
0.00423053422227322350, 0.00607194140978263920, 0.00612334642632141050, 0.00528912621488422060, 0.00568787120010980350, 0.00574032657492289450, 0.00573877517519785510, 0.00504518615692957800, 0.00575053470704302030, 0.00482508300409125250, 0.00532310712936857800, 0.00500169726365434510, 
-0.00008879864742547770, 0.00221773906026165660, 0.00162045054627235880, 0.00145093421167069150, 0.00137359543922424660, 0.00189828027107043260, 0.00107079581325289170, 0.00148081056367098630, 0.00165903668536204300, 0.00042410694045931697, 0.00203094888074332280, 0.00050616169174232182, 
-0.00115250209185428750, 0.00129606940675774900, 0.00093974069997476240, 0.00062969562055784729, 0.00033214274285428140, 0.00115225245939176370, 0.00058554908789016941, 0.00001608393322197535, 0.00141085837219136500, -0.00016150950300076981, 0.00099032616973673631, 0.00006644891105579370, 
-0.00066689938315767138, 0.00137159295803533620, 0.00118913934094977700, 0.00092309873078105938, 0.00057045506260744374, 0.00117328048321295410, 0.00128946785788737000, -0.00013981076006073365, 0.00173436913519539000, 0.00053609967668864767, 0.00069290748723829830, 0.00069721884309775913, 
0.00021321167245610622, 0.00131387553517401960, 0.00150423101529381870, 0.00113263329348764140, 0.00088104768445172222, 0.00140136936518778490, 0.00128526167817720210, 0.00078794838843178013, 0.00142459850080287510, 0.00112241696602411250, 0.00087783096002819411, 0.00119700617504307810, 
0.00076477685116845603, 0.00133712579926587090, 0.00161612875232587380, 0.00131157575382329730, 0.00098963756211516217, 0.00150523532481454350, 0.00130061461694928040, 0.00114736374244869300, 0.00138824317245830370, 0.00118216313598437720, 0.00117824325887679090, 0.00116194439167567980, 
0.00072578048098165889, 0.00116451130406477770, 0.00132300327864903730, 0.00104859026074232430, 0.00108164085335456040, 0.00106148268525923530, 0.00121486716765383580, 0.00094878488950931390, 0.00110673620632102290, 0.00099582559391614596, 0.00088508685355304540, 0.00097497697274045796, 
0.00059742647195927155, 0.00085624983813911823, 0.00129717011360018330, 0.00078696527901944648, 0.00087994418370646976, 0.00105534546068996000, 0.00096390424558406309, 0.00076062969921115683, 0.00104649787641633810, 0.00087148392621145675, 0.00070909687331700410, 0.00095459252298707269, 
0.00177201252737806430, 0.00195054638812505820, 0.00226195304518778250, 0.00192055579670470240, 0.00194812832549473350, 0.00216267358916372730, 0.00197112375997918850, 0.00194928932131835740, 0.00210462954865335080, 0.00196859233041105650, 0.00193598927637947110, 0.00203366793121012970, 
0.00215348392560447530, 0.00239868320932961570, 0.00240076381594641350, 0.00232861738766628560, 0.00237698216847008960, 0.00231906726475004110, 0.00242448541450914930, 0.00228485617881902260, 0.00238697185665819130, 0.00235338011044868100, 0.00232566573705324680, 0.00236829809689989480, 
0.00190166038426323220, 0.00203073557311763460, 0.00207409389495665000, 0.00202104373621053370, 0.00204312745165865020, 0.00198696331043025010, 0.00207839154452142550, 0.00196913266724544350, 0.00202350444539431800, 0.00201756212239361440, 0.00203640296133843430, 0.00198539933398431080, 
0.00170930208205035630, 0.00174153359463445510, 0.00184423292698955100, 0.00177435099421442850, 0.00173998230157292300, 0.00179464092855333330, 0.00179178792419511320, 0.00173428730384413750, 0.00177586262208005480, 0.00176639284030700640, 0.00177182109913647290, 0.00171565113276111060, 
0.00155037149586049460, 0.00156152876560622330, 0.00166375726803217380, 0.00157869668207499360, 0.00155608650206970130, 0.00162880259013030760, 0.00159072945003515580, 0.00155008636954184160, 0.00160672246263448660, 0.00158015518943570880, 0.00155882797978281500, 0.00154949761195605650, 
0.00092062688679170205, 0.00092100812710192931, 0.00094269661026391441, 0.00090480867747023909, 0.00089950517799617725, 0.00092547986034995664, 0.00092232365960945794, 0.00089283451669884095, 0.00091338244362240966, 0.00089123276693328006, 0.00089078820124307938, 0.00087450097458767018, 
0.00040437404037919558, 0.00039051857288723235, 0.00037996359192190947, 0.00035497240573771789, 0.00035308519982047765, 0.00035859341527639757, 0.00035409665642532906, 0.00032551847914936337, 0.00032984330503450776, 0.00030595099784366873, 0.00030370667157646593, 0.00029565529062374797, 
