0.96346005238404009000, 0.49296948401923579000, 0.31671666550885952000, 0.07626672139172635500, 0.15501293345821029000, 0.09883425595777911600, 0.09279357050690173500, 0.05660088660598120600, 0.06346505948594820300, -0.08425102829614983200, -0.00345545956654211280, -0.04695709969641643400, 
0.27897827958228494000, 0.23195161092093081000, 0.18641880788147600000, 0.14402238963650912000, 0.11493273768573117000, 0.08910580559861099000, 0.06645353002830709000, 0.04472597597280591300, 0.02232343282858310900, -0.00802167311730107160, -0.04194071014585502900, -0.08862160297644280900, 
0.24313497948189208000, 0.21307211405389426000, 0.17759324848899075000, 0.14483491983298144000, 0.11382958231878060000, 0.08972335304210690700, 0.06799577999261009800, 0.04706526218710832500, 0.02417502006556100000, -0.00615255484956686580, -0.04269211929191458300, -0.08675205402698346600, 
0.29470536841729134000, 0.24429384772380774000, 0.18582732721670242000, 0.13402451302278365000, 0.09178031033939053300, 0.06539161330120332700, 0.05260391382730651000, 0.04267410348036485700, 0.03209628288640747900, 0.01012335092736155700, -0.02564983699695406700, -0.06892549602383712900, 
0.27155237574686125000, 0.21947496174466197000, 0.16039667525290582000, 0.10894638029608869000, 0.07113108082764076100, 0.05006501730120915100, 0.04438949412897982800, 0.04300262283744277200, 0.03564812720511882600, 0.01271701408226329400, -0.03066864760239418300, -0.08297426029639064200, 
0.21766031086782817000, 0.17517429396092615000, 0.12744103349549757000, 0.08802837447530512100, 0.06211169027764743000, 0.05004854866201692600, 0.04855686626917753200, 0.05030738381813505000, 0.04048560449046665500, 0.01141305527059665300, -0.03722127632605401500, -0.09120208826944915800, 
0.18184952751460404000, 0.14508825213370469000, 0.10398795135920061000, 0.07140666805815605600, 0.05253808557588842500, 0.04504094866328381400, 0.04528948953672173900, 0.04624478722385320200, 0.03547137052578530600, 0.00832274224921143550, -0.03164270864715749300, -0.07387146746338249500, 
0.15227201654126571000, 0.12102634254545536000, 0.08658088801651062100, 0.06097743448451588300, 0.04740118644672453000, 0.04235198582168962800, 0.04173610720516306200, 0.03888912455177875900, 0.02599274179407174900, 0.00023504801184085801, -0.02972997470993361800, -0.05681965068830132500, 
0.12739857217542308000, 0.10111365047828831000, 0.07291146559450768800, 0.05444781624319994900, 0.04560560115944255200, 0.04188604503867909800, 0.03985843598455900100, 0.03280203108349755100, 0.01843175161228980200, -0.00588094169655316650, -0.02876251116978682100, -0.04376886211622146900, 
0.11071736140759138000, 0.08780219044774578700, 0.06444420571397145600, 0.05049811397440465100, 0.04445250213896425500, 0.04082600672516993600, 0.03755129960717145500, 0.02876522663249534900, 0.01382652854165300500, -0.00787114609372353490, -0.02639692337565804200, -0.03583989144280752500, 
0.10071369913081542000, 0.07966219114061205700, 0.05958883724418638500, 0.04813565451720457100, 0.04438234593978672400, 0.04056225792575495600, 0.03545657650718758700, 0.02492977282321391300, 0.00906350003192617560, -0.01142330624232112300, -0.02746872758019704200, -0.03384198401272261300, 
0.09394212466827293900, 0.07520846342369942600, 0.05734882109240254500, 0.04869128383639562100, 0.04657325006009223300, 0.04156992786270202100, 0.03395171503466626300, 0.02008377949386114200, 0.00229189473208601950, -0.01578085824499370800, -0.02820474584764688700, -0.03078615692906956600, 
0.08564023492261697800, 0.06872026254896597400, 0.05341878974880313900, 0.04645396704825761900, 0.04395209849713667400, 0.03951240550520879200, 0.03228161660654103900, 0.01895349438042575100, 0.00258488929028630010, -0.01241904556726514500, -0.02177158986891341100, -0.02434627394355572500, 
0.07880737243713371900, 0.06063196772531758600, 0.04680691624525518800, 0.04122327929582534500, 0.03940923244031067200, 0.03891957173543417900, 0.03737762333736620300, 0.02987682122137735200, 0.01423909563771388700, -0.00386671367161309060, -0.01669908144821487900, -0.02273478072571233400, 
0.07481306941704617100, 0.05701859224732199600, 0.04364583238386547700, 0.03907724727981910800, 0.03894491728789190000, 0.04079181030056035200, 0.04091354057442010700, 0.03415397622092229000, 0.01844687466499416600, 0.00011899176966794107, -0.01322537929740356600, -0.01967308863518411900, 
0.06817854190559150000, 0.05426075640838237000, 0.04297693819781469400, 0.03917895327218325800, 0.03888459957162131900, 0.03972008422353862100, 0.03814042662126777800, 0.03112716447315696400, 0.01769139834985621400, 0.00203303505501200260, -0.00900020551006314520, -0.01516131062430423200, 
0.06523894011407445300, 0.05376655096288370000, 0.04554084150741418600, 0.04289935252492006700, 0.04181591599301443000, 0.03833294682582975800, 0.03412070094638500200, 0.02723749761385002600, 0.01591519195038040500, 0.00322195364794812450, -0.00606087638881556630, -0.01126939425280488700, 
0.06136720354126836600, 0.05070116429426259300, 0.04356052336158138000, 0.04180793331985865200, 0.04124592382982450500, 0.03728338512891007900, 0.03261709034133623800, 0.02554070604017755900, 0.01523069675868561300, 0.00394262303225838620, -0.00472971189144834150, -0.00932036754118639040, 
0.05710831361910266600, 0.04814828354017289300, 0.04195743156093537100, 0.04021183090298008400, 0.03925788488362382700, 0.03574595947131694500, 0.03147373811950368600, 0.02512090469504436200, 0.01559225943158288100, 0.00525101104638473710, -0.00315122188243949310, -0.00737377535185792730, 
0.05535301035794260000, 0.04815311081485428700, 0.04229497611827039100, 0.04025467772622243200, 0.03826939088163813800, 0.03485790450928807900, 0.02966740363897705400, 0.02253758024842341200, 0.01342833457330137200, 0.00410189892900252300, -0.00325222545504893570, -0.00778094902128167400, 
0.05279100525636420300, 0.04723328579738735000, 0.04221985253873208900, 0.03929799717327275100, 0.03595962109059351600, 0.03173937452880785200, 0.02660746929536985900, 0.02031321722693589200, 0.01252400244137288700, 0.00386391425958324330, -0.00333536347161491040, -0.00844467351301853020, 
0.04766097213805378700, 0.04362612411168802200, 0.03956850985326108800, 0.03620746688845093800, 0.03254940086065423500, 0.02864984107883523200, 0.02418489104111553800, 0.01874478508590896700, 0.01213112422833186900, 0.00509100395308509020, -0.00100554504613933940, -0.00590679366809600170, 
0.03954360424547163200, 0.03713516740087012500, 0.03436448445434152300, 0.03162614441423451700, 0.02852805570891980100, 0.02506783396392757400, 0.02113476245842211100, 0.01644440778750752900, 0.01117204226570910800, 0.00583284060020614580, 0.00088640137256149358, -0.00354005750344195580, 
0.03676366933294728700, 0.03521113410068420200, 0.03303792292171298100, 0.03048666714708476700, 0.02757188679538451200, 0.02425489743126212400, 0.02059801691688692100, 0.01642635760407162200, 0.01200099523588484900, 0.00747316105598738210, 0.00305271535093412170, -0.00122301934613318250, 
0.03658171736683058000, 0.03527248065997773400, 0.03329841278167778400, 0.03092551171551500400, 0.02820107087438238400, 0.02514975169583199400, 0.02173396929208229500, 0.01796579982553001300, 0.01400344609921440300, 0.00989208390569351960, 0.00580625443320119740, 0.00162237953579932830, 
0.03444390979733501200, 0.03324901365585937500, 0.03150813528885659100, 0.02953617329254145500, 0.02727775329159156500, 0.02468569207797787300, 0.02167176570228752200, 0.01829487944066622600, 0.01474539698581676200, 0.01108922797587274900, 0.00740709098173741690, 0.00352348763965476280, 
0.03031428138206755300, 0.02925847203335631500, 0.02780273558970850300, 0.02621046886525478900, 0.02449123110965600200, 0.02245616789397698200, 0.02003902880851872100, 0.01726445691523753900, 0.01434309077069201600, 0.01135515507474152900, 0.00838677078986344030, 0.00519312717795647560, 
0.02623506402713147300, 0.02534396641981945600, 0.02415751419241536300, 0.02288079800550795300, 0.02155018209716586000, 0.01998806619146149100, 0.01809760695840826100, 0.01594394122448001100, 0.01363308729964613800, 0.01128143699324915200, 0.00895603838433134060, 0.00642017460598372660, 
0.02382404964388767900, 0.02303749510684447200, 0.02198226295908830400, 0.02087895085079053200, 0.01977728928996643600, 0.01845306097155321700, 0.01682624653235528400, 0.01493234010055898700, 0.01291414225794170100, 0.01086606041161122300, 0.00891061493884709800, 0.00674558645023231980, 
0.02279048161612702200, 0.02201440436030629000, 0.02098367782161432400, 0.01994345112109117600, 0.01895083881833933800, 0.01772887659505076700, 0.01618210721998756700, 0.01431721181678162100, 0.01232965915938084300, 0.01035386413370548200, 0.00854529228977488580, 0.00657532021224858240, 
0.02229823135102205300, 0.02153779916576532500, 0.02053448669005638500, 0.01951906618460141900, 0.01852580789057705500, 0.01731584221114454400, 0.01578171027945693800, 0.01394207834927025200, 0.01198141565333514900, 0.01006540081597797500, 0.00831451909026451230, 0.00644889202751442420, 
0.02201901289982381000, 0.02129950182392624200, 0.02034212823385932500, 0.01932672540431962600, 0.01828235684254203200, 0.01705123549041037300, 0.01554940173165793500, 0.01379794512657028800, 0.01191592294176342800, 0.01006263696004269100, 0.00831090486475086380, 0.00647529067082287370, 
0.02211768357458873000, 0.02147468819459942200, 0.02055638074141557700, 0.01953458562547288200, 0.01844035175996104600, 0.01715684207739798200, 0.01565845326343830900, 0.01394089477876749200, 0.01213253931064116500, 0.01030916775921846900, 0.00855651398640675310, 0.00669610883212266860, 
0.02222090926314793800, 0.02164177408987194200, 0.02073554833549643600, 0.01975002961228256400, 0.01861258070014685400, 0.01729270198341511700, 0.01574414599826846500, 0.01400658259195152600, 0.01220182307325600800, 0.01036695051683450400, 0.00859082554436356620, 0.00665526650664133210, 
0.02181459247228068100, 0.02128694387350544100, 0.02041851502386285400, 0.01948630808324967200, 0.01835530626173826800, 0.01706576960193157200, 0.01553496995973299900, 0.01383142955764999700, 0.01204986709823685800, 0.01022065492791754800, 0.00843803397340245690, 0.00649160530631885760, 
0.02182579116521461700, 0.02129857777752634400, 0.02044365149638812500, 0.01948214282346664600, 0.01831085226697493100, 0.01696611735786664900, 0.01539345526176595000, 0.01364064592364294500, 0.01179662023510033700, 0.00987309684039487830, 0.00795109484547317120, 0.00586036647463893460, 
0.02196672596487315000, 0.02141908062201798600, 0.02055707745691330900, 0.01951414582167873600, 0.01821205118939723700, 0.01669838759109173700, 0.01493361549994432600, 0.01299509370440619400, 0.01093142632941796300, 0.00875133554820215280, 0.00651475056360630890, 0.00411245476783230790, 
0.01853945631419346600, 0.01805247441457308300, 0.01729012210920871000, 0.01633750175950225000, 0.01514645207109588000, 0.01377654304731427600, 0.01217961129242677700, 0.01043403189260175500, 0.00855391422993594280, 0.00656384468146566870, 0.00450133875709018970, 0.00234025866717538270, 
0.01262105227740336100, 0.01214873782825196500, 0.01146590962083935200, 0.01064941869723115000, 0.00968588933228814630, 0.00859817115905254020, 0.00737355921903964230, 0.00605052698125082760, 0.00465160939028803990, 0.00317888687313477510, 0.00168639656153455450, 0.00019078593635345442, 
0.00809640918514372390, 0.00746528796391542590, 0.00673816868070079360, 0.00602355336560115790, 0.00522173704819579600, 0.00428843341848551480, 0.00332346944180403990, 0.00237871044979485980, 0.00145282624922398900, 0.00052621292538868525, -0.00034015283854359001, -0.00114792547094609870, 
0.00989636632825892020, 0.00901143861375241700, 0.00787991950382347340, 0.00663678984618779400, 0.00525876188649975020, 0.00378406180782471380, 0.00232657375568257830, 0.00094102293715095874, -0.00034988968223500074, -0.00154988508306638360, -0.00252608721765220030, -0.00344139192595789310, 
0.02330105103857674200, 0.02158386521156173800, 0.01918570735678644000, 0.01648554275080995800, 0.01353756814813084100, 0.01036646755280812800, 0.00708338470657919430, 0.00373900702074141550, 0.00051442175238755681, -0.00257098343415926650, -0.00541071549885411770, -0.00814436729533128160, 
0.03182630566013414100, 0.02929864054204030200, 0.02604713088076804700, 0.02259936263919612400, 0.01885656576790659100, 0.01494056903240160100, 0.01098884765203438300, 0.00723264739017008720, 0.00363216155276539000, 0.00005807958155308970, -0.00350487622337080110, -0.00703316690624963300, 
0.03232861741773230400, 0.02946143226412880100, 0.02589478372553768000, 0.02217444229028444500, 0.01818278620043047000, 0.01408016683292900200, 0.01015374782970808800, 0.00668219740892134900, 0.00361274713893303820, 0.00055052280071152000, -0.00243806497773033660, -0.00546162656013726540, 
0.03437204279740925500, 0.03117510439333347900, 0.02697132742015333600, 0.02243605979902101000, 0.01756616488247663900, 0.01248222743439419100, 0.00785879558604630700, 0.00386081701381476040, 0.00057241755371561262, -0.00259455492163424610, -0.00538273858913306590, -0.00805540895896726320, 
0.03946089170617141800, 0.03537563428350543700, 0.03002050165929328100, 0.02403044784520489200, 0.01754953164347302200, 0.01076437117570539300, 0.00465930569878104420, -0.00026528048457716150, -0.00421302606556571510, -0.00755288116247419990, -0.01017914301213408200, -0.01243088194033226000, 
0.04313911030502593600, 0.03806911929070055900, 0.03144155553507180200, 0.02429059653841751000, 0.01648208759137566300, 0.00865327954734110980, 0.00227326099417544250, -0.00209906390300208710, -0.00501620755970923120, -0.00729777311088836060, -0.00908343356293947120, -0.01093391883783241500, 
0.04561166753619472200, 0.03933359700926250500, 0.03148204364941930400, 0.02356921113630633000, 0.01457716689714860800, 0.00571223147341635120, -0.00073406987960094715, -0.00400274424663845610, -0.00522181474880653320, -0.00649323085850924630, -0.00713313709600696570, -0.00780955343555969800, 
0.04834955634846524500, 0.04122392402164848400, 0.03244029246993279700, 0.02334479073060688500, 0.01327585454774507300, 0.00334909821859199780, -0.00370326683027570430, -0.00676945099876739840, -0.00740611779984521810, -0.00789268409471933700, -0.00777062450467265460, -0.00731926362057449840, 
0.05152778385775538800, 0.04387141908908830800, 0.03420903400630471300, 0.02362532671417420800, 0.01254145657422255800, 0.00178029495227027280, -0.00603794515611459200, -0.00975927783347223940, -0.01092559305365675700, -0.01132585696725563500, -0.01108798162733082300, -0.01045909168090776400, 
0.05431107868862083300, 0.04608411507083279300, 0.03549829208760810900, 0.02369073549105918400, 0.01158331505956192700, 0.00018705772190423563, -0.00827099069413173190, -0.01293636886821060300, -0.01481329465552139000, -0.01544369514359772400, -0.01505210428365551600, -0.01434152692314694500, 
0.05377405496423524900, 0.04548263532506715400, 0.03462178813910982800, 0.02248731625686279900, 0.00988849664738755680, -0.00160417297130711860, -0.01015328556327192700, -0.01477536546752649400, -0.01650846862369095100, -0.01670005585475496000, -0.01556664041419803700, -0.01414878656637266100, 
0.05089874544289237100, 0.04304292078464675600, 0.03230288592930210400, 0.02057221696478637300, 0.00848322901123728030, -0.00258390154007107860, -0.01047991436000175100, -0.01470069922089672400, -0.01586023319922081800, -0.01537660750558957800, -0.01368307584222828100, -0.01198469969774481100, 
0.04770645086387019500, 0.03993159902532662800, 0.02954144016434288900, 0.01825924925307346300, 0.00671437255820579900, -0.00394377341816614690, -0.01127673005757764800, -0.01474645478202819700, -0.01510835561623121100, -0.01398105928637471400, -0.01182286138767569100, -0.00970682118016810700, 
0.04394287181491496300, 0.03632337256098811700, 0.02659306494370952700, 0.01612810220597346600, 0.00522931165864676510, -0.00490672800518097630, -0.01184871861187513000, -0.01457759928107083900, -0.01437635933696100900, -0.01288240356264517400, -0.01039015467761235000, -0.00767177013940995720, 
0.04050991687415496400, 0.03348185450470887700, 0.02454607730012370000, 0.01470915554736903700, 0.00456333772373267510, -0.00469835554494056180, -0.01124114673159971200, -0.01356987126113994700, -0.01354406471651232000, -0.01249385558727807500, -0.01034591104422359600, -0.00787888181722563860, 
0.03606522365347970100, 0.02991299002373520200, 0.02200874311766266500, 0.01306967206151636900, 0.00398491152225205130, -0.00434670136375134640, -0.01066592477508814800, -0.01315379756622426400, -0.01364015175636175600, -0.01308263454124241100, -0.01101775161069214400, -0.00878100959634398740, 
0.03210894335297554600, 0.02656720799436294900, 0.01941789160589899000, 0.01162186607884803900, 0.00360527852042275260, -0.00390684873398035310, -0.00952723359620500850, -0.01202582692163855000, -0.01240304927586685500, -0.01166035143091286700, -0.00971431663539728750, -0.00769109469185239820, 
0.02770291144324520100, 0.02265770934080178400, 0.01612306070361114300, 0.00958855689325750600, 0.00277641843922738890, -0.00373064062173225460, -0.00856463364074712930, -0.01047838094917666300, -0.01023357747240764300, -0.00865645447953719390, -0.00643063907837434020, -0.00420315868033768400, 
0.02422734807732083000, 0.01994307673389644100, 0.01437179239433868100, 0.00882752388067788160, 0.00305127375685921180, -0.00260740855985932150, -0.00685625091904321860, -0.00861866171496631850, -0.00876518213747679890, -0.00770965772786062940, -0.00616207005189208910, -0.00449631264597233440, 
0.02102244460392311800, 0.01750071068797208100, 0.01309573151938628300, 0.00856007270864716020, 0.00363189136406063790, -0.00136684604087533880, -0.00510735111069725210, -0.00700262068316265600, -0.00764839741252443080, -0.00765172291317904510, -0.00691544153618673260, -0.00578172730359719030, 
0.01808637830909181500, 0.01509808836861102100, 0.01152177189515980100, 0.00795685069926505870, 0.00386571915719055750, -0.00044332835277331609, -0.00373497335936635870, -0.00557973558909266070, -0.00626606665857274130, -0.00655478143010832650, -0.00609162799054322690, -0.00512978029128118710, 
0.01615310304600534700, 0.01340586992368086900, 0.01030912661416948800, 0.00732184871925673030, 0.00384184577674929030, 0.00018115315803499097, -0.00262324579239287370, -0.00426714143762983200, -0.00491890692520101200, -0.00515146340847569620, -0.00486555192523227720, -0.00421230954148018970, 
0.01487152617726005000, 0.01241258504542513600, 0.00956172769503822740, 0.00684597627637153430, 0.00371458814074043410, 0.00062834466155505897, -0.00185111159590342520, -0.00345746018835963380, -0.00437408059370172910, -0.00469926294459561620, -0.00455528549240724870, -0.00411035762000455490, 
0.01504584163977061100, 0.01266609458375302100, 0.00977367611789167930, 0.00702351908777939900, 0.00399212665634667270, 0.00121091210648464230, -0.00115335971816756220, -0.00273766103341634280, -0.00377912824070017340, -0.00427117673907498330, -0.00436341631199508530, -0.00419217960856405840, 
0.01542418819850470800, 0.01284456841224630500, 0.00987736366617234480, 0.00713899500449487280, 0.00426962247124947760, 0.00147321054101007240, -0.00088636705705388581, -0.00244241552769203190, -0.00327860446713148760, -0.00381516071311165410, -0.00421234684052653340, -0.00451397485473917400, 
0.01519479386530655200, 0.01240366401598650600, 0.00925731757557899350, 0.00639155435589683870, 0.00366654933325144760, 0.00094333895150354398, -0.00122022481550517510, -0.00251945930266041880, -0.00311396608506634170, -0.00362718436405575420, -0.00431681680991355050, -0.00517601991191590870, 
0.01384193550053667400, 0.01138296184866884400, 0.00861503669698305070, 0.00610359362531226640, 0.00365366744472463710, 0.00129987523212950160, -0.00040310334171169554, -0.00139055978648665830, -0.00206477459305341640, -0.00281633601682622450, -0.00368925009301598970, -0.00467892489559029820, 
0.01222108199071983600, 0.01028362694926127400, 0.00802210177239314970, 0.00611210450564093810, 0.00415156424901561880, 0.00217936925264448170, 0.00055834357244762120, -0.00062299980320613621, -0.00163734656451958650, -0.00263126096717308190, -0.00375037530962381030, -0.00488502534198314090, 
0.01155836462970454900, 0.00966187105088812950, 0.00746527274577959720, 0.00574911673100448550, 0.00421032568723179060, 0.00257934523636945420, 0.00114486544998497600, -0.00002138894424125663, -0.00097177050712986106, -0.00195013114459357030, -0.00317286611884104410, -0.00459675722311231070, 
0.01195967944789594500, 0.00977575496328421390, 0.00752061737799478850, 0.00584588674688707630, 0.00442481881617379310, 0.00293376948617104240, 0.00160868659803902200, 0.00053636847583955153, -0.00043133552355008824, -0.00146574633979956040, -0.00271697158284090610, -0.00417313312304269740, 
0.01303140190703170100, 0.01062190756059647700, 0.00820121401927276050, 0.00639843387057380600, 0.00485657916284183010, 0.00322611569170883590, 0.00173035310479046080, 0.00053103451071422612, -0.00052169523086937350, -0.00167411840812213400, -0.00312351388159619980, -0.00481709682481602000, 
0.01233992421524166000, 0.01027189829284811200, 0.00816244406369913580, 0.00651265920686154660, 0.00509563338770177740, 0.00355062430291768400, 0.00204188434075893960, 0.00074015581492540856, -0.00037825821586152356, -0.00156138477937671210, -0.00301273510202953360, -0.00471912620210422110, 
0.00988884298861252360, 0.00857163644028305530, 0.00715558368245027780, 0.00594522250139319780, 0.00486104902015454830, 0.00367048561649823940, 0.00243945200390029280, 0.00130529536036658500, 0.00028734870714375055, -0.00078203735870993878, -0.00200111500368021710, -0.00337345231352803150, 
0.00879534509227082420, 0.00784660111881608020, 0.00674643921028404180, 0.00574818446147034620, 0.00483991807793372750, 0.00397290639643283540, 0.00314862162544113240, 0.00239222844175768350, 0.00161314088008025380, 0.00068237468455585332, -0.00046480337453145572, -0.00182270950310729520, 
0.00918373934349144860, 0.00834032714262365580, 0.00737219382786386160, 0.00643147478433775830, 0.00547883931767437390, 0.00450807958754760680, 0.00369561978169716820, 0.00299450368467975940, 0.00220457068612894130, 0.00116878036898348820, -0.00007020531846024165, -0.00143844986857854600, 
0.00909999920109051330, 0.00843787582102678050, 0.00767330075418422900, 0.00686616450291449320, 0.00595895039130916490, 0.00495133528718330870, 0.00410937243313678510, 0.00332430849797194730, 0.00242596049911280750, 0.00127158714087676640, -0.00001107142008237773, -0.00129594649197794720, 
0.00932294864812019570, 0.00873888847858390880, 0.00805076513400766570, 0.00728111513368010900, 0.00637920352441878090, 0.00533417396036503600, 0.00437367309870535530, 0.00344115394361392370, 0.00241705032531888210, 0.00120166098103386500, -0.00009104208455315376, -0.00132899394950974720, 
0.00988726820346047180, 0.00933263214146138990, 0.00862664881541622130, 0.00777957108980595160, 0.00679286393084733730, 0.00561867649543497900, 0.00447284760023394790, 0.00337928156999755790, 0.00223499449984924110, 0.00098092129742568396, -0.00029554036175023649, -0.00149135304539599160, 
0.00935978710719922130, 0.00883132057945560520, 0.00821074942667495730, 0.00751748522661145960, 0.00667503240370986760, 0.00564338813186724370, 0.00457230814297805880, 0.00354058111838749180, 0.00243586347747407230, 0.00121717287745422500, -0.00004474655216509495, -0.00126199455333746720, 
0.00862678055409366040, 0.00813149619160358040, 0.00761041038416022680, 0.00709455331278993800, 0.00640770098770836620, 0.00550047531797144120, 0.00452632725557672660, 0.00359145624275327390, 0.00261216300064296810, 0.00151485211683014880, 0.00032549605019122898, -0.00083692208968053918, 
0.00840704905626903610, 0.00790958987648764970, 0.00741585123223047720, 0.00692804253065285730, 0.00625186364689390640, 0.00530792533071405660, 0.00429140191181437600, 0.00333561068038224980, 0.00241085368659852170, 0.00140558038603975860, 0.00032598655383337348, -0.00073226928936146948, 
0.00828619250640287230, 0.00775027816120458720, 0.00723453030278129600, 0.00672892005103218910, 0.00604323191228063350, 0.00509243096859325530, 0.00409844026708678330, 0.00315315780895919670, 0.00223877955877303540, 0.00131316661437441430, 0.00034275985960506751, -0.00058278964541017225, 
0.00769900439654808060, 0.00715680702577986380, 0.00675652768383428780, 0.00641226354537196420, 0.00581038003525076100, 0.00492432391868818150, 0.00409125081090406640, 0.00335014795174007770, 0.00252881918181345300, 0.00163973002139791190, 0.00072069791461660355, -0.00011438895013352783, 
0.00610082461370968240, 0.00560903272083458720, 0.00539288637556647240, 0.00531283410123407560, 0.00490519790999568650, 0.00420999342285275060, 0.00366130640281218420, 0.00330713837202285200, 0.00281541364438267800, 0.00208713400482532680, 0.00136436089853338250, 0.00083772779770134413, 
0.00483142012935408250, 0.00441519957053483800, 0.00427599848408816500, 0.00427893148335458090, 0.00402189994111631310, 0.00351433000118039130, 0.00315952613949906740, 0.00296508534375121340, 0.00266167849599001360, 0.00213655700293266050, 0.00164704771921820080, 0.00134200797223438270, 
0.00439189851765865980, 0.00405905587099437880, 0.00393266240244711290, 0.00390732511254838780, 0.00369398160239563020, 0.00330787102816775240, 0.00302779701078848990, 0.00280892863093759950, 0.00249713147861920820, 0.00206727254403741210, 0.00170629048371951240, 0.00143127610025438680, 
0.00440584063428179140, 0.00409815585012361740, 0.00394726052654125960, 0.00390189509572933060, 0.00368178020716853530, 0.00334123859766728270, 0.00303680614822909650, 0.00275505739304151900, 0.00237334736794463790, 0.00192294342702970680, 0.00157254767772997680, 0.00130054750362183320, 
0.00440553386590087840, 0.00407787448071295510, 0.00394141786071693000, 0.00388739130590713520, 0.00362540408224467940, 0.00325873656314444380, 0.00295999209885390800, 0.00268040108743644720, 0.00224679325993808970, 0.00177481971872019990, 0.00142491339645083900, 0.00115709727577276630, 
0.00508594000035098980, 0.00456982974279928570, 0.00436187140801974280, 0.00432236182081930510, 0.00406733861078835760, 0.00361445181813639440, 0.00327493625822987280, 0.00297271558850475310, 0.00240063589793725490, 0.00174190786159616620, 0.00127442843755642900, 0.00103195633713015550, 
0.00660401578986718770, 0.00562689084205674710, 0.00517139485002241460, 0.00520741764780295600, 0.00512555996543093310, 0.00463382390120569130, 0.00414020297233172810, 0.00359739948950480980, 0.00262331854249668550, 0.00163307961220005360, 0.00097586207888819478, 0.00082096042181927550, 
0.00635714612605371800, 0.00527643053541642160, 0.00485242298266568790, 0.00503608699253158770, 0.00507184188873394720, 0.00459194417658327460, 0.00401767373627502120, 0.00346237581611612580, 0.00257285710950953950, 0.00167996195426314510, 0.00108661907567511510, 0.00100016133026167740, 
0.00541641942752470180, 0.00448257887077256180, 0.00413698762371797650, 0.00432688561239553870, 0.00444741353803424290, 0.00405820745860064470, 0.00343189198786094220, 0.00286907185207326480, 0.00226174118169574990, 0.00176153710128087180, 0.00133548751279991970, 0.00103788576235806780, 
0.00484604828429963280, 0.00395018976821168760, 0.00363754135403414900, 0.00385158609539039240, 0.00401772857350763800, 0.00360660078325533320, 0.00299704860485756330, 0.00249107406100514130, 0.00200231458255504700, 0.00164918758737368060, 0.00131540363190283470, 0.00091853850772551462, 
0.00436218525594647340, 0.00355269797488994180, 0.00333604484093062180, 0.00356670182472320060, 0.00366792089278068990, 0.00324733157664672690, 0.00283263684365882590, 0.00248072549821234990, 0.00198534558919240050, 0.00155207695381396090, 0.00122063429092438480, 0.00100457209127555510, 
0.00435637697953768660, 0.00357799608056825560, 0.00339785562905050090, 0.00364969137352535090, 0.00374493836363728580, 0.00327570852849095280, 0.00280957069368296520, 0.00255853718845233760, 0.00226249284513909070, 0.00187033391993884910, 0.00136928530662003320, 0.00105830689129473090, 
0.00482877082122034480, 0.00408454953229042420, 0.00392685787550246710, 0.00413932575525192540, 0.00419025095041171590, 0.00373993086931735010, 0.00320195464194627120, 0.00290506593263256980, 0.00267908061739940890, 0.00230422370043024870, 0.00179754598317026160, 0.00136388552099071040, 
0.00505773961585368520, 0.00434142010525668390, 0.00426039856190572970, 0.00446716775741420010, 0.00444455290957867810, 0.00397595866483732750, 0.00346752556445643940, 0.00318383106153018660, 0.00286670286715633810, 0.00242939257679014070, 0.00194487393553575040, 0.00161605795575343450, 
0.00498245118249591740, 0.00431851599563043420, 0.00425341478497030630, 0.00445742482036377930, 0.00443520563250196770, 0.00401013943397839080, 0.00355810745821686120, 0.00323541122004658780, 0.00284679342943626020, 0.00248907384814005480, 0.00211155844859153360, 0.00180842895961479600, 
0.00463423193589852620, 0.00396939516455896510, 0.00391635900492168840, 0.00419982831333973440, 0.00421007541839802690, 0.00378724848634335580, 0.00335233493669732060, 0.00307762391072993440, 0.00272186961425475990, 0.00237157922805357160, 0.00206845801321588200, 0.00179837850194294580, 
0.00432899547176723770, 0.00360026394569267550, 0.00359758451956463180, 0.00398045567369201440, 0.00396965508031512420, 0.00341437349349485920, 0.00301266116741164900, 0.00287090165626162270, 0.00256290114486789920, 0.00213710810275578300, 0.00178660589296196380, 0.00159897694448652180, 
0.00415813707494147590, 0.00352539541066841920, 0.00351432666032803390, 0.00381777748233897780, 0.00368848118580639760, 0.00310796748427536080, 0.00272894408483757280, 0.00257160780127112550, 0.00230613413120326840, 0.00189526209461730940, 0.00152813018370982960, 0.00125268227578253940, 
0.00374913004930725430, 0.00324154432011464300, 0.00323200681172178520, 0.00345047324196142480, 0.00328142823339608100, 0.00270528129674715760, 0.00234452968632909610, 0.00227004999068772470, 0.00206576212541691950, 0.00162595391971514660, 0.00120889689311178880, 0.00088247709327387322, 
0.00328850226670734500, 0.00287112040309150160, 0.00283174969075817690, 0.00297922717002286570, 0.00284958224404968480, 0.00240274142902825990, 0.00207708304983217870, 0.00197333705087131010, 0.00179328204121414650, 0.00142671813890386260, 0.00106030652619701800, 0.00071785889915625231, 
0.00300708559699549690, 0.00266987179955140240, 0.00259535123795571510, 0.00266191731154367000, 0.00257171197593178670, 0.00225307253478266090, 0.00194943154416765030, 0.00174945884437655560, 0.00154977750049919070, 0.00127338368960207650, 0.00097754010320226449, 0.00068111640330770196, 
0.00294630415427032340, 0.00265009333741650150, 0.00254111901856843030, 0.00256547935839384830, 0.00250059871460019170, 0.00220309957590578530, 0.00191141511054317410, 0.00166848869880183530, 0.00144979400135772920, 0.00120013291059482720, 0.00090712273615596725, 0.00064775017553673553, 
0.00281056044997976370, 0.00252062848271912770, 0.00240832778735808500, 0.00244202797961542590, 0.00241645012319600170, 0.00213505686222256870, 0.00184999373202365880, 0.00162322738012343950, 0.00141270533772885160, 0.00116652278877456510, 0.00084440153247513044, 0.00060661374596429163, 
0.00250744487740714840, 0.00221829541431706620, 0.00212067573261180910, 0.00216897364952410230, 0.00212947133874656770, 0.00180648454899258110, 0.00150813266528023030, 0.00132858281250301560, 0.00118439133568574520, 0.00093395691644363691, 0.00057586399942210250, 0.00033584818796929922, 
0.00214407076220538050, 0.00191154694855420210, 0.00180156646249685280, 0.00179675070760770570, 0.00171476001253542240, 0.00142392022337206000, 0.00115474521873220140, 0.00097139481420248830, 0.00079095284004594810, 0.00053963290845851399, 0.00023202850542549332, 0.00000500549293239447, 
0.00180820657599241170, 0.00161908376981003640, 0.00148671014032081640, 0.00143085647682579680, 0.00131899905750866490, 0.00109419890382844810, 0.00085211358861720602, 0.00065629225362113467, 0.00045849385835116660, 0.00022627745923474373, -0.00002551195862827845, -0.00025265429914216069, 
0.00168412760727465690, 0.00149944376243702350, 0.00139336335574563120, 0.00136880282314941660, 0.00129134279098965380, 0.00108770852779642240, 0.00085650739569741554, 0.00069230712952532338, 0.00055542916746859430, 0.00038361104373777112, 0.00014969782281984062, -0.00007536333512325073, 
0.00181815398263380080, 0.00167789177614768120, 0.00158312698437979360, 0.00153284768329055360, 0.00143139750861068750, 0.00124763672363062190, 0.00104478688671217660, 0.00086401546254304465, 0.00069449261088067743, 0.00050967116713679437, 0.00029525514208394879, 0.00007863651437594331, 
0.00146580014407975890, 0.00135713846681500040, 0.00125794094595438870, 0.00117101834464121680, 0.00104643675854108600, 0.00088861823245061354, 0.00072383514033060546, 0.00056229090216428383, 0.00039616239831791563, 0.00021861459970888491, 0.00004718708567623248, -0.00011551496085985652, 
