1.03649938986121780000, 0.52640496525039870000, 0.32307604248707145000, 0.18339314834535511000, 0.00792332568288431350, 0.04675980870231134800, -0.03483122305700221700, 0.04532504024269978800, 0.09543009067710661600, 0.07629330534093889400, 0.05053113428471904500, -0.04938780127717250200, 
0.45604553745636789000, 0.35212917787825837000, 0.24103689599322453000, 0.14537561474958730000, 0.07272940780012067400, 0.03385072600684672200, 0.01282123214231783600, 0.00583210114100973700, 0.01291314907313136800, -0.00164600575695570200, -0.02639370418046763100, -0.06347634383330993900, 
0.30218173324804293000, 0.24753464312286050000, 0.18791506896621363000, 0.13800932428423990000, 0.09278480436220221100, 0.05112300529163884400, 0.02056522652230567000, -0.00790626716062517440, -0.02410032639353513300, -0.04411798384370387000, -0.05501886054924324400, -0.06272292702403559100, 
0.22330820732122619000, 0.18822771333475824000, 0.14982174331471115000, 0.11714109392038224000, 0.08836369551270423200, 0.06070852690107116100, 0.03518316276623548900, 0.00611053976620647140, -0.01974526933086362100, -0.04306005719565460200, -0.05959808802570602800, -0.06983185438631930900, 
0.20063472002375771000, 0.16550461212379414000, 0.12576599489527943000, 0.09267368019987429200, 0.06981682309952151600, 0.05439368836585393300, 0.04073701559953942000, 0.02311946491320672100, -0.00000580437053648852, -0.02710636700766965600, -0.05573442450236403700, -0.07887742978572530300, 
0.17660884196737575000, 0.14501630895934331000, 0.10959373170715864000, 0.07966550031577687700, 0.05895682159855605800, 0.04560733915813126900, 0.03517132865850437800, 0.02313890919981010500, 0.00593389332676872580, -0.01862905970882082800, -0.04785155448511364800, -0.07230436650851497500, 
0.14382189064231146000, 0.11947506475548648000, 0.09230074413002711800, 0.06965204513336506500, 0.05370760333137135400, 0.04219758086321770400, 0.03219857900627799000, 0.01990266450415244200, 0.00419197342100025360, -0.01564832699458604300, -0.03579762920615790800, -0.05127516607596486300, 
0.11791626464282119000, 0.09975465854319619200, 0.07976716587207394200, 0.06308053266710439400, 0.05041336090252550300, 0.04031383595031560300, 0.03095815614622982400, 0.01909139212612995900, 0.00458204291993672550, -0.01129180167362626600, -0.02491585825227709400, -0.03509269786901559500, 
0.10231261876188999000, 0.08699129166924853000, 0.07095682827868898800, 0.05874700092708388900, 0.04984900018060081700, 0.04225164164986289200, 0.03378601047995561500, 0.02162082104236809700, 0.00613809882431468580, -0.01056775998946112700, -0.02435399585667025900, -0.03375579061456689100, 
0.09509956655691147200, 0.07957665123435991900, 0.06424332094585759300, 0.05403990349442991400, 0.04772030063640077300, 0.04191345156334760900, 0.03380763294955145500, 0.02259561866903523100, 0.00784611378016643840, -0.00879550681452885220, -0.02268545570274792900, -0.03012337594661666100, 
0.08739026586242561200, 0.07285224759539056500, 0.05862590633315083900, 0.04935394568688229000, 0.04329333499212498200, 0.03815548552057268500, 0.03170499518894817600, 0.02355937860680538300, 0.01151081022205056500, -0.00311891725259602540, -0.01568772422276521600, -0.02291537416787918200, 
0.08042067982098841100, 0.06776975832546926200, 0.05561373031570126400, 0.04733278408555021500, 0.04158526586863046200, 0.03709875944268999100, 0.03235512225268791900, 0.02503363021826543500, 0.01407124100414803400, 0.00150188663180525660, -0.00942355594687767710, -0.01747651007584004300, 
0.07453303633003642600, 0.06296772431404465400, 0.05251411143441556100, 0.04577773601014673700, 0.04154254780188881100, 0.03759170947380301200, 0.03202961036147623800, 0.02303581945706509300, 0.01181984765758345800, 0.00096486245656150511, -0.00749681088091236260, -0.01388357403932161500, 
0.06934003911904576500, 0.05918102882414767700, 0.05019687494184308500, 0.04488600218088250500, 0.04164043198683034500, 0.03837886474951906400, 0.03379943487754160500, 0.02614109307677250900, 0.01566338177753492900, 0.00475776148383959180, -0.00398463314429484650, -0.01052434429654261100, 
0.06633121544658819600, 0.05750051257462143000, 0.04981003414516731200, 0.04529394644988517200, 0.04217378586782125100, 0.03847886219118489000, 0.03343646990193342700, 0.02584392361851484100, 0.01531620130801405800, 0.00503128870779106720, -0.00311787450687885280, -0.00939170357523481240, 
0.06164851331819434100, 0.05402218497829553600, 0.04790764004860195000, 0.04434961410215788900, 0.04175526504261661100, 0.03831812073244081400, 0.03363469835109991100, 0.02677107162019295600, 0.01715051109840930200, 0.00697789017593035410, -0.00098409187179022105, -0.00638128627042288540, 
0.05751707080687074000, 0.05131427912429683400, 0.04672292413798759300, 0.04381235582465452200, 0.04096175209196317000, 0.03732368526028777300, 0.03299857526327335000, 0.02710724244135754400, 0.01887289316960274700, 0.00948584551104073370, 0.00190641362397801470, -0.00321721278178034240, 
0.05309603519087565500, 0.04863709520002596600, 0.04476178894854176300, 0.04172397395105251200, 0.03847315816471569300, 0.03457475384835577400, 0.03008693756245150300, 0.02440611998081600900, 0.01711992050773527800, 0.00895598652194307810, 0.00216947225791202330, -0.00268989755765266900, 
0.04658837321878368100, 0.04327050296539752100, 0.03987082475679180200, 0.03696492377672087900, 0.03389089336078378300, 0.03029029289741526000, 0.02617905904097688600, 0.02117960203400266700, 0.01508797181863337200, 0.00837617242772545000, 0.00256428635325224060, -0.00185179936279307280, 
0.03905637444879802400, 0.03692309440773880500, 0.03440077863435805900, 0.03179258104742067200, 0.02900012757195082800, 0.02598860972487676600, 0.02255988241139050100, 0.01855775616859145500, 0.01387823424431148600, 0.00889429203013640710, 0.00423720390692969210, 0.00010210757098800573, 
0.03619124741810928600, 0.03467164792305140600, 0.03271862661945755500, 0.03050910798838188400, 0.02807948419979490500, 0.02532643331584871800, 0.02215127289449796100, 0.01848543937910975700, 0.01438631002562628900, 0.01021422121647563900, 0.00619543390553134190, 0.00232552135584642100, 
0.03599088265999987600, 0.03459835215551126200, 0.03268762255669684800, 0.03046099581305139500, 0.02792205140063151000, 0.02500024110984385200, 0.02163489047919200600, 0.01788611795309062000, 0.01388721655699974400, 0.00980408678285695810, 0.00579091056606330020, 0.00182607343626656420, 
0.03613895980627847300, 0.03477514758412248600, 0.03274743989104032800, 0.03037299740164129200, 0.02764792948326299700, 0.02463002621990199500, 0.02123269843689365800, 0.01748479815128711800, 0.01354179412129218200, 0.00937843241422613850, 0.00519750834511799320, 0.00099635544886824421, 
0.03337551238649854500, 0.03220400828505839300, 0.03048162287962861300, 0.02842286277069745700, 0.02607583795516786900, 0.02346240373627196000, 0.02048108312371992400, 0.01720424147364785900, 0.01377788291829222500, 0.01014479129666834500, 0.00647162348205739500, 0.00266175289311708280, 
0.02987431334034099500, 0.02888009193628593800, 0.02748306434885800600, 0.02576623862963280500, 0.02385782500549419800, 0.02169263216853076200, 0.01919784483372722500, 0.01647830932978769700, 0.01360885135019694800, 0.01059860758459098400, 0.00751727212785248570, 0.00425928766492932740, 
0.02658706193718573000, 0.02575241652567594000, 0.02460586699226940300, 0.02325046316988782800, 0.02178782734372724000, 0.02009462613239043300, 0.01812626249294987300, 0.01594476942842633400, 0.01359182395269107100, 0.01118035754092392700, 0.00870830819099733050, 0.00608323443758476520, 
0.02379971039258748200, 0.02311611816219810400, 0.02215860258244600400, 0.02106968955235148300, 0.01994256955129989800, 0.01863067356613109400, 0.01707888551859207100, 0.01534385390240062200, 0.01346253089786317800, 0.01155211326461039500, 0.00967163471481126590, 0.00763830525262785070, 
0.02257598487104554200, 0.02194020401148457500, 0.02103099515648568600, 0.01999027604092384900, 0.01888202737446741800, 0.01760111658313088700, 0.01609974467511323200, 0.01445484470794422500, 0.01267856430248662600, 0.01087916549617314900, 0.00908859217444043900, 0.00714627523843276540, 
0.02267256309983891500, 0.02203921438031424700, 0.02111427081527815500, 0.01995746070417412500, 0.01868242978439749200, 0.01726380146333179500, 0.01562292965610264200, 0.01388060367336976800, 0.01203087355428834500, 0.01006286190441195600, 0.00807297297344543650, 0.00593967898870350220, 
0.02280829409203038300, 0.02217168130003497100, 0.02122358262945238400, 0.02001661599056692900, 0.01865243670158683900, 0.01715314818119588800, 0.01542166691151356100, 0.01358085201449877100, 0.01163048318536761400, 0.00955119131937649110, 0.00744827018070763970, 0.00522384185838524210, 
0.02344985364796431700, 0.02281449701242058800, 0.02184838128885578700, 0.02059657394092527500, 0.01916275377714546000, 0.01755721684716527900, 0.01572757905096364800, 0.01374887733060529800, 0.01164771881551287600, 0.00940584089544329110, 0.00711490007427713950, 0.00471602568189490120, 
0.02377061845156306500, 0.02312970030247178000, 0.02214748685821414700, 0.02085653351318372100, 0.01934663887253645200, 0.01761305203755189600, 0.01565708526360912200, 0.01350808056832224600, 0.01120709350943673900, 0.00874509840844224850, 0.00619454585326910480, 0.00355015858968920060, 
0.02202934710930144100, 0.02140256976791658400, 0.02045064850615726000, 0.01920811173721376200, 0.01773357015263894000, 0.01602690183262539900, 0.01408943850035056900, 0.01194905513922269900, 0.00960527958363885210, 0.00714105630711089640, 0.00456041193217005760, 0.00193641368868749390, 
0.01704769939816727600, 0.01651213432054936600, 0.01573583121964669200, 0.01474815139224816700, 0.01358498619244828500, 0.01223583376818703300, 0.01069553934853251800, 0.00896619564058527030, 0.00710466309777738490, 0.00513282373930892390, 0.00309161561145748950, 0.00103294604517977170, 
0.01104470031303065800, 0.01063806668001621300, 0.01007031040168307800, 0.00940607356574481300, 0.00862174935840211500, 0.00772556624660675380, 0.00670326466609194070, 0.00555533574403774090, 0.00435046394718446430, 0.00308137122786863610, 0.00178642571255905900, 0.00046774521025178884, 
0.00702704065083555990, 0.00663360677845423790, 0.00609047939501320640, 0.00547687595032834720, 0.00476715226097461970, 0.00398293513246263980, 0.00315539843456481540, 0.00232203957448455860, 0.00149466317365797430, 0.00066330783555223322, -0.00014549851925825687, -0.00091487338154858523, 
0.00768868019020661850, 0.00706673419672933320, 0.00631402107968376260, 0.00542132495045082390, 0.00445676966089060980, 0.00342014546164868400, 0.00236640986938517480, 0.00137085244040367690, 0.00046956719011634394, -0.00040834148282629630, -0.00125643554838117270, -0.00195257019575910540, 
0.01648667621334593300, 0.01521442365697764400, 0.01362799884248472000, 0.01181774064471534900, 0.00989030076145867330, 0.00787116470771354570, 0.00581302188541386620, 0.00381845448591929240, 0.00190933812854261770, -0.00003079468214973210, -0.00202234795860513260, -0.00390546601935400430, 
0.02484062958064323800, 0.02301878932441997800, 0.02065003883870541000, 0.01800994776570089000, 0.01516197191196117500, 0.01210500440831767400, 0.00898883381907947430, 0.00604822717724717500, 0.00319640491457084000, 0.00035905665831030781, -0.00246198279308005750, -0.00523722683198792930, 
0.02700727341145513200, 0.02485946692154382400, 0.02197243846075450800, 0.01877880465150294200, 0.01532704619828600400, 0.01170063076584328500, 0.00812614689142270900, 0.00486428887273419700, 0.00186776109933650070, -0.00097849333507579262, -0.00368499096302412140, -0.00628805093052563910, 
0.02876821606482985600, 0.02621690600167656700, 0.02260834694251281600, 0.01854814108395816000, 0.01416175739976760100, 0.00970778101743139010, 0.00554802767791152170, 0.00190282174736696370, -0.00120755516417766510, -0.00393690577357171720, -0.00635441917786059260, -0.00848682526097261500, 
0.03149003251314172500, 0.02832002126199856600, 0.02393524307137146300, 0.01893175552378846900, 0.01358483668679006000, 0.00823441231386318890, 0.00345975032468571120, -0.00038375273661070354, -0.00341483001040056560, -0.00573725979487316180, -0.00760598915303522130, -0.00926838241666831830, 
0.03368403124820313500, 0.02982969052501165500, 0.02470354234836195200, 0.01887640517282444100, 0.01278480127147406700, 0.00688073413929808640, 0.00203376495947721940, -0.00128224532984780550, -0.00370070671642358130, -0.00520279066530333120, -0.00640183411350137180, -0.00757116588527705860, 
0.03528095683334063500, 0.03077888073021256600, 0.02507931700733174300, 0.01879271040221988700, 0.01216208812159717800, 0.00572742125708887350, 0.00069763747115208336, -0.00222327928002789310, -0.00403330537913800320, -0.00497647583133046640, -0.00570455016643215460, -0.00630011994639592240, 
0.03671225505832002200, 0.03169282350215418800, 0.02530633121714301300, 0.01834817883203439600, 0.01107854998527890500, 0.00419557833028105530, -0.00089016241731585603, -0.00351511474837069280, -0.00458395483105680620, -0.00480626507313474710, -0.00472834621569195000, -0.00458771357142524590, 
0.03867294469009934600, 0.03321759180694101200, 0.02608049593929906100, 0.01834955014678002500, 0.01030182806456755000, 0.00279632378182571510, -0.00257180725846767580, -0.00535716941092739300, -0.00610149715026319340, -0.00592942651615689390, -0.00518894654729528270, -0.00443157984038979650, 
0.04106017913814949400, 0.03499486865922189100, 0.02707996879285488500, 0.01852536970483368400, 0.00969643121846885250, 0.00151074416666677160, -0.00439795862724038330, -0.00743520532442951480, -0.00822437268824293900, -0.00794074086774776250, -0.00705733807192819060, -0.00626471280839325470, 
0.04259008761009373100, 0.03629428337045867400, 0.02784221725525971200, 0.01849872980607605200, 0.00900939277083080870, 0.00038417611427059360, -0.00605302148175662900, -0.00965335419508670660, -0.01107281414167022600, -0.01117212378962445700, -0.01056309465750791800, -0.01000538465835052300, 
0.04217586082333342500, 0.03596381670939595400, 0.02750356693929015300, 0.01801166258873530800, 0.00841494339170018730, -0.00016361380268527519, -0.00662316206545854060, -0.01038299082892808200, -0.01218782740587960600, -0.01237431376064850200, -0.01161501526438513800, -0.01101271650832565300, 
0.04034264433116796500, 0.03450208449862136900, 0.02648315076961540300, 0.01746542861427142400, 0.00827809816081601780, 0.00005086260194557091, -0.00607336054505060610, -0.00964039427389173230, -0.01127295018488406300, -0.01139989192286839500, -0.01077247953049315600, -0.01040094048009418900, 
0.03929759795731687500, 0.03370312535307542400, 0.02596675517807232200, 0.01733350901407824600, 0.00854758287406385400, 0.00049255737659797776, -0.00568571872898030690, -0.00957297753775985390, -0.01155009847256841000, -0.01230490477830639200, -0.01250556262634900200, -0.01244846188363411000, 
0.03795114851998067400, 0.03258605343133002400, 0.02520758620293335800, 0.01700045235344650700, 0.00860534868484823770, 0.00076249360293502932, -0.00540387529769908830, -0.00945706930718900710, -0.01166704054786208200, -0.01283616147720100800, -0.01335135959797161000, -0.01323240686440061900, 
0.03709583391575879700, 0.03192775820548738500, 0.02480961559767172100, 0.01673844510538697500, 0.00832649378465536060, 0.00045041428915065069, -0.00586081166673287250, -0.00994602140195683170, -0.01208453036740915500, -0.01315119258289602600, -0.01338342469378589100, -0.01292073018331698000, 
0.03677817343703700100, 0.03170650976756685800, 0.02455370512813955700, 0.01638835446428897600, 0.00792601169094733420, 0.00007701730885030945, -0.00628868081431187360, -0.01051521514189113400, -0.01275607376491432400, -0.01364429365105721200, -0.01344504636559081700, -0.01273615065546357600, 
0.03550943023532880700, 0.03060258986446279300, 0.02355935305660923600, 0.01549185116416707000, 0.00721348720111416810, -0.00038529694003582352, -0.00653896630300856720, -0.01074998996487881500, -0.01293099005371493300, -0.01372351610215448800, -0.01333708195698306100, -0.01257764020977791700, 
0.03344496127422199500, 0.02880417245371405500, 0.02212041080067663600, 0.01448698301116459500, 0.00661481551268605900, -0.00066440648906779351, -0.00645652347316246280, -0.01036012023567680100, -0.01235790413111076100, -0.01307074611635599500, -0.01263118947849289900, -0.01188648008486509900, 
0.03150208028277286200, 0.02720636384120533900, 0.02096005408702544800, 0.01389685854708358100, 0.00656201258972059600, -0.00030029964394636028, -0.00584070702925741650, -0.00969043550340412990, -0.01176486409568768200, -0.01268341012097717200, -0.01240065197391262600, -0.01186462535501582900, 
0.02951913881141130000, 0.02561250187741219100, 0.01997134168094383300, 0.01356583096979703000, 0.00684442024983845670, 0.00042842292701117065, -0.00500532903263242390, -0.00895881261974850600, -0.01129952907028353000, -0.01263295705338673400, -0.01269260699986499300, -0.01239513490777378700, 
0.02723546198619195700, 0.02378038958345057500, 0.01882999838531292800, 0.01313430939954540000, 0.00708637412371228290, 0.00113311890845502740, -0.00405322911956073740, -0.00793602722463470320, -0.01049728645225442500, -0.01211495584071729800, -0.01256395032792623000, -0.01247585034597412800, 
0.02535717515889959100, 0.02213385006195833100, 0.01758608910220470600, 0.01242183043270644700, 0.00693139970336598310, 0.00142173184934587300, -0.00347170488202658100, -0.00715007161394316020, -0.00971948679623980270, -0.01130451591027781600, -0.01189803187105610200, -0.01184805999288787700, 
0.02332096345969907400, 0.02024437423590991200, 0.01611646948612569700, 0.01150778527049488300, 0.00650468950291724360, 0.00140392306844143730, -0.00301100323759250590, -0.00626310348042492110, -0.00850125218292229960, -0.01001143226957109500, -0.01064404935324013600, -0.01060701012129475200, 
0.02122930494380696800, 0.01827429822013881500, 0.01453860669510392500, 0.01048555081479396300, 0.00607275815407578440, 0.00139894834836977500, -0.00262640300668925880, -0.00545768623471790460, -0.00731836083445025570, -0.00856160190861334280, -0.00909864655300274970, -0.00904056679680035300, 
0.01947761807092587100, 0.01656202413275184600, 0.01307220670014107100, 0.00943142554860951570, 0.00543610723049410980, 0.00117873356350169660, -0.00232010909304866850, -0.00450438766795992210, -0.00578287547764057800, -0.00660594624401652460, -0.00687249603506862300, -0.00662675054280279650, 
0.01802982851603219400, 0.01512223414463694500, 0.01172863270762971600, 0.00823973237538259790, 0.00450293361772497770, 0.00073559991687334567, -0.00198477855222857400, -0.00350635232788917580, -0.00410110937561505850, -0.00450126544353994430, -0.00439725839326466930, -0.00407210723073631390, 
0.01610811765397689500, 0.01344532856378966000, 0.01014791852979768900, 0.00685855715796617180, 0.00352508378949769820, 0.00035674591875769557, -0.00179943836561397880, -0.00290329518250428400, -0.00305259510391041580, -0.00306448050380386850, -0.00275884562706541630, -0.00264720294117152570, 
0.01435466397838668400, 0.01175778605718304400, 0.00868785987816244120, 0.00579734085585803790, 0.00304188109878149790, 0.00048586005256258608, -0.00120143044585353670, -0.00170386128913626990, -0.00148639985264870430, -0.00129967875292619910, -0.00116748892706097050, -0.00120887600285567640, 
0.01196137630729640100, 0.00979369675738613400, 0.00737612019321334710, 0.00508615692911821690, 0.00308544271740704120, 0.00114344479792982720, -0.00024369412166914148, -0.00076517337566723990, -0.00076587084264939447, -0.00080493832859668984, -0.00105361917291186910, -0.00143332434857978450, 
0.01062184397387422000, 0.00901795016605945290, 0.00721576264261289490, 0.00547392217250290780, 0.00394114217999300830, 0.00235710309644613120, 0.00111269608008714330, 0.00025806006929807857, -0.00019994327724537480, -0.00062644640577195977, -0.00113159676610404640, -0.00177181205798920940, 
0.01215901631206970900, 0.01062009984612862100, 0.00881294500601277100, 0.00703233561753833540, 0.00538195300387343200, 0.00356354890459783000, 0.00192082618273179350, 0.00053692146654630494, -0.00062941885964420995, -0.00166660792765328070, -0.00268759098010224170, -0.00385426124314136760, 
0.01545805786687891500, 0.01346272292737335300, 0.01106993019448225500, 0.00867335724469285240, 0.00639818082429287250, 0.00393015055185636990, 0.00155992393458196560, -0.00051099371964401219, -0.00238430147250651800, -0.00396222101472657600, -0.00539213325543787870, -0.00679991691093236130, 
0.01733697249176928800, 0.01497053164583467100, 0.01224353328403304100, 0.00964090998416275090, 0.00708425253217409050, 0.00436886982167336660, 0.00168996126059637980, -0.00071544560783182545, -0.00286101864462665400, -0.00475243286248428970, -0.00648661876797250810, -0.00822181958698111300, 
0.01566361598569840700, 0.01343810556050435700, 0.01100605545755125500, 0.00891201081568964060, 0.00689539589687796810, 0.00471128441245739510, 0.00248692715365589350, 0.00039760618265065458, -0.00153336325288064790, -0.00336440695814873730, -0.00515270854496085050, -0.00705943263540899190, 
0.01044278561524994400, 0.00906790574525935190, 0.00760079521349202400, 0.00643972332074418860, 0.00532689163909510090, 0.00406576577539361550, 0.00266206531227238580, 0.00125258457891653880, -0.00013569175431455693, -0.00148493228905624470, -0.00283133878388106910, -0.00407245236029232450, 
0.00707634171772810430, 0.00641520309746069790, 0.00565339241987338010, 0.00496870412499145040, 0.00424909606807015360, 0.00345586951544311250, 0.00259180833652337440, 0.00173070490805668930, 0.00087513979748803463, 0.00001767183992765717, -0.00091518016586537995, -0.00175779157687768290, 
0.00625863960939995480, 0.00579982311550073570, 0.00527433605392245780, 0.00470940029248132120, 0.00404062503374609440, 0.00332367898198071030, 0.00259466650464638220, 0.00187732399091009980, 0.00110262117284105180, 0.00031782424842015600, -0.00048197582408823954, -0.00121825519343966780, 
0.00633543640895321060, 0.00589975710954079860, 0.00544424655919931770, 0.00492688109216010690, 0.00426232334336728180, 0.00351127847378053400, 0.00276727524901363960, 0.00204693319063962550, 0.00128756035996179460, 0.00052940098804408803, -0.00021132458177649881, -0.00090524307063191613, 
0.00684689980855741720, 0.00640139305338966080, 0.00592451056547942200, 0.00538520375755249020, 0.00470650714817927570, 0.00390539523610448310, 0.00309049231299387410, 0.00227066143835224450, 0.00144583994472624560, 0.00066311190510940309, -0.00009421287845249191, -0.00080805121338856968, 
0.00706239252007858330, 0.00663946751065127870, 0.00617903595243204840, 0.00568422149616469410, 0.00503218114567038910, 0.00422191613234848030, 0.00339902437787221790, 0.00257241360909605220, 0.00173421915825237750, 0.00089033167439046639, 0.00008474041115181263, -0.00066010307156111933, 
0.00684373344592952710, 0.00646379960086950530, 0.00609747005618675040, 0.00576007681384775070, 0.00519912948855185110, 0.00444375146403030040, 0.00374107395752641680, 0.00309809147548440350, 0.00240775591895299720, 0.00156413738436829390, 0.00077884414973725569, 0.00010417112901327560, 
0.00635880856456908300, 0.00593254165304743420, 0.00557901119813412630, 0.00530236638461636070, 0.00480981370162766010, 0.00410115196324770110, 0.00346722606941879270, 0.00294428490467001180, 0.00237453460355827170, 0.00165214677570776120, 0.00099223632995415760, 0.00047854612238755815, 
0.00604522837995706730, 0.00559610428786784090, 0.00524050211286665890, 0.00493791597160615510, 0.00442827463042224070, 0.00370762866835505850, 0.00308421054459697250, 0.00254848759661468330, 0.00197149317382526100, 0.00133486960934482640, 0.00078812584739583816, 0.00037380134014619999, 
0.00563944378205352180, 0.00524342068356114560, 0.00496288859928710820, 0.00469624553411375400, 0.00422705273629157480, 0.00361945291078914460, 0.00311562979379004190, 0.00261578194913708900, 0.00205520842525603760, 0.00147774586836750850, 0.00102565394868758560, 0.00058184515383913847, 
0.00548765348722747480, 0.00516786421093879450, 0.00493410481467002840, 0.00474144129780110660, 0.00436284297097635190, 0.00383988011416277420, 0.00337711850423369790, 0.00292023816199438920, 0.00242385682529232560, 0.00186611960041664550, 0.00135492745900447950, 0.00082622286601157586, 
0.00509176567999105200, 0.00481038586496038320, 0.00463015434735626360, 0.00452789306591067610, 0.00422230027562635420, 0.00374397247725796140, 0.00330310217888767860, 0.00293446434742911970, 0.00253305751716484660, 0.00199800303842821280, 0.00144701786827310480, 0.00091524242376829848, 
0.00408658091488698070, 0.00384803518854235500, 0.00373676067823845670, 0.00371557812999794140, 0.00353031993423178320, 0.00317437026952919420, 0.00286124802307084020, 0.00266284626612493460, 0.00240200303720323770, 0.00199939837710166050, 0.00157025766717170920, 0.00118166888758379780, 
0.00345532134714482580, 0.00322544230066963270, 0.00315090140437686510, 0.00316955365681543650, 0.00300754986709690030, 0.00270023115850946250, 0.00246654604475084410, 0.00235466247083719600, 0.00216396863593095810, 0.00183278327884554840, 0.00151219256298606740, 0.00124743939631600970, 
0.00329070570569266890, 0.00305385426586116030, 0.00297336189053112750, 0.00297218215804006440, 0.00280511151631595780, 0.00249403667180834010, 0.00227929992134062510, 0.00217048573000667680, 0.00197110823428177110, 0.00164569124073036180, 0.00132944001261429380, 0.00112204393952562970, 
0.00426799884304348430, 0.00386871758595261700, 0.00367357692190884400, 0.00357690762648701400, 0.00341131939680836510, 0.00311261565781351590, 0.00284193370582647150, 0.00252527473703608760, 0.00208262697337505390, 0.00160727486900667860, 0.00118249819258652800, 0.00092347330242874954, 
0.00625347468107818020, 0.00555796611581317250, 0.00519403065430613150, 0.00505009107495833600, 0.00488149880563455190, 0.00450612138354346100, 0.00401629436885063240, 0.00336182386366297180, 0.00256375964709640000, 0.00182264357079763230, 0.00118676489384888150, 0.00075446029718591898, 
0.00649047426354063070, 0.00572494715580684070, 0.00529633835930264520, 0.00520033253505247820, 0.00511015410880602450, 0.00461105041855568690, 0.00390447578964976580, 0.00316603118432373310, 0.00247072435961390730, 0.00184010952541261660, 0.00119287236554689310, 0.00056311801153839994, 
0.00549649182967759060, 0.00474848967865436860, 0.00434189745679598640, 0.00431437888309867820, 0.00435405973075026190, 0.00384140649247876430, 0.00310858954838721250, 0.00245030590290074920, 0.00194721150510098760, 0.00155313752649589830, 0.00101423331704566320, 0.00036480052280170544, 
0.00498695537490652030, 0.00426543903830323150, 0.00384604765680394890, 0.00383202541533990070, 0.00395543510149175530, 0.00351689671923007810, 0.00282346429314640900, 0.00216274146112886740, 0.00157583859815905290, 0.00122398209608126580, 0.00077525277632366717, 0.00028775882471909455, 
0.00472825458612778550, 0.00398661906659323030, 0.00358484347841595820, 0.00360956105960161730, 0.00379909910831420980, 0.00338543604418068680, 0.00267653085360040510, 0.00201968574328999490, 0.00142892284678194010, 0.00111552749933195020, 0.00072618032153863165, 0.00028368035307665528, 
0.00473416837629981550, 0.00401437298307265760, 0.00367130301901744290, 0.00371811374417097170, 0.00390011992471635650, 0.00348342247320484800, 0.00278237454093109090, 0.00220017168215632180, 0.00163903572633559890, 0.00127621483746807290, 0.00093604055058092142, 0.00047678789680588270, 
0.00522757501638399390, 0.00448411120649182170, 0.00411789675350155650, 0.00417059428738894830, 0.00433143224523122560, 0.00388673632246284900, 0.00319230093006473610, 0.00255850002487392670, 0.00199317854300571800, 0.00162132613256101550, 0.00117739847494381370, 0.00062543887049199877, 
0.00550616178648592830, 0.00473960557550432570, 0.00436462717264006140, 0.00444881618066412990, 0.00463553820081421840, 0.00418517022073139340, 0.00343618407566645330, 0.00275085222492678790, 0.00225269747294758880, 0.00197709373624957660, 0.00147610951770791770, 0.00081183305849942045, 
0.00509550627486705500, 0.00441994965208825350, 0.00410253075609554910, 0.00420429026902709860, 0.00437656519582423860, 0.00395997387008556290, 0.00324040728301728090, 0.00263278591216893270, 0.00223159947191863910, 0.00204289376904962610, 0.00156493215021790580, 0.00090049286403648876, 
0.00463772017872662520, 0.00405719515914309930, 0.00381428177305066870, 0.00389614063416427900, 0.00399928915165166650, 0.00361089832724161230, 0.00294764648891434560, 0.00244251948706301210, 0.00207118415112154430, 0.00184821031125860010, 0.00140464165956773750, 0.00082193593869803324, 
0.00417205164896307730, 0.00366470711630844950, 0.00348347522338976440, 0.00353072604468360760, 0.00360006598749067950, 0.00315578317808554120, 0.00263638166783737540, 0.00219879724163109770, 0.00185622591409972730, 0.00159722992864757890, 0.00114013272095320590, 0.00068887107127203133, 
0.00365024809667934770, 0.00322922039115092860, 0.00306368682250629040, 0.00311145848708146730, 0.00313217864745724130, 0.00273487382366036960, 0.00229453995028348160, 0.00186710419751651450, 0.00160101491031361160, 0.00136649721608733720, 0.00099571688527772114, 0.00057638030899953411, 
0.00327967387915578490, 0.00290443885006735430, 0.00274279671731943310, 0.00275482124474897730, 0.00276319634788265530, 0.00243512722997397610, 0.00200504565384957650, 0.00161130275635673550, 0.00134474024008051240, 0.00110175906013934280, 0.00080305681564711855, 0.00041991514002090392, 
0.00309766311948653660, 0.00273986154713747130, 0.00254910599123903470, 0.00256989349159395630, 0.00259852802538820080, 0.00230606073432551920, 0.00189183517249702330, 0.00155202051264897670, 0.00131609386147432520, 0.00104557787961738890, 0.00071207906418450408, 0.00034928130050022974, 
0.00309365309544580360, 0.00270909963318239320, 0.00250016841047372930, 0.00254653485394332840, 0.00255537984138285790, 0.00225663805286644740, 0.00181653998679308780, 0.00150105542678265640, 0.00127449352364631340, 0.00100897256028718500, 0.00060863930566954925, 0.00020686245920460575, 
0.00285054495745990350, 0.00251493826472936510, 0.00233740305611813670, 0.00235995399610021240, 0.00232505177341644660, 0.00200195050064441670, 0.00160028272186197320, 0.00130474568208493170, 0.00109078693303955520, 0.00086258021049932809, 0.00047258677439669438, 0.00007227446430538184, 
0.00227348555151224650, 0.00202389306699942910, 0.00185217067417862200, 0.00181137992353231890, 0.00173604738124527590, 0.00143427438652907450, 0.00114320615662320390, 0.00086644650877058457, 0.00067155552138534766, 0.00045956999214784126, 0.00012961006859348666, -0.00015840320155283274, 
0.00191745438368364890, 0.00174079332998857470, 0.00158908934599825790, 0.00149980654933833570, 0.00139635656923788500, 0.00111859392065709870, 0.00089205018219405577, 0.00066273748114632292, 0.00047413003831657790, 0.00025683991880365542, -0.00002632957053153842, -0.00024446986812250252, 
0.00198046083726288300, 0.00180745105634717290, 0.00166449738998934750, 0.00158317343240983860, 0.00148347851345320370, 0.00125417715448456700, 0.00101482415801501350, 0.00078989184243087151, 0.00058955383997040707, 0.00035866424053134421, 0.00009540821865518680, -0.00014674451957743625, 
0.00214804080846862180, 0.00199497611541965460, 0.00183468922727185390, 0.00170975210868037860, 0.00157316592381786390, 0.00137185786087002410, 0.00112225041491473970, 0.00084804852504109817, 0.00058955347466197003, 0.00032944379899903242, 0.00007600309904144013, -0.00019295186397513226, 
0.00163921210625677850, 0.00152446969174353280, 0.00138658528702358680, 0.00125630121866240380, 0.00111425492585749360, 0.00095439148137738583, 0.00075914101174048897, 0.00053944728643590763, 0.00032257630025560058, 0.00012104094196412121, -0.00006737656244808371, -0.00026392747618099070, 
