1.14440565158022480000, 0.66155242374961631000, 0.32814933125336992000, 0.19092731661892934000, 0.15516232032981112000, 0.11462825533967996000, 0.03830446251348101900, 0.04917718841212902200, -0.12944491395758356000, -0.10266059892682494000, -0.01839643679493677100, -0.07666657262081039100, 
0.31392969995028053000, 0.25498567604492167000, 0.19345096809985263000, 0.14670886891048282000, 0.11067915280964755000, 0.07217196720390126100, 0.02968811715527969900, -0.00455414888617403090, -0.03756437122102420500, -0.05141685098212598500, -0.05896673785478909200, -0.06256647355208384800, 
0.23004395732375227000, 0.18615532986101008000, 0.14075769346968603000, 0.10451422004745506000, 0.07645305794386297900, 0.05019576570820910600, 0.02382150024920935000, 0.00215377517075978490, -0.01929222302550226800, -0.03626113459782409600, -0.04772718009874140500, -0.05296444866452219800, 
0.20718480783150003000, 0.16983529736812999000, 0.12757158450203693000, 0.09158713181874972300, 0.06333640117460762100, 0.04344826762720335700, 0.02688847595733204500, 0.00880404294242047480, -0.01167853055532341200, -0.03584285654784852300, -0.05871152043989528300, -0.07359026383946820600, 
0.18013559908223947000, 0.14717437847501638000, 0.11026403232859161000, 0.08043134357833928200, 0.06090984996182288700, 0.04974033130436697500, 0.04009578824024651000, 0.02305697521543077100, -0.00090988836624260674, -0.03265665536247033100, -0.06500695557047138400, -0.09089447817903079100, 
0.16926304316461185000, 0.13695862774854317000, 0.10104514756342184000, 0.07181333241895815300, 0.05265867315292297600, 0.03976040548669110300, 0.02775143454218205500, 0.01010527652164750100, -0.01182983602055148000, -0.03709738155917385200, -0.06111970751861924700, -0.07955244365395212900, 
0.15326209306444749000, 0.12368835830884835000, 0.09237145615760253300, 0.06686112552889078600, 0.04776290550640958900, 0.03082105551438786600, 0.01183903935454541300, -0.00974777886058585290, -0.02972681443341408700, -0.04607257994786125700, -0.05774993524418569500, -0.06366199759597338000, 
0.13159802721611491000, 0.10810641494398941000, 0.08267269297080748200, 0.06151472853022728300, 0.04462096029209218500, 0.02921019088820161300, 0.01156356328290164200, -0.00815658349876642080, -0.02606213323314975100, -0.04059116782851542700, -0.05095056215796814300, -0.05612995705755696700, 
0.10628304273619904000, 0.08954640440640147800, 0.06983587079244674100, 0.05425292282915354600, 0.04175692737630480600, 0.03143740539084112500, 0.02118767867600036800, 0.00855629689014542580, -0.00624821380881310060, -0.02257396192971201200, -0.03779852769777312200, -0.04951936019698733500, 
0.08965036890831248900, 0.07610680151229934400, 0.05988764782840175900, 0.04785292725006314000, 0.03839195589014951500, 0.03119963598068870000, 0.02480834081333108500, 0.01589591188192923000, 0.00336870381520008170, -0.01253298869229662100, -0.02806848691909861700, -0.04197496741378777000, 
0.07727200160484355700, 0.06525682191362211500, 0.05156065829076526800, 0.04216691730120791100, 0.03540058852529111300, 0.03091012213123812300, 0.02610100045214938000, 0.01855065979118795900, 0.00747088744256922760, -0.00669627014512103220, -0.01971207436757786700, -0.03103743906038503000, 
0.06472771049023518000, 0.05348923545891552000, 0.04212146102757412200, 0.03555726581914504100, 0.03229739568658664100, 0.03098902351388750600, 0.02767157406220122800, 0.02116635472288500700, 0.01096740341622193100, -0.00150105181873172110, -0.01212777478118096600, -0.01948008151022444900, 
0.05682472234194135100, 0.04659320726085785400, 0.03722852319617410400, 0.03231981326679526200, 0.03058541142783290800, 0.03026251951017111900, 0.02857469908389315800, 0.02317113666282071000, 0.01364427772251393200, 0.00211687222152926550, -0.00695454648558356360, -0.01250817363388579500, 
0.05161001582115550000, 0.04247567434018292800, 0.03427191624837441100, 0.03037104549201651700, 0.02914029573068832900, 0.02906916377303550900, 0.02817053683662432800, 0.02376306950383422600, 0.01502858683000322900, 0.00420582053956537230, -0.00404310717830344560, -0.00859496724797354640, 
0.04863249547816860000, 0.04007635160578099800, 0.03174179740537084300, 0.02819572883079249400, 0.02733411120859361600, 0.02797888152603181900, 0.02741538426620374100, 0.02383781218265042900, 0.01596311486189824100, 0.00586518990765458500, -0.00255082629506668370, -0.00684710590163917220, 
0.04804623321784803900, 0.04011932948938477800, 0.03212240485033950700, 0.02831657263317767900, 0.02722108577969691000, 0.02757482108067674200, 0.02663840505698104200, 0.02305271880686780500, 0.01572828758003599200, 0.00644900753802204670, -0.00163270783513433340, -0.00624143581028682730, 
0.04714707593140007200, 0.03989495490440467300, 0.03302830343509057700, 0.02968223811715513200, 0.02875045362278077000, 0.02858337504857862100, 0.02647096200661755400, 0.02163883216058545500, 0.01404426761203695200, 0.00548136994026857810, -0.00108124069205708200, -0.00463380652491374690, 
0.04603193997073459100, 0.03971911836313585900, 0.03420127978535447000, 0.03162397294682876800, 0.03054134723161392200, 0.02934948725517544000, 0.02626581457510971200, 0.02091535672627232000, 0.01351282551782723500, 0.00579792480464293330, 0.00042646929236748142, -0.00248180280233217330, 
0.04259916809147766500, 0.03799884076587793000, 0.03390638745821680100, 0.03152238732358955700, 0.02985036298933298200, 0.02763411717437805700, 0.02418058333314728300, 0.01935594393158890000, 0.01295823043535544600, 0.00658270272032525190, 0.00192975081804767220, -0.00103626029006214940, 
0.03744432164237698800, 0.03434961463681364400, 0.03144662515903316100, 0.02928792591790241300, 0.02737300429593909600, 0.02497169616412907300, 0.02177013119195660200, 0.01767959636275030100, 0.01260350714567820600, 0.00738397074678304960, 0.00310471256738882070, 0.00006998819096258276, 
0.03161772103559845600, 0.02972434752229623600, 0.02769125330628703600, 0.02594288798467386100, 0.02417875069979116800, 0.02202080654925994000, 0.01939770884384218000, 0.01615832862076708000, 0.01233090628304131700, 0.00831462763791232170, 0.00476113155827081160, 0.00187319239432907560, 
0.02874675930687622900, 0.02754743123891640500, 0.02602323579908364500, 0.02440285979482212000, 0.02260145929199551900, 0.02042457798409504400, 0.01793241223611780800, 0.01500054679493574200, 0.01173019011017907200, 0.00839927021272110670, 0.00531578165152235030, 0.00242178703579156540, 
0.02824151220474994600, 0.02727426268792240000, 0.02583122630162685100, 0.02410668190481320500, 0.02211439728414343900, 0.01975284138425555500, 0.01721812782837986800, 0.01433599436346497100, 0.01124739610446584000, 0.00804302512078640400, 0.00495670898113538970, 0.00192804329147161350, 
0.02771386422385230900, 0.02680508212062053500, 0.02538870431922649100, 0.02368232700406102900, 0.02172531310329272100, 0.01950236166851030900, 0.01711268112542616700, 0.01446617706510103100, 0.01165090493380283700, 0.00865460143393267590, 0.00563192226573137540, 0.00257075523895851020, 
0.02742812081479630400, 0.02646741737759289100, 0.02506486293645328300, 0.02339554995247918400, 0.02152139029154350900, 0.01946302217162481200, 0.01711371694897819200, 0.01447945968124432700, 0.01161717421019052900, 0.00856992805511680100, 0.00548984138373382130, 0.00236998025623992930, 
0.02525692328112536000, 0.02435323534554990900, 0.02303571517561561800, 0.02150526496476703000, 0.01977006364481220100, 0.01788897667391906000, 0.01573380779884974900, 0.01329117392538046000, 0.01065007273321279600, 0.00783157907199098610, 0.00501956126801217290, 0.00220350143459972170, 
0.02139380930691754700, 0.02068118917542357100, 0.01963145702046742400, 0.01838151806983372900, 0.01697352797078573500, 0.01542885169655020000, 0.01372157913825002000, 0.01183252128074970500, 0.00982484912009626460, 0.00771462496073387250, 0.00559691020194432420, 0.00347970247208244720, 
0.01870486225148872500, 0.01815122682868142500, 0.01734667982728821000, 0.01636231516602176500, 0.01525064008562459400, 0.01400281526723536600, 0.01261430073313572900, 0.01110664795797556800, 0.00954227873423065320, 0.00792691010508630650, 0.00632093163055689850, 0.00467935976892282570, 
0.01779387081834860100, 0.01731224970099638100, 0.01661354575880916500, 0.01576166282569787700, 0.01477921141369989800, 0.01367513673041249700, 0.01242146426699873700, 0.01109343634008788300, 0.00971321962975784000, 0.00824513060863307780, 0.00677822103214700300, 0.00520993429302581660, 
0.01771713717405780700, 0.01723083981114667200, 0.01653347657857050200, 0.01568619406792922900, 0.01474752489702744900, 0.01367000268224211900, 0.01247866193497101400, 0.01119514806651892100, 0.00986000295184690820, 0.00839137353415250930, 0.00689613440506046340, 0.00530329117482941470, 
0.01751314828268996800, 0.01699320952995418700, 0.01627026948944525200, 0.01540712729343562600, 0.01449124438908027000, 0.01342124084339445900, 0.01224258793970690400, 0.01092621939411161900, 0.00955856863592545630, 0.00807172524372522410, 0.00655322165895848380, 0.00496571459866662100, 
0.01773140436430643800, 0.01714850208924483300, 0.01633773635022003200, 0.01539112263159786400, 0.01442481124214082600, 0.01331166362647506100, 0.01206336378277725500, 0.01062304658494038800, 0.00908548263308278130, 0.00746831166441805270, 0.00585218516616509060, 0.00423268491721254770, 
0.01837343066771244100, 0.01780026259688652700, 0.01701027437011085400, 0.01607062428511388300, 0.01507477155331577400, 0.01390611222318268400, 0.01257220567335253500, 0.01106786938021712600, 0.00949041058627632730, 0.00782885078405072200, 0.00617575374227244570, 0.00446732505280186390, 
0.01912576826320127500, 0.01855516300000932500, 0.01778484571841732300, 0.01683687633924294300, 0.01580027651420316800, 0.01457860747262797400, 0.01316719054110302600, 0.01159165486747927400, 0.00994404511941838000, 0.00822457420566052350, 0.00648754164042963150, 0.00466136029357810690, 
0.01896854332125248700, 0.01841938722834692700, 0.01766118011770957000, 0.01672394311410503300, 0.01568388242320335400, 0.01446390426898213800, 0.01306530216632791400, 0.01150224487064912900, 0.00986559155339667390, 0.00816329345611718080, 0.00643747300581629790, 0.00464046278431563560, 
0.01851151909275833300, 0.01798417154478471400, 0.01721705686153587900, 0.01629338138112207100, 0.01526192986050802600, 0.01404981954677960600, 0.01270399209015430500, 0.01118065267191876800, 0.00961320310388547210, 0.00794745002757478790, 0.00625917514674741850, 0.00450707321373455640, 
0.01747798746580846900, 0.01700512750586603500, 0.01629757000527482300, 0.01546508083730274200, 0.01452067930479141400, 0.01340332474649366700, 0.01216100085280363800, 0.01075653320022743900, 0.00930108614359723830, 0.00777013187022480500, 0.00620368678577282350, 0.00456993101210343040, 
0.01612049974499024300, 0.01570553871076730100, 0.01508587343227445200, 0.01435314895982198400, 0.01348770581464963700, 0.01247924187076400300, 0.01133065913254371500, 0.01004857389355465400, 0.00868926332942912900, 0.00725957321956086430, 0.00578332645523378480, 0.00422389552942114160, 
0.01484706427394515000, 0.01442872837380966900, 0.01382458208174038200, 0.01309895643412250700, 0.01221000875323067400, 0.01119624373341188800, 0.01005424825844361400, 0.00877695922940339300, 0.00741364130309863250, 0.00594619706771035500, 0.00441573936870911280, 0.00278827370561864460, 
0.01316251840195449000, 0.01271449815302312300, 0.01205608915725562900, 0.01127909102491221600, 0.01034635581958205100, 0.00929885576203809060, 0.00816525266906036400, 0.00689984769444517910, 0.00556197495999422120, 0.00411961858528730150, 0.00260801382154441510, 0.00099240541711228809, 
0.00978029866608970230, 0.00929783051186324450, 0.00862897759568307700, 0.00785588925875602660, 0.00696030545914724360, 0.00594639517723051690, 0.00489989744370264440, 0.00382242627858060070, 0.00272873615573635850, 0.00160569584779999130, 0.00046931682893631543, -0.00066761385405339751, 
0.00742364509233710450, 0.00669959487011514720, 0.00580830946577073380, 0.00489999254747243340, 0.00389991201504766470, 0.00292475229916887070, 0.00198007576015081380, 0.00113452502141433960, 0.00033619650111949966, -0.00039111597186772327, -0.00101137195612235690, -0.00152508177812019450, 
0.01299244376486129300, 0.01180985417263124100, 0.01030004289968815800, 0.00867298329072997870, 0.00695668787269659250, 0.00530227969200948710, 0.00368515054051891940, 0.00220139803568874730, 0.00079621618829487999, -0.00043500473658505105, -0.00157162189818545010, -0.00263870898343519570, 
0.02056210460269013900, 0.01884772546679612200, 0.01660008281189495300, 0.01419324040471588200, 0.01169764745533222400, 0.00919636986318125850, 0.00673501790125431190, 0.00446987139311454550, 0.00236393457099476130, 0.00034064048553490516, -0.00171380510292025660, -0.00386528458627374620, 
0.02332431455882717400, 0.02101970189829472200, 0.01827713847823874200, 0.01548478873813618900, 0.01259971532526448300, 0.00955520675906501930, 0.00663903182229516000, 0.00416156549869824750, 0.00189914560644151250, -0.00033946619654276754, -0.00253770798296711580, -0.00480357264941183760, 
0.02679780415455609900, 0.02375210334950134800, 0.02007574347618150100, 0.01638404869192269800, 0.01248548651350518300, 0.00849119854511495510, 0.00480053020413188920, 0.00185904413005865640, -0.00069676076368116490, -0.00289063065119705930, -0.00489457904332463170, -0.00672291563703260230, 
0.03055505084381876200, 0.02702167635495327000, 0.02239831134995360500, 0.01737607446924206700, 0.01208913104571894700, 0.00697865953789785640, 0.00248014550436284100, -0.00100387727802270490, -0.00380648019219852070, -0.00584448578338673130, -0.00746186785662423130, -0.00876549871532629820, 
0.03407460412562348500, 0.02993426206012720800, 0.02437196730275286900, 0.01802571029775034900, 0.01146801084553374800, 0.00540862544106040280, 0.00044708556760848881, -0.00308462828263303750, -0.00562918890742566700, -0.00721060416307088730, -0.00822164785538687450, -0.00910137821420105820, 
0.03714414468429642900, 0.03231050522703997300, 0.02573809649857445500, 0.01836872332289625100, 0.01084523476389866000, 0.00392589244614057270, -0.00159078601386747780, -0.00524051596577247790, -0.00741406595227700820, -0.00836084537216422170, -0.00877093325248503620, -0.00913001286112985480, 
0.03988039475488838700, 0.03432177693390463900, 0.02667846618993899300, 0.01816481728006880800, 0.00963585060506626750, 0.00179674807356038270, -0.00443394959432127660, -0.00834151785888389940, -0.01048482444401278000, -0.01095269240242416700, -0.01081212488511148300, -0.01065262645550927100, 
0.04219948272640351700, 0.03594944472719835400, 0.02741112481501751700, 0.01802398703467153100, 0.00846178946821184160, -0.00047801018659865500, -0.00785104751616444440, -0.01264712561298051600, -0.01533771578280146600, -0.01608040411537188500, -0.01549903152312377700, -0.01445284600507117600, 
0.04464213308338453600, 0.03786026517528266000, 0.02867192524757270600, 0.01855291638314345400, 0.00817885032055664170, -0.00156572019993330300, -0.00966812896781625230, -0.01512045176883139400, -0.01795025651580851200, -0.01878715788771002900, -0.01792458247826430800, -0.01644006707904656700, 
0.04597131609366081300, 0.03902685531860073500, 0.02957081537622039500, 0.01920689282613684300, 0.00858445092828935210, -0.00136177361604386800, -0.00962227674076276270, -0.01528902160561254300, -0.01798478544173887100, -0.01855836419124435100, -0.01771460202566684700, -0.01630185929532173400, 
0.04383286106891697000, 0.03740485993559572500, 0.02861212701354408400, 0.01901171260961243000, 0.00906008438794813840, -0.00028448354820339900, -0.00813584265026515850, -0.01365182172271016400, -0.01659253629378133400, -0.01758827710144861300, -0.01715583060307738400, -0.01610935198842219600, 
0.04162704318830192500, 0.03567200676774837100, 0.02748754847909665500, 0.01846353770601745500, 0.00911167232105225200, 0.00029283785632372526, -0.00722541624877935660, -0.01267043357822703700, -0.01580279230269840800, -0.01709021448340801400, -0.01672096682212977100, -0.01572882624419403400, 
0.03861089618436273200, 0.03326195445707084300, 0.02565673909042611600, 0.01726467403682531100, 0.00858626232412203380, 0.00036441048716934026, -0.00661091041667843680, -0.01173785294623000800, -0.01466441879550739800, -0.01591777032671970800, -0.01558489662837974800, -0.01482003263337878700, 
0.03643898900769278900, 0.03135727905413006300, 0.02416092262971733500, 0.01639125863871441000, 0.00831429379246674890, 0.00066475150433258903, -0.00591898098695996850, -0.01081882497485799600, -0.01362739842770782300, -0.01479164949334632400, -0.01450688593923535000, -0.01396995009880914500, 
0.03502524383641586500, 0.03002941376531444500, 0.02297787796399382000, 0.01530904406724537700, 0.00738949440725087530, 0.00008373471971315834, -0.00612225873256222810, -0.01049197438927206900, -0.01285016463954504300, -0.01350775971522960800, -0.01304437997045476200, -0.01233291718860035500, 
0.03402549705683299100, 0.02918892113788591100, 0.02220247534165804800, 0.01446268302267670500, 0.00656102787803674370, -0.00056451002753224770, -0.00646753511044902050, -0.01049150303346406900, -0.01247792339260165400, -0.01289111900363791400, -0.01217299982857969600, -0.01126960441630348000, 
0.03296274086354244300, 0.02830820656679837100, 0.02157504529305162200, 0.01408582794376973100, 0.00648769955666760740, -0.00041852726863354913, -0.00610554271528209420, -0.01008609299834093700, -0.01203354118157500000, -0.01245956867629731200, -0.01175677519871000900, -0.01090458412346859500, 
0.03212127036345367000, 0.02753833837023188600, 0.02095438479518774200, 0.01364042325837995500, 0.00625939049304819440, -0.00045304941671587054, -0.00605780503071198530, -0.00999290190076588740, -0.01198065453937168700, -0.01241171331684946300, -0.01176834766035724100, -0.01092356778480130200, 
0.03122246573247032500, 0.02665351297794994100, 0.02021662453017600300, 0.01309982269643366800, 0.00605866615988483880, -0.00041289719196290614, -0.00589940290361170950, -0.00974507716708786910, -0.01179570476534084700, -0.01225296031801570800, -0.01180907273843487800, -0.01103275970481272500, 
0.02993614004958308400, 0.02571535597242952800, 0.01986125976231398900, 0.01330856907490041200, 0.00671599743422837590, 0.00045877224680492912, -0.00493328874945302920, -0.00882173531693537450, -0.01123163202734985000, -0.01226510423114788800, -0.01240006597680502200, -0.01198605993817092100, 
0.02799491458608978000, 0.02436490616240878600, 0.01930852864970832700, 0.01354561854869034400, 0.00757521886566084150, 0.00156898588351665060, -0.00369440217629806150, -0.00763671966145269480, -0.01038756095248501200, -0.01202326675348281700, -0.01265864859288908800, -0.01269968886039991000, 
0.02646036214369007100, 0.02322017271283368200, 0.01863206584778342000, 0.01340462895150328100, 0.00788521168703153540, 0.00222038687105621630, -0.00274856874088571240, -0.00654649094709815190, -0.00928903439118335810, -0.01112715853311719100, -0.01194407580178854400, -0.01224459128461415400, 
0.02478365240848724000, 0.02174972728141906900, 0.01757792730361815900, 0.01284782768239177800, 0.00774953199408008260, 0.00246709810765401330, -0.00213236923823886550, -0.00564925741666362850, -0.00823454070424816350, -0.01014158329550722400, -0.01111683639014427400, -0.01149013148055446000, 
0.02319872569549301000, 0.02014785828372325800, 0.01619734521763031800, 0.01184707400980447100, 0.00717683099055977000, 0.00234149527728922180, -0.00180495558849506220, -0.00484535159889467550, -0.00704492328356946810, -0.00866098464358454160, -0.00956368795797768280, -0.00979770936695594820, 
0.02151489821809692700, 0.01865734933846729600, 0.01498107006283563300, 0.01095669130543079800, 0.00675343209614054970, 0.00245055386601205100, -0.00123802458136888570, -0.00397067688315274650, -0.00598717691798954580, -0.00744648031690422610, -0.00835555920094981950, -0.00876228336711897160, 
0.01955540923153363200, 0.01696365782051964500, 0.01358180831381733900, 0.00989141719564540400, 0.00606030000890647300, 0.00234753825657642000, -0.00064520234243855906, -0.00280006956670089850, -0.00435775726437700930, -0.00567451877609689670, -0.00672869261048091200, -0.00755544924832873920, 
0.01812631568043865400, 0.01549718341819630300, 0.01213391199412734500, 0.00856449310003278010, 0.00496452527845805090, 0.00174100006374480410, -0.00053866081806768504, -0.00190677500779038370, -0.00281590917552604520, -0.00366021986691373630, -0.00458181171573928630, -0.00544570337999449130, 
0.01673575050802159100, 0.01430996532282184000, 0.01120436407998246800, 0.00791860095172272450, 0.00477375399334500210, 0.00197048592300077450, -0.00006471221444222654, -0.00136862043867686700, -0.00229657493184901420, -0.00308944399632094920, -0.00384190376217937240, -0.00450367533442672980, 
0.01386961261326440600, 0.01208390420093584900, 0.00979097824657910840, 0.00735071843988668610, 0.00518194880879362020, 0.00309097165981529190, 0.00131185690586458490, 0.00000320275420745276, -0.00113105101136470770, -0.00201193221682670210, -0.00284104110198723060, -0.00378803016420356130, 
0.01228455474276636400, 0.01084717743759416000, 0.00908827301496941370, 0.00727255223358491770, 0.00569413138712578090, 0.00402825777933031590, 0.00243072468126995750, 0.00109181646481630310, -0.00017300621569794783, -0.00124699585003534100, -0.00229806092975687280, -0.00344216925986122210, 
0.01268151144675960800, 0.01115310811847984900, 0.00934957882443129130, 0.00757176012881822200, 0.00590770778391357720, 0.00422659096685483030, 0.00271243705168464900, 0.00137060627024197280, 0.00007299205602062569, -0.00120836201872241140, -0.00245688108637701730, -0.00367111986102750580, 
0.01244292549255194200, 0.01090579294575110000, 0.00917129866375946890, 0.00748242964247387320, 0.00578208167951719830, 0.00404158611154072260, 0.00246614897440746710, 0.00105149041282612630, -0.00029876796095199129, -0.00158091549217147290, -0.00263276613164294080, -0.00359965368065560000, 
0.01005441211154350200, 0.00896972299812542200, 0.00777585318065625400, 0.00660066838519773100, 0.00533350368993615840, 0.00390812755553233970, 0.00247241375880196970, 0.00112245891012112470, -0.00009122507722863092, -0.00114528908894966930, -0.00203284708766122940, -0.00282924571939994220, 
0.00784334740040429180, 0.00729390421926897140, 0.00662148136553103620, 0.00592963214643169810, 0.00516605992257693130, 0.00431180542654302760, 0.00350477030692390420, 0.00270248793218070060, 0.00193590299584768140, 0.00119006680455925610, 0.00048744944117903524, -0.00019631744501037555, 
0.00939879655045806720, 0.00891887355543796030, 0.00827729241911028670, 0.00756469229921046160, 0.00671480275745610890, 0.00578335385277627990, 0.00492471811609946140, 0.00409987354743842230, 0.00322637493919071630, 0.00227165836187181830, 0.00132151055476747950, 0.00043224433807939968, 
0.01016084781956437500, 0.00967670702267672300, 0.00906851747151030290, 0.00835788749336409740, 0.00743359586682303290, 0.00634131241350245280, 0.00526914370558882390, 0.00428083662524288140, 0.00323323850676279860, 0.00211297860278745210, 0.00101759484145744470, 0.00006756400414851348, 
0.00959368533571861030, 0.00912742679579061150, 0.00858187464423587450, 0.00800130109888271860, 0.00723167371019335820, 0.00629413505748363090, 0.00536704904719883390, 0.00450617471154154520, 0.00357860854179543190, 0.00253183264150164950, 0.00147413801194388370, 0.00051427145128238707, 
0.00916133683019987320, 0.00868484354132251220, 0.00819635980841114910, 0.00773410015105746410, 0.00710263605123050580, 0.00628810429520737250, 0.00546480166989038450, 0.00471436812935619850, 0.00395725522171551550, 0.00305450326522733320, 0.00205966354404864570, 0.00108714241434901290, 
0.00854529786277289680, 0.00812740969285887310, 0.00772441317840318310, 0.00732926374801347050, 0.00677776925397783130, 0.00601726575181044800, 0.00521820056302936710, 0.00448100419988821910, 0.00376413819015749240, 0.00291818129187251980, 0.00198524902210912460, 0.00106545281415373570, 
0.00749174810529247300, 0.00716231198093155150, 0.00682314102828277500, 0.00649004191189668680, 0.00603610825698206940, 0.00539903816937877670, 0.00473686345386324040, 0.00408621692749375040, 0.00346287071301965530, 0.00272397333262670240, 0.00194600796452330410, 0.00118373832098421680, 
0.00658663835571786720, 0.00630082005485923910, 0.00602201632781443340, 0.00578755888985933200, 0.00541828001589954830, 0.00487817370642944570, 0.00434927310954637790, 0.00383465830895108600, 0.00333529254079555560, 0.00271861421179691190, 0.00207548217021080810, 0.00146895870081525290, 
0.00600389520752724580, 0.00572473477308822410, 0.00548476958926777480, 0.00530864758036489730, 0.00496442137092348730, 0.00445502112185406150, 0.00396061311798912890, 0.00351998830889008620, 0.00306293312652154660, 0.00248184245234598900, 0.00187160625627654760, 0.00131263617725346800, 
0.00589089363806684280, 0.00559372154295576140, 0.00535775024564824190, 0.00517051842377205550, 0.00480935713359531640, 0.00427568475699534580, 0.00378432442100662230, 0.00336023091180003100, 0.00289241699741862170, 0.00227876056467334140, 0.00165965433281643170, 0.00112208211785481070, 
0.00575832673667999500, 0.00541761682216597600, 0.00518578700423223940, 0.00500944201349064370, 0.00463895546976480450, 0.00407929449377516990, 0.00356664400462291520, 0.00314965722871245320, 0.00269156352961000010, 0.00208223001484403700, 0.00146593446710142800, 0.00093886444756598793, 
0.00541777041756639960, 0.00505521125544596690, 0.00482154097961839600, 0.00465246734352187720, 0.00429883870188582040, 0.00372772372587676240, 0.00316915280312066390, 0.00271474631726448300, 0.00224100341295247310, 0.00166212476482184760, 0.00106951826484310560, 0.00056370949831588738, 
0.00485432611931116770, 0.00449040309426466510, 0.00431159932427687460, 0.00420071503195382660, 0.00387121084859764910, 0.00330785849086304890, 0.00279941691696965850, 0.00242767513048314320, 0.00199219902775395670, 0.00144726973412222040, 0.00090646156128291696, 0.00048075039160312320, 
0.00418534153013586880, 0.00382937116098779670, 0.00371600922121764370, 0.00368620747494984850, 0.00340279453910321020, 0.00289558902934458150, 0.00250532090862502430, 0.00227723268410699170, 0.00193806844409887990, 0.00144897050573773680, 0.00099913239922577550, 0.00068253334560073426, 
0.00430096149836041010, 0.00392975462184232470, 0.00380728991211508890, 0.00377967882627474380, 0.00350997411161092960, 0.00302187618847622780, 0.00264274816089899020, 0.00239537198822599790, 0.00203071725597365900, 0.00154640571489333880, 0.00109791392369401910, 0.00074589513100809901, 
0.00722935398803947840, 0.00647286742369052640, 0.00600728336461089050, 0.00573238485586835720, 0.00522920159846913810, 0.00442180132505167520, 0.00361105019982126390, 0.00286869926016856000, 0.00203807314659781940, 0.00113297974954413020, 0.00031773677439592412, -0.00041326677207022153, 
0.00991856539730675070, 0.00880350627314657910, 0.00792644908393107250, 0.00740572910167942160, 0.00685628187628746850, 0.00594017350276450970, 0.00475678719148122690, 0.00337464133236497000, 0.00187643340974712760, 0.00052077683469986991, -0.00056447096069032229, -0.00152607494732325160, 
0.00872717050005564210, 0.00765115797201728050, 0.00679782613662274340, 0.00645768524890360470, 0.00629120061674504420, 0.00575407860895979590, 0.00473354391848932000, 0.00344938014971027770, 0.00207006900301310880, 0.00110780370505768720, 0.00043125944798963587, -0.00020671524678682508, 
0.00747527521663990480, 0.00655953528077041560, 0.00591427543627152510, 0.00580648472835193500, 0.00575509243074177890, 0.00533621560510926830, 0.00451882537002098840, 0.00359859355086599490, 0.00268126172052593480, 0.00207293373250047510, 0.00155590130221170220, 0.00103447050947324120, 
0.00792461477218931070, 0.00703864004048916030, 0.00644762062803739750, 0.00640018244515734060, 0.00637269957786900860, 0.00584599016902661790, 0.00500476511481689340, 0.00408692989129207180, 0.00321662974759798950, 0.00257826663023851210, 0.00197462000075952290, 0.00130116663238892150, 
0.00815121537650725400, 0.00735981110753038560, 0.00686416449114035650, 0.00680115447983632020, 0.00675007750625033090, 0.00620207811849057910, 0.00539296027600261450, 0.00451679421046092750, 0.00368428931494757830, 0.00302609686958994070, 0.00239660942533338230, 0.00164549102084445700, 
0.00879158732521838180, 0.00795369918458956400, 0.00735114058683262760, 0.00723490177789844030, 0.00720712156035287820, 0.00661513165183224340, 0.00571276351607217290, 0.00467147965640101440, 0.00372629147684738590, 0.00298821425744419650, 0.00226008387428257730, 0.00147244641800078770, 
0.00810811539850360940, 0.00723036816755039290, 0.00672068907239131790, 0.00674946864210440680, 0.00685636754426673530, 0.00630890904754935650, 0.00543646748277607730, 0.00449522486841320670, 0.00357370174634944910, 0.00296639370314014970, 0.00237870010248909720, 0.00170250134200148650, 
0.00642960961384407650, 0.00561187689189313310, 0.00526838437730317230, 0.00543166002912606140, 0.00560617438101001630, 0.00516868861433462250, 0.00447685434573760230, 0.00387403570113396040, 0.00323750057481754380, 0.00277237759220982880, 0.00226640430057901440, 0.00170658895499573980, 
0.00567136808987332620, 0.00492953007751260020, 0.00460438988697363380, 0.00475495992457450770, 0.00491379722880632560, 0.00451371651438876170, 0.00386172441243131390, 0.00337222934440334920, 0.00289679062807742230, 0.00252029701322823390, 0.00200525471256649510, 0.00137676547423357150, 
0.00548744260172592900, 0.00481346576207578210, 0.00449307057759693910, 0.00458063603199397860, 0.00477329117759655450, 0.00440749082401561360, 0.00373578669504961210, 0.00317334842259649760, 0.00263438242042429150, 0.00236662364565888620, 0.00195545452852327430, 0.00133340308527266230, 
0.00532689715809471320, 0.00467263295407260430, 0.00437675720874184610, 0.00444277771509145670, 0.00463084730467311180, 0.00428202456154463340, 0.00365397308071956000, 0.00305493434175659400, 0.00247995410948495400, 0.00221340903512325410, 0.00187903679746861500, 0.00134779161168850030, 
0.00498859094761468400, 0.00437350275096705460, 0.00414059472179901820, 0.00423952296061590530, 0.00433100538126427940, 0.00396222181050779990, 0.00338400148186841430, 0.00284056644020017370, 0.00237424519443455750, 0.00212303213531428100, 0.00176487790506403560, 0.00122279214839228990, 
0.00462649181493233680, 0.00408386198495224420, 0.00388584772526187140, 0.00398539250811288940, 0.00398123010692175150, 0.00354202172395928640, 0.00294505474628485020, 0.00242651927409420420, 0.00204087353121889560, 0.00182356363220669460, 0.00134367703207955770, 0.00079150625527889750, 
0.00399909395582051520, 0.00353715765495885800, 0.00334928728171677170, 0.00342210846714091290, 0.00345567341040271340, 0.00302689675568176790, 0.00254442705789448710, 0.00208173999856724800, 0.00170905074843777540, 0.00148470993806456970, 0.00107204993405083760, 0.00066788112637732229, 
0.00355262059743528250, 0.00314202035053816290, 0.00294815569121988260, 0.00301536792651180790, 0.00308501507838689980, 0.00278768058797572480, 0.00236205040798455380, 0.00191671497332331640, 0.00156118950063525480, 0.00140619977898985800, 0.00114366924837979340, 0.00082004548682382294, 
0.00341110293478679100, 0.00301627435215019290, 0.00280413082239575020, 0.00286120683298542870, 0.00292561180782345990, 0.00274674126733426280, 0.00232345768960635700, 0.00186586899727125250, 0.00154676996961990820, 0.00141703094094377400, 0.00124451990831178290, 0.00093889486098047204, 
0.00330331680265624020, 0.00298404065597789690, 0.00279848507516095500, 0.00281016700963861600, 0.00283834267169180920, 0.00267507930501333180, 0.00229994916403444830, 0.00189673331529459430, 0.00162840101865256390, 0.00146629189664832890, 0.00126912747560885410, 0.00098323103493658639, 
0.00329055489857930360, 0.00302452404370301670, 0.00286624482375919800, 0.00286365454600527460, 0.00283132005646347410, 0.00261245785325377700, 0.00225491297397501170, 0.00192542323464667610, 0.00169482125470664640, 0.00148326702910427510, 0.00118924526455051520, 0.00085822119821619459, 
0.00319003728602051860, 0.00295533097325840870, 0.00279232325314794120, 0.00275616951036186190, 0.00269130086288941850, 0.00245600737566143690, 0.00210996454181378720, 0.00179082790633010540, 0.00154389379575674320, 0.00129639335111205330, 0.00097451907031202982, 0.00061460959287918770, 
0.00269431578169827520, 0.00249280639242011790, 0.00232732936967138460, 0.00225942065715577280, 0.00219559094899478280, 0.00202176885918763480, 0.00173101556633303000, 0.00141723036350249220, 0.00114945310869328780, 0.00092636093660511181, 0.00067251504799114832, 0.00036663175445988727, 
0.00240950513158703660, 0.00226269610899367150, 0.00212321772864307920, 0.00202238048802854670, 0.00192358786496981370, 0.00176097819260465840, 0.00152314352179474220, 0.00125216762060786200, 0.00099841845868739194, 0.00077670655358274556, 0.00054040769145813415, 0.00027493766179106027, 
0.00247986202678317700, 0.00235994066682254990, 0.00222119946050933870, 0.00208204831827758960, 0.00194126867931593720, 0.00175746364172641040, 0.00151818487761914480, 0.00124165935363944450, 0.00096352985894630891, 0.00070536460998299835, 0.00044107366466643305, 0.00016280606288044210, 
0.00192286698887731470, 0.00181529128729328350, 0.00168419712342486420, 0.00154969205184057990, 0.00140158375290096260, 0.00122379807338351490, 0.00101187212624042530, 0.00077468760142314070, 0.00054165941773537060, 0.00031920483777514729, 0.00010535215053400650, -0.00011219542006871352, 
