0.90425612025753122000, 0.45179311661146759000, 0.28938115700565947000, 0.18570266507680569000, 0.12247725570482014000, 0.09456355505816704800, 0.04813074601570023500, 0.04658390951855087600, 0.02316697957955389900, 0.04407913290398916800, 0.02798784756901566400, -0.10144127847483139000, 
0.25987805994037738000, 0.22567502287069674000, 0.19482923264075394000, 0.16622202354622034000, 0.13965269057095708000, 0.11322270023900011000, 0.08632985110861389500, 0.05888244420333331500, 0.02920433358858978700, -0.00246304804698894290, -0.04064544099210075400, -0.08804096501349446800, 
0.24285735832019609000, 0.21691947324954736000, 0.18880276693030101000, 0.16228965713885457000, 0.13453373237442123000, 0.10780740605884936000, 0.07974763257343968300, 0.05112984660705002800, 0.02232534207502659100, -0.00865729303090555240, -0.04293722622952074500, -0.07986230447388408000, 
0.30285818133487452000, 0.26051518034331295000, 0.21143386732268432000, 0.16762171194643644000, 0.12661982245940512000, 0.09550461365849316500, 0.06890250416997355200, 0.04502288485060894400, 0.02003021968703183600, -0.01032699471039826700, -0.04443641971113240100, -0.07878120508714281400, 
0.27205795738431121000, 0.23110110581445514000, 0.18348586388201299000, 0.14155313199754460000, 0.10584164790661091000, 0.07766947573133635400, 0.05596066219732162600, 0.03675275847558134200, 0.01411152578353504600, -0.01315258271699935900, -0.04360913393093626700, -0.07439452977830557400, 
0.21835153309756755000, 0.18367186821364712000, 0.14543254240768419000, 0.11485983943457845000, 0.09124196799614497900, 0.07183058329010026700, 0.05508880388812855500, 0.03667260683251264600, 0.01322336720220639700, -0.01639644459416663900, -0.04858797510800433300, -0.08029185747064630800, 
0.18800236469734369000, 0.15543059625361264000, 0.12049266572270678000, 0.09412189697510467400, 0.07580125674867617400, 0.06184277771056018200, 0.04949059568052626600, 0.03455121042690885400, 0.01305378029998070800, -0.01555182857522492300, -0.04630581337922235600, -0.07526722188878845500, 
0.16214154928661509000, 0.13187134457676300000, 0.09985948698806845800, 0.07616285330555602800, 0.06150745379186729800, 0.05252499349611482200, 0.04550581604272669500, 0.03513474122958174000, 0.01643141001183852000, -0.01032010339921485600, -0.03945512224928716300, -0.06624037394242846000, 
0.14445006582567513000, 0.11566424181402965000, 0.08498032596217222600, 0.06328392749132656600, 0.05215937467940667800, 0.04734007239480707300, 0.04387341869400919500, 0.03479465532646615300, 0.01683170640312320000, -0.00833735052344941090, -0.03576638467801480200, -0.06008708539599280600, 
0.12676154826236138000, 0.09852563923945370500, 0.06813032598318563600, 0.04721518989798877100, 0.03802204794185086400, 0.03683018090078063500, 0.03863035943442549900, 0.03447342231030711700, 0.02052024738170944400, -0.00255021508310578940, -0.03011423323861313300, -0.05419935929354418500, 
0.10824198643734967000, 0.08386592622785731000, 0.05783648914879539100, 0.03913262373665617200, 0.03126019205824484600, 0.03247373835934929500, 0.03552329204591719900, 0.03293573064002848500, 0.02082992274292927800, -0.00050379052090250998, -0.02495878633877567400, -0.04488049342317611300, 
0.09424580765533709100, 0.07500058163395444100, 0.05546788595683242000, 0.04197924152826502200, 0.03710380643799803700, 0.03858455568905925400, 0.03742095818355875600, 0.02986857473510146800, 0.01593007278538145100, -0.00274527437770051740, -0.02038423001980559800, -0.03080790226620550700, 
0.08573750254821188600, 0.06902085214081460400, 0.05382954027061664200, 0.04486235928316639100, 0.04169649127121540600, 0.04118730618624966100, 0.03712586874884052400, 0.02764967627898226900, 0.01310602349248348600, -0.00342391564849168790, -0.01515647009876995200, -0.01943316621217294100, 
0.07585430176568169800, 0.06116191435830799200, 0.04831885042895210600, 0.04144923804587090400, 0.03876713600861550500, 0.03709929360440847300, 0.03281113939126216500, 0.02362883795597410500, 0.00998280625247895990, -0.00420359742114879890, -0.01273101430430803900, -0.01548371352462596600, 
0.06642414428938937800, 0.05206748967021378200, 0.04077348609993850700, 0.03577865595723529100, 0.03462475050851635000, 0.03367805133800491600, 0.03135604596893362000, 0.02406758895795228100, 0.01140229290113239200, -0.00198337179817275650, -0.01035806396377482100, -0.01224207933479498600, 
0.05936620596940924600, 0.04528679449359770300, 0.03529041100333794200, 0.03178084637884739900, 0.03195594093322504800, 0.03204478843481620800, 0.03168360321541997800, 0.02642987933711788200, 0.01448390553839880100, 0.00088904780974602849, -0.00745994845735234970, -0.00880115734709123470, 
0.05417196658762825400, 0.04126328204894143300, 0.03184641534823247400, 0.02813865381470882800, 0.02795431904315514400, 0.02870400918310473900, 0.03015289897006120200, 0.02747248231648854000, 0.01711631533770448600, 0.00363088663585311130, -0.00609099067471566280, -0.00950517813401060600, 
0.04919768897316240800, 0.03875317738271585200, 0.03085527795789574900, 0.02793304351230581700, 0.02759126632389963300, 0.02772758740019380700, 0.02823286439319269700, 0.02584074611698731700, 0.01713210078483950000, 0.00602463366976306420, -0.00216248065173047780, -0.00543750439800369440, 
0.04473314530023755200, 0.03628726630052374300, 0.02997645912351266200, 0.02813377923181439200, 0.02800033387558662300, 0.02767836485480838800, 0.02677464005744439200, 0.02346866078369261300, 0.01578410670658657000, 0.00642228387241494150, 0.00052561609685437610, -0.00201044438997722990, 
0.04371738551022294500, 0.03652090338554165500, 0.03149109408200311700, 0.02998001407730161200, 0.02965608713941462700, 0.02812571235835161600, 0.02538335489558618900, 0.02088763388371304600, 0.01343422329192210300, 0.00545007025589393060, 0.00084790607282040796, -0.00171032591642859920, 
0.04254913815227896700, 0.03633011489487625300, 0.03183342642852624700, 0.03033145215294775300, 0.02994939381736488900, 0.02816691571449766000, 0.02483961949545207200, 0.01966660798214705000, 0.01243641125960697100, 0.00548946081489675840, 0.00121028834934036360, -0.00114446938101793290, 
0.04141811590845041700, 0.03635379821251688600, 0.03205839310839062000, 0.02990437801390043500, 0.02870981829598963000, 0.02689343913758860500, 0.02376215982350737800, 0.01871690047836866900, 0.01193056911548581000, 0.00511566496579567670, 0.00031724417583594167, -0.00240941728954210090, 
0.03933801689602949700, 0.03540452192105466400, 0.03169634295921108100, 0.02915565267849188500, 0.02721876160938384300, 0.02509912233961980300, 0.02222082574145583400, 0.01792575386940107500, 0.01198198003201997700, 0.00561206147142077200, 0.00067050643590825282, -0.00240346351644591660, 
0.03296545493951306300, 0.03055379690684540200, 0.02805629538786256300, 0.02607291526657735900, 0.02424043794108413400, 0.02221365649327491600, 0.01968253841787440100, 0.01626847268930927500, 0.01186447306457014600, 0.00720575673660929590, 0.00330860460344621200, 0.00038728489823300696, 
0.02773375566251489200, 0.02643988168948280300, 0.02483186902833945900, 0.02312735511128437300, 0.02127239042320602100, 0.01922584256004307100, 0.01683061005961237700, 0.01399111856169003000, 0.01076748403562050900, 0.00746587232436796140, 0.00440035791283934810, 0.00160180955911506980, 
0.02562609567704109800, 0.02470227518963637200, 0.02336918329861119000, 0.02172151840836488600, 0.01980199604581102700, 0.01767252360077447800, 0.01528613343404434400, 0.01270161118631048800, 0.00998420976477371050, 0.00719313857937749910, 0.00443237293956829680, 0.00170202053620274680, 
0.02441352200356464500, 0.02356950590083899800, 0.02231710489955112900, 0.02079896479610644800, 0.01903292833072534100, 0.01706831969734007000, 0.01489562515057693000, 0.01256320139617567200, 0.01010134246096618800, 0.00750320122566249230, 0.00486250207480235130, 0.00217813039935833800, 
0.02231175845481392400, 0.02155484191101478600, 0.02044658052124678400, 0.01914896867255789700, 0.01766179771718439200, 0.01598970803086456300, 0.01410982502038360100, 0.01204762773130676700, 0.00985900962014315750, 0.00757079041883023090, 0.00523834090660108610, 0.00282066789423997090, 
0.01987163490299869600, 0.01924598362779220100, 0.01835458416719521300, 0.01732012637166089800, 0.01615383535058637100, 0.01483741820689215300, 0.01329856157011463500, 0.01157895873177971700, 0.00977288841368266670, 0.00788898939819920010, 0.00600088767954263130, 0.00402066946727474080, 
0.01804571898711301200, 0.01751063759883117800, 0.01678261910393712500, 0.01590767201232010400, 0.01491090432952265100, 0.01377610229676631700, 0.01244685113986011500, 0.01096067389396287100, 0.00941785898169754390, 0.00779263903048755050, 0.00614454484844630460, 0.00443417479806419020, 
0.01622144784089565200, 0.01575952999474230700, 0.01515459600204542700, 0.01441488661489319400, 0.01356007797205710900, 0.01256699319470924200, 0.01141566345071165500, 0.01012195164497389300, 0.00878176220351147180, 0.00738431820942247240, 0.00594646115626636800, 0.00448404332705968670, 
0.01549210514622282500, 0.01507260625864270000, 0.01448877817911254700, 0.01378944993851917300, 0.01302359933948233300, 0.01209728925605524500, 0.01104669474810012500, 0.00982716906844325300, 0.00855671789823546180, 0.00727404381111380290, 0.00594880423856004000, 0.00460723882154150020, 
0.01526352660692849800, 0.01485784112860823400, 0.01427190071515940800, 0.01360309276500282900, 0.01289736574931223800, 0.01201490616429493600, 0.01101490291553287000, 0.00983519765685734670, 0.00858494018112126310, 0.00736862853985290750, 0.00610791765942713100, 0.00483740419856406360, 
0.01496754092849854300, 0.01453432879713418200, 0.01396134846014024900, 0.01330700269150728000, 0.01258395150393593100, 0.01172360248866209500, 0.01071527052852386100, 0.00956495589177642870, 0.00835254969693362960, 0.00716028330118120230, 0.00592637958249443880, 0.00467970939577230710, 
0.01444040185796933300, 0.01401197858483542600, 0.01344070824178237600, 0.01277943154734132900, 0.01203869440116020800, 0.01118144390258035300, 0.01017712921779387200, 0.00905140245566186070, 0.00786280182145918450, 0.00668214454970938060, 0.00546668434212136370, 0.00423611805801500650, 
0.01427174031854099900, 0.01386108908686688000, 0.01329221284741544600, 0.01263655161026262800, 0.01189824407481618700, 0.01105039160712759600, 0.01005205652435806600, 0.00894573797830043420, 0.00776186006921721680, 0.00657565801381789460, 0.00537378498401228440, 0.00412786196214788570, 
0.01505365149407428800, 0.01464721161298442900, 0.01405629801585667200, 0.01336410842793645000, 0.01257168898450439200, 0.01165363061629778700, 0.01058980544866136600, 0.00941176006489305790, 0.00815499355259459090, 0.00686886231136181990, 0.00556430635406158360, 0.00417868397975515620, 
0.01558136860050083300, 0.01514225103435386900, 0.01448006548771522800, 0.01369449516536421600, 0.01277245078369368200, 0.01170948164127947500, 0.01049167929434228200, 0.00914016025094758520, 0.00769550033217951310, 0.00619134019501755770, 0.00465489067631353040, 0.00301926869075597440, 
0.01384669755400151300, 0.01341608524500019100, 0.01276548657635817600, 0.01196970895523560100, 0.01103465289270067400, 0.00996175497065763560, 0.00874845276563966660, 0.00738111883653754830, 0.00591520464514500630, 0.00436238626368897280, 0.00278053654689444870, 0.00114132631151462470, 
0.01057085557506471200, 0.01020608373646235900, 0.00966655484970807210, 0.00898933133678305770, 0.00819292303162379860, 0.00728492691080538570, 0.00627807284303981760, 0.00514498347345507520, 0.00393900488866438540, 0.00265911392660937590, 0.00135132939742408180, 0.00002595345235515805, 
0.00708254960552805350, 0.00670741494260611040, 0.00619240262631592320, 0.00559110403342373550, 0.00490628776663250970, 0.00414800719508829400, 0.00333846232071497880, 0.00249726360079963880, 0.00166508773346652860, 0.00081460785876278448, -0.00002790735688713884, -0.00086143907735796777, 
0.00612913982281517670, 0.00556372278350928710, 0.00485551988625164150, 0.00407436949825940030, 0.00322476633015967740, 0.00231872259611876200, 0.00142059085762878700, 0.00059018114320388501, -0.00015133303339975152, -0.00082758582513888716, -0.00145327045152318950, -0.00200879822657871330, 
0.01264904707078947300, 0.01150706888738883100, 0.01014556234176569600, 0.00862484846509953620, 0.00695172614893932190, 0.00520687959142189520, 0.00355936218933419540, 0.00211924181297310330, 0.00069670201579274482, -0.00067864393288392878, -0.00199224129688964230, -0.00321858118920373330, 
0.01780555967187166500, 0.01598559050147873800, 0.01389198124514434200, 0.01166013975525099200, 0.00926712829646656610, 0.00690619024023408650, 0.00481662042190647050, 0.00311837119967708690, 0.00143975949323146600, -0.00019097335042948549, -0.00174024151144825490, -0.00336578310127519850, 
0.02018813983383000600, 0.01786068634405027800, 0.01507057742680042300, 0.01213803842150005600, 0.00914580710814060470, 0.00621176806894706710, 0.00354189376755295560, 0.00135020168455485170, -0.00060200093349165864, -0.00232973904443725420, -0.00384206943521914940, -0.00543871138975125180, 
0.02336463996203864300, 0.02036039765005733700, 0.01650790790225753800, 0.01241584388597361300, 0.00829719273673145550, 0.00442826571522264050, 0.00101135082071544470, -0.00162926968093804690, -0.00363389350617972620, -0.00509674020872032550, -0.00624074805999873940, -0.00733716586335065970, 
0.02527187316669746900, 0.02187213884215600000, 0.01733668078588347300, 0.01251987730142529000, 0.00764411028002655570, 0.00318862202037361720, -0.00034901579274308861, -0.00272247605154385050, -0.00413762668929030550, -0.00489183656084851360, -0.00530449040548700880, -0.00578095186124153590, 
0.02732071652040996300, 0.02348324836797935700, 0.01831304564255433300, 0.01267914649644289900, 0.00702434119943752370, 0.00191188355747306040, -0.00192767678901589140, -0.00419858809555689800, -0.00524225728943603350, -0.00541715814612278150, -0.00515373727393718920, -0.00507471136007947230, 
0.03069352390132212100, 0.02607590869713638200, 0.01992917866258393400, 0.01317008357292489100, 0.00630894867268743700, 0.00016782690956703718, -0.00441085156047950520, -0.00703115519510608830, -0.00822128796732892080, -0.00821512474455265460, -0.00775309537415188810, -0.00735110242464105840, 
0.03366260196058139300, 0.02850004281700898100, 0.02167084528570146000, 0.01409814758774006200, 0.00644508465243539850, -0.00055385949290193896, -0.00582773818805699690, -0.00901279405343163170, -0.01070363212796729200, -0.01102624306302148900, -0.01085707233683050300, -0.01062652722610539800, 
0.03474483845777606700, 0.02953677196559810800, 0.02236641313301708900, 0.01426234400760761700, 0.00621335153184307370, -0.00112728567401416680, -0.00663393678036850250, -0.01007839258567411000, -0.01189186189275630800, -0.01236227189433418800, -0.01213902335202308000, -0.01179763571891467700, 
0.03664010718565213100, 0.03115483318065134100, 0.02344949300533387800, 0.01469230220394569300, 0.00607124750943549480, -0.00165170704141561170, -0.00750904756727886500, -0.01132417907056373900, -0.01331476122672278400, -0.01399698433193250300, -0.01383777860402641400, -0.01330658215481878400, 
0.03696221990464739600, 0.03140273124609281600, 0.02352938352452622900, 0.01466850399323403600, 0.00578176930978437350, -0.00216731210764843550, -0.00824836025953046980, -0.01211842874914965100, -0.01395453028497756900, -0.01422236673354123300, -0.01344180727049121300, -0.01217528021273379600, 
0.03476203750202508400, 0.02953936270958691000, 0.02212444126819546400, 0.01385471372602993900, 0.00544026498768851020, -0.00216074045564862770, -0.00807816999488017790, -0.01191874756446561700, -0.01367830780428961300, -0.01374918266834134100, -0.01263359730342806900, -0.01106214252598015200, 
0.03121703109045722400, 0.02653937804930454900, 0.01997882354924976700, 0.01268919292854065600, 0.00526088145020188820, -0.00160278198423494810, -0.00706955305691042350, -0.01064919639970871900, -0.01239535655904805200, -0.01265769158165584000, -0.01195844102219881600, -0.01083883029396276100, 
0.02847521553855517100, 0.02420535106171822400, 0.01827622145634503300, 0.01168454128523622300, 0.00498649881782915400, -0.00129102443746913210, -0.00635351334541031130, -0.00952816385113093060, -0.01118210553976392400, -0.01135819221960950000, -0.01072205858315053100, -0.00982814319154812730, 
0.02551601976561969400, 0.02163870899489326500, 0.01633254548420976300, 0.01046467126621747300, 0.00455492301926195030, -0.00104871032196757780, -0.00555052788550639000, -0.00830042035840710890, -0.00971229699776456070, -0.00967953088695578530, -0.00897324561366725020, -0.00807876023512711300, 
0.02348190377933419300, 0.01999530317907173200, 0.01525510445217426400, 0.01001557926289930800, 0.00473437467386806760, -0.00032408195817735234, -0.00441139431351453800, -0.00703891853984214660, -0.00841109308841941730, -0.00853743814397741470, -0.00799280207454080090, -0.00726839132826607310, 
0.02114955039769817300, 0.01811946615179020600, 0.01398957088081735500, 0.00941836299485005610, 0.00475445506349560840, 0.00032598949860278823, -0.00325732901915786600, -0.00565532203769020420, -0.00690124336633104320, -0.00725603780781416100, -0.00687874908320651540, -0.00635255955382342360, 
0.01823233853380581600, 0.01560951254450253400, 0.01205175398579365200, 0.00814363623990872410, 0.00414912997312654340, 0.00040479914105709494, -0.00257903263952103440, -0.00444565483065084700, -0.00536801169853641690, -0.00561075841141868250, -0.00520001249984669050, -0.00471571873979699780, 
0.01596548887026582100, 0.01365611702317605700, 0.01058296549876908500, 0.00718706707662986230, 0.00371016875875561800, 0.00045116203688500629, -0.00202012146004608430, -0.00353992857941776320, -0.00426802094502316390, -0.00444203358420070930, -0.00409940865496210420, -0.00366328233769104820, 
0.01446741108619377600, 0.01240687316435829500, 0.00964486423696924930, 0.00656778039720536980, 0.00350743194040725220, 0.00061955326266092611, -0.00154192819422520980, -0.00293969149116354860, -0.00365310073367154830, -0.00384271500394175750, -0.00363018258244392510, -0.00342949932588835050, 
0.01285400376387181700, 0.01094055967786528400, 0.00847834097944693070, 0.00581112943797316640, 0.00326465189427519030, 0.00091146452510431014, -0.00090919913393699460, -0.00205695432725419050, -0.00258222266082950990, -0.00266311427118503350, -0.00252298576013045660, -0.00249393382777466200, 
0.01186566929297243900, 0.01000897866897402500, 0.00770203883233201970, 0.00536291003954165140, 0.00313776305969178020, 0.00114118441040458010, -0.00035162070873062190, -0.00124627149087001710, -0.00154324486504596760, -0.00155936749993048450, -0.00151373034280740490, -0.00154132260695356910, 
0.01196439072892605700, 0.01006903950018428100, 0.00759870465272066260, 0.00523588562182529090, 0.00305337046037963730, 0.00111040384001960750, -0.00026802624136836950, -0.00114446356062824960, -0.00137034936897273350, -0.00146001915181132880, -0.00158137483236366580, -0.00176039128804306250, 
0.01289926883803691300, 0.01083862095354182400, 0.00809014559067622150, 0.00540147434319995880, 0.00302220245420801140, 0.00076932701144866449, -0.00076782661124689467, -0.00177274444837915580, -0.00199615584577158460, -0.00221651079255426280, -0.00248245514818588780, -0.00277968041273989490, 
0.01267958976839778400, 0.01076565765987667000, 0.00821920601944811820, 0.00561878694734858910, 0.00329739524122196020, 0.00110203182559873250, -0.00037070186054410969, -0.00130673027031333840, -0.00174484430261032410, -0.00210206131838388270, -0.00242991872080971540, -0.00294330430902103740, 
0.01212022221614238200, 0.01059655491420831800, 0.00863403323190265610, 0.00655692615438977990, 0.00453106623009525130, 0.00250384593636870240, 0.00086595190039066643, -0.00037739710021546485, -0.00147329606983398280, -0.00239571349644524670, -0.00323018676894046070, -0.00408696706343566070, 
0.01301167953243748600, 0.01149976969657409200, 0.00956866892453651400, 0.00754403636343537780, 0.00550390355595847290, 0.00336523879235100380, 0.00142244042502849320, -0.00027256326532471573, -0.00184056802554067750, -0.00318874690487963830, -0.00444208702634510570, -0.00559718657195877080, 
0.01399886429634265700, 0.01239372197209601300, 0.01044732173492086400, 0.00850721587894203920, 0.00646984284568567160, 0.00426711198351418550, 0.00213810904361681550, 0.00017119832435374464, -0.00161416618471501110, -0.00328881110775282440, -0.00487428261609539750, -0.00639056899086139310, 
0.01336858565706894000, 0.01179007854682345500, 0.01001200772815482100, 0.00839098492076122310, 0.00669414667759003070, 0.00475991208720992400, 0.00275731149770298100, 0.00083345635679380229, -0.00090690964139350082, -0.00259951018429434260, -0.00424870925073268960, -0.00593689605301875660, 
0.00969096400081374650, 0.00860615561679121090, 0.00743328235400188800, 0.00640517000850398830, 0.00534836834484699480, 0.00407222614037444640, 0.00266719852693809950, 0.00129521872490840940, 0.00008509624031761074, -0.00103631822332287390, -0.00217284776272695870, -0.00341423892487398510, 
0.00735752643637972450, 0.00674111715487793730, 0.00596610624313644990, 0.00520429013482034700, 0.00438921848185183910, 0.00344692501866193480, 0.00242938802380487840, 0.00141763899454318840, 0.00049376184852750174, -0.00035167082768138404, -0.00120603573393467550, -0.00209419942538111110, 
0.00748431010931902350, 0.00699883637480812080, 0.00631840153562898250, 0.00556842214319779990, 0.00477089878305299310, 0.00388297028183023400, 0.00298268041505419250, 0.00206070597808800200, 0.00114531215852373050, 0.00021155167500096792, -0.00076540358887933300, -0.00173482419267824280, 
0.00804855505263550600, 0.00758064161690546160, 0.00690101711194222870, 0.00612753990631049500, 0.00528027508025279060, 0.00434227034714413860, 0.00338252362407976630, 0.00238402768068080590, 0.00136156156546239380, 0.00027362363492980098, -0.00084977095942606650, -0.00194643217576881870, 
0.00868800395201396390, 0.00820599954105969390, 0.00753367900613503660, 0.00676112537371610470, 0.00587403432195929100, 0.00488157890660113890, 0.00384921821547586080, 0.00278119478682226340, 0.00169715731433828100, 0.00055649375040525857, -0.00054825609413991874, -0.00158956057859243270, 
0.00917952424709864680, 0.00867959496010390140, 0.00805857126036065710, 0.00735984859959300850, 0.00652312876083812640, 0.00551297897335790730, 0.00447207951976181120, 0.00344533644158850380, 0.00240490910752228510, 0.00129438434427553210, 0.00021964432553762505, -0.00076251807046035913, 
0.00868968443018259230, 0.00818023418742662430, 0.00764190029927293030, 0.00710813550667054390, 0.00642570610593897270, 0.00553934093099591430, 0.00462224726416899170, 0.00377341385833512060, 0.00290371802807076270, 0.00191443265946532910, 0.00086806747256489209, -0.00013730088716344669, 
0.00855301488495235730, 0.00801464772194735410, 0.00751483236954996350, 0.00707983339148162990, 0.00649556680870367820, 0.00569812660214864650, 0.00492116308562426650, 0.00420889914248258420, 0.00343193870539554390, 0.00248550747138332440, 0.00147887789925041910, 0.00049761287700581945, 
0.00743176252369594050, 0.00701642523065517960, 0.00669182666498655860, 0.00639857993838102710, 0.00589492030389504160, 0.00522282680538337440, 0.00462378237360526380, 0.00410586819854331580, 0.00343142868028613930, 0.00260506494341804270, 0.00177954826470656780, 0.00103279605118114430, 
0.00617434550685897790, 0.00585378173776341000, 0.00560065160034484320, 0.00539947108909736350, 0.00497037948985181760, 0.00446077485908710250, 0.00400154931939238070, 0.00363378857605511090, 0.00312606298522039460, 0.00253926510169632080, 0.00195956201299979370, 0.00140967556051870800, 
0.00634814783952627680, 0.00596467230613815370, 0.00567365953194683400, 0.00545157759290933620, 0.00504047573069399660, 0.00449487689062785190, 0.00401582807023573470, 0.00357739372770418200, 0.00306456136495228320, 0.00244871599279515140, 0.00186279934972551250, 0.00126008324556710350, 
0.00628020392592261710, 0.00583013492834058650, 0.00554642610121115850, 0.00537627640894256830, 0.00500119854107855450, 0.00439369692301013700, 0.00386963176113343110, 0.00343998241254705370, 0.00296812515376058310, 0.00231637777239433050, 0.00166702025826105900, 0.00106009206952598660, 
0.00635673301168832720, 0.00594885139843788920, 0.00571456036204912900, 0.00558115759447248400, 0.00521483596590058450, 0.00460401556842533230, 0.00405724548999072780, 0.00362570985853555340, 0.00314412362941862740, 0.00246644977975526850, 0.00179118070861242990, 0.00119449626279436350, 
0.00637568167414161950, 0.00594785583201804840, 0.00575899903504797400, 0.00567911383112050010, 0.00529746627602320240, 0.00463707475112973540, 0.00404769967125407670, 0.00361821397083411050, 0.00314718889159003620, 0.00246672618047045390, 0.00177545152375644220, 0.00118987706348403030, 
0.00579589497807611940, 0.00535723140068751230, 0.00521976574006454640, 0.00520890639655903570, 0.00486317062485417620, 0.00423639593249837760, 0.00371458486284603020, 0.00336165393213619550, 0.00293016144790096820, 0.00227536252995399690, 0.00169063757266225270, 0.00123069307928063650, 
0.00477232730864264770, 0.00440724763531362330, 0.00429866702059638560, 0.00428022675604443520, 0.00401896740387813240, 0.00355582472292800390, 0.00316438486287638460, 0.00285996931476902680, 0.00247708376728596760, 0.00196277571085613390, 0.00154174397963075490, 0.00118099754284712060, 
0.00548484498131073230, 0.00500548919728384480, 0.00473454648922146980, 0.00459658890799666780, 0.00434188941419005790, 0.00390580404539874780, 0.00343435215519803140, 0.00295484225528030390, 0.00236078562138751980, 0.00172143628429699740, 0.00118583660098631060, 0.00080330546527977503, 
0.00798508289199729130, 0.00702778576806409320, 0.00636001665062076000, 0.00613528958292393080, 0.00593687536447231380, 0.00546905257584377140, 0.00464218143228122770, 0.00366388540517593620, 0.00254227921792445900, 0.00159491879034215200, 0.00087434166807178262, 0.00038833660184307069, 
0.00866751519784973550, 0.00752285688260064850, 0.00677568094073932590, 0.00668938807678439840, 0.00674897608051302450, 0.00626187035767878690, 0.00520362605126013960, 0.00410398145817562900, 0.00300975166487158550, 0.00216448801731868730, 0.00151418727692913060, 0.00082748762340304448, 
0.00841981734642606970, 0.00731932553781675450, 0.00670637461029913170, 0.00678743634477605140, 0.00694744923874286020, 0.00637738580736051280, 0.00544801587003899270, 0.00465372056489644830, 0.00389292702242203470, 0.00312900809000727160, 0.00225869215139407660, 0.00140807671762874800, 
0.00860641512942133050, 0.00751772189256334070, 0.00702583037941822280, 0.00708097683701398080, 0.00719414222434211490, 0.00646284578051707900, 0.00553728361242949390, 0.00484401069096159540, 0.00416523732468081910, 0.00333690126489158590, 0.00228431244587452710, 0.00144034723578406700, 
0.00841420172794134050, 0.00733875226676056200, 0.00698509588421510410, 0.00710246775601320900, 0.00723750175393719250, 0.00654343573701810560, 0.00562477368932052910, 0.00501883869123311530, 0.00446021877065886760, 0.00376518939938472620, 0.00282916187603039990, 0.00200181821468405860, 
0.00828131559412126350, 0.00727700875813490180, 0.00695576218984834610, 0.00714318875132952550, 0.00732543781896559910, 0.00661210157123086770, 0.00567589996378538210, 0.00505186822895293230, 0.00453776827377471230, 0.00405026451029521370, 0.00314231746714962790, 0.00221147008751790360, 
0.00817328727102263270, 0.00721904012942707880, 0.00690544782403007370, 0.00706172852495201650, 0.00731286348160095810, 0.00672502764133668490, 0.00585849685269441200, 0.00518571716917074370, 0.00450484727088122910, 0.00408039433574199340, 0.00335344995253488660, 0.00256212497741659020, 
0.00767991999177033370, 0.00676206092748818550, 0.00647222016414308620, 0.00664884186357961920, 0.00695393946716328470, 0.00654841206967762390, 0.00581697462388306930, 0.00515960509927406580, 0.00440401105437606380, 0.00400547569177183830, 0.00353796531572161040, 0.00301156111327389750, 
0.00727702418907816630, 0.00634500117593824080, 0.00600563733389009040, 0.00625659121000568010, 0.00655598141916049340, 0.00625389442541327000, 0.00561150637750898810, 0.00496521298463726160, 0.00423081934448222680, 0.00375860642927195900, 0.00338935778331631240, 0.00307730489100757450, 
0.00671628946013153130, 0.00583600377425021010, 0.00544379278563445530, 0.00567126951208871570, 0.00597488034210266750, 0.00581364183484536080, 0.00520933444823178890, 0.00449759147484415230, 0.00382349201762745540, 0.00338175463918612360, 0.00311109249711589770, 0.00284489679523345670, 
0.00649971514935437840, 0.00569401897151671640, 0.00525263687697441650, 0.00541905882589400080, 0.00572186576322772020, 0.00559463630112688390, 0.00496427941902274210, 0.00421147877857304220, 0.00358319611899158290, 0.00318851183141657160, 0.00290676745804083720, 0.00256092669306387130, 
0.00632126504850840690, 0.00558152235921460620, 0.00517270806262048240, 0.00528237427203741720, 0.00554426730021782220, 0.00533633610830514750, 0.00474605793975261480, 0.00404511574805432790, 0.00339031242733093100, 0.00297755392281836860, 0.00266975459822171080, 0.00228680768665824470, 
0.00573749296021111920, 0.00508069790165113170, 0.00475201599978892880, 0.00485899641226148270, 0.00505108278901701680, 0.00471642525391490710, 0.00410293531942562080, 0.00352271990325636220, 0.00297206036817929640, 0.00266392350136030470, 0.00232023284245909660, 0.00181846431211447350, 
0.00503678279207767780, 0.00441504600357546000, 0.00416655651136710410, 0.00430314607994354210, 0.00446074813169896040, 0.00407282580911682520, 0.00343180848384462820, 0.00293987037747815180, 0.00258061011356145850, 0.00237353063074284550, 0.00198686469116710190, 0.00141471741609583510, 
0.00439740879965593630, 0.00382093389595581770, 0.00364104292135709360, 0.00378462169266467360, 0.00384570492609630350, 0.00347885313310700250, 0.00291682567906692690, 0.00248148932895723900, 0.00221848460452972510, 0.00201151794813855380, 0.00157596356488999640, 0.00109685187367566110, 
0.00391901859578533230, 0.00345852205964981410, 0.00329981969674113210, 0.00339292911168702010, 0.00340541031840773610, 0.00307672325025854170, 0.00261994376266389860, 0.00222452705993057310, 0.00198720445926030150, 0.00177056463722705590, 0.00138032451435358950, 0.00097136925981113737, 
0.00353151449501061450, 0.00313487424649282810, 0.00297525822968603080, 0.00305234720298085040, 0.00316186059355971080, 0.00285390055858961200, 0.00248717823811836620, 0.00212525674190401900, 0.00180526314424598050, 0.00162971678416088660, 0.00135802829476639210, 0.00110271871037223430, 
0.00328887045071585800, 0.00291928915155626300, 0.00276480294238877320, 0.00283523814353278580, 0.00296974143242179990, 0.00270691268656464730, 0.00234999224040244960, 0.00202538035145083480, 0.00171662338471452650, 0.00156532833792733880, 0.00132142599321145710, 0.00110293028302922250, 
0.00344738113015689940, 0.00306870063545706300, 0.00288265448254337860, 0.00293729108376911170, 0.00304251810895429750, 0.00284471859281760970, 0.00244727555368543350, 0.00206565951288128660, 0.00176736486756237090, 0.00159413768160251750, 0.00135908192643916310, 0.00109190198531332110, 
0.00337952104834679440, 0.00304754697176019260, 0.00285457835455828640, 0.00288165852679572730, 0.00295205711235464910, 0.00275240169646666500, 0.00237712275733789700, 0.00200494677562147770, 0.00174589519593575490, 0.00157834595430311730, 0.00133094838646227490, 0.00101110464170836360, 
0.00294399799810797550, 0.00270600090793292990, 0.00255128430585945450, 0.00253520326744658630, 0.00252523279075737200, 0.00231939519339495040, 0.00199956979814843760, 0.00170033751239467280, 0.00147409629657673090, 0.00130371924851229150, 0.00105846908245520590, 0.00074550150976510836, 
0.00255311955248994350, 0.00238139042345899070, 0.00224751304135790370, 0.00217213148253362100, 0.00209404326328788530, 0.00190664956975998040, 0.00163773648840466250, 0.00136477789026663840, 0.00111856199513637660, 0.00090543279771323516, 0.00067197412248227420, 0.00040440258043259022, 
0.00203114050774495490, 0.00188240100314134080, 0.00174548315581090950, 0.00164479293211342090, 0.00154094597419389430, 0.00137385966971367780, 0.00114004755714382280, 0.00088058456788802991, 0.00064245545435853235, 0.00042801401326330885, 0.00022042805233542381, -0.00000507498874067874, 
0.00172619399728208160, 0.00162215848007338350, 0.00150412848079561380, 0.00139229183152988940, 0.00126292458100332890, 0.00109493702371412730, 0.00089818654075478311, 0.00068011568145116775, 0.00047769345021510815, 0.00027364716322163675, 0.00006182821029536708, -0.00016070189964390534, 
