0.88719090979725768000, 0.45514122320519995000, 0.28439308941331087000, 0.18620905395982859000, 0.16481029754217028000, 0.11406044526698106000, 0.12334534341427485000, 0.09061587287574424100, 0.08779420435450976900, 0.07307577306668648600, 0.02105566224341921800, -0.08528652694018396000, 
0.23965660149167389000, 0.21430994138311624000, 0.18932312961402104000, 0.16556427092518800000, 0.14215270830639068000, 0.11979503080270909000, 0.09721292130988311300, 0.07264213299918899400, 0.04415062967671799800, 0.00725106240568349630, -0.03818995697241925300, -0.09369621485370763200, 
0.23287143772496169000, 0.20344890216454495000, 0.17214500794815044000, 0.14317918661699286000, 0.11680615552076104000, 0.09394016721719342100, 0.07403134152629389800, 0.05346318304931711000, 0.02976684695489502400, 0.00116578455695415600, -0.03415262422182328800, -0.07810083309877602400, 
0.31710336302130432000, 0.25605088213898997000, 0.18972127430762081000, 0.13417320919322664000, 0.09251588195294843700, 0.06575567137755948500, 0.05244817396574112700, 0.04542905142288188700, 0.03265096144579144500, 0.00694418908833821510, -0.03629671740033048300, -0.10055981395285717000, 
0.30461342928413732000, 0.24187690912401424000, 0.17241994660020799000, 0.11582249262714805000, 0.07319658776474886900, 0.04584870898334470600, 0.03630788567323761000, 0.03644078821982718600, 0.03042943789065936200, 0.00312427821975876790, -0.04364210297790489100, -0.10958809256685023000, 
0.23366394028644813000, 0.18598588001227631000, 0.13164192823931145000, 0.08867542545560375100, 0.05662901045972206600, 0.03590444384615609800, 0.02680568136146090800, 0.02389011493121746100, 0.01517102916521967000, -0.01068964581748825000, -0.04891751831692816400, -0.09480921756759802500, 
0.18008127040812735000, 0.14184129590999292000, 0.09665807229700651400, 0.06144680108748319000, 0.03869730974409321700, 0.02720430585193029200, 0.02291147309159595500, 0.02258305080102748800, 0.01569094263908879500, -0.00520365478328065930, -0.03638321434711904600, -0.07113332159278092100, 
0.15236007931335843000, 0.11581321208678261000, 0.07466083021242805900, 0.04351092949190031600, 0.02587932015340817900, 0.02029381729509348300, 0.02214830367803109800, 0.02650773731038393700, 0.02114095714681943300, 0.00142672521947101880, -0.02759832429846735900, -0.05839760346168860300, 
0.13573469442789335000, 0.09916059803507669400, 0.05886646457945966100, 0.03090670514912412600, 0.01573485094268609100, 0.01317456041983454000, 0.02041130372759227300, 0.02758890739093437800, 0.02465517822194179100, 0.00428312682363518430, -0.02399571961847983200, -0.05328955903675866600, 
0.12429091698851369000, 0.08819240514349208100, 0.04887282622746393100, 0.02209505610927859500, 0.00936578331490607940, 0.00951024284251785270, 0.01880120815363046200, 0.02719523387444743700, 0.02445471141849346600, 0.00445423302295134320, -0.02382428902722177200, -0.05168304195151716300, 
0.11036281197179100000, 0.07943370025059665100, 0.04373826273509565100, 0.01910511444326801200, 0.00848924292736958840, 0.00843589371910147270, 0.01651406054612717200, 0.02321067153830313000, 0.01946971922009236400, 0.00047437041962955073, -0.02429834023973673200, -0.04859622089672489100, 
0.09715270876233815500, 0.07019216631353038200, 0.03961110354423508200, 0.01987298514431704700, 0.01179976650684604400, 0.01091953946088215400, 0.01512946242836383900, 0.01714976315125017400, 0.01048775440754061100, -0.00805792977660878260, -0.02706660112099798900, -0.04300279823758163000, 
0.08533924568560634400, 0.06021203084081670100, 0.03560167905230900200, 0.02183629257330779000, 0.01672288636643734200, 0.01674653355741450400, 0.01778633450591438100, 0.01490350276400635900, 0.00343982132462800510, -0.01420630132660604400, -0.02848384650086463500, -0.03511081574377941700, 
0.07721180926320618500, 0.05388831196830700500, 0.03234740704634288900, 0.02134880461728568700, 0.01905187592917006700, 0.02039319393782276400, 0.01930106854271214700, 0.01169325338256494700, -0.00258113023148602010, -0.01756179110073819600, -0.02722317990174503300, -0.02893690068129440100, 
0.07268718152074740700, 0.05160621842553937000, 0.03174957848511864000, 0.02156525387986560300, 0.01998682566530951600, 0.02170508054643823000, 0.02108397993772398800, 0.01408834853340719700, 0.00120454595454390120, -0.01319253155720534500, -0.02295117890732173100, -0.02575246146670319100, 
0.06784975246318321300, 0.04777483929752805000, 0.02848952789542188700, 0.01992142927257139700, 0.02012470118153323800, 0.02445289689397788300, 0.02489059632458347200, 0.01794539927001208300, 0.00396787700314488700, -0.01078595285826438500, -0.02004772303493607500, -0.02284252446515711400, 
0.06184856741386051500, 0.04301679024675737100, 0.02501773916731198100, 0.01818759021578714200, 0.01905538127150911400, 0.02437355755554040200, 0.02476879001044153200, 0.01782798453502266300, 0.00386062577394229470, -0.00996069075510504910, -0.01773424004270992800, -0.01958091442173764600, 
0.05508956249327967600, 0.03938433784908141500, 0.02544003686735813200, 0.02037919590735948500, 0.02156326342693267900, 0.02519318320209003300, 0.02448986470462017100, 0.01689103478529280200, 0.00342949017154160630, -0.00871391552736907470, -0.01509003527932365300, -0.01546285917545241700, 
0.05010666737951873600, 0.03696962862914484500, 0.02582809835637316400, 0.02178418657276299700, 0.02302644229025524100, 0.02553028551163211800, 0.02498235328498289400, 0.01827932035010647700, 0.00578638298713220550, -0.00605634506263926650, -0.01231882889824427300, -0.01252130618349534900, 
0.04584805272408504900, 0.03579493007517831800, 0.02737616539735385600, 0.02396170481335140400, 0.02403497926794731900, 0.02424648126569259000, 0.02181404566283664400, 0.01521226986403833800, 0.00535506405232355310, -0.00382649545163150870, -0.00892292817539352100, -0.01033069536276490900, 
0.04162729596465053500, 0.03386858517292314100, 0.02730177812457609500, 0.02442004965976295900, 0.02361268043608280200, 0.02227027735712540700, 0.01894460765222297200, 0.01312926601718113900, 0.00591783872746348350, -0.00107630625754236480, -0.00557231801776980440, -0.00801041826543224910, 
0.03558311014116470600, 0.02962478220720976900, 0.02446602350888913600, 0.02172050640972167000, 0.02045779980013644200, 0.01936046659992391200, 0.01769562761330948800, 0.01426011767045263000, 0.00875983318252030250, 0.00235165735941914470, -0.00262707995343511650, -0.00543530996217096890, 
0.03069866745344706400, 0.02696938271738681300, 0.02336564511589390600, 0.02069723982101641000, 0.01864568014239760500, 0.01685348328039253100, 0.01480668906722712500, 0.01187252146729625100, 0.00794686093046260980, 0.00381164456101441670, 0.00031484729983985687, -0.00236556487911698590, 
0.02543089751869667300, 0.02322256740460002000, 0.02075232439426065400, 0.01858071967226609600, 0.01681766800718815700, 0.01514133037278935300, 0.01327018686820739600, 0.01079596076482036500, 0.00788995412594891910, 0.00498609012476706240, 0.00230213359619248130, -0.00009335703488098956, 
0.02073674364854146600, 0.01943650120912063200, 0.01783845240266285200, 0.01634394665861535100, 0.01509966961768821800, 0.01376524763571103900, 0.01216108909085833100, 0.01000357324638706200, 0.00750036793111380580, 0.00499082386592706800, 0.00271426732167972520, 0.00075748439098018692, 
0.01946540300571626300, 0.01853459274952614200, 0.01732234657649234900, 0.01605782905223223200, 0.01473855872581915000, 0.01325261086449206400, 0.01145752960209722900, 0.00937136936959060730, 0.00710404284527890900, 0.00488058049569088830, 0.00280065774419462980, 0.00082965999955732477, 
0.01985449595668744800, 0.01899175956245219600, 0.01778184385589693500, 0.01642361141737634300, 0.01486860199429560800, 0.01314288647249540900, 0.01114110913618736800, 0.00900779616199118280, 0.00679666507817057630, 0.00459734759954557110, 0.00244136000777706940, 0.00028085321695484674, 
0.02125401811489081900, 0.02029562718987874500, 0.01891965761985255100, 0.01737625503510964800, 0.01562462595944589700, 0.01379848938700029400, 0.01171150143530813900, 0.00950511105368474950, 0.00713538186062856980, 0.00469991070916655780, 0.00226614876215290970, -0.00009267896377935451, 
0.02239823489685742500, 0.02132628329060016300, 0.01985005972054617500, 0.01823852353390024300, 0.01650780706744302300, 0.01476184083681536000, 0.01277120071862359600, 0.01060068806452083200, 0.00821237775405670060, 0.00572902111096957200, 0.00325613207057718350, 0.00086945441519103886, 
0.02282515890179878700, 0.02176428565558709600, 0.02027223328048437200, 0.01860586202705773200, 0.01679698805036888100, 0.01495684324234431200, 0.01291674774445782800, 0.01070468750909651400, 0.00833072539778415000, 0.00584193025958808490, 0.00335986433102721670, 0.00092481248658824215, 
0.02360014768819824700, 0.02252949528539738300, 0.02097592555300958200, 0.01917640492822045300, 0.01719804943080909300, 0.01515427339048807700, 0.01292490108880866800, 0.01049885602606569200, 0.00795157974328941990, 0.00526455608937460420, 0.00260181540388582880, 0.00000601321020769047, 
0.02360028815185488000, 0.02265145606755446900, 0.02125736932170588600, 0.01959275008225622500, 0.01771260323085373200, 0.01569072272599712100, 0.01349188818599036100, 0.01111103833852304300, 0.00864609325375573220, 0.00604468161130940470, 0.00341536003537720390, 0.00077481727471700849, 
0.02225232039725257000, 0.02145756346998404400, 0.02031216409905698900, 0.01890581500417415400, 0.01728695083836645800, 0.01549176026387611900, 0.01351445883702332900, 0.01139146957679128600, 0.00916567743027282830, 0.00686247829792068380, 0.00445972242622118960, 0.00202620978460183250, 
0.02037089276261809500, 0.01969277124280008700, 0.01869239597379954800, 0.01747225246543825500, 0.01605235178624773600, 0.01446396472975271400, 0.01269853656974881400, 0.01082021656206545400, 0.00883231979960384310, 0.00680307277369164320, 0.00465573268961378540, 0.00244544222687927740, 
0.01842574998761276100, 0.01783289012177543100, 0.01696371772067358300, 0.01591030286688352100, 0.01469221148145307500, 0.01331704551884881800, 0.01176931853128779900, 0.01009293821721916400, 0.00831143201844324920, 0.00647628909503022380, 0.00454464048256800810, 0.00254429066795603280, 
0.01593232153476272000, 0.01545811127249320300, 0.01475806603818494200, 0.01387345773077964700, 0.01284513503018000700, 0.01164450775182690100, 0.01028358986089376900, 0.00875988290943693040, 0.00713925076642901720, 0.00541781110261924280, 0.00362918219723008110, 0.00178783579081014410, 
0.01247522568727354000, 0.01208705990575006900, 0.01150200711266568200, 0.01075282639692419800, 0.00987727018532863660, 0.00884816166146324550, 0.00769752614086501120, 0.00637772492151828400, 0.00497265070912993390, 0.00346543583295470020, 0.00192870060028652710, 0.00037441845558932880, 
0.00841850597668104480, 0.00805538943865077160, 0.00753824063974746840, 0.00691212855053544020, 0.00618565940135629330, 0.00538469820717265000, 0.00452194142154829260, 0.00355726142850142090, 0.00254719390205437100, 0.00149601776909635460, 0.00045900864754771164, -0.00058167222556490972, 
0.00579471587008379990, 0.00537693349708850700, 0.00482055711834532010, 0.00420900136715712280, 0.00352164870902443640, 0.00278182287801262110, 0.00203343315530134720, 0.00125724323322960350, 0.00049319220381174552, -0.00025214894595950067, -0.00093335038568509009, -0.00156489890122576640, 
0.00611812557284254020, 0.00553835396904129010, 0.00476707432399734770, 0.00392029271853942120, 0.00299417461058754500, 0.00201673943507677720, 0.00112776393639833340, 0.00030784342132593136, -0.00043941261521457484, -0.00108911733218675520, -0.00161206885116605550, -0.00203447914764129470, 
0.01093993289422356100, 0.01008741117289571600, 0.00889822402484218010, 0.00752502706832712360, 0.00602134444791424180, 0.00448163423609472270, 0.00304396244057622300, 0.00172079736157710680, 0.00049014683875054808, -0.00064239882609435760, -0.00163167404033059680, -0.00254214916239501630, 
0.01843042652893493700, 0.01718588845014093800, 0.01545502191205836700, 0.01351892969775971000, 0.01133782827761716100, 0.00902483443286175930, 0.00678236959419578880, 0.00464404993296030530, 0.00262232185169244700, 0.00058767391154130656, -0.00127707765023466490, -0.00310233282663237210, 
0.02164205358684395700, 0.02002000744673699700, 0.01798929501984182200, 0.01581369839261506300, 0.01327059863762494900, 0.01043243184092915500, 0.00767750650555560060, 0.00523394513839484880, 0.00302002199956658740, 0.00079868438865747071, -0.00120992304592043420, -0.00300201243277970540, 
0.02393350739901726700, 0.02161875942882824500, 0.01876756326688882100, 0.01577872936269146200, 0.01243101739242016700, 0.00885597652889120320, 0.00564222039340406610, 0.00309116262847622440, 0.00111546405943532780, -0.00076811361112173856, -0.00238860367911713840, -0.00366414662135705230, 
0.02592519729530990200, 0.02296328472464571200, 0.01918858599283733100, 0.01524541325751141100, 0.01100224357615685000, 0.00675733674588596160, 0.00324456510280765390, 0.00074992907113876977, -0.00082110069441715307, -0.00218823002022428080, -0.00314364278799341260, -0.00392820112046655780, 
0.02753497833045904400, 0.02398408975495661100, 0.01949986465614502900, 0.01480021807392779700, 0.00993657158426517960, 0.00525010065763925270, 0.00169534460083018690, -0.00045660214368385834, -0.00153462058148121600, -0.00229426599391357010, -0.00268589189690926400, -0.00301505625736508920, 
0.02872897337715834800, 0.02475612005308884200, 0.01979202687489740200, 0.01460651171780129300, 0.00932065073545130210, 0.00429504425346554500, 0.00066687725638194960, -0.00125363566760821430, -0.00195959014885490910, -0.00222545017643991860, -0.00218890342066606350, -0.00214804050855067330, 
0.03001317895379683800, 0.02585923573018792200, 0.02070442781371745200, 0.01536021089374689200, 0.00976206513335709310, 0.00432688102891427670, 0.00032185511427114351, -0.00182784097701058040, -0.00260233421001650720, -0.00295513156835266200, -0.00287056948019092510, -0.00278628482699881660, 
0.03145755481586065500, 0.02705755798313357400, 0.02163441986142753200, 0.01601117349253763600, 0.00998471063700849020, 0.00412744736938777150, -0.00012244376583718942, -0.00237311180375457310, -0.00316203834051018060, -0.00366393978113249350, -0.00366714222466656400, -0.00349747924211701610, 
0.03260362359305921100, 0.02804821456244928000, 0.02235159830879339400, 0.01635101114299426100, 0.00992711823711435980, 0.00377373593492434140, -0.00066960709168038997, -0.00304306599905462650, -0.00385241480522737980, -0.00437321860492952650, -0.00436974628925672610, -0.00419599363103765990, 
0.03316172955776103300, 0.02861719286077851100, 0.02268939184671065600, 0.01634250470926564300, 0.00956610724680860900, 0.00311546771826303650, -0.00158700426378522230, -0.00420956970270558800, -0.00513239252007408050, -0.00564342420126725130, -0.00556317015351029220, -0.00545688221579667540, 
0.03385205918065496000, 0.02927527667128967900, 0.02322948450457399200, 0.01659911173489104400, 0.00959172957029575530, 0.00285896701837760540, -0.00226196831990081080, -0.00538308914726771770, -0.00677225988260176000, -0.00748300104900809920, -0.00768666748338997250, -0.00791340551355360950, 
0.03370638462305326100, 0.02898958842312696400, 0.02269301143778238600, 0.01583978443965036400, 0.00865959627231388010, 0.00196401123759728810, -0.00311628403540084330, -0.00608703183513393830, -0.00737079877292262830, -0.00788409471450220340, -0.00789718218658811210, -0.00797620170522096200, 
0.03368710284409783000, 0.02883998469860902000, 0.02231463480060972100, 0.01531631602323615900, 0.00797952754435096380, 0.00121725373625448140, -0.00390844220974721940, -0.00684269748429183150, -0.00809359712433554280, -0.00863341648025564220, -0.00862609240975826220, -0.00862794458094124850, 
0.03382609796310402700, 0.02869192989862900300, 0.02200195787976636600, 0.01495582189590993900, 0.00752284538854109880, 0.00062785773523702589, -0.00460206619356612160, -0.00767563633527188790, -0.00908116045605401700, -0.00982526041583954910, -0.00993354931300174940, -0.00989473256762412810, 
0.03471793291533836100, 0.02929882083905113400, 0.02237218527811976600, 0.01501274130056888200, 0.00732837528668195230, 0.00023644336177026438, -0.00528457617198432180, -0.00882875918636820410, -0.01077544665343668800, -0.01195835468155190300, -0.01237555135025652500, -0.01222616264361151700, 
0.03528825460490554000, 0.02994681278021632200, 0.02299083768350783000, 0.01528057505170491900, 0.00744563553962719440, 0.00030846772480545869, -0.00548666511957492370, -0.00942700712656538430, -0.01183130323364055300, -0.01324547712455561400, -0.01377662191923801000, -0.01358061537130817200, 
0.03484679219553133600, 0.02987113488995537400, 0.02313146850869878000, 0.01548948918624034500, 0.00778236767531361590, 0.00075046371633510044, -0.00506265531443171950, -0.00921366060761470010, -0.01166685364988238500, -0.01298380902205251000, -0.01351742447109486600, -0.01345685241942504700, 
0.03467790951279298200, 0.02996817599952120900, 0.02352863389856084700, 0.01631027628572864400, 0.00877175032682474090, 0.00152409320372090370, -0.00454997500128370270, -0.00897459342591442470, -0.01174324659691676700, -0.01330334326422467200, -0.01391775747644405400, -0.01377089753398115900, 
0.03303656442385572600, 0.02873677547660409600, 0.02284680556605661300, 0.01630917873431103300, 0.00939944047965372670, 0.00255217049305707640, -0.00348201969855482060, -0.00812759329372809460, -0.01127059629447090300, -0.01316271604564072200, -0.01418523611904579100, -0.01437840990083240200, 
0.03014809874564768800, 0.02632524267795461500, 0.02112162708469474500, 0.01536678818778528700, 0.00920180615956961610, 0.00301960268806044300, -0.00273261030540801130, -0.00738810818645476400, -0.01075368327328397500, -0.01290298622940673100, -0.01428372513470787400, -0.01490498181750194600, 
0.02770560354261908700, 0.02424018152382612800, 0.01954285106379026500, 0.01432463772179131400, 0.00868259230446775940, 0.00299856873702452050, -0.00236965781698492700, -0.00682726157091576200, -0.01021152141990982200, -0.01258153882512927700, -0.01420275971893290300, -0.01509993722463607400, 
0.02569899740872467700, 0.02248303531194646400, 0.01815045610306190900, 0.01330030980539699500, 0.00803693680094255510, 0.00269903241692212800, -0.00220533640848067250, -0.00616867390767981190, -0.00928414405738297450, -0.01164758537439267900, -0.01328352342502221900, -0.01412853548229357200, 
0.02459448140144952400, 0.02137574480432589300, 0.01706554753176444500, 0.01235112826063123300, 0.00736998367393781190, 0.00236107826915073030, -0.00208940127106253120, -0.00556348757385332830, -0.00827092323309924080, -0.01042842981183014400, -0.01202208503458537100, -0.01299146193554580200, 
0.02387234159141078000, 0.02052602276506944000, 0.01607911791584874400, 0.01142532945417618200, 0.00681467156072670250, 0.00241110290692796590, -0.00121688193256535430, -0.00398938513818559650, -0.00602649217572202420, -0.00775323676448383230, -0.00925286074970028090, -0.01086137253140948000, 
0.02225452438762586000, 0.01903062468997551400, 0.01486921674609390500, 0.01049983812534037400, 0.00636679184240103710, 0.00253742973200023850, -0.00039259133931984200, -0.00250351128982456790, -0.00410172288756403480, -0.00545692623251052900, -0.00686320867129811520, -0.00858344142441807780, 
0.01994875992279947900, 0.01725322189115628000, 0.01394225145542589100, 0.01041751946327009100, 0.00700187040261129360, 0.00367237937113987660, 0.00088599647369181213, -0.00127202128607340790, -0.00310049543300427040, -0.00484030872537685120, -0.00655082491725669790, -0.00816068290999943240, 
0.01759060703942181100, 0.01544233871991705600, 0.01298387541951608900, 0.01044317306286603200, 0.00778825028449284160, 0.00489335957065746820, 0.00217467958046992610, -0.00017604069676147510, -0.00230032327868489330, -0.00429496110539789520, -0.00608368037647930450, -0.00754184886655747630, 
0.01470190531127097200, 0.01286754747685126700, 0.01083208142804665900, 0.00891281137253312550, 0.00699052902917757410, 0.00490647151645102600, 0.00290817568459776890, 0.00108687508039340820, -0.00067950562589418843, -0.00240424414694078660, -0.00404760862338878790, -0.00554339424131422390, 
0.01188165144569148200, 0.01035199212458605200, 0.00873541272859292530, 0.00734535433836502450, 0.00597179088301546310, 0.00452275930632062800, 0.00309706895719088310, 0.00176843759420810710, 0.00044278273810300999, -0.00087038241136287600, -0.00214539573450138730, -0.00341157694577536810, 
0.00976122499721066540, 0.00869788250076240780, 0.00756766067597926860, 0.00661235188157562920, 0.00569563787956420260, 0.00466870234004606880, 0.00352976816700131160, 0.00239525822841236710, 0.00128121578685989980, 0.00024458686851287260, -0.00073202676547111541, -0.00173479113531561860, 
0.00972966837806342810, 0.00896117676644254260, 0.00807424094708233090, 0.00722888525465771590, 0.00638138654336373790, 0.00541992834682897710, 0.00434318202657134330, 0.00323517565045788880, 0.00213167633255055600, 0.00103993235523867000, -0.00008119877146648723, -0.00127569345938129760, 
0.01006446098407938100, 0.00936009075573436370, 0.00857698206517469410, 0.00777819389612220860, 0.00684144613538716950, 0.00579547170709258500, 0.00471688793747371100, 0.00363636337083991620, 0.00247447077796831330, 0.00120512788947129510, -0.00012892055577548852, -0.00151872986101258580, 
0.00975373157308002430, 0.00911449359183576400, 0.00845610410420449820, 0.00777394084512444870, 0.00684392705984182560, 0.00577073704460761860, 0.00475218562994871900, 0.00376703153875529220, 0.00261687797749329390, 0.00126799214540836650, -0.00010128097379149057, -0.00139477398363749980, 
0.00905703093661064380, 0.00849263739965022000, 0.00794027738814505160, 0.00736102137952384520, 0.00651863252329751110, 0.00546798232839012040, 0.00447107880580600600, 0.00354260417356370380, 0.00244574486154265030, 0.00116844263548615160, -0.00008479580679613484, -0.00117087220874807770, 
0.00814426374846255980, 0.00765330719083177380, 0.00719253678078871340, 0.00668481792374559830, 0.00595751427309972660, 0.00501662263152649270, 0.00412165276371682060, 0.00331260196213739110, 0.00237585000760648060, 0.00130275738455628750, 0.00028382328850091218, -0.00056930056204543863, 
0.00725543233642002380, 0.00680404668800982640, 0.00643585315583768480, 0.00605847289674659940, 0.00545397652304211580, 0.00463151290624866110, 0.00386272351834433510, 0.00322139181385728030, 0.00249548985509745820, 0.00160833906135933220, 0.00074401972839242532, 0.00004399353426180176, 
0.00678799036352322780, 0.00636037837653709220, 0.00602254653916986690, 0.00568031049311022020, 0.00513452386262632040, 0.00441222080114404750, 0.00372771749651993560, 0.00315635702312007120, 0.00253993712057910260, 0.00177887834732802530, 0.00102590287499610290, 0.00044024603562331288, 
0.00647917220411448750, 0.00608834853467797150, 0.00577924439219508050, 0.00546463402368542030, 0.00497068728862719820, 0.00436886943303640280, 0.00380530909297330500, 0.00332764638177751810, 0.00281981676889992740, 0.00218524971868433140, 0.00154659079489617800, 0.00098271667874370362, 
0.00644907486287008180, 0.00611788572185036330, 0.00585544396439911450, 0.00560042042224176680, 0.00515138714768100580, 0.00458757014302382800, 0.00407307680388431080, 0.00358457425267508450, 0.00301256379775429770, 0.00231271851034266530, 0.00161460865193985280, 0.00095053194131789192, 
0.00592298550260820200, 0.00558749201735873200, 0.00534787036882368620, 0.00512423406783947890, 0.00472495749320720180, 0.00417951694262376840, 0.00369716655616035730, 0.00325359907213994960, 0.00272340168808971270, 0.00206169334802631210, 0.00141216369462421290, 0.00081558568696077924, 
0.00502364511829726450, 0.00472363718892685350, 0.00453545074805390520, 0.00438293293513671110, 0.00406916572578026620, 0.00361811553623088730, 0.00324148030598072610, 0.00292262153498288380, 0.00254160440890645020, 0.00203167362536254680, 0.00154799839208608240, 0.00109620635596699590, 
0.00426024447229841900, 0.00397496866515523440, 0.00382121328935938490, 0.00375715620358112790, 0.00348685631327972380, 0.00306532293487527100, 0.00274781331877291820, 0.00250524662459821390, 0.00219928276979903470, 0.00177986970920774300, 0.00140039347504899620, 0.00103972278097959530, 
0.00366338325132922400, 0.00339870229685154330, 0.00327306257417674280, 0.00324140184502932350, 0.00301121559628934500, 0.00261470494764869930, 0.00233253072909803600, 0.00213961202852374060, 0.00188406155200047310, 0.00151378902299297820, 0.00118072475319350280, 0.00091770847516264582, 
0.00348705003123862910, 0.00322266520220555350, 0.00313774002334910820, 0.00314893304882472250, 0.00293790877707237170, 0.00254714150405980920, 0.00227152952173155120, 0.00213297138848248010, 0.00190663363909134300, 0.00149803174471028140, 0.00116259858017898880, 0.00095923055617708696, 
0.00408129152296430200, 0.00373375136197769690, 0.00361631132105286670, 0.00362114354634190560, 0.00343421362908680710, 0.00301115564375635050, 0.00271032860169329990, 0.00251692111650494770, 0.00221962497966538730, 0.00174714320581975930, 0.00136759212931477710, 0.00113182412703909090, 
0.00652839513915988260, 0.00591194972424818370, 0.00554026508947587020, 0.00538439033573899760, 0.00518288206052526690, 0.00454027313415643340, 0.00396505360085215590, 0.00333311101743051070, 0.00262076218255081870, 0.00191953050762607010, 0.00129637548518844430, 0.00079282715621922155, 
0.00897923646453557300, 0.00818660799525609310, 0.00752324967133702160, 0.00706784400067352480, 0.00661937734074980600, 0.00566839615814083550, 0.00470155378845110370, 0.00364996640707560990, 0.00247823450453860680, 0.00135106777273423800, 0.00026223915492059669, -0.00065358370892338897, 
0.00840099457366535500, 0.00762839566625603520, 0.00701060618610322390, 0.00658826098187090430, 0.00616816509913199920, 0.00532800587510133110, 0.00439563657924292410, 0.00346527810975038200, 0.00236470133070269380, 0.00134728864121516830, 0.00043266963258192001, -0.00038868937208334385, 
0.00688223567122361530, 0.00607687407149553470, 0.00561982362657994190, 0.00549387276521871170, 0.00542048304505821780, 0.00485856864400095560, 0.00406257805357941680, 0.00327803597499657300, 0.00238372320279177760, 0.00176898929234082920, 0.00128053994361916550, 0.00071504674571123256, 
0.00673222821874561000, 0.00587003033038901480, 0.00540068642168138860, 0.00537076313894719550, 0.00541143358180588320, 0.00490884225246303580, 0.00408373074950494920, 0.00322734448671568600, 0.00238250943019618390, 0.00175717528241161590, 0.00121527873996324490, 0.00060600380952456113, 
0.00661943655948081170, 0.00574955252117650890, 0.00530714143843538740, 0.00529162824215373760, 0.00536235684352443990, 0.00487654869925430430, 0.00407855512333092290, 0.00326487681728151710, 0.00247701869372084610, 0.00181062484462210580, 0.00127413685666621340, 0.00073957171301168611, 
0.00665921318421262320, 0.00578652012748084870, 0.00531142411962027060, 0.00532349115390105910, 0.00544222773388483140, 0.00502189907762400600, 0.00428322987262702310, 0.00345731573402973400, 0.00268872815898970340, 0.00209051955455838610, 0.00161337811013755900, 0.00113239377121423680, 
0.00709219320286986080, 0.00620545730935589610, 0.00566338721881505180, 0.00564503908462651080, 0.00581809347736086430, 0.00535435146637426320, 0.00452640475895580220, 0.00362371052831691850, 0.00276663155015870710, 0.00218498795325950110, 0.00164479767278691490, 0.00108739825904569600, 
0.00696011485655298900, 0.00609924590928048650, 0.00561264750717336250, 0.00561564928241876580, 0.00580864912564514700, 0.00521381798245637140, 0.00437634751001940610, 0.00357659044814367640, 0.00277377216326108850, 0.00216389804632176630, 0.00150301042110498680, 0.00094457398304174803, 
0.00614991859548903300, 0.00533515055569775200, 0.00496980613390670190, 0.00505635769358584500, 0.00529496796731135710, 0.00475113180524730070, 0.00396114958918456630, 0.00325278784896042670, 0.00258494693397088140, 0.00219832709967111460, 0.00167909771920522040, 0.00110684345672336980, 
0.00550060464617659150, 0.00477681669500246330, 0.00445209851926169080, 0.00456782828186148850, 0.00475199038732638640, 0.00433519872764973660, 0.00362615429187101900, 0.00292371278770528790, 0.00234348705682974400, 0.00207042254292246320, 0.00170563345325709620, 0.00117589328214900070, 
0.00478872336124660110, 0.00426315671703905720, 0.00401137598591058340, 0.00404826548635222640, 0.00415837307662283730, 0.00376599305494583090, 0.00319452105795852690, 0.00264314209236499440, 0.00220310480424419120, 0.00194746091231126520, 0.00155779237713021240, 0.00108122194982485530, 
0.00455393503696158420, 0.00409191068169788030, 0.00386910635683329530, 0.00390826253717059190, 0.00393000695923903780, 0.00345653997611232140, 0.00289724466323828180, 0.00240582340576344640, 0.00208022091587532240, 0.00180506209993723430, 0.00133974613844826150, 0.00080176285005092800, 
0.00440949751215495220, 0.00392689550858013860, 0.00369598477543775250, 0.00377219624243879150, 0.00380831605055083340, 0.00339395085434142850, 0.00283011526845940120, 0.00228850325001435590, 0.00195205921215893530, 0.00174686446206274730, 0.00133715603154397110, 0.00082979562783541477, 
0.00406347682429757110, 0.00362342903715073440, 0.00341408624818678820, 0.00349059069578260650, 0.00352604958223961050, 0.00321120052321708600, 0.00266532757771914190, 0.00218958973356543240, 0.00187407953600714260, 0.00172535565562735020, 0.00136806192016449330, 0.00092217806854222306, 
0.00396225398524502860, 0.00356638459932857560, 0.00336590755822471300, 0.00341243843768051060, 0.00340426184128658120, 0.00309022742864603670, 0.00257155147934814980, 0.00213820904698768620, 0.00184904850866791490, 0.00166529165150918620, 0.00129566346184878500, 0.00083393586871493273, 
0.00363055664152227630, 0.00328560814933298840, 0.00309079012177986480, 0.00311437939936749700, 0.00309292886533827410, 0.00280473421246745050, 0.00234490618717015080, 0.00193126385504471920, 0.00166185776910125220, 0.00149926235532744790, 0.00117459980403984960, 0.00074791958801244656, 
0.00315988361583180490, 0.00285025526844619480, 0.00265588951621913500, 0.00267664566524547990, 0.00270673560085625930, 0.00248602048442267240, 0.00208048036073366080, 0.00169150787885471460, 0.00147118532190083980, 0.00136993297858580450, 0.00112739750539737310, 0.00078242975751497508, 
0.00292220393620564980, 0.00265182255321553010, 0.00247187266451864840, 0.00245930825818221160, 0.00247909756824110560, 0.00229020284448577760, 0.00193397173615732850, 0.00157223114945307480, 0.00137806260412877560, 0.00127240485361097750, 0.00105106726626792080, 0.00072094687095611222, 
0.00266449035876078520, 0.00245062975139564160, 0.00229425615183313390, 0.00224711937806415520, 0.00221861755062105350, 0.00203273187510005430, 0.00174176714879985130, 0.00144032878670406330, 0.00122281055505039100, 0.00105870981387821470, 0.00081865576725123309, 0.00051416388531665515, 
0.00249672351646609320, 0.00228697612471365180, 0.00213725929785614720, 0.00207127820206850660, 0.00200384597705440720, 0.00179968362466022310, 0.00152157542156084660, 0.00123697985264077900, 0.00100380407123725340, 0.00078617844579975237, 0.00052995908126979047, 0.00025413414858055144, 
0.00238201475543090190, 0.00218287446719818250, 0.00200771129544426290, 0.00190343697002487410, 0.00181329696469344280, 0.00163001685649250120, 0.00134665830746055260, 0.00101787627155515270, 0.00071878613852337161, 0.00047124513531645836, 0.00023812705016494238, -0.00001898345105203977, 
0.00217848926358449020, 0.00202767121439294350, 0.00186221807662118520, 0.00171581900542929150, 0.00157520665019526790, 0.00138409708992248710, 0.00112366724844940220, 0.00082248094843212233, 0.00051332698316250511, 0.00024268359721592078, -0.00000735567473322632, -0.00026533392376666259, 
0.00205254295967160750, 0.00194187349180273310, 0.00179949901321728770, 0.00164189073056247920, 0.00146627895538678910, 0.00126085726951472110, 0.00102155625837694660, 0.00076186497119806328, 0.00048496892835528258, 0.00021427769455321786, -0.00005464528670317039, -0.00031988093577080121, 
0.00175637642608764650, 0.00165828810296459990, 0.00153480524282941390, 0.00139751113882928290, 0.00124056655680788430, 0.00106097890196203710, 0.00085639648716703202, 0.00063515340415217696, 0.00040044662893104022, 0.00016803740018953147, -0.00005860620325760611, -0.00027734881384151904, 
