0.92674550745386797000, 0.46776417247199831000, 0.26708310176563027000, 0.17202256602746452000, 0.09786857039118586300, 0.06737878258949069100, 0.05636152833710489400, 0.05227392066334317400, 0.03353328366537940100, 0.03680921462579167500, 0.02607337837182349700, -0.09881950680306300600, 
0.42390207050933354000, 0.33486692621268038000, 0.24168535293918930000, 0.16894786945815257000, 0.11867938943089974000, 0.08772461980681678400, 0.07403091182855189900, 0.06340840540515789400, 0.05606065860087989400, 0.03290820895479042200, -0.00794482767598576890, -0.07333924502921494700, 
0.32881575500772797000, 0.26368982912091415000, 0.19530459323241589000, 0.14116060569993735000, 0.10100528578271635000, 0.07444750837662504600, 0.06257379536154007700, 0.05537698286732463400, 0.04502836169139710200, 0.01773525424361854400, -0.02421147874828090100, -0.08009264515845683500, 
0.24566111702760382000, 0.20129387945648397000, 0.15515014576312927000, 0.11777220920742842000, 0.08737996513650699000, 0.06699800633275605800, 0.05849465341530549200, 0.05427107349578460400, 0.03994350579276925700, 0.00859671102109615250, -0.03550190750139220500, -0.08644795126335072500, 
0.20176028242131688000, 0.16699600384322563000, 0.12914900077416111000, 0.09869428677732231000, 0.07435663147416479700, 0.05847944121705588000, 0.05172947714270047200, 0.04722370511570955800, 0.03303054232270369300, 0.00304018346203967570, -0.03697175340359858800, -0.08103660458803915700, 
0.17234389495706731000, 0.14150357438497388000, 0.10944851187532378000, 0.08467084115170735200, 0.06532805831174055800, 0.05275897681547576900, 0.04864415852285734800, 0.04517116214620613100, 0.03084672310290035800, 0.00147544686057583810, -0.03378913870485512200, -0.06809234150935777900, 
0.15034125047752062000, 0.12221637330877687000, 0.09353736233387542600, 0.07148600692189828500, 0.05507493305466318300, 0.04561195684132762800, 0.04439209725154422100, 0.04298938425065253900, 0.02982572019969219000, 0.00262394691768077540, -0.02908558090673743800, -0.05820804698390999500, 
0.13347779425218559000, 0.10817481456054330000, 0.08035877445905156800, 0.05881549178512321400, 0.04568906410385162300, 0.04078244412738997500, 0.04103547239795154300, 0.03888135438570344800, 0.02622355854351997000, 0.00226133261143296810, -0.02568247138854900700, -0.05151269440081646100, 
0.12054717296963753000, 0.09734600372325909200, 0.07187391644163869400, 0.05331114459534189200, 0.04293341477372576700, 0.04013043491570046600, 0.03958423345999823000, 0.03509873765126508800, 0.02138592493142791500, -0.00045025990066759058, -0.02311879765830704400, -0.04228926435483789500, 
0.10819762316362337000, 0.08740312381633894000, 0.06565491159702811800, 0.05135427050181296000, 0.04325124232864741000, 0.04099420773871378900, 0.04007112536346581200, 0.03359608118629456300, 0.01839305523152278900, -0.00256844314713451480, -0.02098765816309466900, -0.03496103284443970200, 
0.09720260609496418600, 0.07882416858171917300, 0.06004574319305459200, 0.04884370599757668900, 0.04306672455097655000, 0.04048034588647003000, 0.03856298455661873200, 0.03026871378808258800, 0.01536880709752796300, -0.00340378940103138860, -0.01858841028652418600, -0.02906239928981975100, 
0.09103969766064079500, 0.07571875417067879000, 0.06012128837263017200, 0.05002468605241235100, 0.04410530760436237600, 0.03934390910403193900, 0.03456379387646507000, 0.02578208692687428100, 0.01359615469295710400, -0.00023607142500459664, -0.01206814099930083500, -0.02118990568937652300, 
0.08512401375089129200, 0.07278766301209875500, 0.06061611324454313500, 0.05230200959676324600, 0.04600855059490704900, 0.03940745599771892900, 0.03158327134108253300, 0.02110015564399853000, 0.00894765944803503110, -0.00215395406620715390, -0.01105299232279625400, -0.01860260653667258900, 
0.07746097352352532300, 0.06666433445928364500, 0.05596308589678024300, 0.04848714202332472800, 0.04211753476881900000, 0.03540081001303473100, 0.02719720476795886200, 0.01689447382897082600, 0.00496217747853013040, -0.00515973187961567270, -0.01249999349004425100, -0.01847866499598319800, 
0.06807127388547851200, 0.05831195584688334000, 0.04911405355206163700, 0.04307237748125578000, 0.03793380855797713600, 0.03285653922205261000, 0.02624828922031444500, 0.01644551616124653700, 0.00413626478367687920, -0.00643001522919491640, -0.01295776319978617600, -0.01742407061694416200, 
0.06122186922248771400, 0.05109031128916474000, 0.04250479431210376500, 0.03834209377601111000, 0.03585004756625447700, 0.03322808239824276400, 0.02882502359973914900, 0.01995430359924364000, 0.00793762015545822900, -0.00366737851840448670, -0.01065641495082867600, -0.01475730767799309600, 
0.05763765315002393500, 0.04705101183137305000, 0.03913804653020220400, 0.03618604814623371800, 0.03463933627994358900, 0.03205360068618323700, 0.02815543845076956900, 0.02142231129468089000, 0.01177960347293642400, 0.00043751073685196736, -0.00832034158622906380, -0.01377038817774349500, 
0.05412570700348581100, 0.04521832917441060600, 0.03835653852814485700, 0.03529406420847665300, 0.03322544428496684900, 0.03038504257401196700, 0.02682144020870263400, 0.02170429748983321300, 0.01328405870627491100, 0.00191255394317720780, -0.00788765336841907100, -0.01394054352758337400, 
0.05034408700641486400, 0.04380650340247815200, 0.03823961620190539200, 0.03499835255618649600, 0.03209006242391226200, 0.02869857727566307200, 0.02528150925288021700, 0.02037330578152234100, 0.01225542363938580100, 0.00164196416056802470, -0.00707532807873418290, -0.01251784980869510100, 
0.04557979203031906100, 0.04107628166775552400, 0.03702416639532081500, 0.03404879886515643800, 0.03083010933965518000, 0.02702790759036760600, 0.02299337126577405400, 0.01778055758442299500, 0.01043411036328670800, 0.00200026891937073440, -0.00494558716374902430, -0.00989568286922472630, 
0.04271131769313048200, 0.03929951186418805700, 0.03571922204434075500, 0.03265876861285984400, 0.02931713597380176900, 0.02549768215144584600, 0.02104383035425163100, 0.01552539374912494600, 0.00881008839199458670, 0.00180971776672506800, -0.00424169484082912230, -0.00917165088187992670, 
0.03689932133368510600, 0.03458322755630715400, 0.03178702090869846300, 0.02896874483981344200, 0.02596286859101497000, 0.02255043244251234800, 0.01862233053500722500, 0.01390068083969915600, 0.00850227570782041000, 0.00296494611166037540, -0.00210807869959685680, -0.00668131701310437090, 
0.03117905488697314900, 0.02957389779836711000, 0.02744881436121384500, 0.02506143393825130400, 0.02238922240042384400, 0.01942827806143975600, 0.01620064138495690100, 0.01256723853977110800, 0.00852928026563638290, 0.00437933654710954790, 0.00043217901082954905, -0.00323082928731182550, 
0.02857492620007405900, 0.02729570293915759400, 0.02539074155509268200, 0.02323905756939169100, 0.02075656800999207300, 0.01812941892192804200, 0.01529749993562805700, 0.01230762186105780600, 0.00911007090390287750, 0.00580915523178694370, 0.00256159131732827670, -0.00058637329171545003, 
0.02665808608816258600, 0.02566426348803568400, 0.02413738871702671500, 0.02227575125008976100, 0.02011221995174064500, 0.01774450486894154500, 0.01520383816057625600, 0.01255285824681906900, 0.00982082329705459380, 0.00699703853843030180, 0.00418168791461738780, 0.00132808076937524330, 
0.02370158284181077600, 0.02291137197472553600, 0.02169041998001755900, 0.02023088555625669100, 0.01852449353752648100, 0.01659401183092583700, 0.01449642346491766800, 0.01224347405144103600, 0.00995608364064121120, 0.00756721681076857980, 0.00523450065903833390, 0.00276090123003632250, 
0.02110304055141202700, 0.02039827174511706800, 0.01929052271213849100, 0.01806538136461042400, 0.01664752808804619000, 0.01503754464881835500, 0.01320717430211606200, 0.01119658246344394100, 0.00913685338574681330, 0.00702400799100900110, 0.00500257121844574580, 0.00283729835984430520, 
0.01934859289500907900, 0.01869004188235188400, 0.01767349221436255100, 0.01657337897177685300, 0.01528755060819376000, 0.01381595747710895300, 0.01209082005724210900, 0.01020855271971032500, 0.00826543519930553540, 0.00634540388023431370, 0.00446439795036704040, 0.00250279740299028280, 
0.01810650509255709900, 0.01750893980307392800, 0.01660620317268592100, 0.01561812797353472900, 0.01449073460248762200, 0.01315783577036954200, 0.01160301340152705300, 0.00987894747110485730, 0.00810526199742694560, 0.00634726068058591700, 0.00463381393326095250, 0.00284669961998292290, 
0.01740511633602493500, 0.01681270473045809500, 0.01594345399792525600, 0.01503841093275481100, 0.01401275463037194100, 0.01279270055917683000, 0.01132580964411970500, 0.00969969804831759610, 0.00802093859584000580, 0.00639986254820995930, 0.00480545279390159200, 0.00312359881051597160, 
0.01708484266885990100, 0.01649937390729761300, 0.01564764255855522300, 0.01476391486421990700, 0.01375504484093724600, 0.01257996305295586300, 0.01116187926929338400, 0.00960199997070734950, 0.00799434075875471440, 0.00644003436553253550, 0.00491477933415458010, 0.00328250473629109480, 
0.01712487135309687800, 0.01656480968052561800, 0.01573759118636703200, 0.01485108665984111500, 0.01380507103792806600, 0.01260953734633054600, 0.01119058765014632400, 0.00964604410538622700, 0.00806457645888576480, 0.00649138641190512460, 0.00495115505703002530, 0.00330223518215973450, 
0.01830079062866009400, 0.01771362274416769100, 0.01685407777826333100, 0.01589301491263862500, 0.01473912172610376100, 0.01341426337839398900, 0.01186893960008863400, 0.01018235022366395300, 0.00845471064094107870, 0.00670435434029481580, 0.00497459678798394070, 0.00313821870426650610, 
0.01928736080389440200, 0.01869587886410117500, 0.01780554099225911000, 0.01674880718956305700, 0.01547624636167647300, 0.01400730398776811900, 0.01230478409985634100, 0.01041833500957749900, 0.00841127979660513500, 0.00634898535692043990, 0.00424231077506884590, 0.00206614966304468100, 
0.01807351858256715400, 0.01749149726839275400, 0.01659442825005260100, 0.01548427809075285900, 0.01415508400459903600, 0.01263617344102403400, 0.01088959750970828700, 0.00892965622946800650, 0.00681055735496086810, 0.00457978975769749150, 0.00228232797306197370, -0.00006269491080405226, 
0.01395490182842478200, 0.01339890964183883400, 0.01257181702026014200, 0.01157202837558699000, 0.01041013882770711900, 0.00911343712839573180, 0.00767002823578772330, 0.00607008235867589120, 0.00435820095024381980, 0.00253665747594892950, 0.00065242288667157389, -0.00124914879537839410, 
0.00923307664662925510, 0.00869035539635794500, 0.00792854114402500450, 0.00712432561722442690, 0.00628990721465118910, 0.00540328345332049400, 0.00445398556544601520, 0.00338311319810753130, 0.00225693147520713950, 0.00108257078616524760, -0.00008624418988804856, -0.00120350717844048220, 
0.00897404922063978900, 0.00819076018029696660, 0.00709170011112323670, 0.00586749359658610830, 0.00457120657244124150, 0.00322344765550049930, 0.00187461614491011290, 0.00051468494761832588, -0.00073327620409623919, -0.00187071921872210890, -0.00283616531813901200, -0.00360184835647068230, 
0.01546006378550711900, 0.01412147993283316800, 0.01224175406657321600, 0.01000223274140741600, 0.00749406479148213060, 0.00488959813674676260, 0.00239568992489543180, 0.00008671925818750737, -0.00195355121333241160, -0.00373254203726025410, -0.00510912855003612610, -0.00618778104715647910, 
0.02508233826633822800, 0.02311294281671377400, 0.02058466649355576400, 0.01769704541356892400, 0.01435911682354110800, 0.01079007264567840100, 0.00747558175313296600, 0.00447913348846319150, 0.00158385411770841740, -0.00132869124023885110, -0.00403186205818894820, -0.00654756971542301300, 
0.02864330914512722500, 0.02638878986586820300, 0.02363834382468738700, 0.02056813932413496100, 0.01703620698940515300, 0.01310562518545309100, 0.00941600159716595060, 0.00628371048883230590, 0.00324008541740809180, 0.00018135648273598002, -0.00279599190630279830, -0.00557873160158868600, 
0.02996997052860983200, 0.02725883237686725300, 0.02394612143236332300, 0.02031827668685319600, 0.01619482018155910700, 0.01168767876065265200, 0.00754866773063384710, 0.00426270201346894310, 0.00132793683188368700, -0.00151819891881838690, -0.00404457871301542280, -0.00626406924075489580, 
0.03456575828799428300, 0.03060568854036745100, 0.02574593689348770100, 0.02045384223693672400, 0.01476683337119445400, 0.00895532580978163940, 0.00396357040620924380, 0.00049736982872374122, -0.00215858870879429010, -0.00459500948894776650, -0.00652773067060565760, -0.00825783872277497180, 
0.03862776608222515100, 0.03350580352611209200, 0.02701042300778676600, 0.01996657972555338300, 0.01285485651852472100, 0.00599319905902283030, 0.00067502939968368855, -0.00231843241726251450, -0.00386486231678670510, -0.00476295593956382710, -0.00532640708529308770, -0.00612654665959594740, 
0.04139768589232679900, 0.03550160360416256000, 0.02780635338563718100, 0.01949087255237134600, 0.01124835396821185700, 0.00368761212031356620, -0.00182916126292247260, -0.00451235301737790660, -0.00523021348292619470, -0.00490360306646059860, -0.00435027855586004370, -0.00423652524707044020, 
0.04253711706073367400, 0.03596876408376423200, 0.02737723033158340200, 0.01810220628050372000, 0.00900338072105617660, 0.00090103136694882414, -0.00459619112732783870, -0.00671579766934177900, -0.00641599116931423210, -0.00485917972214324530, -0.00316207162677822460, -0.00212631475390638030, 
0.04207938908009862400, 0.03533872780723368300, 0.02662738998440237000, 0.01709944060924858300, 0.00785479685446553030, -0.00041590530384111291, -0.00589208174175770170, -0.00773536652407359050, -0.00712754582386807870, -0.00489315060496783860, -0.00266322844986931380, -0.00131912112577848430, 
0.04132185311714462600, 0.03508272733213349500, 0.02678675504270121000, 0.01748469120626307600, 0.00850407033191576820, 0.00050030174854516778, -0.00495901295646188070, -0.00714683490627180190, -0.00729766787622180940, -0.00575547241988204430, -0.00439649116633052120, -0.00364414180611129230, 
0.04069873557267143100, 0.03465344053549276200, 0.02659280017788060600, 0.01781798834546211700, 0.00909859397980271150, 0.00127565864170911360, -0.00438903202781616790, -0.00720308823978835480, -0.00821089986536740690, -0.00789742305961548160, -0.00782119194604482920, -0.00773645097793830650, 
0.03940522927680222700, 0.03354225017126874500, 0.02581304167694787800, 0.01756805315220764200, 0.00905196932852917950, 0.00120310692450577750, -0.00467668321189461560, -0.00790924455018910890, -0.00931765435030967520, -0.00971500726154950200, -0.00992677911231469240, -0.00983286020959944770, 
0.03789429893781202900, 0.03225273288428238300, 0.02468792258863515600, 0.01652706637114163100, 0.00816957292792687240, 0.00059883689894537305, -0.00501897388630196270, -0.00808555995257353830, -0.00915203612854082090, -0.00923290467072163810, -0.00888170198841711080, -0.00868154344128125800, 
0.03734476983464723300, 0.03185161146482947500, 0.02440963421760060400, 0.01609926699072920500, 0.00778473683585138850, 0.00023853822302999741, -0.00542194919811303520, -0.00855310184287459870, -0.00972074414587589980, -0.00972965520984344150, -0.00921755426674525370, -0.00892933856774133330, 
0.03708536520587378500, 0.03158824101831096000, 0.02389283193196938700, 0.01523926462267038300, 0.00668013186496546270, -0.00094257697332439708, -0.00660001971603273690, -0.00975506402043713370, -0.01088827107831841700, -0.01074649385778727300, -0.01009268520970728200, -0.00967149062440249630, 
0.03597836919584821600, 0.03039416463399038200, 0.02265679919232074400, 0.01403419271094314200, 0.00540083666200767700, -0.00225760674287474100, -0.00788532136783674610, -0.01105506201473177700, -0.01205882798567333600, -0.01166548681475241900, -0.01042575734385310600, -0.00924338005087047870, 
0.03538701808690527400, 0.02975239792136703800, 0.02206278653796938900, 0.01357306771745270600, 0.00497610921336228730, -0.00261156977493110650, -0.00830622966170434410, -0.01155402943218681600, -0.01263766897243935900, -0.01231605477456962500, -0.01088726636004815400, -0.00944620740426884920, 
0.03317595389849684700, 0.02791181183619206200, 0.02065525224970719100, 0.01267548673098319900, 0.00462398228671909680, -0.00247870848517644900, -0.00782701993436448090, -0.01083244844597047600, -0.01174939711807979200, -0.01129424781278597100, -0.00985836000014057860, -0.00839812737698898350, 
0.03018551483166749500, 0.02548655656489656400, 0.01897671678402093600, 0.01190154949874255700, 0.00475500698730428520, -0.00166327482902393670, -0.00657809046189414100, -0.00944901851915036850, -0.01052245569120475300, -0.01045783301737006900, -0.00951318535080544580, -0.00851730198426803660, 
0.02612340253484812100, 0.02225249750657349800, 0.01690440965131120500, 0.01117511998492046500, 0.00536486904979806190, -0.00008391303807415540, -0.00468407519003455250, -0.00775741954668347000, -0.00945873745052145010, -0.00991336395713556490, -0.00961574267481041590, -0.00912949085237709300, 
0.02307911400212042700, 0.01976286337665135800, 0.01525710384013953400, 0.01041509599244426300, 0.00552376876801387050, 0.00083747252041113662, -0.00320907929727896110, -0.00606905921042017250, -0.00782524618205463280, -0.00851136748519663690, -0.00857850953152326790, -0.00842954258823466400, 
0.02182226786620552300, 0.01864199275010744800, 0.01441664223163795000, 0.00983845926555633640, 0.00527927055485931640, 0.00095879024072101316, -0.00246140872758221890, -0.00470962524528932120, -0.00593792662264503500, -0.00653172853325449400, -0.00663365367071180620, -0.00662678167935895450, 
0.02170591701783016300, 0.01829349181586138400, 0.01382933890445693300, 0.00907430991500351660, 0.00454069275157319070, 0.00052887187549182702, -0.00231123019823058690, -0.00381206442147399940, -0.00433973540449526360, -0.00434196771477651530, -0.00418921784618832980, -0.00420256720496957420, 
0.02122474355840287000, 0.01735691168104724900, 0.01228763453301161400, 0.00708553588680289280, 0.00241694928993357960, -0.00128605725383167810, -0.00354431643488529360, -0.00430715843822918750, -0.00405573374390412810, -0.00339863434238095630, -0.00288056663957364340, -0.00303038278671100830, 
0.02053039460924538000, 0.01650451409118770500, 0.01126268442435650500, 0.00615631826935704710, 0.00168290669766677490, -0.00167367043709607240, -0.00380214468209381930, -0.00460155079570170700, -0.00441257037521128670, -0.00390123140753821780, -0.00384361248625460790, -0.00468624133277382830, 
0.01916102585191921000, 0.01575328591200377000, 0.01135511252735294800, 0.00698436170732386670, 0.00312675106302671760, 0.00012785609456060908, -0.00186803810552758340, -0.00290293234495987140, -0.00329535366680248170, -0.00355521305845842360, -0.00419434726225983120, -0.00547239822520986190, 
0.01799097723402585900, 0.01532508769290056600, 0.01191159087167984100, 0.00839911137600013110, 0.00513089620869368580, 0.00221320393207012200, -0.00010056387318593867, -0.00180980467529565400, -0.00315781476115094750, -0.00436452166935268490, -0.00563199782530413640, -0.00708526588274564510, 
0.01884097288014960300, 0.01641037277664816500, 0.01332449533078237900, 0.01013448426942004100, 0.00693343873508570070, 0.00380659808394547340, 0.00098701275369823382, -0.00148445881042415720, -0.00373758345875171980, -0.00585769720563078870, -0.00775815617317903750, -0.00946247008886509640, 
0.01881732016225489900, 0.01652535217513597200, 0.01368757931475758100, 0.01081339351308418000, 0.00784365930582165030, 0.00483790480148700490, 0.00206668997543149860, -0.00052248243246796270, -0.00300685024776060300, -0.00543680599481144790, -0.00760464958940437750, -0.00947880250832466850, 
0.01300831784446633200, 0.01155964469271954200, 0.00980944297850708940, 0.00810633034483846170, 0.00640004160570689650, 0.00469768345696451940, 0.00312030494608807330, 0.00160880043419745820, 0.00011536379074455282, -0.00143766440573314930, -0.00298516843813486030, -0.00447767102054483050, 
0.00960670899694815970, 0.00883641502524374660, 0.00790528175829799920, 0.00701012490819701190, 0.00613033773939414100, 0.00518273734000037740, 0.00413431279148442680, 0.00298447570352769650, 0.00178410119014315310, 0.00058211002914603589, -0.00057198061440757563, -0.00167565657398217140, 
0.01075300505069570400, 0.00999360228795104400, 0.00910616005757824460, 0.00825414425064814610, 0.00736361387048770600, 0.00631344371594405250, 0.00506240469199454190, 0.00365152375143378220, 0.00221276013655272550, 0.00082469920502109052, -0.00046456973603987528, -0.00174932824840870060, 
0.01136969185749932800, 0.01065909883782180000, 0.00979966859699407840, 0.00890986320593839530, 0.00789640467267002130, 0.00668254807392885950, 0.00528846531967261040, 0.00380480087078921560, 0.00231332297465004000, 0.00084118699183169030, -0.00059714176408028942, -0.00202320218034945320, 
0.01138383476108969200, 0.01077083678964261200, 0.00997988970746578430, 0.00908755327230995580, 0.00798413373363021480, 0.00666247106091905850, 0.00521677882337297230, 0.00372842791968298720, 0.00221299094748284150, 0.00065072080091678865, -0.00086288881621111022, -0.00230580929078735060, 
0.01096569651998831500, 0.01044754052344835600, 0.00976905713227971260, 0.00894497262951446210, 0.00787588767129478520, 0.00662204579965889990, 0.00529092264033277900, 0.00391611253844262060, 0.00245804032997685560, 0.00095040857866338546, -0.00051186530426680643, -0.00189311964464318410, 
0.01023265795603679600, 0.00975568573229539100, 0.00914333604231586110, 0.00839762655570737600, 0.00744139184488532090, 0.00630902051856676960, 0.00513204053234317050, 0.00393328643009933660, 0.00263239896684633890, 0.00125688675402509910, -0.00007958822906274388, -0.00131828590263076590, 
0.00945739933044971100, 0.00898623743910019830, 0.00842015795981807850, 0.00780213110481091120, 0.00702163691632091530, 0.00608822509830911610, 0.00512736610665338880, 0.00417048576036350460, 0.00312393652235941470, 0.00192807224814165290, 0.00070863515102381975, -0.00041438449595966034, 
0.00866193198588443780, 0.00822843063985473180, 0.00774076924789696230, 0.00724789704221626920, 0.00662979001892149460, 0.00588437156214300160, 0.00511794407269099830, 0.00435409039609345550, 0.00352102516148978520, 0.00254173533023134340, 0.00149355221837604380, 0.00049667999250415577, 
0.00725169375167597410, 0.00687394419577116740, 0.00651034738519191100, 0.00615774718067263470, 0.00567343525011428010, 0.00507384554981292830, 0.00447496504959148020, 0.00390736518404765160, 0.00328758713998174390, 0.00253431316070617950, 0.00170789344934175110, 0.00089308816809737586, 
0.00603286787646035560, 0.00566948836347053700, 0.00537392436301424840, 0.00511681787681373970, 0.00472064808552677060, 0.00422010060082065020, 0.00376192217587078630, 0.00337698329522389830, 0.00292014699228922620, 0.00231073254832677740, 0.00163336454744918780, 0.00097541719891431451, 
0.00561664129655608210, 0.00525894760908098960, 0.00496146525198894790, 0.00471659749357869990, 0.00434478922252250040, 0.00385949731414686560, 0.00339110186740076890, 0.00299085425983494420, 0.00253198514123344210, 0.00194309338812341350, 0.00130678384862085470, 0.00071492648544976020, 
0.00569996324708771290, 0.00533183895498954600, 0.00499834933117909370, 0.00473838888136303690, 0.00436821188425570980, 0.00386417537918787000, 0.00333134668684635390, 0.00283594399975659700, 0.00231458220642077490, 0.00171056896218442070, 0.00109171004570978480, 0.00052496223891164331, 
0.00592601798086637640, 0.00549575532273473880, 0.00514273755725902240, 0.00488835502698305950, 0.00450884887792459350, 0.00392394771886157060, 0.00329324008819737280, 0.00273009811840336330, 0.00218845145237769440, 0.00156898384910972780, 0.00091294388272579734, 0.00029403256251427849, 
0.00529183266260792400, 0.00484562665604690210, 0.00454182355525438970, 0.00434337800426580660, 0.00400447441964570970, 0.00341655678593577590, 0.00281358096190715160, 0.00231767560980784570, 0.00184575669927043410, 0.00129211356250869250, 0.00070313703733610030, 0.00018665880333999549, 
0.00425210675299651530, 0.00388022133585185510, 0.00364020347054768530, 0.00349678390567960540, 0.00320663508160011140, 0.00273223405539350540, 0.00227305039158832950, 0.00187759201364631450, 0.00147807010959969450, 0.00103340657224495150, 0.00062849899237200392, 0.00027414082563911082, 
0.00414774484152149840, 0.00375265325702072100, 0.00348728142814744460, 0.00333498835953879420, 0.00305372980552062180, 0.00262354786822068060, 0.00221975818289588900, 0.00183658230175759610, 0.00141553784873638450, 0.00091286171423293413, 0.00046908858008593024, 0.00011507040411124637, 
0.00709302565564146230, 0.00616955741639332690, 0.00548829686180261810, 0.00506003261761603110, 0.00453877906269283760, 0.00387650470583467780, 0.00326079502034763840, 0.00251175844655073060, 0.00139401255541548860, 0.00007026604234430750, -0.00102989162634215890, -0.00178186914091630070, 
0.01304320267146970800, 0.01128734493508278500, 0.00997098099924289930, 0.00911941481798665340, 0.00807811709527078530, 0.00661368269356672670, 0.00501451199072671000, 0.00317392283568882110, 0.00072781595461561478, -0.00195312149624791210, -0.00416327037645584500, -0.00572228564005647450, 
0.01558808809029287000, 0.01373723732272787200, 0.01218991625187764100, 0.01107027930150680300, 0.00984918287347262730, 0.00801697754999802780, 0.00574507013165354630, 0.00309378453138611700, 0.00003686080533535602, -0.00288669570678971870, -0.00528680632705967250, -0.00720390766123996190, 
0.01276182346324030200, 0.01128547329585591500, 0.01002551309103334600, 0.00918006979332811750, 0.00830024637549498300, 0.00686780251310314080, 0.00495322136509934210, 0.00264510388818252600, 0.00018944559291466279, -0.00187982932629349720, -0.00350415992760312250, -0.00484676381431299510, 
0.00930740115932414230, 0.00811167002119641410, 0.00716232546493260260, 0.00666274136860915000, 0.00628918092324745000, 0.00546693377528442280, 0.00424257230990987120, 0.00266536355530115620, 0.00098340390023209101, -0.00023636924205225869, -0.00118227938732924060, -0.00187482535294673530, 
0.00767972203922698700, 0.00657328020027281470, 0.00576183070831300970, 0.00547459514159356900, 0.00531890924226876680, 0.00486085990440999080, 0.00394687871420145490, 0.00270006120736900450, 0.00136521135771137010, 0.00050353358194221145, -0.00010887493168109908, -0.00051093469195204731, 
0.00643392476804793570, 0.00531857954430943640, 0.00461551979068782100, 0.00450546265747419140, 0.00445992432269111570, 0.00410765305071746080, 0.00344144237039685190, 0.00255640902696170490, 0.00142763410324327540, 0.00063834745358014441, 0.00016017504466248790, 0.00003923968378432555, 
0.00525602752333208770, 0.00408581528248942210, 0.00353598967861744460, 0.00356876400169531130, 0.00362355101727049800, 0.00316936511407585850, 0.00272840590034859830, 0.00218228945641189920, 0.00122947666427817930, 0.00040465436441914726, -0.00002766608033299575, 0.00004875144421587271, 
0.00427616069626364420, 0.00325385544563486920, 0.00291019530235046670, 0.00300759216185553370, 0.00305868034971250010, 0.00262165912097287380, 0.00221810847326983380, 0.00176472496789542030, 0.00113293391189157900, 0.00052422162722548006, 0.00027178585715049351, 0.00032195372598681606, 
0.00393064104832609690, 0.00293961087110069250, 0.00254449352319330650, 0.00262883613287666050, 0.00277039761347733400, 0.00243936567763835750, 0.00204019683640334130, 0.00150431630254519890, 0.00090522555240499074, 0.00041198485624103739, 0.00029708258809670041, 0.00039200468796964110, 
0.00370076400418731460, 0.00268588938575453850, 0.00224001852337290220, 0.00235798511222505210, 0.00252119224199056240, 0.00226248587792353060, 0.00203741690096783790, 0.00162155532353709790, 0.00090191034467401656, 0.00023188997805500758, 0.00002571131569603901, 0.00029177748011305701, 
0.00301552389989795950, 0.00214733167734434310, 0.00184441053782318650, 0.00208679748335921470, 0.00229803061071186120, 0.00200217962482561940, 0.00177168932888692520, 0.00145355359034783400, 0.00091619097833455453, 0.00039518408812199264, 0.00023620459059865275, 0.00043699610033556228, 
0.00270983129831210740, 0.00207599839057913190, 0.00182362764468527150, 0.00197374439021253110, 0.00211879900149823400, 0.00188652401987180940, 0.00160986819408330260, 0.00125557298367104950, 0.00084619275516622291, 0.00050163445228517290, 0.00038775352329432808, 0.00040817342110744656, 
0.00288634165856000360, 0.00247941159171879850, 0.00222640663052603650, 0.00220242438348196380, 0.00218053250610491690, 0.00195920148719909640, 0.00165671967138393460, 0.00128270279014839240, 0.00091783300369889542, 0.00060016143451764158, 0.00035963519170821692, 0.00012827895329588514, 
0.00320412635786939930, 0.00287791458388750960, 0.00262319648772417090, 0.00250957687825594270, 0.00238553823884145830, 0.00211581824755463760, 0.00177641123755367600, 0.00139731056163110590, 0.00099836309585569810, 0.00060742713949225576, 0.00022165630467717185, -0.00013473215255481550, 
0.00332019234917458290, 0.00296923107990437750, 0.00276373595898466580, 0.00269722383021362600, 0.00256367554601960850, 0.00221505421738604600, 0.00183903961522735760, 0.00151956614544441750, 0.00116709687448181020, 0.00075326941343499131, 0.00029515785141775107, -0.00012362042068426359, 
0.00351880350063533830, 0.00314762781047465580, 0.00293133849055141540, 0.00285672001262419740, 0.00268223403945501600, 0.00230785116477265130, 0.00191218665322613440, 0.00159526469717414040, 0.00123392183641257400, 0.00079245612248695523, 0.00031022242881419300, -0.00014123371949588696, 
0.00365864414674112090, 0.00324589164504748710, 0.00291184753539380040, 0.00273603997741746550, 0.00250453274716359820, 0.00215224077402279520, 0.00175145917383283370, 0.00138670010633126700, 0.00100457341077218030, 0.00061238884220009596, 0.00016974027034553701, -0.00027084305393838462, 
0.00325136696812716600, 0.00282225328952090270, 0.00249374906450150350, 0.00232339276886575500, 0.00209805194260269780, 0.00172377966245399810, 0.00132632283460296810, 0.00092648895316292418, 0.00054475043847490438, 0.00024969172846120495, -0.00006478705169108008, -0.00040557053976988911, 
0.00284251530958879720, 0.00248489507052736690, 0.00222072488657586340, 0.00208050664977904500, 0.00191911680986928710, 0.00162898036711973380, 0.00131485898488287370, 0.00094522723717211808, 0.00057569150614141125, 0.00027609728252001552, -0.00000862154222272491, -0.00030130307611851855, 
0.00348651184665642190, 0.00312521700633369570, 0.00285707113277044450, 0.00269285588922621180, 0.00251427590747079890, 0.00220471082706232220, 0.00188400668431619020, 0.00151197334704123800, 0.00106263374104254410, 0.00061461162739509610, 0.00023199665204119016, -0.00006888595815027362, 
0.00424340061333850810, 0.00387521301693260570, 0.00361067034855853650, 0.00346141781241511790, 0.00327197578492147490, 0.00293126720392194360, 0.00253182058718183890, 0.00207692732355642920, 0.00155319367689943320, 0.00106905266981456840, 0.00066509508757578396, 0.00033121402556366162, 
0.00412252344899678970, 0.00374346549932389870, 0.00346542613481253070, 0.00335190465807042730, 0.00319283091524816570, 0.00289804588730049320, 0.00247381956652931080, 0.00201768666712675300, 0.00157850696532424320, 0.00121893714954254290, 0.00086793761726875287, 0.00052088130468170299, 
0.00381557465254015730, 0.00344871383177337280, 0.00314899016178006280, 0.00300043484456298480, 0.00283274783618980540, 0.00253274402196571090, 0.00208622151235211520, 0.00163428710610612550, 0.00124833670305110420, 0.00093655406535529413, 0.00062013738436250156, 0.00025615308607990027, 
0.00362984973853854340, 0.00336018780460645890, 0.00309753602034128170, 0.00290573495395369350, 0.00272700168232843650, 0.00246173251377344560, 0.00207088520683312020, 0.00162624680335369130, 0.00120081964881745230, 0.00084680833133238286, 0.00053341332347028945, 0.00021777087617132185, 
0.00373787629594750980, 0.00351113116882562300, 0.00325394612572785840, 0.00302015760050317870, 0.00278858191001495540, 0.00250189907925113530, 0.00213016572929333220, 0.00169051006202684900, 0.00122691147368348220, 0.00081088427596262720, 0.00045291597632275281, 0.00012419941905724831, 
0.00326702345667163410, 0.00306804697564421430, 0.00281130869158948080, 0.00253759995714486180, 0.00224673241204827220, 0.00193819277634103600, 0.00158708924511652680, 0.00119121629369662970, 0.00077038955195108273, 0.00035575411760795930, -0.00001409963016723972, -0.00033145097129495425, 
0.00176054604033951820, 0.00161767090200814250, 0.00144174414858440870, 0.00126229617343433570, 0.00107538624181046360, 0.00089216919830689332, 0.00068850196185573341, 0.00046920067718423704, 0.00024758726530647380, 0.00003248191484502306, -0.00016487447452756359, -0.00033744064910154979, 
