0.96451274927292385000, 0.38960697132013766000, 0.26138607590254931000, 0.16306773491592028000, 0.35739302212852586000, 0.10964453872682911000, 0.21338988322297420000, 0.14377557632498381000, 0.15255554044033881000, 0.05215238870178566500, 0.04738982455732955500, 0.09434788948931889500, 
0.12903962881527603000, 0.12112177336284929000, 0.11266729087539545000, 0.10456677575980643000, 0.09992764288773287000, 0.09606442977505694200, 0.09409918363914796000, 0.09262483598682791400, 0.08943144295073601800, 0.08737256484790614800, 0.08737627058626579200, 0.08920733249537565700, 
0.09910870396772039600, 0.09624325946691091000, 0.09335138998329439700, 0.09046165847644302400, 0.08921847305219413000, 0.08822877431964855400, 0.08818154497340910400, 0.08857377757778241200, 0.08824604910596173200, 0.08864689245223193700, 0.09012292391837395400, 0.09190696287067257100, 
0.07073362054563107900, 0.07172802495046574900, 0.07338233982951164500, 0.07524558125095429100, 0.07736675019158638400, 0.07929230807317577700, 0.08143440371529170300, 0.08387314951952945500, 0.08629308202914753900, 0.08872351767212879900, 0.09148612856382140600, 0.09437602896863367400, 
0.06133744932027650900, 0.06243241580791063200, 0.06392064384182080700, 0.06557315518767573000, 0.06751033076394553900, 0.06916128904039814400, 0.07115467484256127200, 0.07341915949665449300, 0.07558908206298739500, 0.07772703421789568800, 0.07987178057171608100, 0.08236237998453643800, 
0.05906168499747145600, 0.05996023972800011700, 0.06107081937108777000, 0.06262593123998914900, 0.06448868750122448100, 0.06618641727250657000, 0.06809184505939540300, 0.06989040357423249900, 0.07174421905670366800, 0.07362255664312777900, 0.07578235257357172900, 0.07816476523784479700, 
0.06421995548483769300, 0.06521622311365560300, 0.06660526522106186000, 0.06841281198105919600, 0.07039966428232559400, 0.07237767186350851900, 0.07437637007123175400, 0.07628458931489304200, 0.07822966549271566400, 0.08038359622485524700, 0.08287412944545243000, 0.08545176426877167100, 
0.07737619412592201800, 0.07897837743633391600, 0.08125342964097592700, 0.08365708186396783600, 0.08603252784110895800, 0.08852831844691176600, 0.09114322762659768400, 0.09379569388121747300, 0.09657121526046655300, 0.09948621315774777700, 0.10260191877626904000, 0.10580915093394685000, 
0.07359270582435224800, 0.07545781355599944000, 0.07786747856600290100, 0.08042570702192358700, 0.08300363547096248400, 0.08555526082979250700, 0.08823767819591853100, 0.09113004354164466700, 0.09425564833094531000, 0.09732327012789424000, 0.10052853443661458000, 0.10394621226200985000, 
0.06121572039851855300, 0.06250338644685020400, 0.06402246622627788500, 0.06559708423433681400, 0.06730610276995369100, 0.06899238026239973300, 0.07075976594656928400, 0.07258192360220978900, 0.07457139956727895600, 0.07661079782217727900, 0.07875226409349084200, 0.08102313330674768000, 
0.05594573888533124100, 0.05641137366328774500, 0.05704872563844032300, 0.05770050420541276300, 0.05854226822384586700, 0.05936347653788189700, 0.06020496469403834000, 0.06092777042119462700, 0.06175174448732977100, 0.06263832005443364900, 0.06359748957008570800, 0.06467799786503923600, 
0.06600987171752038800, 0.06735912464021649700, 0.06887185175855423100, 0.07044249170366702300, 0.07215018474032566800, 0.07387664236026830800, 0.07572806061927535300, 0.07757020598553540600, 0.07948434760131079000, 0.08150613198370385000, 0.08361359032622445200, 0.08587937569450981900, 
0.05881785717505753900, 0.05996166134262780100, 0.06119909392649058200, 0.06247907352059340500, 0.06382289849952246800, 0.06516969356558904900, 0.06663486952353936400, 0.06816402068752111500, 0.06969837459525191100, 0.07129905345969295100, 0.07292656662419184900, 0.07465498473516829500, 
0.03779957118637079800, 0.03802972338355650700, 0.03830617394220176700, 0.03859801962758006900, 0.03891262958087477600, 0.03921664727569763900, 0.03955532067680128700, 0.03991734888861848300, 0.04021465795481874600, 0.04050686388584395800, 0.04074971780268449300, 0.04103551337859737100, 
0.02600415740460594600, 0.02620234924112396400, 0.02643077887857548200, 0.02666486158054044000, 0.02695241629353791600, 0.02723211216916104900, 0.02753589071367763800, 0.02782270394142815500, 0.02808016775062262600, 0.02832859380766963900, 0.02855104258974560900, 0.02879594725143470500, 
0.02229797855415100600, 0.02244374043659605500, 0.02264908829075703100, 0.02288487098150023300, 0.02315590232523357500, 0.02337514791076164200, 0.02360899212293235400, 0.02386467085924328200, 0.02413847395376731200, 0.02438315961330173700, 0.02461457379152097400, 0.02484385470231878500, 
0.02722039265027848300, 0.02736176829506397100, 0.02759770360464667100, 0.02787978805250925000, 0.02818195477066517300, 0.02844575898105482200, 0.02872090434364374700, 0.02902099448306991500, 0.02936172825858673900, 0.02966276118932688000, 0.02991809748898231800, 0.03016627127845952400, 
0.03008795661429418700, 0.03012536504553252300, 0.03025093702153708000, 0.03038103258860429600, 0.03051538496315667200, 0.03067495816133951000, 0.03084236436072061700, 0.03099772989449460800, 0.03118933282114719900, 0.03138627850847367000, 0.03152722293541226900, 0.03166034923330597600, 
0.04173337066457376300, 0.04230752070909379200, 0.04295962775837211500, 0.04360528640703841000, 0.04428616344288787600, 0.04500957121779579400, 0.04577564248933448100, 0.04655002133388721300, 0.04735806056723717400, 0.04818929034367693000, 0.04901709646969357200, 0.04988622317326735900, 
0.03990570882262995500, 0.04037097463774004500, 0.04087610699874042600, 0.04137050171059092300, 0.04189981151054633000, 0.04250077615663673500, 0.04313167383649851900, 0.04374622345097942100, 0.04438420161635391700, 0.04503300599105925000, 0.04570853299805098500, 0.04641089896738503900, 
0.02181616275784485600, 0.02177518304341152400, 0.02175513130804135300, 0.02171339763028810500, 0.02168489647502153500, 0.02170036098097875500, 0.02171622282635734400, 0.02169216534839266500, 0.02169326396679086000, 0.02170429412937683100, 0.02173918815764291900, 0.02176498947766144000, 
0.01723121756185630800, 0.01727569324043250200, 0.01736964823366558800, 0.01747311215149654300, 0.01758116211028749500, 0.01766248126823825200, 0.01774420254515331200, 0.01782194329176772800, 0.01793671294301853900, 0.01806014650845368800, 0.01818333027909200700, 0.01828877478417250900, 
0.01546317164374516800, 0.01548737633174781600, 0.01555367960323824000, 0.01564219510185489000, 0.01572140285412562000, 0.01577167696045662900, 0.01583341313017500400, 0.01590299641985331800, 0.01599047870552864500, 0.01608460198852514400, 0.01617295140588867500, 0.01623719694034444000, 
0.01436041110122676800, 0.01425010729255694700, 0.01414653163152683500, 0.01405806735203710000, 0.01398202005357381500, 0.01389032209962269400, 0.01380070276733576200, 0.01371431786217678500, 0.01363180255811151700, 0.01355206103525523500, 0.01348441373143773600, 0.01339555001120335200, 
0.02225481915762430500, 0.02230576270217798200, 0.02239086124849934800, 0.02250065553485809000, 0.02262458846347759800, 0.02272961021042504600, 0.02283678417847976500, 0.02295223563934507100, 0.02308948283575254500, 0.02321594560242453600, 0.02334701398543872700, 0.02346037249797404100, 
0.02537521286559165500, 0.02562149307029575700, 0.02590017839892754300, 0.02619662300504185100, 0.02650643862289693200, 0.02680318745963858300, 0.02713224842572151800, 0.02744615966568024100, 0.02776176016987545000, 0.02807328764688217500, 0.02838202149201282700, 0.02869577280682201000, 
0.01974217291043459800, 0.01987399392132473500, 0.02003090850067221600, 0.02018622266694500300, 0.02036844836502428600, 0.02054592502208698100, 0.02074449326214497500, 0.02093023322976298200, 0.02110692660312070100, 0.02129366577694985500, 0.02146868268828479700, 0.02164850265978794700, 
0.01473495294455580600, 0.01472048311223670700, 0.01474953131157714200, 0.01477348110586325700, 0.01481778130442891800, 0.01485563951502668000, 0.01488414046717894500, 0.01490865257578991900, 0.01493924761835626800, 0.01499631318712030600, 0.01502891199635316900, 0.01505281344417391300, 
0.01473323008292741700, 0.01460888779165842000, 0.01453673941167739500, 0.01446244410229057100, 0.01437073358422021100, 0.01427824246524887800, 0.01418361963965919000, 0.01409427172095756800, 0.01401295119653818800, 0.01393910773661720400, 0.01384589438808456200, 0.01374850300921137300, 
0.01614939158763751100, 0.01616455547521216900, 0.01622929760788979800, 0.01629464975901339500, 0.01635138798796427100, 0.01639412983135737600, 0.01644106231852572900, 0.01648963479041794900, 0.01655174309847899300, 0.01661423221150248200, 0.01667129382187376700, 0.01672474206052145300, 
0.01613811524063278600, 0.01621033615724653100, 0.01632373813105721100, 0.01644013370542885000, 0.01654885052314028100, 0.01663739391661838900, 0.01673481538432957500, 0.01684196343109186500, 0.01696294329101450900, 0.01707448087763492300, 0.01719761444180101200, 0.01731593097251803500, 
0.01290484482648336700, 0.01294711693592337000, 0.01302270808462750700, 0.01308852592697250100, 0.01315483448266053400, 0.01321821868088104500, 0.01327596362647487400, 0.01333489404167579100, 0.01341105831356683600, 0.01347907278935774600, 0.01355077577048439600, 0.01362699873279772300, 
0.01222119229384716800, 0.01222588276230228600, 0.01226459715068379600, 0.01229273301743978100, 0.01232265476918003400, 0.01235477103186072100, 0.01238205856813192700, 0.01239351064071217800, 0.01242440621584606200, 0.01246249270484186900, 0.01248356621595124300, 0.01251156930589629100, 
0.01296003262887981100, 0.01285816319564952800, 0.01277333852536479500, 0.01270104153798939600, 0.01263583013626098800, 0.01255063484942452900, 0.01247393529185846300, 0.01236744882313070700, 0.01228348844652381000, 0.01219888424265630500, 0.01213029591512775200, 0.01205908849212868100, 
0.01930226195819685600, 0.01935161255288474600, 0.01941462168722558900, 0.01948559979354307400, 0.01956959154916206700, 0.01965815151212281500, 0.01975897649369066200, 0.01984569450863237600, 0.01993613562702534200, 0.02002061309119951300, 0.02012522653745495900, 0.02021351307588570300, 
0.01931078634553786600, 0.01942991461530849800, 0.01957828102510154900, 0.01972529473365835000, 0.01988670452962325300, 0.02004576050951605400, 0.02021473903866673500, 0.02038419947598283500, 0.02054237306104006100, 0.02070340179466358500, 0.02087632542126466000, 0.02103280412377511000, 
0.01531218928977656600, 0.01537264812269437800, 0.01547132311687791200, 0.01556854583797998200, 0.01566626651063288800, 0.01575562620820665200, 0.01586059567072613600, 0.01597199299967832000, 0.01607629822022440400, 0.01616979687124700200, 0.01627266427962552700, 0.01637055523257071800, 
0.02090880492548775500, 0.02106512309632479000, 0.02126523078678611800, 0.02146678953744174400, 0.02165944536646661700, 0.02185139329102901700, 0.02206423949606204800, 0.02226300044527780900, 0.02246394481782729900, 0.02264536920864157500, 0.02283857369462014700, 0.02305710848898493900, 
0.02133970681497449100, 0.02141834857611481600, 0.02150721965856171700, 0.02159877172240009700, 0.02169798845639609600, 0.02178796984331055800, 0.02188202644266426500, 0.02195363778412833700, 0.02204441226801292400, 0.02212959140170490900, 0.02221931730836208500, 0.02232278936529343400, 
0.01612785219870001600, 0.01585869584862761500, 0.01552543115939304700, 0.01519492052113724500, 0.01484579909008074100, 0.01447188288896929400, 0.01409816299185996800, 0.01369222458268643300, 0.01346011640392560400, 0.01324272695054822300, 0.01304564457013976700, 0.01285024666838037600, 
0.01357263410408208700, 0.01312209873798149900, 0.01261757048151561200, 0.01209484322112966900, 0.01154427347914473700, 0.01095336584050203900, 0.01037136757608980000, 0.00974333819519982050, 0.00929826290113716990, 0.00886388064348816490, 0.00843847161765878990, 0.00799632572389155810, 
0.01486117879443553700, 0.01425284475048538300, 0.01358515029909231800, 0.01280538253280704400, 0.01196055909122167300, 0.01106403074761442900, 0.01019349480811978400, 0.00922875856594974550, 0.00824138876034429670, 0.00722893679317449920, 0.00619036126508838540, 0.00514552686665717670, 
0.01537836663359611700, 0.01488956021262118100, 0.01433534133632907700, 0.01366659542650433200, 0.01289374347896600700, 0.01209573606336151000, 0.01131143617637791900, 0.01045442026939925000, 0.00958501531305610070, 0.00869938821210009330, 0.00791776078275264850, 0.00714536385240351850, 
0.01510057704185191500, 0.01474961601530852200, 0.01435564153243833000, 0.01390189338196672600, 0.01333791752200914400, 0.01272583778877445400, 0.01213131145915554600, 0.01149896278512372800, 0.01087764974543576300, 0.01023900360519240100, 0.00979076449064030660, 0.00933723951061301950, 
0.01605815257000347800, 0.01569577864136406000, 0.01528915992084093800, 0.01482105344837661300, 0.01426758027087022400, 0.01366007951603212500, 0.01303072647275052700, 0.01233407809218355300, 0.01163080363991589800, 0.01091317342553730200, 0.01018313312192826700, 0.00941273466791793350, 
0.01625676511554469500, 0.01582750420310824100, 0.01536365041685122300, 0.01483990678747110000, 0.01427980198600584600, 0.01366502763243994700, 0.01297814006441349300, 0.01221148001566328900, 0.01148140654605280000, 0.01072786732260541100, 0.00994769693793019600, 0.00913277110484734050, 
0.01531953571150487100, 0.01479960952878129800, 0.01428433684675855700, 0.01369510876120765500, 0.01306627398986174600, 0.01240927063780729700, 0.01166260911601589200, 0.01082044807498633800, 0.00997699078397571580, 0.00909349662015215310, 0.00820528689768753110, 0.00729872363649096760, 
0.02567422105322640600, 0.02490874073150914000, 0.02413073501910243500, 0.02321647841362265600, 0.02224909442825952600, 0.02122384050192047100, 0.02015485405212313500, 0.01895905208008370100, 0.01766179846497025300, 0.01633890835580301100, 0.01502613921064785600, 0.01365626566772012000, 
0.04864042354018553700, 0.04627060514938249900, 0.04314427064121966600, 0.03960900495282627200, 0.03588779205259648400, 0.03196947308708519800, 0.02814820854294818700, 0.02437290957195022100, 0.02061723566629326100, 0.01670576444580992200, 0.01265844693775580200, 0.00862622973875710320, 
0.06812032182331682900, 0.06222406798977075900, 0.05625650554704619100, 0.05145749888696869700, 0.04618777418000032100, 0.03951096934661421000, 0.03290784302891387000, 0.02706580873989289700, 0.02140297969849413700, 0.01447723151660321900, 0.00728444949095530870, 0.00108508291240528870, 
0.08805441634960677100, 0.07853041267409589800, 0.07008083552916930000, 0.06400827532864220000, 0.05623157595032727400, 0.04504700539297979600, 0.03349239095468592400, 0.02312741700019597300, 0.01266219066644852900, 0.00013698144208228180, -0.01210377337059062600, -0.02198177556877416900, 
0.11779471045253380000, 0.10709028180495155000, 0.09724595773851881000, 0.08817711420983646900, 0.07529437975422137400, 0.05793776778011566800, 0.04009917320009852300, 0.02251336356502415400, 0.00329491594882044480, -0.01742308689313440400, -0.03667152537732831800, -0.05295705555050794800, 
0.11861665468364047000, 0.10708341250981210000, 0.09663360542416958600, 0.08652240478072047200, 0.07179928979649280500, 0.05277637682101794800, 0.03407874232561013100, 0.01540152185496760500, -0.00598855268440153830, -0.02892446161653280300, -0.04924060285411158100, -0.06605307161445547700, 
0.11506514805856126000, 0.10249813666722433000, 0.09168989889764847500, 0.08150510333100728600, 0.06611395585805669700, 0.04644252526226710900, 0.02799802001705589000, 0.01020489437740285800, -0.01072684009627686300, -0.03348751858718190800, -0.05275192840215504200, -0.06764898065937786900, 
0.10284366801224694000, 0.09177867556593566300, 0.08186062486883223500, 0.07269140774147600500, 0.05929056810382459000, 0.04170892885608432100, 0.02464722656950153700, 0.00854312231367521970, -0.00969124843616145720, -0.02974116832990667700, -0.04687892600887459000, -0.05930185476225828500, 
0.08405199734785764900, 0.07595687254176078400, 0.06787152325977233200, 0.05982301855297358200, 0.04953394706715898200, 0.03623392334642807500, 0.02261054966916449500, 0.00931903656748580590, -0.00550326416424913940, -0.02080045018887979200, -0.03366577729171414700, -0.04332486771786197400, 
0.07138078452238778800, 0.06397158725605230100, 0.05670864940427155400, 0.05013820837529025400, 0.04242668829980492100, 0.03243942671368590200, 0.02175154880691277200, 0.01089177307150425100, -0.00150301846108382920, -0.01398419023468428800, -0.02410784414721300900, -0.03158144408929274000, 
0.07342248896017492000, 0.06520775809642388700, 0.05753161784998409700, 0.05105528539376958500, 0.04259346356883260400, 0.03179856008411593300, 0.02090316049360594800, 0.01003666463153424200, -0.00283613892434657000, -0.01734018131656387200, -0.02927952482074185800, -0.03744740746535777500, 
0.07315255757571792500, 0.06437561386466703100, 0.05642182000054275100, 0.05015845468919021700, 0.04164092276135512900, 0.03109113070042610100, 0.02041923487266702000, 0.00907726925522646390, -0.00479591939339229710, -0.01979270763980411200, -0.03195359628380908100, -0.04045086547076193900, 
0.06682641778746281600, 0.05858909059051744400, 0.05135733166877051000, 0.04580951475636242700, 0.03802495493101142000, 0.02848257570681197700, 0.01912692142629779400, 0.00911999539378447080, -0.00364603793170051140, -0.01761918667444322500, -0.02870034899173845200, -0.03583414844371447800, 
0.05413111527835193900, 0.04751321974139841000, 0.04203673963003353600, 0.03791563041472535700, 0.03221713188589269600, 0.02478441026254761900, 0.01759276391281410600, 0.01016399381679906900, 0.00031948154389966959, -0.01131065416223899600, -0.02058828112284625400, -0.02583408135993085400, 
0.04180391868067024500, 0.03581953075972328000, 0.03154993131701450800, 0.02917599604696762700, 0.02581271641403773800, 0.02107577930768622300, 0.01661919293178905000, 0.01175645017529276100, 0.00439931753693626090, -0.00459650207550705000, -0.01128648743267543500, -0.01429337675208664600, 
0.03188642448346341200, 0.02734862723549100900, 0.02447594661630281600, 0.02309850339273687700, 0.02093955405414384500, 0.01758610042970126800, 0.01459941705704778800, 0.01112406021767418800, 0.00579912867983132640, -0.00072026680189482160, -0.00523667677043803110, -0.00688445051793167440, 
0.02652356243664702500, 0.02339317305355492400, 0.02145965440564753100, 0.02033557816002256500, 0.01856611158319769500, 0.01580249058422723100, 0.01309120374881849600, 0.00975146840936144680, 0.00559549201096319440, 0.00117339999960725170, -0.00170025988096269170, -0.00311245179354864610, 
0.02368622530594564600, 0.02121392550195818500, 0.01965144763258346000, 0.01860424404992617000, 0.01703894839161298700, 0.01515953223024203200, 0.01314661802764924800, 0.01041791428143015400, 0.00701822354603705810, 0.00406818514676937290, 0.00221737234192920200, 0.00036566244974263180, 
0.02056613312362463500, 0.01869376864271721600, 0.01747363754302241200, 0.01661993052158142200, 0.01545728862386436400, 0.01414488573112169400, 0.01272025149970427300, 0.01062101971187458900, 0.00786342919450929920, 0.00546643117208711880, 0.00395617349655126570, 0.00254986866110322800, 
0.01739102594360335300, 0.01619064043982334400, 0.01538721490846472900, 0.01480651608178012700, 0.01403188996033143500, 0.01308375388246136400, 0.01199121099973921000, 0.01038650117776766300, 0.00830292863543686570, 0.00642187080921736380, 0.00516328124627100410, 0.00411815034269932040, 
0.01738580206526598600, 0.01682439004872853700, 0.01621049060259566200, 0.01547825304118618900, 0.01453349676559188100, 0.01341408494233988100, 0.01219965642407389400, 0.01081594755119266900, 0.00921993343392177480, 0.00756894485575439900, 0.00605124408450234690, 0.00457773161913685970, 
0.01761024558550397900, 0.01711689307407635700, 0.01644738031913354000, 0.01561375041312820800, 0.01459277696232603800, 0.01338756078555170500, 0.01203799721807719000, 0.01058103995152665000, 0.00898032776165308410, 0.00730081844877490840, 0.00564052874749531270, 0.00400399805379292840, 
0.01375137545024882100, 0.01334179468736490000, 0.01277168924114432400, 0.01206311699854950000, 0.01123092124991890800, 0.01027203145790097300, 0.00920136698060918660, 0.00804507948304754650, 0.00678748798233674670, 0.00546909436044804110, 0.00413371482302805470, 0.00283567181934526930, 
0.01155792314473804000, 0.01118231938400424600, 0.01065056944372517200, 0.00999663497996117550, 0.00924400932404709050, 0.00839880363058421140, 0.00745309908011430100, 0.00642390785030195510, 0.00531922678397195750, 0.00417654807840227730, 0.00301738705767785840, 0.00188126139177036960, 
0.01166892620865245300, 0.01128009254051901000, 0.01072494005787823200, 0.01005319767634282400, 0.00929564042877352620, 0.00843628301401761100, 0.00745409270165872920, 0.00637052494903326930, 0.00519851247744502510, 0.00399117007115205430, 0.00277249769109012180, 0.00153589286906642000, 
0.01399763434073442000, 0.01357113529083590400, 0.01297922737811029900, 0.01226476426458342400, 0.01143223804403004100, 0.01046250959184140100, 0.00934317626451351000, 0.00808762011240637610, 0.00673279519262230670, 0.00532542644274060400, 0.00388916132956736810, 0.00242241327293751720, 
0.01560826864982809700, 0.01518033994106273600, 0.01460359665805444900, 0.01390795791823943100, 0.01307397467035290400, 0.01207773831312078600, 0.01090086892943217300, 0.00955364291550280490, 0.00810082650248714060, 0.00660198029956828720, 0.00507937670028697950, 0.00350594702079048710, 
0.01789432615651808500, 0.01744263785895148300, 0.01680668016373482900, 0.01601670706250858700, 0.01506584557257623100, 0.01392927797702482900, 0.01258253831011342500, 0.01105047767559810600, 0.00939836528578204090, 0.00767807495890352780, 0.00592721019332824970, 0.00410842616953538930, 
0.01844752206150206500, 0.01798097019213036300, 0.01731923243488010100, 0.01649014732523580700, 0.01549425871931558000, 0.01429671284536268100, 0.01287656251414947800, 0.01125929625915986000, 0.00949470467192934170, 0.00764665090658675580, 0.00576465745176894110, 0.00382945418223905580, 
0.01810837146329538600, 0.01766991244721110100, 0.01704146726307788400, 0.01624733684664988000, 0.01528360200486559400, 0.01413008897717504100, 0.01276780833308595100, 0.01122088269307025400, 0.00952305654162425960, 0.00774280349310643190, 0.00591705622598388390, 0.00403691494012289270, 
0.01750808253709951200, 0.01709495066681778600, 0.01648122652548787000, 0.01569320395374206000, 0.01473845268065317000, 0.01360774509223171100, 0.01228730303710058900, 0.01079650297365862400, 0.00916941375566617500, 0.00745590226842869020, 0.00568471496790677950, 0.00386133958735603280, 
0.01631632086652031300, 0.01592915018498717400, 0.01534318136491434600, 0.01458615241043209800, 0.01366920618638100100, 0.01258050319555897300, 0.01131296058146404000, 0.00989278958841762100, 0.00836160016990416390, 0.00675355759887469670, 0.00509789387881878430, 0.00339224358478509280, 
0.01395349703956127100, 0.01358568777539239700, 0.01304219862803290000, 0.01235389812039076700, 0.01152411307979373000, 0.01055904494502047900, 0.00946869257489657380, 0.00827609633123810830, 0.00700634271739869300, 0.00567532328716274450, 0.00429234633687713190, 0.00285768687710683630, 
0.01389568145684430400, 0.01323068373639702700, 0.01229694892203503200, 0.01114600908011914800, 0.00985654458510651020, 0.00852925374723867080, 0.00724208173342387200, 0.00601929485194277730, 0.00483561962882064330, 0.00368680125536160250, 0.00252734450480582900, 0.00131648749147103560, 
0.01684883690921877200, 0.01554771133585719200, 0.01371404428189471900, 0.01150763483862465500, 0.00914507412846387970, 0.00691805732166406690, 0.00503226422455568550, 0.00351795124802502810, 0.00229983881317770160, 0.00140289196833859990, 0.00065889102024122752, -0.00010104466885977717, 
0.02260811979324526800, 0.02055832196066457700, 0.01759267134789663900, 0.01408477148114845600, 0.01033259634576509500, 0.00668476756655949930, 0.00347806764952002160, 0.00083911352565129739, -0.00125070805013798240, -0.00280012335294755300, -0.00395621011441967250, -0.00496868766073563230, 
0.03316255413333496500, 0.02993652995639049100, 0.02514640474789938900, 0.01946240707114662800, 0.01336691841073539400, 0.00734982464973358080, 0.00192165693786102090, -0.00259217289507153660, -0.00607918526719101490, -0.00879426752554980480, -0.01063767384410523700, -0.01205256678757369800, 
0.04601284037569711200, 0.04120485936580521600, 0.03410400645148650700, 0.02566459875311426900, 0.01658874245400925400, 0.00762348939217699990, -0.00049253033462842970, -0.00724503434557907410, -0.01249216577662740300, -0.01651271862424479700, -0.01929181168512789100, -0.02122573538435738900, 
0.05674684182075500500, 0.05079252865979981500, 0.04183820804873269300, 0.03097880380518997600, 0.01914001908183659400, 0.00736934734482011870, -0.00337067428876649570, -0.01248562436773724900, -0.01977935854242849100, -0.02534248369048754500, -0.02927644464369979400, -0.03179439399847133800, 
0.06666231807315301000, 0.05939049905605615200, 0.04848052784107530200, 0.03527056297385940100, 0.02096796025671949000, 0.00684847869428036570, -0.00582215308083448070, -0.01631879614470973400, -0.02451477444400958200, -0.03058812385395149100, -0.03485843261483524700, -0.03744690687812227800, 
0.07664801413105380700, 0.06794946014896849400, 0.05486376260868815900, 0.03905235906555630500, 0.02216901025928990100, 0.00577801778635975060, -0.00852304328279346840, -0.01992106640681596100, -0.02845203256145995400, -0.03451780372535893900, -0.03885276786122709300, -0.04129604375123222700, 
0.08108792506427806000, 0.07177154940150129400, 0.05781236361324504400, 0.04104862004229653500, 0.02312714145733910800, 0.00569632982496584650, -0.00958285276223536270, -0.02183949709915061100, -0.03107656274439770900, -0.03781323549945506800, -0.04267550350072819200, -0.04597316137435072900, 
0.08382761526201015800, 0.07393616751911540100, 0.05918252710584433900, 0.04163358749724190000, 0.02301620666616217800, 0.00500247679719783690, -0.01084716509896187100, -0.02364219812045705700, -0.03334008734563261700, -0.04046968634656469800, -0.04567172313693112400, -0.04973110604386349300, 
0.08043404204144111200, 0.07112592074877126200, 0.05713329038673524400, 0.04043350964107126500, 0.02267978889104822800, 0.00536984460756900330, -0.01013048610028342000, -0.02290923943373804300, -0.03288883334745182400, -0.04045174733155181000, -0.04616826165547520400, -0.05077640288010632600, 
0.07367065595475694200, 0.06543317063991610500, 0.05327127169633402000, 0.03896127893429471300, 0.02363389819433035100, 0.00806349811993032840, -0.00680393036049344210, -0.01982978854489529700, -0.03051699103236374000, -0.03891010059475702400, -0.04541063886490447100, -0.05042941465001618600, 
0.06396407092085186500, 0.05704972067001173900, 0.04709136282741999100, 0.03559011812826603400, 0.02318186073716955300, 0.01010832274587120800, -0.00303551861401167490, -0.01522452180246443000, -0.02562207975748420300, -0.03402640740345607600, -0.04062439762850649600, -0.04578526035990526700, 
0.05540772775370661500, 0.04876229256371785600, 0.03964576328687085400, 0.02960677344655247200, 0.01918439805083503200, 0.00854963760614836300, -0.00189834720137370280, -0.01148994073398925500, -0.01954153128886837800, -0.02590350458118097900, -0.03098599712067725100, -0.03550746261067045500, 
0.04390626155030320800, 0.03795926188317178000, 0.03045121123249860300, 0.02276941697262271900, 0.01504976905819018500, 0.00719414025749509460, -0.00052661501547551391, -0.00758540588813421630, -0.01338955571171131900, -0.01769525609768735800, -0.02097060169953640600, -0.02418399651713813700, 
0.02965568382510118700, 0.02538534331227728500, 0.02036283377413757400, 0.01567449424787960600, 0.01126389495811653200, 0.00674604652591519020, 0.00215385529302707360, -0.00208871368109480760, -0.00545692266562060500, -0.00775371643523080790, -0.00942836652685517810, -0.01137740217247079600, 
0.01638618202022897700, 0.01405621464255054800, 0.01141684609557122200, 0.00916811743379472060, 0.00733506115451934560, 0.00554895511836166370, 0.00360747646577695700, 0.00172349400305423510, 0.00022159553846075775, -0.00075698434642759412, -0.00151777909982024920, -0.00259089120340270630, 
0.01182488315611427900, 0.01090121176966255700, 0.00977411127007646320, 0.00872431502597321470, 0.00779408782848962050, 0.00690043958016318440, 0.00593801816948508720, 0.00494003454465084810, 0.00393788665791345790, 0.00298880633526547430, 0.00202242183516710990, 0.00095537817243166866, 
0.01236302343974701000, 0.01177659540687091100, 0.01104833791498922900, 0.01027406866573077200, 0.00943373857732401380, 0.00847158076009518410, 0.00741685254655023280, 0.00632200198598638090, 0.00522164190130191760, 0.00412670651013349620, 0.00299007288694349160, 0.00178670560053403240, 
0.01232914954827700000, 0.01166391319879225100, 0.01096663262674870200, 0.01029187842370897000, 0.00959149537312383070, 0.00867951600561691490, 0.00753608852526206200, 0.00630208502933866930, 0.00511846352692527010, 0.00404143334775085900, 0.00300349128530729260, 0.00185926235084259970, 
0.01170780477542665900, 0.01085605036973168400, 0.01011561249115958000, 0.00965347404164864680, 0.00930603053164188660, 0.00862774454254275870, 0.00746354670862403500, 0.00609506012140666360, 0.00487931584767938710, 0.00395646055384020220, 0.00318716035187259670, 0.00222559667083943370, 
0.01150447334592362900, 0.01038105916355716600, 0.00949935290195062610, 0.00920628127216807300, 0.00924497949657002330, 0.00889540705397658460, 0.00780701995905831030, 0.00627284050641658840, 0.00488253220659113240, 0.00401397274235615500, 0.00354250973844382790, 0.00291751550625256660, 
0.01038130139583683500, 0.00926921161407442610, 0.00842733172716550460, 0.00824740318199600540, 0.00842407557472893420, 0.00826992880089491220, 0.00739583078724010200, 0.00602403425924522440, 0.00471221477355775530, 0.00391748913026900530, 0.00360882749658523710, 0.00329808216667197780, 
0.00914169261023171750, 0.00798161272496775670, 0.00716850374641330500, 0.00716639891834392960, 0.00751453922390364800, 0.00750844850632356900, 0.00671635605511020170, 0.00541858936873685240, 0.00419315890595555430, 0.00355332404349959770, 0.00344829065416261480, 0.00335597067679949640, 
0.00915776421063509320, 0.00798927589369410190, 0.00721530147768847070, 0.00718179760664291140, 0.00734264742230324260, 0.00714737467121951890, 0.00639392284454473430, 0.00532297101832553480, 0.00423713362859061420, 0.00350972696560860730, 0.00314850008197097240, 0.00280080995341886170, 
0.01454694739324972400, 0.01296344572615341000, 0.01193067774555267600, 0.01148883305644525200, 0.01079230775196844700, 0.00974272158160681760, 0.00857919630382180350, 0.00728573140809322860, 0.00552588497447827240, 0.00364940242230175430, 0.00215913782576252020, 0.00084383904230568173, 
0.02212316185301082100, 0.01842365253805143200, 0.01671072295496551000, 0.01647040351373805400, 0.01523583301168320900, 0.01350510137879961500, 0.01263936539516739700, 0.01156924263581767700, 0.00846127204789286210, 0.00438680876661181290, 0.00152779696030240150, -0.00023937019362151176, 
0.02408560805214604900, 0.01930276305995412900, 0.01697888858871737100, 0.01654534018065925700, 0.01546459956619280500, 0.01394026784949453600, 0.01329538839273689900, 0.01225654842093025700, 0.00868946805466105230, 0.00417595512267891420, 0.00105063977007682730, -0.00099635138580963980, 
0.02291992636841964900, 0.01872292354117959000, 0.01641469959043002600, 0.01555597153450305100, 0.01453440932987259800, 0.01332286474973797700, 0.01259933951524892800, 0.01123141592630938100, 0.00763719451261244630, 0.00342788105108635760, 0.00042722554276143182, -0.00174021685232256320, 
0.01993120309287040400, 0.01591757740464243600, 0.01390116751470866700, 0.01330284146621535000, 0.01241632617340724500, 0.01171286771379367900, 0.01173984454184033200, 0.01066565948213822300, 0.00703055887119206740, 0.00269984527354157850, 0.00001219873689664531, -0.00154235179877562200, 
0.01686757037508117600, 0.01368567770779151500, 0.01237745469480272500, 0.01208740416005038900, 0.01113518029910227600, 0.01033665832915991100, 0.01021188758469873800, 0.00902113123062664100, 0.00577159548644154330, 0.00240268600899375520, 0.00064778278747346660, -0.00052564701051796396, 
0.01500503940623773900, 0.01225903983119542300, 0.01139517709853504200, 0.01152938314571624200, 0.01078783392739705300, 0.00986511396463807950, 0.00949107027137185280, 0.00818287754635847920, 0.00512211977755432260, 0.00228544420072281360, 0.00125955486962639860, 0.00074166773188154788, 
0.01434014227261917200, 0.01193532474756197000, 0.01094306483878401300, 0.01101646748513432200, 0.01064677621090746700, 0.00993131124038055050, 0.00921261621479320740, 0.00757156544337844310, 0.00477287124044258220, 0.00245374712009660150, 0.00165366144159341600, 0.00116553034664927580, 
0.01380583200087935100, 0.01199553476311052800, 0.01109275500243395200, 0.01093785066171933300, 0.01048021312599876900, 0.00964844929687485270, 0.00865667242750041940, 0.00695142947482953100, 0.00460203282267691250, 0.00269142653033015070, 0.00177263132461869110, 0.00089343723386641838, 
0.01206774596795425800, 0.01089205137750501800, 0.01035248302604784900, 0.01010284081007180500, 0.00945171729036811160, 0.00851020327465169990, 0.00769071165047158660, 0.00636938072928611930, 0.00443411543443613010, 0.00275960300011355130, 0.00187924645363093550, 0.00103355243380912760, 
0.00952158694208000800, 0.00839641471897062570, 0.00800491780103111500, 0.00793874989604835370, 0.00747498062479899290, 0.00678764524896764610, 0.00620761989208327290, 0.00513536713845807580, 0.00352220800150609060, 0.00229683410921851850, 0.00181235120301540550, 0.00124303187382064230, 
0.00752653513910588740, 0.00640269436365033680, 0.00595883657524149890, 0.00607836204908422050, 0.00605942943765182960, 0.00572974553996881150, 0.00506877471054733870, 0.00395228725593151870, 0.00273809279426918050, 0.00210827748975302760, 0.00194483021984758310, 0.00150161407332430460, 
0.00687494904747838410, 0.00587946474526376480, 0.00541011553190341200, 0.00555333084584469680, 0.00568395880361099400, 0.00547786147572353050, 0.00481566667398692500, 0.00376482186152754310, 0.00274624974565451090, 0.00227698528745171390, 0.00220452509090815440, 0.00187702263030998180, 
0.00655566272258232240, 0.00570158547506496690, 0.00532262025920366130, 0.00546790725627175830, 0.00558756873326177440, 0.00547185324541198640, 0.00505491216737091220, 0.00424126758085168790, 0.00329701856865108250, 0.00276673292833745340, 0.00278301238375683240, 0.00268219968670283140, 
0.00614300730085004520, 0.00537854694310165110, 0.00507638124228150260, 0.00521215169576825280, 0.00530749012961669740, 0.00524423779426283490, 0.00496828321518336810, 0.00428278230573242440, 0.00339494773821124450, 0.00290472250614049820, 0.00297055903660815160, 0.00295595827108289820, 
0.00546453514811111060, 0.00484481515131294540, 0.00456352699423365810, 0.00466916823193904480, 0.00480134933133233390, 0.00477235537150139370, 0.00449811428299950850, 0.00388162943702002490, 0.00317270128828082540, 0.00281384205245657860, 0.00286828598162072990, 0.00283511597059907600, 
0.00456030602119564950, 0.00416561309525601080, 0.00396160691632569710, 0.00401306736960924550, 0.00409918120818902710, 0.00403705872377988460, 0.00376360349752805080, 0.00328377443564565900, 0.00282779932909623440, 0.00262668598545048260, 0.00262089983003406870, 0.00247957057101496100, 
0.00371472907528322270, 0.00352076641793475040, 0.00340901025415757700, 0.00338981166019018890, 0.00335671535964697860, 0.00324452177431838870, 0.00304759768908199460, 0.00276011675735216880, 0.00247977095836388920, 0.00230357487790784720, 0.00219189322901221450, 0.00199876216287452360, 
0.00288584288758904830, 0.00280260558235611220, 0.00273896627078235600, 0.00268403115768573760, 0.00261132508080028690, 0.00251624072323009160, 0.00239518472393514390, 0.00223347305620017530, 0.00206209285621981830, 0.00191288939973983160, 0.00177349963406287470, 0.00160605947233269460, 
0.00230457939069388500, 0.00224200538938390880, 0.00219518884745799160, 0.00214646042898273800, 0.00207568186110833500, 0.00199961704892087080, 0.00191204900837051750, 0.00178928669383505190, 0.00165414239257116390, 0.00153127829975894880, 0.00140812258451861680, 0.00126136585031774020, 
0.00177341528592949360, 0.00171977544428652360, 0.00167827189338770890, 0.00163584124470489860, 0.00157257759589243840, 0.00150356655898295760, 0.00143029307898943370, 0.00132910462174591040, 0.00121179070388087780, 0.00110138727280948760, 0.00099516140150041781, 0.00087507393246011431, 
0.00142767327969163570, 0.00138719806549645340, 0.00134898812874173380, 0.00130889551411920820, 0.00125663053442604540, 0.00119317132223008990, 0.00112452620891041790, 0.00104223345606950010, 0.00094924231519925135, 0.00085837842445085958, 0.00076944066187199550, 0.00067118766014037288, 
0.00110305130684495120, 0.00107472249662561230, 0.00104329018999535700, 0.00101123925096476150, 0.00097291387526333832, 0.00092591209716403472, 0.00087263167356817944, 0.00081073517091420372, 0.00074398117668382589, 0.00067744494186694254, 0.00061050436861438001, 0.00053556729363146509, 
0.00076931619732389033, 0.00074795596286834920, 0.00072260614761623216, 0.00069817344134371761, 0.00067082016015465151, 0.00063802455844798377, 0.00060224131096190162, 0.00056324713077028231, 0.00051990685931664474, 0.00047422701772107387, 0.00043198522329446020, 0.00038939139416841985, 
0.00056599594495627709, 0.00055082705862774214, 0.00053477510280243651, 0.00051914544508554171, 0.00050199100360543824, 0.00048243039111015945, 0.00046185319727068180, 0.00044075596231021727, 0.00041826260904383839, 0.00039368796844619752, 0.00037576653507738272, 0.00036006353802445077, 
0.00041861702076061174, 0.00041187691523174200, 0.00040520783630615235, 0.00039832221419962857, 0.00039146946585076012, 0.00038449884386504646, 0.00037669477432763820, 0.00036873388677682465, 0.00036101410547737780, 0.00035258236315101115, 0.00034633840440727369, 0.00034093109610508769, 
0.00026334343501727852, 0.00026011875228245876, 0.00025666303944031583, 0.00025318285448741276, 0.00025018069140021412, 0.00024758641454614529, 0.00024473619872389531, 0.00024194298617817071, 0.00023922617969959796, 0.00023647518954685243, 0.00023372053810965772, 0.00023093223649175035, 
0.00028602292534706680, 0.00028488055588176867, 0.00028405197494679621, 0.00028300105214370549, 0.00028238522146341527, 0.00028193156343579934, 0.00028142167508553230, 0.00028069051376365407, 0.00027999934269977238, 0.00027967310880201116, 0.00027915456458180572, 0.00027852441246645123, 
0.00036141090232477647, 0.00035996447166267875, 0.00035926527907530827, 0.00035839464743029958, 0.00035777644910921133, 0.00035731407999478392, 0.00035704375880535734, 0.00035635795462115173, 0.00035573846667850240, 0.00035559810507218283, 0.00035514154479053772, 0.00035440093475747362, 
0.00051616452244563911, 0.00051473609770878574, 0.00051431112434292391, 0.00051375032000834978, 0.00051291883555729632, 0.00051189842258707492, 0.00051124840282623380, 0.00051033607369887146, 0.00050963864092134245, 0.00050887507077372086, 0.00050780845994851916, 0.00050672076711765781, 
0.00061064844741273662, 0.00060922755886627384, 0.00060877698799869674, 0.00060818627544927703, 0.00060748126700842882, 0.00060640474489432271, 0.00060549277318251900, 0.00060446933090884509, 0.00060371435947690461, 0.00060249811115748982, 0.00060143910477678431, 0.00060032954408079369, 
0.00046209550881989050, 0.00046050319880682931, 0.00045934486134115713, 0.00045822043479707363, 0.00045728893557440780, 0.00045616963779955306, 0.00045490327034377557, 0.00045351007545687741, 0.00045236028469144491, 0.00045102604685158743, 0.00044982586104198966, 0.00044819410053727237, 
0.00027301080167192634, 0.00026987141164488992, 0.00026708510756447834, 0.00026414399149827736, 0.00026125474650335820, 0.00025846549363044570, 0.00025566378466089805, 0.00025264314035948682, 0.00024975263422527392, 0.00024678923670556837, 0.00024373142452440837, 0.00024024074122728928, 
0.00029366029137203994, 0.00029102139721891350, 0.00028912474606345085, 0.00028708100689451622, 0.00028497302069872306, 0.00028278161491961194, 0.00028063062281815694, 0.00027842376964133382, 0.00027637270904247560, 0.00027431199491970430, 0.00027238987040772316, 0.00027030357322585849, 
0.00029798517791898018, 0.00029689488624938293, 0.00029644212927843123, 0.00029597074366326882, 0.00029537005436170637, 0.00029453454778448373, 0.00029396537443980830, 0.00029346573487667267, 0.00029314247164270041, 0.00029276906564976456, 0.00029225461810673559, 0.00029182626179014086, 
0.00025327813791672905, 0.00025256049335263195, 0.00025241594985189389, 0.00025225456100456300, 0.00025190286922192049, 0.00025159511191375985, 0.00025154773284042118, 0.00025128565913692442, 0.00025111735652335454, 0.00025073705460585668, 0.00025037582825441465, 0.00024994955702490809, 
0.00024632718394165690, 0.00024523678613566164, 0.00024492251923103280, 0.00024445958956586828, 0.00024391436470818699, 0.00024339883573714236, 0.00024302218631083061, 0.00024246689957289634, 0.00024210192153143468, 0.00024164939443631868, 0.00024128421282616265, 0.00024050637284855986, 
0.00021705074235143834, 0.00021399144000310141, 0.00021140934614502082, 0.00020839796389236846, 0.00020576122992807744, 0.00020313830937393598, 0.00020046641043895211, 0.00019797895509117999, 0.00019563363729342708, 0.00019330058343423309, 0.00019090451342684456, 0.00018816556077469796, 
0.00019094164767015904, 0.00018625791671363374, 0.00018167396037171166, 0.00017711959803214146, 0.00017286566522729398, 0.00016858625326942055, 0.00016413893422912744, 0.00015982299608167317, 0.00015538244461294910, 0.00015085310816285950, 0.00014644682793430166, 0.00014199040952239444, 
0.00020256593904016950, 0.00019638311958930795, 0.00019053481914661918, 0.00018500340784740279, 0.00017942620101619325, 0.00017390044310730643, 0.00016816200008919546, 0.00016228359811319270, 0.00015622723673478086, 0.00014987804687838479, 0.00014393652980454239, 0.00013797891640025247, 
0.00021463041518170404, 0.00021126991211091968, 0.00020830708648185108, 0.00020530691810485759, 0.00020222255970818369, 0.00019938382028196938, 0.00019634989651785530, 0.00019317292357660007, 0.00018980917278665655, 0.00018616802723962317, 0.00018288034360036150, 0.00017960433108758322, 
0.00023197862603815123, 0.00022859034270010257, 0.00022580684766718815, 0.00022289901022274703, 0.00021986457472638999, 0.00021715209924415410, 0.00021428462599334437, 0.00021108548854754515, 0.00020755036398221509, 0.00020402154662261499, 0.00020083285279869781, 0.00019753271799410698, 
0.00026725184300849215, 0.00026351847577159917, 0.00026055278293661452, 0.00025747663031262292, 0.00025397723700497599, 0.00025092040657042031, 0.00024783007381064395, 0.00024457236042838584, 0.00024076132061366328, 0.00023684755747763970, 0.00023306375449054409, 0.00022905438967576276, 
0.00034834088799829695, 0.00034409776291458835, 0.00034072119949005104, 0.00033721811652419402, 0.00033319219503355019, 0.00032932407410661590, 0.00032570744637784859, 0.00032181449660213861, 0.00031717070138061247, 0.00031192434340597080, 0.00030701638754331370, 0.00030208124761268149, 
0.00043060855930486839, 0.00042702157216536698, 0.00042409970638810284, 0.00042117521157515364, 0.00041817201825428992, 0.00041481631815211970, 0.00041156877332350350, 0.00040827972964163259, 0.00040439489796672949, 0.00039960919281009698, 0.00039529313367611966, 0.00039114979781519659, 
0.00051635052361318303, 0.00051455890231058056, 0.00051353054762419241, 0.00051266103618629016, 0.00051207420962715695, 0.00051102889473421940, 0.00050984258399913132, 0.00050855092338867973, 0.00050709268369934335, 0.00050546550616547279, 0.00050373854401183904, 0.00050198788746504510, 
