0.94129437156418538000, 0.47882279272382144000, 0.30428145174848259000, 0.20847856054308603000, 0.14031601437619465000, 0.08194123852923726500, 0.04040800494068442400, 0.02148339371675994000, 0.03119143914521926500, 0.05222753752029373600, 0.06261249926313133800, -0.06940871490156977400, 
0.30059458795308813000, 0.25092433475887915000, 0.20844975423872711000, 0.17369358558200057000, 0.14502264163389483000, 0.11603383889229554000, 0.08905975622692216500, 0.06359478993352953000, 0.03886822082052637800, 0.01197326731744713000, -0.02267398496446856500, -0.07156887924236073100, 
0.37788396178340494000, 0.28401899941430064000, 0.20746351128485752000, 0.16239986727280822000, 0.13655850083694071000, 0.10803441177310130000, 0.08030641829477597200, 0.05724904588285721600, 0.03218441022033110400, 0.00032058828034889353, -0.04800339323949894000, -0.12136655202426715000, 
0.37166697350516370000, 0.25778911219895878000, 0.17228999281202761000, 0.13309344779237281000, 0.11437937907886800000, 0.08921433146997742600, 0.06185328710662499300, 0.03907066086050316900, 0.01310822366535406600, -0.01854973685447777700, -0.06029538466756286000, -0.11591441379391579000, 
0.29786944776409774000, 0.20517564455635359000, 0.13133270933070956000, 0.09683503829292347500, 0.08051697599098650600, 0.06372079049639806100, 0.04948338529164626000, 0.03763541837588291200, 0.01448363705622813900, -0.02297923332613330600, -0.06477883447158307200, -0.10520256364500760000, 
0.22727768494796852000, 0.16171863238220188000, 0.10258119272577332000, 0.07171563310845925600, 0.05935985669770953200, 0.05282318675771705700, 0.04750626306564119400, 0.03680143579586944700, 0.01314442424560455900, -0.02299138771230501600, -0.05987758646166452300, -0.09173084725335183000, 
0.17000529458822547000, 0.12524773431910846000, 0.08426461700982258700, 0.06232207238977580100, 0.05374661072622331100, 0.04841681072592454700, 0.04101105373841536900, 0.02742171235942125800, 0.00569847805002207490, -0.02145658622612547200, -0.04633959503400494200, -0.06775215703960821300, 
0.13015494240666375000, 0.09813444341888710700, 0.06991432779548581400, 0.05529319943440072500, 0.04919132043000296100, 0.04283084459568059500, 0.03433879294266420400, 0.02133310754191681400, 0.00347296384756972010, -0.01620904284642854900, -0.03196478053826161400, -0.04341542499338238400, 
0.10658691970681883000, 0.08276091290523805700, 0.06080056645139320800, 0.04926336085216813400, 0.04447922354602448800, 0.03838175751373278100, 0.02958630501823421000, 0.01527620054697310800, -0.00111287300804341520, -0.01514088144389137200, -0.02399794332156277700, -0.02925403374482550900, 
0.09500920159537118400, 0.07411110277905891300, 0.05301879061865870400, 0.04156513026486694000, 0.03720755969146188900, 0.03436568398254073700, 0.02884274072399219500, 0.01723442260830941600, 0.00229010482738817560, -0.01218453256106526700, -0.02105715460673156900, -0.02722053258771729000, 
0.08625781938812965300, 0.06501594057039271300, 0.04595742668785175700, 0.03681244868217185100, 0.03328210755953974600, 0.03165513214812455000, 0.02790506683256727800, 0.02001375171728205600, 0.00676602879105724260, -0.00957529938269176960, -0.02022300345667255000, -0.02573641734663682800, 
0.08066773239165535300, 0.05977725178652088000, 0.04332042788471661400, 0.03624537621433245700, 0.03329957798789316700, 0.03014764844922387900, 0.02655877050255968700, 0.01887536541998602000, 0.00568123809949184180, -0.00930966433066389430, -0.01814178044309810000, -0.02138480891551288900, 
0.07751922975983631400, 0.05834445940991094000, 0.04395304731753263400, 0.03882327818280478800, 0.03723652231592242800, 0.03208950883052583100, 0.02535126315796600000, 0.01383664134936006400, 0.00034950738889721628, -0.01077240541724423600, -0.01499403478769771600, -0.01431734084008693900, 
0.07054635705120584900, 0.05241809861844431300, 0.04012487228629150300, 0.03738474352829096500, 0.03776818173098776800, 0.03371764771044094600, 0.02781999816194619800, 0.01806528208827029600, 0.00567022516828411590, -0.00631275772207464700, -0.01199262819044654900, -0.01129047558314706700, 
0.06337216393507916200, 0.04656273594206338000, 0.03575003545067147200, 0.03328754405893014100, 0.03421128118296684600, 0.03319777039323282300, 0.03087937520568244700, 0.02446524282863340300, 0.01185659218194768000, -0.00195309440042678270, -0.00965176952893054270, -0.01034472550154481700, 
0.05977805283502495000, 0.04486015121974618000, 0.03462990433306593200, 0.03186750342686910100, 0.03195620618652293000, 0.03140214827148239700, 0.03046152778844910000, 0.02588799785242829100, 0.01395685108461321800, -0.00020954015290344970, -0.01004219779152033100, -0.01225308183417814900, 
0.05343139286758012700, 0.04266851669652399500, 0.03430707251083157900, 0.03113559345118254600, 0.03069628809438448200, 0.03011311970362468000, 0.02828279346025520900, 0.02305767769348359200, 0.01324966118410888600, 0.00185873336761386380, -0.00663368164388012260, -0.01040677702194096900, 
0.04618961483895821200, 0.04023070104445188700, 0.03527623802703997600, 0.03235549534493326100, 0.03058316155472928800, 0.02815821658179220100, 0.02426932148571233100, 0.01852632657726354900, 0.01085818484120102900, 0.00335572082218927110, -0.00260542591841917990, -0.00688234936692507050, 
0.03853516389585240300, 0.03538965181057253400, 0.03206203890085883300, 0.02931206435100346800, 0.02699991277707303900, 0.02433137420849975500, 0.02059793798315719100, 0.01583533356332202800, 0.01023296470236291200, 0.00487795469854518040, 0.00015793275327659383, -0.00392238240267148670, 
0.03208056806562284400, 0.03013229467031376700, 0.02772478579774875800, 0.02534055287114817300, 0.02305541906707360400, 0.02056001883201721500, 0.01757078886642966100, 0.01401495576151103400, 0.01006417270780895900, 0.00608807456868946250, 0.00228173578479845630, -0.00128242976411955740, 
0.02695467557560105400, 0.02566213074130675700, 0.02398208702738080200, 0.02221859132772042300, 0.02041803280004649000, 0.01842586349458862800, 0.01611334805123203600, 0.01345240562015211100, 0.01055802729873736800, 0.00767208017270678330, 0.00488268869528038670, 0.00220149062381249940, 
0.02277442907196893000, 0.02179188919703537600, 0.02053902372983996600, 0.01925172431740482900, 0.01796331109304635500, 0.01650592920730917600, 0.01471800547688521800, 0.01263583214105798100, 0.01037423007864000600, 0.00819084956570875940, 0.00610369596393616630, 0.00404488603312623800, 
0.02111118021454513900, 0.02016256558427843200, 0.01902946331557571500, 0.01797280218091211500, 0.01698014409057414100, 0.01579116122104219300, 0.01419915159497317000, 0.01227128591144197000, 0.01024309703096512400, 0.00839778492871087220, 0.00673235643338342730, 0.00501687779358890930, 
0.01955939250430929100, 0.01860427182289052900, 0.01751857801778531100, 0.01659160097214656600, 0.01577314117374553600, 0.01475037587689427200, 0.01330189255480295100, 0.01151161689489557000, 0.00966075142543627340, 0.00805425652786938110, 0.00668582629243829640, 0.00527879534342306450, 
0.01828077916204674500, 0.01736965450962753300, 0.01633863355428653200, 0.01544499889420862900, 0.01465145449793571500, 0.01367006810780129600, 0.01228878324333153000, 0.01061680248828095700, 0.00889436026002358130, 0.00742284277648379630, 0.00615392692417907060, 0.00485104972241278030, 
0.01710009482270115000, 0.01627890136128603800, 0.01531735161097323700, 0.01447272458804009200, 0.01371940441633755400, 0.01278952722901950100, 0.01151635180140573500, 0.00996000221480840100, 0.00837474327468400000, 0.00697549891865739770, 0.00576462805619517000, 0.00448764714041931680, 
0.01599817137574222100, 0.01525912074321279800, 0.01437381490332488200, 0.01359365823365187400, 0.01290732395482011900, 0.01207374440428678000, 0.01094664699335594000, 0.00955506002309944140, 0.00812045099439699310, 0.00681548116273954840, 0.00567735753580176500, 0.00447262714629210330, 
0.01538957516402606400, 0.01471095276580177600, 0.01390106226806868200, 0.01317319164350938700, 0.01251385709236404500, 0.01171840853379735700, 0.01063466017414285200, 0.00931902020204459020, 0.00794291459430906260, 0.00669905455950499380, 0.00558950747514840810, 0.00443667370683388170, 
0.01496915106656064600, 0.01431664955645765700, 0.01353399801544908800, 0.01285624932546287000, 0.01224943924730326900, 0.01148529475819026900, 0.01044145591140156200, 0.00914488599366698910, 0.00783417220892012630, 0.00665158205099670820, 0.00563092901715796320, 0.00455280033604605130, 
0.01452704099416875200, 0.01391241255797261700, 0.01316664789005736500, 0.01249856173451775200, 0.01186664305226852100, 0.01108174131841034800, 0.01004310603316050300, 0.00878674632842641260, 0.00751622741218678500, 0.00634250464687610010, 0.00530876734429204260, 0.00422160612201476740, 
0.01410531706582606300, 0.01351172871724216600, 0.01276837280685916800, 0.01207962661891370100, 0.01141597589396033300, 0.01060562464250101500, 0.00957051394059248510, 0.00831010110791576170, 0.00703883107573621910, 0.00582848540558032060, 0.00476600381885371880, 0.00365038206207284530, 
0.01356470368501692600, 0.01301523482015164200, 0.01230634408621121200, 0.01164573149106129000, 0.01100102063493848200, 0.01021298432190202700, 0.00922618035668813440, 0.00801729684856100980, 0.00681181874594442680, 0.00564928999891319700, 0.00463387343876721370, 0.00354852340967980400, 
0.01336886443370789500, 0.01287468819727240000, 0.01222014336556595000, 0.01158200931070501300, 0.01093620746245075600, 0.01016407111386723400, 0.00922194995181125670, 0.00810427955227129020, 0.00699043140920319660, 0.00591512691053653220, 0.00494467286649217030, 0.00389002009712838880, 
0.01312779470375294800, 0.01267031952961814200, 0.01205146633709713900, 0.01141520374272367600, 0.01074039496924744700, 0.00995384804836673370, 0.00903313223789284010, 0.00797663969170435590, 0.00693710340188321680, 0.00590982592034269660, 0.00494825293161465190, 0.00389200982332128930, 
0.01264895341253269600, 0.01221248372236466800, 0.01163326965779967100, 0.01100485961411853600, 0.01031714332165705900, 0.00952142498971797130, 0.00860828455641252100, 0.00758992235966573360, 0.00657929111489980590, 0.00556320644835124180, 0.00456728033758457480, 0.00348009214704540600, 
0.01269576969238975600, 0.01227980748742778900, 0.01172575024320127200, 0.01109351438270301900, 0.01038670558995361300, 0.00955288690022366300, 0.00859453883145779200, 0.00751997716107277030, 0.00642289059235223550, 0.00530258204123580830, 0.00417338833639372370, 0.00296586367420444050, 
0.01271806257029756700, 0.01226686293847016400, 0.01162550423616866600, 0.01086933046157050700, 0.01002234111830889600, 0.00909538596942035400, 0.00810438575463385060, 0.00706570424225089290, 0.00602123859361471550, 0.00494881800387666700, 0.00383898674204210830, 0.00263566914322033770, 
0.01270210992078609500, 0.01211194843075860800, 0.01122807203423717800, 0.01015313317999471900, 0.00897495597204942160, 0.00774524448259269330, 0.00655527674698948810, 0.00540398723337085370, 0.00429628810554756690, 0.00320360772493186560, 0.00211650220808118480, 0.00098818474066038092, 
0.01351337507692211400, 0.01280384262155899600, 0.01171248370996290500, 0.01037468159800873300, 0.00884981388796496700, 0.00720803473649522280, 0.00556098885016225240, 0.00394390227967387610, 0.00237422196332166390, 0.00082596049840915188, -0.00061658471228535319, -0.00197213985356064790, 
0.01780904831890341800, 0.01663648489189970700, 0.01499705320605525600, 0.01308516778778127400, 0.01090943160058344700, 0.00856790323316861980, 0.00628634953831209210, 0.00414211773428098310, 0.00211096412820076980, 0.00015626193393390313, -0.00168546811153510680, -0.00337741012228613780, 
0.02433229297168621300, 0.02218831527641821100, 0.01952830692914925600, 0.01666586538774558100, 0.01346468863124030200, 0.01009426153892664800, 0.00697699396444885400, 0.00432541348539463090, 0.00200880094743777220, -0.00013097211386950164, -0.00212013314873077870, -0.00405060579042528390, 
0.02969529332558433800, 0.02628940488465349500, 0.02222389252240046200, 0.01804464853136871300, 0.01348714809987885300, 0.00895598089332014760, 0.00506670885159687510, 0.00220792969612630850, 0.00000404878651893493, -0.00200440899526827930, -0.00380234259301604710, -0.00559762274947285710, 
0.03362023507652402200, 0.02861267704428091900, 0.02254922631875035500, 0.01647713173916282000, 0.01027132709673624300, 0.00462398073892680580, 0.00049797268081373542, -0.00184084009230756420, -0.00257654611176357740, -0.00310565446806690010, -0.00355854645468302830, -0.00440093351083801440, 
0.03551217543710309000, 0.02948166683608662400, 0.02248487224933552700, 0.01541968275440481900, 0.00806986225794172410, 0.00122442278396148340, -0.00330268452828214300, -0.00526449763583790660, -0.00512118291785254760, -0.00479849322785434830, -0.00431605339158998640, -0.00389796819645262540, 
0.03789730416608302200, 0.03120852605846170800, 0.02364772528803586400, 0.01599238836337990900, 0.00767927430231507730, -0.00045501027339330327, -0.00592989589406484230, -0.00801134848536123880, -0.00815804425787991680, -0.00786313699376498670, -0.00709921958570514270, -0.00604220975729596270, 
0.04084826441514675900, 0.03359528386824244000, 0.02555316078754762600, 0.01736287027933120000, 0.00828811520099508730, -0.00070237932755376183, -0.00741419372534658870, -0.01072180316003259200, -0.01212021936775759200, -0.01280831910518794000, -0.01286913315591814800, -0.01223854276706734900, 
0.04324686410041145300, 0.03541522466223610100, 0.02727480221725005900, 0.01922605298692073000, 0.00974536032835467140, -0.00016771932599420015, -0.00811961934798288020, -0.01245417786700260900, -0.01489465646301896300, -0.01669663662933211500, -0.01763434858347589700, -0.01702861548254158700, 
0.04422749776134727400, 0.03637256041258294500, 0.02795648265803493700, 0.01952153355378577800, 0.00962390209659916980, -0.00075923102107869778, -0.00893586747144070080, -0.01359763049235342700, -0.01619849165458131500, -0.01816385677321809300, -0.01887686949043425000, -0.01818598604600295600, 
0.04271495927127010000, 0.03513502833749709100, 0.02650359883002498300, 0.01797709021779695200, 0.00845265263577038050, -0.00125635987531447250, -0.00921952008642809230, -0.01421185357263055800, -0.01694037719674984200, -0.01848886757044480900, -0.01888684787487373400, -0.01834819537425616200, 
0.04053020495923882700, 0.03317018398177961500, 0.02462193316820527500, 0.01660546206465170200, 0.00768553280064639220, -0.00126560156020676110, -0.00893629017836686940, -0.01377649097323179100, -0.01672335780594058300, -0.01794220619730204500, -0.01808634699592622300, -0.01715992203359061700, 
0.03708663504831730100, 0.03047069098228466200, 0.02297256183028657800, 0.01574657954667234300, 0.00768001789671483340, -0.00076561585286546562, -0.00782993691224012290, -0.01216283821679359700, -0.01479731582299572400, -0.01635705073520381900, -0.01673442608455239600, -0.01583411623422939900, 
0.03252464008691140900, 0.02636215940449955500, 0.02015734823054639600, 0.01443386158472295000, 0.00767070581773855040, -0.00012993354515433676, -0.00657266431293727830, -0.01036326799849332200, -0.01263770812886555300, -0.01462371392589730800, -0.01524978661705284900, -0.01433843235485989500, 
0.02890742077544322000, 0.02304156235201535200, 0.01759553189479712600, 0.01293054457777433700, 0.00724572256140178920, 0.00035417102828481033, -0.00523482007106404030, -0.00862012678048711640, -0.01081021851369107200, -0.01274125461033504500, -0.01322256198688863100, -0.01212976554845469200, 
0.02625453411313558000, 0.02101239149610931200, 0.01600013242784854500, 0.01178425520199073000, 0.00680185052697147330, 0.00069604295071447873, -0.00418891362134133410, -0.00746227424009750750, -0.00951799534291041150, -0.01126480746071664400, -0.01167737634563337600, -0.01089994398237247600, 
0.02513138950549933000, 0.02029707955142538400, 0.01556317750692996400, 0.01141133984496318700, 0.00645390239998052710, 0.00065289387651427965, -0.00406800932666268220, -0.00726169321402749150, -0.00902329255884517550, -0.01067244040050754900, -0.01114198689415269900, -0.01089621967795618600, 
0.02421917615360964100, 0.01967088872502152300, 0.01493643711822177100, 0.01059022061315644800, 0.00558230188359935650, 0.00028605711038351888, -0.00389145876696558170, -0.00669193339314458870, -0.00822659765679672850, -0.00978650453246426850, -0.01040937360329687400, -0.01062216933891394300, 
0.02216114391001889500, 0.01780033757104167200, 0.01324294234487109100, 0.00913669945730248050, 0.00464073826028919400, 0.00009024528204997330, -0.00306448966528547310, -0.00500161177237667090, -0.00601812565903067640, -0.00712415049562709760, -0.00773154514768921960, -0.00795956385816575480, 
0.01979419229361603300, 0.01627764016185241600, 0.01246882186809900400, 0.00876630685084574780, 0.00484539449576705180, 0.00062246637246666386, -0.00247705239859728580, -0.00459643398612968360, -0.00573677887991616740, -0.00690456298244885270, -0.00778060448944736460, -0.00745728404029020410, 
0.01780300370344621600, 0.01497185427103194100, 0.01166531751895161100, 0.00850222037897623880, 0.00521928997129993050, 0.00176464525012955210, -0.00097794797773870278, -0.00306527993233869990, -0.00452285738245030750, -0.00591900333089069150, -0.00707433537479232150, -0.00744473585316587830, 
0.01662787595357097200, 0.01393615845910963800, 0.01115126150874588000, 0.00875833782727442400, 0.00615294492755952270, 0.00329111866880232640, 0.00094575449694615538, -0.00079900516579065105, -0.00232561902112977640, -0.00395417280514129100, -0.00544356367779501820, -0.00677993265985483120, 
0.01756929259816503500, 0.01475185964145489200, 0.01200813445439818600, 0.00982703399500262610, 0.00742496355248981580, 0.00455383037350454500, 0.00192572141393169000, -0.00019986186615563481, -0.00198164944740855840, -0.00390556466102559520, -0.00570433556717318740, -0.00739839415351159660, 
0.01723044369462959800, 0.01446194363036188400, 0.01171913397767601100, 0.00962571495124780840, 0.00751910424042594520, 0.00501738991507748920, 0.00252930419879705220, 0.00038788622896808466, -0.00134070908084900010, -0.00316931798979664660, -0.00509026378339642350, -0.00708631933746380490, 
0.01344332454428807200, 0.01119906844253356800, 0.00920983954232946700, 0.00784606147861294410, 0.00650668862512945780, 0.00477265564960273420, 0.00296124366195766550, 0.00133507995764058820, -0.00006922860146864316, -0.00139142866655847130, -0.00285300841963246480, -0.00444282161957568290, 
0.00923004094645248070, 0.00802059369150972570, 0.00698366008479892830, 0.00626138288679584620, 0.00553074112581899890, 0.00450999320939064580, 0.00339453567351036270, 0.00230229999659954800, 0.00129115371703751500, 0.00034672729414587803, -0.00064268373128189887, -0.00169653292887227700, 
0.00872744834753881250, 0.00810546039268905840, 0.00725655172141225630, 0.00652548884806283030, 0.00575324648545355850, 0.00484087291924617610, 0.00393833094171744480, 0.00292616052428346830, 0.00203795550826079950, 0.00106946077874655350, 0.00017588618912400226, -0.00082365153336011964, 
0.00828844248805778170, 0.00773119102416152180, 0.00703925516116634190, 0.00644637899606174180, 0.00569817931356731820, 0.00477010625632179940, 0.00391200280911609740, 0.00303538509595943770, 0.00221420318945164850, 0.00122026706013510410, 0.00026654342452572154, -0.00068346362314468878, 
0.00715839737233785880, 0.00661419315766840610, 0.00617585303731521630, 0.00581375551965829150, 0.00520141282945468190, 0.00436590953531230610, 0.00360742069189881830, 0.00298014674046666060, 0.00224412744169436800, 0.00132145619135501810, 0.00045387569165597708, -0.00024901184159440234, 
0.00645276065448808880, 0.00591208574764201960, 0.00555235274790572000, 0.00533642371180120120, 0.00486080170423475090, 0.00415625720567724260, 0.00355154269269207950, 0.00312333631299649890, 0.00256840631084647060, 0.00179343791390556620, 0.00104110073011413810, 0.00046464328867766835, 
0.00619167888615912610, 0.00573908648825632600, 0.00538876647319447720, 0.00514924588037905980, 0.00474269578069394250, 0.00415546830839096020, 0.00358856362711534610, 0.00313836186422989960, 0.00262816966409425190, 0.00196651089948364980, 0.00126652602193425630, 0.00062627718132127078, 
0.00599926774225113290, 0.00565487772313079920, 0.00538452924746841200, 0.00512381994542694850, 0.00472366528342278540, 0.00414256516271245550, 0.00357695707302200980, 0.00311471646619580720, 0.00259435209103746820, 0.00191129085891351860, 0.00118716786312371320, 0.00053538198771345901, 
0.00545422549221455560, 0.00515337671158470730, 0.00494650269009899810, 0.00475700714814159590, 0.00438847096644001940, 0.00385486317120170520, 0.00333999521882461830, 0.00288409308378062770, 0.00234634356798733370, 0.00168457203517539260, 0.00101150062863123540, 0.00038831249059332912, 
0.00459286956790625360, 0.00432439996316508380, 0.00416436037709457840, 0.00406464080353825460, 0.00379256172083131030, 0.00336136089648786560, 0.00294061473829466260, 0.00256635865393512470, 0.00214841441244377050, 0.00166082871571322920, 0.00115225671416400670, 0.00063422800897647335, 
0.00411313853227661480, 0.00386522322655002410, 0.00374429409432773570, 0.00366965675236070180, 0.00343056261407396510, 0.00305771637428506150, 0.00271359708983650270, 0.00242752913142133200, 0.00208143642190436770, 0.00164280099712515920, 0.00119987950631857280, 0.00078429254349027982, 
0.00369643733980303760, 0.00344451240354619200, 0.00338195969073844990, 0.00332641666312152340, 0.00308144248099284130, 0.00276758621496345400, 0.00251418946636718580, 0.00226916074294802530, 0.00190991586102807450, 0.00148779658290577680, 0.00113680212220507130, 0.00080615712738214384, 
0.00319794678054147010, 0.00293819854551108850, 0.00294276984560264050, 0.00294344501374635760, 0.00271788663128394270, 0.00244479902565432690, 0.00228248264042764690, 0.00211304320736891570, 0.00176395983068732610, 0.00137729727173144660, 0.00114463220695520970, 0.00093155738595773621, 
0.00279454444028044480, 0.00256544343357658100, 0.00256797599191560880, 0.00257324300636286920, 0.00241314590870949890, 0.00215393011438963630, 0.00198380509733840680, 0.00185424480184575590, 0.00159784466390304690, 0.00128691591709003980, 0.00105808487494331300, 0.00086054244929973246, 
0.00293607207437356080, 0.00268482301898474760, 0.00258611843855844140, 0.00256928160996372240, 0.00245655987036804640, 0.00221187578398187280, 0.00201425836813716150, 0.00183601637187758190, 0.00156410544258877760, 0.00125185917329510730, 0.00099546008434511779, 0.00078299217267617722, 
0.00460222670786510510, 0.00414179558138410250, 0.00385601972609789230, 0.00381863913764502640, 0.00372423825557872870, 0.00345235894464769170, 0.00310667167361847190, 0.00266787705819294780, 0.00212358868925307090, 0.00161636359200324920, 0.00124674097202210570, 0.00095584596906039007, 
0.00575832146866570370, 0.00510830656070472220, 0.00472928986812091480, 0.00473408070291054480, 0.00470268104123408060, 0.00439307881530267940, 0.00387973680575495660, 0.00328465409652638290, 0.00258684671373635630, 0.00195091473022633080, 0.00146167489315903980, 0.00111759082238899970, 
0.00524194263070355130, 0.00454772226012687460, 0.00417703177374163710, 0.00420179441878596170, 0.00427300460318757750, 0.00405041709261069060, 0.00358708685265302740, 0.00308119862173809140, 0.00247352004983320780, 0.00193041801177605360, 0.00152712826126899770, 0.00118378943208012140, 
0.00476209288439575010, 0.00405304640591259110, 0.00364944976283616570, 0.00367323486700115060, 0.00385270689088900280, 0.00369268044486150120, 0.00327667365857168410, 0.00275163446561055250, 0.00215190246456297430, 0.00168270551489008070, 0.00131829604793481550, 0.00102519063039777460, 
0.00448802447307848020, 0.00371288310904223550, 0.00327684259959597300, 0.00329801221294330570, 0.00346156774409094690, 0.00323446974917585870, 0.00276443371194403950, 0.00224008870272119100, 0.00170308104799460070, 0.00126085098266666550, 0.00081030242496683163, 0.00049941617551876134, 
0.00425218521258702640, 0.00342425135958310820, 0.00303449202710601940, 0.00308811917698909420, 0.00316156777088350770, 0.00281004593772069810, 0.00226349252111666130, 0.00180200276721091310, 0.00142410460360755130, 0.00103260042538650300, 0.00056050541653056383, 0.00014622389316588030, 
0.00390214602013356580, 0.00301837035798724080, 0.00263438778046707830, 0.00279254869434207190, 0.00296985375517213680, 0.00266098576291992410, 0.00205957211250832120, 0.00161027810899093100, 0.00144514327103399960, 0.00122653902005149720, 0.00079083468966476152, 0.00027565544017316379, 
0.00359773336016862030, 0.00256648574847467920, 0.00219466721289677400, 0.00254902714409658070, 0.00293230793946594500, 0.00271379193106809690, 0.00200348798449758800, 0.00145596731456598120, 0.00134644518560584990, 0.00126682679224426730, 0.00098052849783379701, 0.00056470804459268927, 
0.00383290146092334690, 0.00271425998192285000, 0.00231727759134606060, 0.00267116336245243550, 0.00308134913569274970, 0.00293718346101969110, 0.00228819045703824350, 0.00173564789943170220, 0.00141740445420490410, 0.00115924424757011160, 0.00094639294058358942, 0.00074733038750090055, 
0.00428536250019745470, 0.00318681418876893800, 0.00279716523439181570, 0.00313829144246647370, 0.00345335452420531420, 0.00315345379445741750, 0.00240923898501817440, 0.00180120717281491100, 0.00151819242143687240, 0.00128800140393278870, 0.00105929021079350750, 0.00070217729711011788, 
0.00429747045590026490, 0.00308844417840650930, 0.00268530809764538520, 0.00315543732708295760, 0.00360960214921965440, 0.00333118307596419600, 0.00253045063407489550, 0.00184418490212290570, 0.00152540904039994070, 0.00141785934172514350, 0.00134631473614696600, 0.00098492127873986207, 
0.00434437335883901790, 0.00334577547551270090, 0.00303598585731164500, 0.00333351773071392360, 0.00360948842242679070, 0.00328535828272140870, 0.00260258334881204210, 0.00201387853418325080, 0.00165736914215485140, 0.00136887781034831110, 0.00118949972350655530, 0.00084295950343035318, 
0.00445420321101700630, 0.00370364223618258700, 0.00343230433655532280, 0.00355400194601129290, 0.00355468582943831500, 0.00303250275117812000, 0.00240558355074615420, 0.00193136410583624240, 0.00163125155514689740, 0.00122972284390218870, 0.00075730232888999982, 0.00031728558547275377, 
0.00409159987726787420, 0.00330655022634833130, 0.00298170253371178840, 0.00313546830733960490, 0.00326462058794147650, 0.00282221094840386400, 0.00217137801889975180, 0.00159325630646722350, 0.00122997924154925540, 0.00099391624017153984, 0.00071068856664184489, 0.00034858469561802280, 
0.00362387025619764900, 0.00261628864586635570, 0.00224877864042745180, 0.00261866844003458840, 0.00308035083962957890, 0.00287174196514848470, 0.00210664345232242050, 0.00135531503468156270, 0.00101015953639149700, 0.00105130716296084280, 0.00104908241270785790, 0.00071030347783623956, 
0.00362011931779698550, 0.00281683289266727430, 0.00249030131979282230, 0.00270696951337437820, 0.00298047837084289190, 0.00276887434826006420, 0.00210502871208946560, 0.00150471323840202620, 0.00123427141840702940, 0.00119120606700193160, 0.00104710846937267110, 0.00060071254723535414, 
0.00342189427954280470, 0.00280233456463106550, 0.00254117758751180950, 0.00266913841507069410, 0.00279017456494600650, 0.00247049255487407500, 0.00189732156612318780, 0.00146600324878548140, 0.00129962729845580220, 0.00119357501798381290, 0.00085939625812583289, 0.00032711978243440151, 
0.00302621904803492860, 0.00248003063974133870, 0.00222212911014019790, 0.00232464489048820990, 0.00251380363049101120, 0.00230420608378717690, 0.00182067084643456360, 0.00136442648641214840, 0.00110615871279228410, 0.00101788046515555520, 0.00083603245346428024, 0.00045290427303895333, 
0.00281018348790290080, 0.00241088080865377050, 0.00219036403646957150, 0.00217342320581546220, 0.00218822142995158190, 0.00193496319710769460, 0.00153399103097535030, 0.00116861332402267110, 0.00090195914374438361, 0.00071746884469120302, 0.00049193619131955297, 0.00016222792222625790, 
0.00267359181430362270, 0.00238897460014556380, 0.00218411608882530810, 0.00209819368609618020, 0.00202360608692536950, 0.00180423262819345840, 0.00146665392692512660, 0.00110272353724109740, 0.00079430722116500424, 0.00052724100209945463, 0.00025630616005210556, -0.00004978278942037811, 
0.00248678217921718260, 0.00228791083483535080, 0.00210716678670194070, 0.00198835607470109920, 0.00189303041735361150, 0.00172882623181021420, 0.00144809698545596710, 0.00109153839254839090, 0.00074462610230813979, 0.00044649433413471694, 0.00018723920208771821, -0.00008754593381703623, 
0.00216500409360601740, 0.00203163733413794190, 0.00188104930569647430, 0.00173366079022629510, 0.00157906821570697060, 0.00138221030799030020, 0.00112563174883213500, 0.00082640253412872449, 0.00051781861225506779, 0.00022504576909833241, -0.00004795856879747294, -0.00031606689005106019, 
0.00148909454280096920, 0.00137632747532878190, 0.00124327271555481520, 0.00110962800144258880, 0.00097034818695192085, 0.00080567050722483015, 0.00060734711802419973, 0.00038532113327554126, 0.00015779355629320054, -0.00006047969043243138, -0.00026561961359763020, -0.00046048146789517177, 
0.00098704261147890943, 0.00089849402104555170, 0.00079564231037704519, 0.00069152926283215716, 0.00058297525869515222, 0.00046120487286630143, 0.00032381474827693706, 0.00017600199010805334, 0.00002816811205769426, -0.00011680626516080643, -0.00025643435474340131, -0.00039073875808594906, 
