0.85883424908096018000, 0.41447236811005050000, 0.24555360291541492000, 0.17924795740435437000, 0.11190404267455527000, 0.06191409124448135600, 0.04408347750730962800, 0.04770484299596788900, 0.04823906751575209700, 0.02977088786465657100, 0.03293734482419265200, -0.13238078831184011000, 
0.35018158604059607000, 0.28362893634849673000, 0.22300017045667225000, 0.17523926589632960000, 0.13859054241357360000, 0.10976339775266104000, 0.08910055519911308500, 0.06949210547357753700, 0.04452309243475571800, 0.00866642347017567570, -0.03714587863840881900, -0.09909960427338336500, 
0.34580355683773972000, 0.27455169351570674000, 0.20152412842401463000, 0.14787296987319698000, 0.11382940717137933000, 0.09062973960521210300, 0.07275311958759977900, 0.05437658813613639000, 0.03209457721794103900, 0.00239708376802960990, -0.03950538601691740100, -0.10346013930669637000, 
0.27255714624861593000, 0.21629121561123560000, 0.15612279845910554000, 0.11124336207131028000, 0.08435693119912277000, 0.06800584100651144200, 0.05793301799113673200, 0.04654111114157077900, 0.02742085857902321800, -0.00120579468306170060, -0.04025137975705357600, -0.09311874431875899500, 
0.22376357747787157000, 0.17615933744543993000, 0.12313817978977280000, 0.08276604075229414300, 0.05920701536681475400, 0.04870789984295890300, 0.04380702269296768400, 0.03879145437669195800, 0.02487154061805972200, 0.00005549222911454405, -0.03549118537739137700, -0.07895923352937826700, 
0.19821610919932889000, 0.15757089094776464000, 0.11020297088947062000, 0.07367129349195489200, 0.05135160577582770200, 0.04164611868348386300, 0.03425158948983374900, 0.02731970146446508600, 0.01406104698327452000, -0.00813656973835324630, -0.04009115055046762200, -0.07446809328799958200, 
0.16686046703784418000, 0.13581051486478421000, 0.10046810707957622000, 0.07327905459587454000, 0.05558015813535328200, 0.04448374337289205700, 0.03383473575683971400, 0.02156317981189847400, 0.00461148198889642200, -0.01663624763595366800, -0.03980027051786780300, -0.06020487178909722500, 
0.14097065067738221000, 0.11602559168602714000, 0.08933470220777381400, 0.06921393669093098300, 0.05509032838770436300, 0.04349794354429661900, 0.03138466604622771500, 0.01708751575862729700, -0.00049832677585520679, -0.01967892877288772400, -0.03572774989558847500, -0.04675015892538857100, 
0.12229878885250782000, 0.09878102662374470300, 0.07439236246759306500, 0.05749658401265817000, 0.04736334216168232300, 0.03943215850391326700, 0.03105738642558694000, 0.02023880940799553700, 0.00574948586548432090, -0.01124245500385931100, -0.02654885658074630100, -0.03766458039911194100, 
0.10271552844480018000, 0.08178419494334895900, 0.06016450893915335100, 0.04607223402773184100, 0.04024167293614294700, 0.03554226372190834300, 0.02951415797580768700, 0.02000051156195573700, 0.00699338577764110300, -0.00756772660547033300, -0.02023810488429417600, -0.02823223198510126800, 
0.09088466201796571700, 0.07257249150467501300, 0.05497607350635941300, 0.04426328679083108700, 0.04034013413715753500, 0.03655034829655492300, 0.02965682370702373700, 0.01874737659531902600, 0.00551279302530443320, -0.00637417182662820910, -0.01443882600646493600, -0.01842907031089296300, 
0.08861795704680136600, 0.07169966074679345900, 0.05620511457878999600, 0.04766804897189409100, 0.04368521615505605700, 0.03959081036982877600, 0.03200996065159375500, 0.01944302686063974900, 0.00482335577698790160, -0.00695063245757051970, -0.01243836932777039500, -0.01499935220757262500, 
0.08370171422018472800, 0.06809595643586582900, 0.05445551421034174100, 0.04755714119918519300, 0.04397767396310146200, 0.04004835133451435700, 0.03295074853083619600, 0.02094419683655476800, 0.00629659780505057230, -0.00637694227385379040, -0.01232710142884491400, -0.01577433836745816000, 
0.07484944812815644300, 0.06379002626443768000, 0.05431121481221974600, 0.04903998280698977600, 0.04544193124848840800, 0.04093564440943808800, 0.03424547810314559900, 0.02411506007784247600, 0.01181165217268942200, 0.00065168561898476529, -0.00672150715448495760, -0.01191403500788974800, 
0.06862831464549366800, 0.06132562540738559900, 0.05452448431235252400, 0.04981288096525095900, 0.04554417743134556200, 0.04041521885960980300, 0.03404215177246047700, 0.02562970253623451200, 0.01582245227780171600, 0.00632705463336273930, -0.00128200766399133230, -0.00751943302678644530, 
0.06166425704601249900, 0.05662157633273255000, 0.05137678908111181100, 0.04665538005173214300, 0.04193949185820682700, 0.03680346516201185600, 0.03088740516152986900, 0.02377572277418392800, 0.01582358353017249800, 0.00801532813178714930, 0.00111994615491460340, -0.00511007120543242530, 
0.05204352824097799300, 0.04839776785858704300, 0.04444197962674605000, 0.04061223703565414900, 0.03695746374958903300, 0.03294436291932433700, 0.02822858154393613500, 0.02217254998740063300, 0.01517186784925589500, 0.00816049005904488640, 0.00199304248765689710, -0.00350089258500378650, 
0.04585923185402680100, 0.04320828088787178500, 0.04016386885336631400, 0.03706774066425616600, 0.03382170035984088900, 0.03023104115688084500, 0.02608591661510758700, 0.02102245916425045000, 0.01510975881907297400, 0.00907360152313069210, 0.00363033537909556980, -0.00132250979763735410, 
0.04403360005353237200, 0.04191105537189851500, 0.03926035415715062300, 0.03635406638142139900, 0.03298652558649849800, 0.02925352275616402400, 0.02505381576725697300, 0.02032305936403235000, 0.01500822385902751000, 0.00966650304426297170, 0.00458646430703685180, -0.00029527352727627253, 
0.04301479514563976600, 0.04135167548561327600, 0.03897915107763556100, 0.03612293827689034400, 0.03281945078058672000, 0.02909620164957818200, 0.02502347845071777000, 0.02057847825057561300, 0.01586183023967524500, 0.01109897549273842000, 0.00634424562506827150, 0.00162516738637837360, 
0.04110957841119529400, 0.03969579753237190800, 0.03762647915163854600, 0.03506815150849488400, 0.03212519235320401800, 0.02870655004389974600, 0.02493430510996158900, 0.02077113740268370800, 0.01644691012311932200, 0.01210807619137544900, 0.00777240953453889850, 0.00343390657601162510, 
0.03877717882071979300, 0.03739017951013660200, 0.03544948225831941900, 0.03320422725129059500, 0.03065333364604820200, 0.02769166818760716200, 0.02429011213794209800, 0.02047484459782802900, 0.01646602865558751200, 0.01249200894645732100, 0.00857631575430076870, 0.00467288315393241460, 
0.03616787323339477900, 0.03486347363418955400, 0.03306472186478805200, 0.03106595700051528400, 0.02883051506686712700, 0.02620741999967349900, 0.02313877007257027900, 0.01964356206384896100, 0.01599440162795767700, 0.01236518519676992100, 0.00881682319543082220, 0.00526057963313090490, 
0.03284684417253957300, 0.03172338362809808100, 0.03017411027184673700, 0.02843478130541892600, 0.02649021925554822400, 0.02421854907158714500, 0.02152803637588080600, 0.01846290183787560300, 0.01523095342874103800, 0.01203570534510022500, 0.00890553615529618250, 0.00576356261127835760, 
0.03050313445527411500, 0.02948773081694564700, 0.02809466136619966800, 0.02655277946179308200, 0.02484629162514472000, 0.02285489154105415200, 0.02045598544647832900, 0.01769150085712450200, 0.01477535499103512300, 0.01191143199811607300, 0.00913955811246750310, 0.00633930523521237900, 
0.02893589722194440600, 0.02803442887894397300, 0.02679226796496273300, 0.02538869758480595200, 0.02381395523135681300, 0.02196646536367249600, 0.01974160958346693800, 0.01720992442590381400, 0.01450889002796774300, 0.01186363266039929300, 0.00925499424813101650, 0.00662477795577619270, 
0.02753231571192645700, 0.02672749933931266700, 0.02559386914688004800, 0.02430664972358962500, 0.02284703667741038600, 0.02113897682635099500, 0.01909461211636469300, 0.01674898486301649700, 0.01425363377703841600, 0.01177889313114102200, 0.00933945083809104020, 0.00687499039998720580, 
0.02712382952561229200, 0.02636969294441241000, 0.02527565328302685400, 0.02400353405157024800, 0.02253775428868294900, 0.02082866017500260200, 0.01882176589647804900, 0.01653492592718554900, 0.01411221905574698400, 0.01166570658829537900, 0.00923693617833026320, 0.00677051720277971250, 
0.02739559769497708000, 0.02666540042440084700, 0.02557355332552248600, 0.02427380990606038700, 0.02274595622726144700, 0.02095892683366743300, 0.01889102011759847800, 0.01656451664566699000, 0.01409193669285012000, 0.01156179010986703800, 0.00902762157171074250, 0.00643317987714065850, 
0.02701214184414954500, 0.02630784410632232600, 0.02523645415098926100, 0.02396742434101544300, 0.02246806858249432100, 0.02067573530011390000, 0.01861950021674002600, 0.01625453971355620900, 0.01377298632405899100, 0.01119413856338506700, 0.00861677450622661860, 0.00594914932288721260, 
0.02534290259415828600, 0.02463759403898983100, 0.02358076709499893100, 0.02225806021178586300, 0.02071076860206129800, 0.01884215488622523200, 0.01671564822772631300, 0.01427165507061266300, 0.01165530829825228400, 0.00891017725098416230, 0.00609139365754400330, 0.00321833154446204360, 
0.01715968336304769800, 0.01657107668252869700, 0.01573762751376985700, 0.01469468642174768200, 0.01352421337212115500, 0.01217184280424371900, 0.01067423184479197900, 0.00898425483401741820, 0.00713534962521854360, 0.00519040887124388750, 0.00315766292641229310, 0.00111663086703844470, 
0.00973221889019815210, 0.00910522324569545090, 0.00830025311996554150, 0.00737557360490364790, 0.00637578876320641160, 0.00537829070190589020, 0.00434986772973527770, 0.00324082119441737160, 0.00205049901991718110, 0.00084961316206769004, -0.00031853214227717540, -0.00138907640975607210, 
0.01082957900083441100, 0.00992645170942820650, 0.00878440230168877310, 0.00744105086948764010, 0.00590416584521594700, 0.00430317004198315420, 0.00267304945219471640, 0.00101292720495712790, -0.00057178433025594747, -0.00204753273188258570, -0.00329521196636856470, -0.00434566876622863740, 
0.02046236495496037100, 0.01894152631916157200, 0.01704004435761268300, 0.01478676632419872800, 0.01210546581908685300, 0.00920432325156472600, 0.00642676290443212460, 0.00378040416859149260, 0.00123405955921420750, -0.00120526506643283690, -0.00343135772436999660, -0.00545503205485949480, 
0.03140618205906776900, 0.02860795348689278500, 0.02545314849289671500, 0.02192560843299497600, 0.01768594496881032200, 0.01304636688871033100, 0.00898074601860455320, 0.00562676491297825140, 0.00251186458413407610, -0.00052571089999608241, -0.00327334522487933910, -0.00565058208689738890, 
0.03760381717561382700, 0.03330668997492929700, 0.02836404390590723300, 0.02319920545585118400, 0.01737947237099587600, 0.01126151440204895000, 0.00623711489916664330, 0.00279414569157842910, 0.00040589181505452205, -0.00164115123385667320, -0.00330544132778995150, -0.00483967597758306730, 
0.04119358058386499200, 0.03562880252603363400, 0.02879513474622579600, 0.02184467654473398100, 0.01460112557144032300, 0.00764832555283815820, 0.00218101119339309240, -0.00119422709182178410, -0.00255491205645094230, -0.00300674782813216800, -0.00299044704406649380, -0.00363650488485099290, 
0.04045341304404182600, 0.03483316616643978400, 0.02775227124640827100, 0.02025636696300856000, 0.01259584440001682700, 0.00547915433276567440, 0.00016361313321932897, -0.00282686109846128340, -0.00366186563677950270, -0.00332259945826608120, -0.00260225649336243410, -0.00228400168251648200, 
0.03899847744941118500, 0.03380768565775033700, 0.02734875043133197900, 0.02039232168014615300, 0.01300420035354602500, 0.00580013525073695260, 0.00022100168179654898, -0.00300643952877241260, -0.00438857301074745570, -0.00478017662804141630, -0.00452999025438863630, -0.00390040915146235400, 
0.03897545918651827000, 0.03392284467668869200, 0.02782384639334866900, 0.02123270795321764400, 0.01402689930747710500, 0.00667450018105771990, 0.00067594687937170390, -0.00317981883529378860, -0.00542609633941561280, -0.00690466103043546960, -0.00748104071863861090, -0.00741833829162078660, 
0.03945142717699592900, 0.03454107269943049200, 0.02859986765104329700, 0.02205221376921322900, 0.01475204168900647700, 0.00716594036793216910, 0.00088218313316133648, -0.00346454026661589160, -0.00640100120226893070, -0.00859397696949701190, -0.00993385409717364130, -0.01051031134524878100, 
0.04083270287840860100, 0.03556900295246626800, 0.02937071783048779100, 0.02288405230024126100, 0.01545657334293113600, 0.00728810625227364720, 0.00020979606977255811, -0.00489360082648486030, -0.00829399890722487890, -0.01076464202705279000, -0.01225778562284985700, -0.01297693961331544500, 
0.04304349682238826200, 0.03719384467831568500, 0.03023173077420545200, 0.02306630612854490200, 0.01497547690498748600, 0.00613978327912054890, -0.00144302526440201100, -0.00694371008186578030, -0.01016355536662397000, -0.01243313543505425800, -0.01348571974571430800, -0.01401978772635046100, 
0.04467494236970525500, 0.03815560013506888400, 0.03045691838384660700, 0.02244196513375581000, 0.01347981051620921400, 0.00401769263347902160, -0.00376146576035999920, -0.00904553178760496460, -0.01174743282640146700, -0.01335632596650965200, -0.01366506056002827300, -0.01321036051610492400, 
0.04563535277367563500, 0.03859722698561045300, 0.03007857457489390400, 0.02127107990502617400, 0.01154889177131123200, 0.00162371218941391010, -0.00616195471798474700, -0.01069940991954882300, -0.01242349855424257200, -0.01297365468782607000, -0.01224091483089600700, -0.01075375561740759400, 
0.04734696010647333100, 0.03974669680609670800, 0.03004834254008877500, 0.01996660392741796100, 0.00915357873465509620, -0.00105747567620887860, -0.00878447762502287430, -0.01259554442924565800, -0.01331550316345381800, -0.01283458294063263100, -0.01096054970015799100, -0.00869931740335134170, 
0.04812568342939434900, 0.03996898276552042500, 0.02952940053448889500, 0.01848442522717458000, 0.00712627374104669430, -0.00322923393492148200, -0.01084788909981963600, -0.01440172334029291500, -0.01453628136495431500, -0.01312690087215050500, -0.01035498975782353500, -0.00744510740239674300, 
0.04716848034182973700, 0.03912127174009537300, 0.02918973975385446400, 0.01887203621323474400, 0.00836763208312429550, -0.00157513462886890400, -0.00921775334302204350, -0.01345922803930838800, -0.01465643180962729900, -0.01418368296937186200, -0.01230897526109027100, -0.01015078516576039400, 
0.04337421478181370500, 0.03625397627337836900, 0.02792243293597408300, 0.01969716580933592400, 0.01110081254878916300, 0.00238576560652661430, -0.00513512768246601570, -0.01021225494550612400, -0.01316162060176888000, -0.01436932847230412000, -0.01449384513341244300, -0.01377451161749348000, 
0.03848960983282932000, 0.03277950323550807300, 0.02627794657832910300, 0.02008377747799025900, 0.01304746778779511900, 0.00530186071180687060, -0.00185202792338865720, -0.00709733828626259250, -0.01089415055350300700, -0.01364890521412681600, -0.01566721442312766000, -0.01603096659521110300, 
0.03601935772637738400, 0.03072735968404057700, 0.02488031569178711400, 0.01942258798861612800, 0.01308100466480367200, 0.00567678803968531960, -0.00112927672525170010, -0.00631811283048994660, -0.00996947112483892970, -0.01299434077230269400, -0.01542102963589719200, -0.01676901105958594100, 
0.03529734436851291600, 0.02957886124861820000, 0.02319820628363360200, 0.01729448066246985400, 0.01109882962797891300, 0.00436085666023872460, -0.00171351414451071000, -0.00637446538200737380, -0.00937836802753141620, -0.01155224433199904600, -0.01350805956120312200, -0.01550401084201901000, 
0.03305316974922122700, 0.02745889694999267800, 0.02115530249477818800, 0.01534882252117068800, 0.00946929143219885950, 0.00345060216209947410, -0.00172624439726829470, -0.00539141641049425880, -0.00771793929218776190, -0.00956952573170199130, -0.01159173865357065000, -0.01374341989103739800, 
0.02978703226894164100, 0.02499034548059087300, 0.01972707613548643400, 0.01491391961780287400, 0.00982486576876315940, 0.00447513890006227300, -0.00004180232893041163, -0.00319932154827163530, -0.00563113039953341660, -0.00799672332314474950, -0.01019925597131326700, -0.01221219169794108200, 
0.02864485309531094500, 0.02443421734841576300, 0.01999695791305553700, 0.01592385182905299900, 0.01144895699958997000, 0.00648759299546161110, 0.00202440371152192310, -0.00146611589678527410, -0.00458316453132415900, -0.00767016564374503780, -0.01035611805479263500, -0.01263003634025727400, 
0.02957254999714605300, 0.02516797274018641200, 0.02054370244852595600, 0.01646264674678080100, 0.01213983941459491900, 0.00733082373267077670, 0.00262424882485115790, -0.00141985578302948050, -0.00501844427254115670, -0.00837513430026646040, -0.01145402864320938500, -0.01432784629285063300, 
0.02877536186003864000, 0.02406258595041454000, 0.01929121760995573500, 0.01543328345894840100, 0.01162442066991468600, 0.00736040903519722110, 0.00302312579761533030, -0.00082365392301163190, -0.00424037165172637220, -0.00732729694877861170, -0.01032689219457645800, -0.01362975214482950600, 
0.02589342428846672800, 0.02126791391742026100, 0.01705077006532370100, 0.01422036150889172100, 0.01150170471367792400, 0.00795156438492810110, 0.00404605124798712230, 0.00056218743204965648, -0.00241955860781692270, -0.00506195680789713400, -0.00762848107730100790, -0.01066207809479127900, 
0.01667303030002048900, 0.01385037748857491700, 0.01148137730684623200, 0.01016616410379077100, 0.00890037155464507710, 0.00684646620205507740, 0.00433598615319493940, 0.00203407281974871640, 0.00022476245683246385, -0.00131854747943803640, -0.00294088338628006180, -0.00492984543425376270, 
0.00922292772657786790, 0.00811949649564084120, 0.00728406402332337950, 0.00680249504287191740, 0.00618701324431729280, 0.00513474688492062110, 0.00398801796380449540, 0.00290381171109006670, 0.00193377975542479550, 0.00097430274434547742, -0.00009418372529145717, -0.00126248165127161950, 
0.00765840203434500940, 0.00696696173843585650, 0.00650566928159159240, 0.00615861115307162440, 0.00553303901014903350, 0.00460490408901534360, 0.00376567934043129170, 0.00296006513182698990, 0.00204931625130509420, 0.00121142628517576480, 0.00043142362209130317, -0.00034305869332154442, 
0.00675171910130976500, 0.00610927279529401270, 0.00578792316631671950, 0.00555681006226521700, 0.00489428819262768650, 0.00400948536392618360, 0.00335012439368572020, 0.00277825791367999980, 0.00196774164977586490, 0.00111597372566548160, 0.00046432382418284501, -0.00008660707051373327, 
0.00678766928206479740, 0.00605878677035648260, 0.00580691453723129660, 0.00568625439312324400, 0.00497722235552247250, 0.00395348383958392130, 0.00333344446672899840, 0.00296985484103414300, 0.00227558079424077750, 0.00123892500280770490, 0.00039840631271403855, -0.00012232275842527295, 
0.00737856024229569320, 0.00650267423008177130, 0.00628517362962426140, 0.00623420481063458740, 0.00542553179500398710, 0.00421035392839551150, 0.00352727580425121110, 0.00325739463212263920, 0.00251850059387772380, 0.00124822235002526850, 0.00019531366375671481, -0.00034650431381083851, 
0.00783677033336832410, 0.00690704617149427540, 0.00667716680696589430, 0.00665832685398968540, 0.00590649808342567480, 0.00466371930534440710, 0.00393335606957063990, 0.00367933119121064460, 0.00297318895080293280, 0.00164717891815397500, 0.00050630881473579642, -0.00005052959865344868, 
0.00792704388900380110, 0.00702932351360212840, 0.00683623814766087540, 0.00687219641666794980, 0.00618089844780737340, 0.00495442212466503610, 0.00420250968471599750, 0.00392965647088956790, 0.00325009170704858470, 0.00197555962735299420, 0.00086815066522148102, 0.00029626757306406594, 
0.00789556850372794860, 0.00707696584855276550, 0.00689104136713289490, 0.00686513461710285250, 0.00619247576355700170, 0.00505126060321248100, 0.00431986987051921280, 0.00396991847120252510, 0.00325368437664538610, 0.00206778796898157570, 0.00105457835671676900, 0.00044039955521091669, 
0.00788578693181733560, 0.00711691436043390690, 0.00687389970777234870, 0.00679912898925293630, 0.00613991377537756720, 0.00514899653722073780, 0.00452718853239255770, 0.00409290456759687970, 0.00325791375637184780, 0.00215301790671843220, 0.00132751518463375450, 0.00071367822231558362, 
0.00759543997636746330, 0.00685403460178624340, 0.00662822754043757450, 0.00662627890350583200, 0.00601277976196201190, 0.00507645278381101820, 0.00447091128864015970, 0.00407982055066572450, 0.00330350328733514370, 0.00224358467996974440, 0.00147360142344298830, 0.00091735198890926638, 
0.00714897837599593430, 0.00649258223127394730, 0.00631690423911430810, 0.00632357968224949410, 0.00574438826264157470, 0.00484404544823310860, 0.00423122676895797130, 0.00382085211905838300, 0.00310968374530643960, 0.00211328196194932860, 0.00137739675432732600, 0.00085930219177709469, 
0.00648094940381779230, 0.00587835547831757220, 0.00575812599065640700, 0.00577620248269703360, 0.00526221572969068000, 0.00443165706440351060, 0.00388259572176637450, 0.00351727628778543930, 0.00285277803082579530, 0.00191434652361502130, 0.00123432360459303170, 0.00080451219101599215, 
0.00556104335407579200, 0.00497396972831906470, 0.00492891226290776380, 0.00504754132721522450, 0.00463583695065761770, 0.00386044384908575990, 0.00338878136018883410, 0.00315719827198040820, 0.00262467163800330930, 0.00181428558698769940, 0.00121751558317691640, 0.00086391429734403429, 
0.00510879145008122630, 0.00454089603646896670, 0.00444307845769169410, 0.00454986007176516170, 0.00420736775224299020, 0.00351993438625463130, 0.00302393229169757110, 0.00274866872067766700, 0.00230901171830548120, 0.00167265506461158270, 0.00111153287041377640, 0.00067358075414591999, 
0.00714333755779071080, 0.00620492512142055770, 0.00584699488630432890, 0.00587774790721745650, 0.00557345249065352430, 0.00473279207437576640, 0.00383926137061247050, 0.00310239187470479030, 0.00240562619254761340, 0.00178268080189203260, 0.00114852783830610410, 0.00032882138631053621, 
0.00907865926252591350, 0.00766875733125223740, 0.00717203890415685050, 0.00733182076226581050, 0.00711074852982219750, 0.00605685638889798000, 0.00484054888656561440, 0.00377566945456998940, 0.00283160418316930930, 0.00205392610872424250, 0.00129529030611614040, 0.00029510274447272662, 
0.00859894639192202750, 0.00729244421989380060, 0.00686442888743859100, 0.00714762060376885120, 0.00707908288523535590, 0.00621618716021615350, 0.00524360280127275300, 0.00438139907300681000, 0.00345572039777952220, 0.00257049890874639070, 0.00188273009750871700, 0.00126029574000500480, 
0.00715986321134443310, 0.00617355719359576320, 0.00584306778659263690, 0.00609429417286857200, 0.00610988705231633060, 0.00549856825339470160, 0.00483031211388744440, 0.00425297855038074200, 0.00350264459064021300, 0.00275375176019834090, 0.00220856622162110900, 0.00182139638761847750, 
0.00605197657775699560, 0.00518220159311356170, 0.00487915498661874860, 0.00516016297985026370, 0.00523850323411036070, 0.00475215225789448520, 0.00411506647228705810, 0.00362521726676350670, 0.00306588798547226520, 0.00254927799792977480, 0.00211716194885211910, 0.00175096191487075430, 
0.00593962334415719640, 0.00520198682130304080, 0.00491095008390800630, 0.00503804921575827430, 0.00494463096988959680, 0.00440049294385281690, 0.00374188918283137980, 0.00324473274032238130, 0.00276621509684823890, 0.00230414289560441740, 0.00178093056395829150, 0.00117442312905936780, 
0.00583813636724386450, 0.00508113831683743110, 0.00476574619817344770, 0.00484817464776681440, 0.00478713808172057630, 0.00425046508581750170, 0.00353400956234838340, 0.00297980885866041540, 0.00251723667341539150, 0.00214247663705752430, 0.00155351813748625250, 0.00082594907207031768, 
0.00560710814339144060, 0.00477980647821875030, 0.00445348364042785680, 0.00460194402241445150, 0.00450117370710940210, 0.00394000698425482280, 0.00315933749383843750, 0.00260143919765837020, 0.00214017192550354810, 0.00176269723708073540, 0.00119664109535384090, 0.00054927802132825562, 
0.00525746512932237160, 0.00420963590236574010, 0.00386250526004378300, 0.00422254332903437830, 0.00427125015717322310, 0.00368096796030302440, 0.00279910903603623790, 0.00221274022257474850, 0.00190279125076043780, 0.00158597048416647200, 0.00109186169106294860, 0.00040422129308397063, 
0.00462293497475901090, 0.00343258473291627090, 0.00304899417943518820, 0.00359433857374098170, 0.00397049584176395810, 0.00362154813681395300, 0.00273695918034449690, 0.00206107044184678780, 0.00164919271098516060, 0.00139634188702553020, 0.00117983081204015540, 0.00082858304176558018, 
0.00460674054352656210, 0.00316952499233191150, 0.00279643695403723660, 0.00345671775215361300, 0.00395348649631975090, 0.00365845367189057600, 0.00286323325742817400, 0.00224265463105334470, 0.00155290746539218080, 0.00108334086233877820, 0.00105439331642363860, 0.00112107357391751480, 
0.00528041562004920050, 0.00354671619393377500, 0.00314273068610198360, 0.00385516150363306510, 0.00445792413477663980, 0.00420046767823355120, 0.00337097059116816830, 0.00263622235662041300, 0.00173633105019935510, 0.00100995695160070950, 0.00111796556077352490, 0.00146794218223919780, 
0.00564465711195867060, 0.00402155796134020390, 0.00356157277744963660, 0.00419992759439601850, 0.00475782240427693230, 0.00452974386512949420, 0.00373671904648467360, 0.00287919499894682530, 0.00190454927663558680, 0.00125560306363806480, 0.00144305418117455650, 0.00174517848575009160, 
0.00537921604615791350, 0.00394310300613347900, 0.00342359954036169320, 0.00395322959305947910, 0.00445151237014011940, 0.00421979159858149390, 0.00346671847705231010, 0.00255937187401812560, 0.00173475327595792130, 0.00144345406401141230, 0.00158453036068999810, 0.00149972960821851460, 
0.00466275780981837990, 0.00353510874290194000, 0.00307153803605212960, 0.00344851728394327330, 0.00377867599036414180, 0.00343861705059037800, 0.00260469587739287470, 0.00180632476596300810, 0.00144216402103733060, 0.00141602391376390720, 0.00123520881423367180, 0.00065082517282994497, 
0.00384028945619067220, 0.00285623590591304160, 0.00247036853919734100, 0.00279003565125265010, 0.00300252268872472660, 0.00265399988733634830, 0.00195139120937950510, 0.00132979634134574300, 0.00106222191229051150, 0.00103074161511765030, 0.00085618295701028128, 0.00030796937996541569, 
0.00347364021037277480, 0.00253691122195476810, 0.00217451804855499580, 0.00242302615777533190, 0.00258500715551248470, 0.00232357858902038520, 0.00186232954697485320, 0.00137616615319641200, 0.00091285758387201507, 0.00071445204909447878, 0.00066124872794634819, 0.00033334424423694703, 
0.00327168650514063140, 0.00253512075560425030, 0.00220528516008563050, 0.00237116500592433240, 0.00254433119009447870, 0.00230001483716616710, 0.00189140147718748120, 0.00144247053933597800, 0.00105195026816247930, 0.00082483134523154880, 0.00061391066216352156, 0.00031935262300558230, 
0.00334640162465600550, 0.00285846506342583590, 0.00256052508539626700, 0.00253513809879084070, 0.00253837892776184820, 0.00226944808792894700, 0.00183800028829265080, 0.00135715266810235680, 0.00098235764191011285, 0.00068759290026630128, 0.00037583243286186488, 0.00001631306082270364, 
0.00312663849097793120, 0.00285755923829855620, 0.00264781561051955160, 0.00252270980461930840, 0.00236801922206412350, 0.00208357500986738150, 0.00169961955203166180, 0.00128028401883612040, 0.00090596842523217916, 0.00055511127090790630, 0.00019255479442047821, -0.00021299681381341625, 
0.00285976607903481700, 0.00268976746535837730, 0.00252566310449641940, 0.00237278145868121930, 0.00216545178656500290, 0.00189525559715926280, 0.00157447844262333040, 0.00121922836839058250, 0.00083912365089577532, 0.00046232286517699394, 0.00010279211981994776, -0.00026341414628271251, 
0.00284613403654572970, 0.00270509469851424330, 0.00254042319625734890, 0.00237279620917026910, 0.00217656301321571660, 0.00193928892729560180, 0.00165513329688202180, 0.00132901058937583620, 0.00097757832624974120, 0.00062333326982542275, 0.00028553670177969748, -0.00005443034345759520, 
0.00276956496694373510, 0.00266185306721577680, 0.00252111750130210210, 0.00235673483090891340, 0.00216762599524459060, 0.00194298884310782800, 0.00167947712739434610, 0.00138588174657674730, 0.00107193259170014030, 0.00075075905840801772, 0.00042825032313048464, 0.00010092805652302662, 
0.00182000297227289160, 0.00172482912650903910, 0.00160903405053481580, 0.00147634689167749820, 0.00132308619416006070, 0.00114235730978718540, 0.00093745329007493422, 0.00071792575033456933, 0.00048881334753583718, 0.00026209513727070614, 0.00003291463604803544, -0.00019277409120538986, 
