0.71157520952973052000, 0.19247575653960988000, 0.28148990952584729000, 0.30856077145690985000, 0.12576931353355442000, 0.03216966091010962900, 0.13337251450235826000, 0.23872300809969327000, -0.13599716215065058000, -0.03403365492664814400, 0.00607172294068676620, -0.02203013600415533100, 
0.28463966298205545000, 0.23229062817135090000, 0.20077473569260496000, 0.18206350367234295000, 0.16426373968242425000, 0.14098138086765294000, 0.10793877832884630000, 0.07374415998938233000, 0.04383811884159342200, 0.01811927578640492400, -0.01582208896235225800, -0.06508975523711574300, 
0.21240092644635386000, 0.18413581223525249000, 0.16710629117272599000, 0.15878106386981389000, 0.15051153751751264000, 0.13720102123026345000, 0.11264019837255806000, 0.07912876179994030000, 0.05017417338655076600, 0.02657531658672623900, 0.00187183783697173620, -0.02939619984330197800, 
0.17535071013084141000, 0.15421240564050021000, 0.14016017807855174000, 0.13376174489892945000, 0.12758316590857993000, 0.11753454199030977000, 0.10026222064793722000, 0.07534142018682027400, 0.04764528983372348600, 0.02306642571326875800, 0.00368850349125788780, -0.01591542141146443800, 
0.15407344673583320000, 0.13702873494492854000, 0.12517981932204322000, 0.11904150037330652000, 0.11279841859016773000, 0.10216422563238370000, 0.08833232601181015300, 0.06910820471702783200, 0.04489853422042426600, 0.02099524630199581600, 0.00406527521245022070, -0.01153640878340256000, 
0.13550829271433143000, 0.12426099555327677000, 0.11462830919582495000, 0.10794069678544639000, 0.10143815044666354000, 0.09234118672365269900, 0.08015041786604840100, 0.06399651559835445300, 0.04510813546767275500, 0.02624231328394921800, 0.01071649650554368100, -0.00437520273573031510, 
0.12166768260676297000, 0.11260547594575648000, 0.10399453579867202000, 0.09838232363632115600, 0.09295108545492911100, 0.08628632311924056000, 0.07570376458316716000, 0.06167580550021872800, 0.04516843735447381000, 0.02981996183882447800, 0.01587379893394618900, 0.00177628792330591920, 
0.10692884094475218000, 0.09957006899110741600, 0.09292062557340188800, 0.08899826869382204700, 0.08493396109752419900, 0.07845157851333925400, 0.06840124783494382100, 0.05600583365852792500, 0.04289662313154205000, 0.03146408700497544500, 0.02090503163948602800, 0.00896275576876980240, 
0.08947783955927456100, 0.08471222440542210100, 0.07978203634021309400, 0.07588656320021315600, 0.07202790454878943400, 0.06662103649489850600, 0.05903688793412872900, 0.04996491861138894300, 0.04050449548230954800, 0.03148949110388100900, 0.02271715720581983500, 0.01329736472134938000, 
0.07740421152944004800, 0.07441720668106380200, 0.07068561317115526500, 0.06681639078888806900, 0.06275005131366637200, 0.05800460889617940800, 0.05223772877417567900, 0.04543376866267884200, 0.03803498276722416800, 0.03024396521604259800, 0.02245052783987344000, 0.01460873059728818300, 
0.07104793609932616400, 0.06889615847282730400, 0.06605908618432691800, 0.06287655093879401800, 0.05918478857620473900, 0.05485920558700747900, 0.04979103921193586700, 0.04388718704778240400, 0.03760079840668030500, 0.03095468836629333700, 0.02423838705874480400, 0.01736833577648437200, 
0.06862621873414169500, 0.06657506132619141200, 0.06400807916559919700, 0.06128334416390499700, 0.05815161857083923900, 0.05438526717429305300, 0.04975440394940458500, 0.04413446303553209000, 0.03806937077206450100, 0.03191097804407617300, 0.02588094224209073300, 0.01972302691066170300, 
0.06600325360911417400, 0.06369791333517528500, 0.06104632495612728100, 0.05853200716848908100, 0.05592440188423560700, 0.05260798085509101100, 0.04822014966336781600, 0.04271355112341804900, 0.03666208521161379300, 0.03071548708405920000, 0.02507438969280118700, 0.01946553312457793800, 
0.06365269054810378200, 0.06134306965748855000, 0.05863914408044029100, 0.05622694837169772700, 0.05398627151669523800, 0.05116937727827763900, 0.04722414865194766300, 0.04204807372561414300, 0.03608645160460430300, 0.03023806056682118400, 0.02473595101208148100, 0.01952013778450444000, 
0.06358765166882814100, 0.06136854191750434900, 0.05876409728688297000, 0.05641375704464082100, 0.05428223402240196100, 0.05156670053548201300, 0.04770037963583054200, 0.04252122842051656000, 0.03649323532888437000, 0.03060331699157105600, 0.02516891628788635300, 0.02006481460930157100, 
0.06258762446621979300, 0.06042154381897292500, 0.05784263221962674500, 0.05538460983917285800, 0.05310849333009287600, 0.05023466939298804100, 0.04633511555016461800, 0.04113847369370909200, 0.03514188497450955500, 0.02911976716739685500, 0.02352074439685536400, 0.01820652789733005800, 
0.06343831195550654600, 0.06104418472102578900, 0.05818530651178364900, 0.05559857921084286600, 0.05326792775446730800, 0.05043625719713385600, 0.04648789435337017500, 0.04113085342216805200, 0.03482743267283550100, 0.02842912268722627000, 0.02254785387828345900, 0.01704574000372446500, 
0.06243960097481115300, 0.05988214905962462000, 0.05695501061962599700, 0.05452726448017471100, 0.05240184829643330900, 0.04974497600856393800, 0.04574530532504918900, 0.04022883171316187600, 0.03380520249773091800, 0.02740180605669332400, 0.02175477656451656200, 0.01652571559228693800, 
0.05966831868484261800, 0.05728017298674748700, 0.05459143144190621600, 0.05235019369598523100, 0.05024408926754914800, 0.04753628543031530200, 0.04353612211385607400, 0.03827646788236876300, 0.03223659878776229800, 0.02627691810836400500, 0.02097211953876071400, 0.01598595130965017500, 
0.05885580767090820700, 0.05569231477149449300, 0.05297932659330787500, 0.05110572944529381800, 0.04912772539412729700, 0.04610749960126809400, 0.04196215267581342200, 0.03693142618045941500, 0.03103984166536960500, 0.02501919377083678900, 0.01966076879429833400, 0.01499591076867237500, 
0.06195249405049479300, 0.05580212134887187900, 0.05233488873370549500, 0.05193047951599996700, 0.05124837253615299700, 0.04771603030018635400, 0.04210277244839906500, 0.03586619278815539300, 0.02960931191481217700, 0.02361586344582768100, 0.01854142043121467800, 0.01384014984008055700, 
0.06656855879745565700, 0.05771352345545054800, 0.05355425960632657900, 0.05520797390245162100, 0.05628520502062169700, 0.05209589811952646000, 0.04353269935449964600, 0.03493791457968784000, 0.02865557910550031000, 0.02437744411790961800, 0.02022536288191632100, 0.01383800679034683300, 
0.06737539050051528900, 0.05797181705620380000, 0.05376799022458799600, 0.05601113374237731700, 0.05759583116389941500, 0.05324330113016614200, 0.04376835809913810800, 0.03455427406974172200, 0.02861788174590192800, 0.02549521272262357500, 0.02181499363505300800, 0.01459783985545425000, 
0.06465275292838339200, 0.05422498198048524700, 0.05027530155028799000, 0.05359124247721668000, 0.05578951885237081600, 0.05091000413833481100, 0.04101638036446750300, 0.03226582944465929100, 0.02750895479634137300, 0.02529552519934356900, 0.02181788056592266800, 0.01452339560859271200, 
0.06093183347386703400, 0.05062799486151228100, 0.04734178026167594500, 0.05153680043196598400, 0.05370156981243907900, 0.04830418562122626400, 0.03900776276332652100, 0.03227849767085359100, 0.02875875717474294900, 0.02557092585059737500, 0.02083921646825554300, 0.01508100483900813900, 
0.05798497091775432800, 0.04847492836538677700, 0.04592367424630005400, 0.05028076137388815700, 0.05170498980293600900, 0.04555999665006070500, 0.03695387035135526400, 0.03210800395286711500, 0.02969284632007054100, 0.02578557262642318000, 0.01970320714994132000, 0.01424525456895699500, 
0.05655136119277560200, 0.04615704101614929300, 0.04433246786858857000, 0.04978037879835437600, 0.05110451808581020100, 0.04329274841700596300, 0.03413613539801709600, 0.03090499874881622000, 0.03000135766824597900, 0.02544688709021521200, 0.01737366879965861200, 0.01149786993242532900, 
0.05771761221907669600, 0.04647451808672772900, 0.04529895900099834700, 0.05070873407505777100, 0.05149086910265202000, 0.04249332654657746900, 0.03286073787627823200, 0.03080436283839678400, 0.03027631182448833500, 0.02400979103025267800, 0.01393494351950495800, 0.00771658129750399810, 
0.06170136792112585600, 0.04899539595085820200, 0.04730519908625747900, 0.05216039619893934200, 0.05016534548053421700, 0.03868791138496875700, 0.02981972701221621800, 0.02912580400926848700, 0.02715789335446551100, 0.01700983433027634200, 0.00491103395044453950, -0.00085370945198266681, 
0.06653419482107032800, 0.05055426319589585000, 0.04735123818273084100, 0.05437585032908955100, 0.05186246594742025700, 0.03821552696852947900, 0.02921990922692886700, 0.02955750077652234300, 0.02666351912087069600, 0.01246822871834131100, -0.00214199054832706850, -0.00582582521270379010, 
0.07721995665136766100, 0.05945359762078342200, 0.05390514534730212600, 0.05950567082143502800, 0.05720529705651007700, 0.04482104295517218300, 0.03492086347096119700, 0.03266164724063452800, 0.02502071655355851000, 0.00783371863273425030, -0.00833544115671258630, -0.01184605616723322100, 
0.09514961959567137800, 0.07662796703594686200, 0.06830938576715858700, 0.07077794031001932700, 0.06799982308986712900, 0.05615907589689672600, 0.04380370598523103400, 0.03607907208934634000, 0.02270675211888723700, 0.00254947871460142060, -0.01608805305418258000, -0.02422968704688457200, 
0.10103706176493783000, 0.08159804189689252900, 0.07202479792116038600, 0.07482521266177517800, 0.07196073719822496100, 0.05912965377845670600, 0.04585587861347455200, 0.03768596115822624900, 0.02326090891793145700, 0.00176778194928304930, -0.01900615026203854000, -0.02906763413489273100, 
0.09663344456518201100, 0.07874901488047085500, 0.07116006261833063300, 0.07417755283272357800, 0.07029860073896730700, 0.05634778370977915100, 0.04315568144792125700, 0.03534288000369872900, 0.02209873727470175500, 0.00119490274111741340, -0.01879465620364972200, -0.02855684248558465500, 
0.09167218236056280700, 0.07547049231072916500, 0.06927949821156760600, 0.07187026906022159200, 0.06818989877533121500, 0.05451415457115146900, 0.04121739229926338300, 0.03130510507248772400, 0.01816450792686979300, -0.00134872846661548800, -0.01875138636588706600, -0.02794540288445233500, 
0.08624572631853286200, 0.07201215219676684900, 0.06551833486885201600, 0.06597218469651276700, 0.06247650911695400200, 0.05125344220920805700, 0.03941020059096687200, 0.02968587177749100500, 0.01633112518573198000, -0.00176919121919942230, -0.01751370490454403500, -0.02707138263865389500, 
0.08323190924626491800, 0.06724242024067358900, 0.06181116602700039600, 0.06436540481004557300, 0.06086921279831031300, 0.04798090465053690700, 0.03607618938996300100, 0.02897749727400802900, 0.01733964971627573900, -0.00162486436512985190, -0.01841617413878699300, -0.02660839830777208400, 
0.07901335425361365200, 0.06399449766163975400, 0.05954690003426171800, 0.06258709083391392200, 0.05846963251339296800, 0.04476759988226140100, 0.03318325441222476400, 0.02702484248501572200, 0.01678509324759405700, -0.00144240808676180700, -0.01791828962945933900, -0.02530682020713881400, 
0.07500885953796966600, 0.06299498272086975800, 0.05831144188524960800, 0.05907324992123312600, 0.05461780693676871600, 0.04229623003790091600, 0.03185114932345291200, 0.02522642026291911600, 0.01549104079368444400, -0.00079522150972184853, -0.01622754684168568200, -0.02499895060157531600, 
0.07557722464557471700, 0.06072678077028486500, 0.05619342577374906300, 0.05899982734455518100, 0.05452159051970225500, 0.04031882315393755400, 0.02969105055893120300, 0.02518725409285757200, 0.01675893985217684700, -0.00111243852297098450, -0.01863348080812780200, -0.02731142105409042200, 
0.07452900977039424200, 0.06168948595549191700, 0.05618316186437030000, 0.05622795383542899400, 0.05081903965425885900, 0.03845989012660117100, 0.02974844981816702000, 0.02485314165930585200, 0.01589100278917474800, -0.00146050656383486190, -0.01855129158306857000, -0.02843297491208759600, 
0.07231745926103126700, 0.06395091506376988900, 0.05766607468890439000, 0.05372300498461252100, 0.04754549084288026100, 0.03824534354673868300, 0.03085759771698624900, 0.02370273062698539600, 0.01339205956454501600, -0.00177299072588441450, -0.01663879549194312300, -0.02808970208440734700, 
0.07232730248330862500, 0.06517198264498390300, 0.05915090211224584300, 0.05433640682036692400, 0.04747035670702022500, 0.03847781498652465300, 0.03068968717027388500, 0.02285730940879000100, 0.01194948465923118300, -0.00284498314519218350, -0.01747384596702882700, -0.02963190689924887600, 
0.07170037668504700100, 0.06388007397364117700, 0.05914850052710363800, 0.05563497461949151700, 0.04807651233067700100, 0.03712212927101836400, 0.02827949281464492400, 0.02104700070774363100, 0.01036848687388904800, -0.00497201691407363030, -0.01969043150255190800, -0.03104615957934070400, 
0.06790398665097037400, 0.05937609754188135500, 0.05544749922168650000, 0.05400352087025676900, 0.04705843898758876900, 0.03497658311249692700, 0.02571051730618179700, 0.01952832020527943400, 0.01018075253768861000, -0.00528976528139618250, -0.02000233936581939000, -0.02991499191824954800, 
0.06316409243095214000, 0.05607212306663358900, 0.05217984447226015100, 0.05035494321441803100, 0.04400791648834740500, 0.03315141360466360800, 0.02458193475779643300, 0.01843316549809214200, 0.00999482049837214020, -0.00420564503975986640, -0.01806687398884851400, -0.02760510617422509700, 
0.05869482722274726300, 0.05366779628536345200, 0.04970358295404885000, 0.04636259253714183900, 0.04029310439953209800, 0.03166498620150309800, 0.02399508805361182800, 0.01708629025075781400, 0.00840410984002304410, -0.00357273094772192400, -0.01540887031399020500, -0.02478562933343544900, 
0.05641711246569353100, 0.05195527047043026200, 0.04821848463535276900, 0.04518569540680877900, 0.03908549451925128600, 0.03075835705264279300, 0.02298130732612014100, 0.01610347325517436100, 0.00761212497353883250, -0.00367889128802411330, -0.01502603806295082000, -0.02402216655872465400, 
0.05536642343054767200, 0.04986446220148058700, 0.04679145289945005300, 0.04520390815110887600, 0.03952492844878353900, 0.03019034641722529600, 0.02212042930350513800, 0.01614407757469583900, 0.00827362337057114570, -0.00354830777969552220, -0.01521860912616499300, -0.02318708630829590200, 
0.05285952401795759900, 0.04641078271020526700, 0.04339862593865188900, 0.04232146025229402400, 0.03728813173866192500, 0.02843491952568079400, 0.02135533714667603100, 0.01646324065505261000, 0.00906363702027078100, -0.00257089000954670560, -0.01379942770781638700, -0.02102439997161625500, 
0.04966579750698610400, 0.04291626033510635000, 0.03964662010429739800, 0.03874411298379614600, 0.03457490457077540300, 0.02665739837922720400, 0.02038870788955455100, 0.01601529298691885300, 0.00920934079883069250, -0.00163944899219396540, -0.01203144064673661500, -0.01868705522684532500, 
0.04600764196729695300, 0.03847229273638568000, 0.03551100327595972700, 0.03596359092994962100, 0.03270857685708922200, 0.02448049701238226200, 0.01864095511407189200, 0.01537815101345622200, 0.00971709478758432320, -0.00090801571495170231, -0.01072057638735969900, -0.01600066283238894500, 
0.04045023762478555700, 0.03260119518765478000, 0.03034168629826021500, 0.03196896376019283500, 0.02940672356782944900, 0.02153855689329255500, 0.01632579546558023500, 0.01400109176924410300, 0.00922617519866418200, -0.00036402257235706526, -0.00873687995072348030, -0.01241472679398531200, 
0.03053642482455425400, 0.02564480604779723800, 0.02392530493672163200, 0.02441881681365656900, 0.02249901636097031300, 0.01735356052155037600, 0.01333320080009470900, 0.01056406771449184900, 0.00652649688722713350, 0.00034140368621377905, -0.00493233052525797550, -0.00798326797740953230, 
0.01765024721427052200, 0.01568165832277491900, 0.01452466237392860900, 0.01416167170073510800, 0.01315279520522673300, 0.01090768084132065000, 0.00868551882464567780, 0.00655365470364757330, 0.00425760200355069980, 0.00156317239792470650, -0.00086481673204661855, -0.00297052879208521340, 
0.00754381087720239640, 0.00689831747649305700, 0.00639157244023032430, 0.00615828265086833160, 0.00585374130981577200, 0.00519756893597049870, 0.00443985567575645900, 0.00358945046565151660, 0.00279149379254035710, 0.00195733988287108290, 0.00112541761231568870, 0.00030359599668964036, 
0.00315710325657322410, 0.00299120643193835720, 0.00288613284070477490, 0.00282426987048270750, 0.00275463874745632490, 0.00255286774494627170, 0.00238156166612893670, 0.00210199537584721640, 0.00188057027740006040, 0.00167053551490168630, 0.00144303877704573160, 0.00120198905226298460, 
0.00228696871827520140, 0.00200673390371851290, 0.00216820824643351420, 0.00229577048922554540, 0.00221346170327045390, 0.00193904302591356390, 0.00189894129012489190, 0.00184860332757564770, 0.00173167045962309110, 0.00162640759716442000, 0.00152798743823112840, 0.00139574722760664420, 
0.00248941663224137900, 0.00208248739419185670, 0.00256644381280684730, 0.00267852049167438930, 0.00254350097530037800, 0.00224467342721337010, 0.00232992520463477840, 0.00228862400578528320, 0.00223584381949238750, 0.00207075224324435250, 0.00202621699635825760, 0.00198275727149732800, 
0.00187841926263806530, 0.00147748575234210110, 0.00260174999091037200, 0.00256289571968455320, 0.00251747271504553250, 0.00175474012478977340, 0.00200478521992002430, 0.00243621465612734160, 0.00221390599449695350, 0.00176905357847567650, 0.00175673340981817240, 0.00199138462018954910, 
0.00098284530202131354, 0.00099663902608851948, 0.00268047578592832320, 0.00239631027933551960, 0.00327943972159330760, 0.00117088483243021750, 0.00138868459103418060, 0.00298248089161445030, 0.00258969200232845400, 0.00168105249833108920, 0.00141350746354784880, 0.00216247833509761830, 
0.00416229125466765960, 0.00319656708647216450, 0.00644075128313272020, 0.00654036791106645580, 0.00618283875718848850, 0.00382220797693495540, 0.00549049806447992820, 0.00686701017471793260, 0.00569569840044721520, 0.00480743202136929650, 0.00497817940851767810, 0.00579860583380624630, 
0.00131697577007283600, -0.00062374019387716651, 0.00652105741526471000, 0.00527496994649466650, 0.00447324364394026050, 0.00053143423990606193, 0.00449881529404342740, 0.00679495552053830180, 0.00216205004459534650, 0.00320515628784621980, 0.00365100996258602450, 0.00416407262396304400, 
-0.00280891022404350120, -0.00258193739474948990, 0.00368654374316017710, 0.00041699080617241182, 0.00215826196568143750, -0.00176740431405604590, 0.00135950688489446040, 0.00221628391453126700, -0.00089908693304480993, 0.00144073989034090230, -0.00002505152994701256, 0.00079525225646266619, 
-0.00069938108348351958, -0.00109334722967926620, 0.00423355531683055480, 0.00284062585339754520, 0.00310828103718772170, 0.00062252999136400123, 0.00255325135439436920, 0.00226039389782593630, 0.00169999750476625590, 0.00365328466883371900, 0.00080810720146381218, 0.00104758393678889920, 
0.00229204795732380070, 0.00271467858025227230, 0.00694802336061275600, 0.00553023032863456800, 0.00708178811465265140, 0.00292421779272669610, 0.00508565944377545670, 0.00624152032113037100, 0.00459489127367885330, 0.00613550338713525840, 0.00384449710234539050, 0.00427210999023249110, 
0.00208358554483709800, 0.00390926083199965870, 0.00660004963157634440, 0.00403011544218427000, 0.00687096086258319040, 0.00307039980353909780, 0.00559999311349700620, 0.00533267888956161750, 0.00399127273714599930, 0.00645287996829940670, 0.00425827448144480790, 0.00441151407982700360, 
0.00233848993859317110, 0.00191731878652040250, 0.00642246651707751530, 0.00421377892092517430, 0.00510785407142217740, 0.00360167276628245390, 0.00448719688747517380, 0.00469479214334246000, 0.00387081894734240750, 0.00545412443792907780, 0.00417399089732606480, 0.00368223700949131970, 
0.00046240073595967012, -0.00079634513327888625, 0.00423743958456484790, 0.00291283392268583580, 0.00381412331233515860, 0.00098384929667934208, 0.00196000052006047340, 0.00336126548457558760, 0.00270285305049973190, 0.00261861674411782880, 0.00214860194372987110, 0.00226044602986061670, 
-0.00266208660304173690, -0.00355341346271076860, 0.00333478610336015740, 0.00095568186325950912, 0.00282160510858818490, -0.00223684124089911390, -0.00026814424054772285, 0.00336850884179006870, 0.00033359291004170455, -0.00010138790057556918, 0.00063029617508792411, 0.00052191952181792679, 
-0.00309909718763755210, -0.00270452908749546680, 0.00287827831547048150, -0.00044620241834008299, 0.00200799824604741120, -0.00162783754328468750, -0.00082691192980543485, 0.00226627452775693580, -0.00010094366860632062, -0.00000776741640676783, -0.00019673441916189809, 0.00002871221002855518, 
-0.00326557347072916300, -0.00062592376627957356, 0.00415579375920332220, -0.00169156735824065340, 0.00267175564112417380, -0.00016992145354252050, 0.00054878632342247207, 0.00179602484340346020, -0.00039653230614650317, 0.00177380891700608020, 0.00011505393509656769, 0.00101700762326234810, 
-0.00303497334220438750, 0.00130661261597319650, 0.00579986811471528990, -0.00101657772813841530, 0.00620429202512506190, -0.00089307484222232855, 0.00289925803556402360, 0.00362662752252155630, -0.00055218747392867754, 0.00525999842351233640, -0.00071204346167334093, 0.00280733157742666130, 
-0.00253894785300402740, -0.00020856514158515676, 0.00474149377665413540, 0.00066065463403817818, 0.00453997729026586490, -0.00171826319583632920, 0.00286295461284400950, 0.00316830381980262280, -0.00070289045866635464, 0.00404603500576982810, -0.00021360999933166543, 0.00062765096497168339, 
-0.00252040550081037350, -0.00148843547415529900, 0.00457203294201851720, 0.00045725371839438301, 0.00181065517766854460, -0.00015320718816624928, 0.00196648777646580730, 0.00168269636270356620, -0.00030295929608369581, 0.00273140039959690690, 0.00087235612937831255, -0.00102630324652367750, 
-0.00237453923049315810, -0.00186722401127820390, 0.00322526396917099210, -0.00001953686446393733, 0.00227463066783179350, -0.00056373463024552198, 0.00044408128354568512, 0.00113537897158323860, 0.00065571473583114998, 0.00229019626721129080, -0.00126947155020387760, 0.00013754460241399526, 
-0.00165385299426326520, -0.00192923779313726910, 0.00198534000611212810, 0.00007096100442065331, 0.00231078351958288480, -0.00065982082727740086, -0.00024749611030081085, 0.00056584059985471491, 0.00129066721014497060, 0.00194990945975794750, -0.00249134051637639120, 0.00119696795058506050, 
-0.00105485161831459600, -0.00141143699618211190, 0.00176130991913581990, -0.00010579419818178312, 0.00096298477370765725, 0.00031246547441498630, -0.00058150268981086632, 0.00056371266676814066, 0.00072679953980588064, 0.00081341450196924074, -0.00060828174023336214, -0.00002224076233466814, 
-0.00101933552895210810, -0.00119625198420236430, 0.00140853563980359450, -0.00002652320707588976, 0.00171003173883761440, -0.00017815211162652351, -0.00106474961777078460, 0.00122926456866065010, 0.00050827542569556428, 0.00081964982238955173, -0.00017975737006970544, -0.00100216669357691000, 
-0.00068844908420677214, -0.00131755793900058000, 0.00121483240707279250, 0.00040608025080612973, 0.00105563383991919960, -0.00004571235662911744, -0.00057887545585533803, 0.00056213735464217922, 0.00075004537892793890, 0.00061892033579838521, -0.00023332784021164239, -0.00025126553580705939, 
-0.00027574165116481101, -0.00061922172986357083, 0.00101704713897121180, 0.00046824664505776704, 0.00058052933476580751, 0.00017391576197652974, 0.00004808890847770043, 0.00045608223701500697, 0.00054647689119713134, 0.00028181179695129345, 0.00037634763553720670, 0.00033371749281941302, 
0.00012112044935242019, -0.00046853018303487370, 0.00102904894096381890, 0.00112639950182917620, 0.00061593358727641439, -0.00016569519364568772, 0.00064616601985635364, 0.00118146320864609930, 0.00040837633937576150, 0.00024906139968863572, 0.00064311066275714215, 0.00086560056765270881, 
0.00210409227867023460, 0.00138701937874904250, 0.00234142005699094440, 0.00293806336236766740, 0.00250328505765394850, 0.00156927568542547960, 0.00217317486932610450, 0.00282873817242647230, 0.00229839258289316540, 0.00199339616054349140, 0.00202121243799670580, 0.00264557509797857650, 
0.00283401273079048710, 0.00246367155093582880, 0.00306054718832997730, 0.00323534933645681960, 0.00322245951474739490, 0.00265120113392876930, 0.00279611581247592900, 0.00323813041074989730, 0.00307201279813278190, 0.00288985042551090670, 0.00273716965585112800, 0.00301607528618981400, 
0.00545932207507877390, 0.00529233557742217740, 0.00587828355364122030, 0.00568367799162601460, 0.00577361296453242960, 0.00560922714987329830, 0.00552017007449454290, 0.00578939902514164200, 0.00571819253055601970, 0.00562698783431170740, 0.00554085342825618410, 0.00559173784260508410, 
0.00676839933845036890, 0.00657030699173083170, 0.00716650092009082570, 0.00706750980400837510, 0.00701290193592539990, 0.00686323731874711760, 0.00683699925810085390, 0.00702707049415966010, 0.00698744478544367250, 0.00684664671030595080, 0.00676727444262503750, 0.00677886379271006810, 
0.00263430606143683160, 0.00252018429512279290, 0.00283724298836996030, 0.00276936233311861090, 0.00273797660705010990, 0.00262848901225388880, 0.00264872595043920190, 0.00276765915630172030, 0.00270765870596206650, 0.00263637136732382430, 0.00261962201907111950, 0.00259163891469480670, 
0.00184451728633086110, 0.00180574821221085500, 0.00200854372228123240, 0.00190674423797988460, 0.00199371484451089800, 0.00190446687745607730, 0.00184897362355421530, 0.00196966186601485680, 0.00199878787076207460, 0.00191659656808067000, 0.00189146030378774430, 0.00188710927313042570, 
0.00193796554839143300, 0.00192334154048788240, 0.00213298400545080610, 0.00198720783962056530, 0.00210684699529273220, 0.00205426373598331090, 0.00193104364210420220, 0.00207428068321823280, 0.00211214683020229800, 0.00199375278269514840, 0.00203132333344093140, 0.00200562250161736820, 
0.00166833656103882070, 0.00160648030631551910, 0.00168896472907102860, 0.00170222924359409800, 0.00174546778905330570, 0.00168157231008858860, 0.00161327587569146290, 0.00167975316134477020, 0.00174324890225614020, 0.00167938625561681980, 0.00166721540536390880, 0.00163381655765662700, 
0.00098117319793449204, 0.00093108830924293329, 0.00095483217059849754, 0.00099771832801954282, 0.00100232852424645210, 0.00096603986625553196, 0.00093416343066774453, 0.00096627285235348771, 0.00100272637270303290, 0.00097320201319566293, 0.00095455993211779095, 0.00094802599906582336, 
0.00053843901799174919, 0.00050627967651043079, 0.00052066627442567026, 0.00053593541647540253, 0.00053047025599292121, 0.00052484956774914823, 0.00051201547176211472, 0.00052433495586365981, 0.00054088773084482312, 0.00052676431369728612, 0.00051619316757396498, 0.00052533827107678979, 
0.00062179436312206351, 0.00060951376474518428, 0.00062300806131738475, 0.00062324214864524887, 0.00062960183252469255, 0.00062293440744131106, 0.00061269544907392509, 0.00061475690380151154, 0.00062078053895011395, 0.00062121431782911365, 0.00061822744895994567, 0.00060821002618317030, 
0.00069988627585365604, 0.00069013735486844578, 0.00070899005231659263, 0.00070620959212544770, 0.00071845458138542287, 0.00070255143435548229, 0.00069454258992574620, 0.00070170757508879460, 0.00070366408612625186, 0.00070929373730638516, 0.00069920764897495676, 0.00068634100428200024, 
0.00053865899926702700, 0.00053279144549497903, 0.00054469625410428200, 0.00054265821877281302, 0.00054829995382341763, 0.00053762585481352673, 0.00053367980860826651, 0.00054132075752909899, 0.00054158966341223658, 0.00054024487143344304, 0.00053260587339647094, 0.00053036129615301295, 
0.00032913628882589278, 0.00032283291494101857, 0.00032625539485711550, 0.00032770604863183471, 0.00032653207732938230, 0.00031870686343477993, 0.00031577497851120338, 0.00031747370156293982, 0.00031559139341218227, 0.00031174638553447886, 0.00030646802021960979, 0.00030408393221286774, 
0.00028543291784487927, 0.00028060648733859323, 0.00027961403965135655, 0.00027761788204940289, 0.00027413900904290749, 0.00026768210971253516, 0.00026303480427181483, 0.00025979743678124846, 0.00025519205438264336, 0.00025033597175509162, 0.00024456859227824334, 0.00024007317265116039, 
0.00033648634102720950, 0.00033538400812971748, 0.00033498352639697783, 0.00033416979767459352, 0.00033319046461420440, 0.00033143713399376039, 0.00033020234986730216, 0.00032898193642764880, 0.00032751987116297636, 0.00032605162508031742, 0.00032432909954712585, 0.00032284084520537316, 
0.00036429169549862883, 0.00036390096331712004, 0.00036406425230002786, 0.00036383419082272204, 0.00036341574942836698, 0.00036282670659160186, 0.00036256589778048360, 0.00036211461273445993, 0.00036155271863031222, 0.00036085427955686716, 0.00036020290116114614, 0.00035952615662926423, 
0.00036608010044796339, 0.00036574547013719155, 0.00036592438742677296, 0.00036559876090095598, 0.00036523389784953329, 0.00036471230181536984, 0.00036444081505633492, 0.00036402058060661791, 0.00036328292841316908, 0.00036281543953704760, 0.00036230268918849181, 0.00036152304588995990, 
