1.14946417362942020000, 0.19684435258299171000, -0.11176142007930499000, 0.10506706981476643000, 0.28871425582166510000, 0.13466276613460365000, 0.17516745390782631000, 0.11974639514891047000, -0.03274974164683124000, -0.14897678670295161000, -0.03666111303246495600, -0.07484934586453999300, 
0.29995649184920825000, 0.17182718933793037000, 0.10166971041580272000, 0.12337949106732496000, 0.16403651509060518000, 0.16477189992747782000, 0.13628556879287984000, 0.07782572148446506600, 0.00019674813309013273, -0.06066160999740864700, -0.09657845105383855400, -0.10568506559321107000, 
0.22365149449984967000, 0.14935160867133607000, 0.11164466576790946000, 0.12464316556266278000, 0.14194633819899760000, 0.13651647430192054000, 0.11030571954728435000, 0.07067576760437935300, 0.01687680007155891600, -0.03965258076296005600, -0.07756541243188286300, -0.09502497169796106400, 
0.20548711862102653000, 0.13566064680786022000, 0.10399467741325283000, 0.11901351879474507000, 0.13476838690819432000, 0.12593473678442257000, 0.09857961140544779800, 0.06223341982877456100, 0.01398070455937627100, -0.03741816127300868300, -0.06796505013597389800, -0.08532808662161636700, 
0.18691913853065470000, 0.12246960216042199000, 0.09373343134582137700, 0.10892554658744627000, 0.12685011857879055000, 0.11943519758906608000, 0.09140575225024899500, 0.05233075606913809000, 0.00536979124018405200, -0.03433572506071912200, -0.05537378234274269200, -0.07366061756960336200, 
0.16775755108172979000, 0.11342377810778785000, 0.08984798557346561400, 0.10149046915066767000, 0.11323079721699457000, 0.10402930622906925000, 0.08281451876135363700, 0.05388503544263800700, 0.01253482943062904700, -0.02960073760917532300, -0.05489380571522102500, -0.06828607094714497800, 
0.14913976425078301000, 0.10690852524451092000, 0.08782897286290790300, 0.09439117157002657700, 0.09873521318633191000, 0.08858958485347150100, 0.07390098590533977800, 0.05373887446690875400, 0.01722886836022488600, -0.02650808799397230300, -0.05461668747555248300, -0.06461356669602411100, 
0.13160655075079333000, 0.10362206293344903000, 0.08841830945672464500, 0.08870216821155071900, 0.08687303127666209900, 0.07626376055382833000, 0.06352680143441655200, 0.04538024167554578800, 0.01375760807720597900, -0.02344865641394631000, -0.04870130520066972400, -0.05996687946417661500, 
0.11436055057899516000, 0.09297370186585818300, 0.07975482188794849600, 0.07771762128650984400, 0.07546779877725999500, 0.06751555085479679600, 0.05681295933002246400, 0.04022467049268267000, 0.01331363454839285200, -0.01718992071119269200, -0.03870091311288614100, -0.05004493511410378800, 
0.10152626092822656000, 0.08443353983529103300, 0.07280389192720900000, 0.06958910480105506800, 0.06686448360970341500, 0.06044929124500989000, 0.05053343249457411400, 0.03497248019904113100, 0.01175104921424007300, -0.01398886267497390800, -0.03268649517472332200, -0.04413679600705001200, 
0.08901880918308087400, 0.07591688280112203500, 0.06633726225905774200, 0.06255303726647992700, 0.05864744635874338800, 0.05199291407185469000, 0.04204134769893590900, 0.02804005148759157500, 0.00862098409547597780, -0.01243762513749011400, -0.02830505731979267700, -0.03891685001128467700, 
0.07521016157592244600, 0.06650372195072422300, 0.05927749748724590900, 0.05509279375192022200, 0.05042185762810597700, 0.04356034760351179500, 0.03417166723256681600, 0.02191765447103913300, 0.00631594626740767870, -0.00975418934589582230, -0.02205366729858396200, -0.03093433155068409100, 
0.06437884220360966200, 0.05805747332997748100, 0.05192548161592829700, 0.04754704435288373300, 0.04346895202404361300, 0.03776224049140894400, 0.02947480226456170000, 0.01831233497828221500, 0.00522385118638020710, -0.00711256276823137800, -0.01663528261813968000, -0.02421717908774484100, 
0.05652172282810855700, 0.05155658433328566500, 0.04592556096876687600, 0.04141529790358773600, 0.03767231088912032000, 0.03276603148168078700, 0.02564422100085522400, 0.01586678679637657700, 0.00488672252751909050, -0.00552657422350914290, -0.01394846505413027700, -0.02077335297298721400, 
0.04839613322864758800, 0.04518165935165172800, 0.04107423067874330800, 0.03712159377619633100, 0.03315594521202035900, 0.02818668666969850100, 0.02178266354961582200, 0.01378930777009219700, 0.00519159238673669050, -0.00314369667494799120, -0.01040689786874369700, -0.01683837193635932800, 
0.03930578388233627700, 0.03688206975566712300, 0.03375488452926497800, 0.03057494731378293900, 0.02717444589121830900, 0.02320922093725412800, 0.01828403045630572900, 0.01236095125440895900, 0.00588197980506111570, -0.00038562576439634885, -0.00609343718967362420, -0.01116946257276997700, 
0.03076842104988505200, 0.02868126077621118200, 0.02621692256134098800, 0.02411454308015331700, 0.02196017739321199900, 0.01940541540062569800, 0.01585867538379356900, 0.01153002861590532400, 0.00684500216538775320, 0.00264135287358026070, -0.00098684648645247291, -0.00420247964964767530, 
0.02470568028801595200, 0.02262991926896640700, 0.02043196855752377500, 0.01919876329288196600, 0.01845008714229571400, 0.01751206478621318600, 0.01543452466459205300, 0.01232450088223309300, 0.00874097993050478720, 0.00568288332296245420, 0.00355634094035143550, 0.00193292916890338770, 
0.02091512219101877500, 0.01898036970948748700, 0.01715438465536156500, 0.01643991778129894700, 0.01652283612354549600, 0.01632685614771882100, 0.01498310349224483800, 0.01241156911190875200, 0.00945787683377221320, 0.00706612753403494490, 0.00580391621560092700, 0.00491166268586474070, 
0.02001789295326397400, 0.01828890432547019400, 0.01667945971235760800, 0.01607525157212707400, 0.01617924073554567000, 0.01593656619815848200, 0.01464347713840010600, 0.01228063662156050900, 0.00969790448739357710, 0.00768484244060648430, 0.00664630095361034430, 0.00579798945444808150, 
0.02012515792552092500, 0.01858466598704204600, 0.01712176213927951000, 0.01642432677146341000, 0.01633768754445173400, 0.01591123047219299500, 0.01458648985164408800, 0.01242650245022161100, 0.01010151729577485500, 0.00829231258508408320, 0.00715402593957859940, 0.00611890546717858660, 
0.02097572396495308400, 0.01955894684143320800, 0.01812893710459357100, 0.01732419290238242100, 0.01699497164743244900, 0.01637455742571743500, 0.01494441222516130700, 0.01276276782319097800, 0.01047799549148504200, 0.00865359025389010430, 0.00742320964470561970, 0.00623961201185336930, 
0.02256689943273524100, 0.02135694654809768000, 0.02001081929736821900, 0.01896311924602345900, 0.01816429877340842300, 0.01706632981140472600, 0.01540750344318409800, 0.01323813226836554600, 0.01100173733149392000, 0.00900408457091944790, 0.00728423506487288140, 0.00552017158100471480, 
0.02353518982219335300, 0.02242337449369294700, 0.02109039184471688300, 0.01981062989932721700, 0.01862743058722695800, 0.01717818945321263800, 0.01533526323896981400, 0.01311916530739522200, 0.01083063655922271800, 0.00860965435887339240, 0.00646383613446807960, 0.00424076987992300350, 
0.02331575603499480200, 0.02217468611103432300, 0.02080867479294818200, 0.01954984872312259500, 0.01839841485039366700, 0.01700865273364611900, 0.01518160196779987400, 0.01293038584909080400, 0.01057578276250733000, 0.00828676160204396690, 0.00616082708185127470, 0.00397380146451504350, 
0.02205936360001793700, 0.02094247149276731000, 0.01965974086617935200, 0.01857673319883141500, 0.01760036509832895900, 0.01637796377039037500, 0.01465066677873312600, 0.01246175219299850200, 0.01018241196858313100, 0.00804698687866190270, 0.00612541300783336470, 0.00415673712885036850, 
0.02067056752851573200, 0.01972328932422791000, 0.01862542394814135200, 0.01761633010736424900, 0.01661557872474409400, 0.01539241190655378000, 0.01375844485065202600, 0.01177415809948581700, 0.00970343869429770090, 0.00772665619883695230, 0.00589225202182343690, 0.00401272980779418530, 
0.01947226024186554700, 0.01855726887577062800, 0.01753228294819321800, 0.01663424044238017900, 0.01580289643445655400, 0.01475855391097021100, 0.01329708822777412600, 0.01145090419529093100, 0.00948533534103251220, 0.00765896965640473770, 0.00606198062988955260, 0.00447144629711520700, 
0.01769694167149427400, 0.01691309299107409200, 0.01598919250110734200, 0.01518085725268127900, 0.01445811136891446800, 0.01354093842819632500, 0.01222586580476896400, 0.01060882386031164500, 0.00883570528276345600, 0.00724073254996941870, 0.00581485760906242340, 0.00440981530946034890, 
0.01724357085915885800, 0.01656911227798100300, 0.01572538020334114000, 0.01492179830508551100, 0.01412657624455306000, 0.01309667628574913200, 0.01179186452709745300, 0.01027028384135253400, 0.00853042619942345070, 0.00687190077699752120, 0.00529939529896406810, 0.00385751347747154010, 
0.02150351032187831200, 0.02046366521375087400, 0.01932504115542435500, 0.01816736509482787600, 0.01672886135447059300, 0.01490058475032022100, 0.01296637261400136000, 0.01089836217567349000, 0.00854390540820123940, 0.00598091424713377740, 0.00342603377640906090, 0.00120316464554642760, 
0.02707164754985555100, 0.02546651408515485100, 0.02381778653550526600, 0.02220970831493897900, 0.01995461055265871800, 0.01706867774670807800, 0.01401366172118788600, 0.01104963943351757300, 0.00789386277242584350, 0.00430305379106708100, 0.00060802817720650266, -0.00270344669890357130, 
0.02870547009518874600, 0.02673093244196243800, 0.02514457231269810100, 0.02393501002584448200, 0.02186891311653140300, 0.01870799915905455000, 0.01534527788179209200, 0.01244087107514184700, 0.00951664957892450060, 0.00598492707531898470, 0.00224979716372718540, -0.00111464773176880250, 
0.02729966915435861100, 0.02493212178328995900, 0.02367595451935212300, 0.02346171427658275100, 0.02239056865169733100, 0.01977222549633994200, 0.01674886899454119300, 0.01422211416554557800, 0.01191842375083211600, 0.00938919002535499800, 0.00673370690293246830, 0.00404046223943085350, 
0.02649478366234758700, 0.02392530121479968400, 0.02289158326695654000, 0.02310672910086367100, 0.02217775221085942900, 0.01966045413628465100, 0.01707848076606062500, 0.01515436302780823900, 0.01321575881143824600, 0.01093652597790859000, 0.00875568082397961380, 0.00662808957961976820, 
0.02830735314970517900, 0.02578537464772143200, 0.02488549082659023300, 0.02499719169140625700, 0.02358455180592882600, 0.02057928746889080300, 0.01804903156609532000, 0.01645728555637980500, 0.01448398191028786900, 0.01150190418074988200, 0.00867509107635193800, 0.00650965895774948890, 
0.03069514018202877000, 0.02822194387834667600, 0.02732777913130953600, 0.02709534882290707100, 0.02538699225288756900, 0.02214577347679412600, 0.01946994172462888900, 0.01771199823999000700, 0.01541724089310308300, 0.01195897639512890300, 0.00857849748468807880, 0.00603445917040295980, 
0.03081418477024731500, 0.02824013711842503600, 0.02751478113721512000, 0.02759970221414068100, 0.02588757037883529500, 0.02224959146151668900, 0.01921439281432902100, 0.01755977014041145200, 0.01545086560242196400, 0.01181598992746807900, 0.00803841351722223150, 0.00528159082381974600, 
0.03074124943754377400, 0.02851758291805073200, 0.02758597915616779100, 0.02733109491730831300, 0.02553470451826631000, 0.02200694981451669800, 0.01877740177429089400, 0.01666463216909372000, 0.01435866877503748900, 0.01076670840412994600, 0.00689895177820028590, 0.00372279992820116060, 
0.03158738130571355600, 0.02939850912910104900, 0.02823356674185679600, 0.02761633994044979800, 0.02549250181260663600, 0.02180986356845252000, 0.01844060392147853900, 0.01604232379499374500, 0.01338460808831363300, 0.00944845086688735070, 0.00512895744570831400, 0.00159764537167649900, 
0.02987193992094619400, 0.02789681091369102300, 0.02667915690418817100, 0.02587652995853747700, 0.02379161055510399900, 0.02036565809958091800, 0.01714430537415309200, 0.01473599966441665500, 0.01204926220898817600, 0.00820399839359440760, 0.00396342653938682590, 0.00038490517367398345, 
0.02782553685556438500, 0.02606671932665424700, 0.02486791619852826400, 0.02397466431007117000, 0.02200744778338348300, 0.01883573836353926600, 0.01580028442840660000, 0.01344106459729478200, 0.01090493206275519300, 0.00731683288254694490, 0.00334763464848370550, -0.00014924861071003879, 
0.02594653962331175100, 0.02404705910581304500, 0.02304192091954134600, 0.02244561481460392900, 0.02057904354196646600, 0.01732316199135069600, 0.01439883521424700400, 0.01237900114567763000, 0.01010133208352599300, 0.00656108877665509580, 0.00263934128882045790, -0.00052068091673803697, 
0.02364204787820279500, 0.02177302911216929400, 0.02086685333991625300, 0.02041907863214142600, 0.01869575005420630300, 0.01564659728869641600, 0.01297632769801442200, 0.01125894274290225500, 0.00921781433202262250, 0.00590577151860084870, 0.00226336422939853440, -0.00051810646536741090, 
0.02135386479004141400, 0.01976891952847971800, 0.01888542095763252500, 0.01841999177444720400, 0.01689638657501469800, 0.01426961681114642800, 0.01189499227636619400, 0.01030054285618161500, 0.00852197027774061550, 0.00563629616327376410, 0.00239307003781116840, -0.00016430795469763891, 
0.01964722246727138700, 0.01828548563164186100, 0.01740718029774146500, 0.01685544617035781100, 0.01549708054913278900, 0.01320798634875146300, 0.01102200163078432400, 0.00939223021485571100, 0.00765188901015493360, 0.00508215095346763010, 0.00220061213993533570, -0.00018356180732645834, 
0.01763563835061091000, 0.01646024043938549100, 0.01570412676206407700, 0.01520753133792455400, 0.01396891321856274700, 0.01191348707890111900, 0.00994716780822557660, 0.00839707490052752840, 0.00678720454460835470, 0.00447753736984608020, 0.00194385168021268510, -0.00013915167558426367, 
0.01512074021796173300, 0.01402193983623279700, 0.01346997719788099400, 0.01319097087322629300, 0.01212940030349334400, 0.01026444999974930300, 0.00854940442889755640, 0.00736560588417417560, 0.00613038223490618320, 0.00414248732056279880, 0.00191407696982403810, 0.00024708755292731136, 
0.01342897446570430500, 0.01223116062453629200, 0.01178637057351216100, 0.01171542878506456000, 0.01082097390906343000, 0.00896848105941694740, 0.00736520239793853150, 0.00654568995865781580, 0.00566725169444046420, 0.00390453269706293220, 0.00184510739351906750, 0.00047354228468790430, 
0.01377351474814655200, 0.01243501676989368000, 0.01185586227347349700, 0.01166897100806141800, 0.01064908278562956000, 0.00868279494495944990, 0.00701385284615200530, 0.00605229105168510980, 0.00494445083715640970, 0.00301080440661288680, 0.00092771000473570683, -0.00054304481129404834, 
0.01668977090761096500, 0.01492936877914080600, 0.01387458305773137500, 0.01328327031396741600, 0.01191524756635024700, 0.00956570542703970290, 0.00752418492638775620, 0.00589054951763873410, 0.00386281709494715880, 0.00115810906159852880, -0.00138393644905621680, -0.00339372004463321840, 
0.01909271957910859500, 0.01673323185076334600, 0.01493875165171592800, 0.01386427237131722000, 0.01244196909602885700, 0.01009950267359337200, 0.00791159240659526990, 0.00578911243019120460, 0.00315455061187996930, -0.00018842312849164859, -0.00332637441094932320, -0.00597399555259226380, 
0.01667328071313720100, 0.01432891997308965500, 0.01253814261253450100, 0.01150415900041529400, 0.01041441751840603000, 0.00885610580657577450, 0.00731938558633823090, 0.00558210210273217200, 0.00311852462966160250, 0.00006136565759676699, -0.00272206047565833310, -0.00505151882597570150, 
0.01421127802683871800, 0.01153712231005310200, 0.00958220647244838710, 0.00886225489740171020, 0.00840216905134005130, 0.00763668638653728240, 0.00672708251553040800, 0.00537770210913114320, 0.00321556485439027100, 0.00052058462361700497, -0.00195586146600794900, -0.00384802231511844350, 
0.01282439994572613100, 0.00932418007706233530, 0.00676825450180255830, 0.00616992493435035080, 0.00648052880754768250, 0.00676723079323699080, 0.00645581984840153550, 0.00515491764333040130, 0.00299611205846621540, 0.00042124516528493715, -0.00167540402940894680, -0.00311979501069379080, 
0.01150577283576698300, 0.00797402175414063840, 0.00542888476518915180, 0.00485192712866100530, 0.00528171819409074210, 0.00583964438354786940, 0.00604501856750631550, 0.00528071017863645210, 0.00348909269084684810, 0.00095965034501009215, -0.00118872043907394810, -0.00260009428230067620, 
0.01080349828535922200, 0.00747709219164765290, 0.00515751152974831820, 0.00483409297699485990, 0.00547411703556170520, 0.00585999387113824830, 0.00566829515922073320, 0.00499402350958128190, 0.00320718707156194970, 0.00111827429476471850, -0.00059672063855877868, -0.00180548874568777960, 
0.01020666142511259800, 0.00723138553121659750, 0.00541031499855404790, 0.00518064630932926760, 0.00509312814899434440, 0.00498391158086245680, 0.00500319252673410340, 0.00487911231429495170, 0.00343517066076288840, 0.00132209746672081230, -0.00040693249070461164, -0.00150226836619569960, 
0.00974614988181600650, 0.00731574141229139870, 0.00589467728490554280, 0.00560852791546705230, 0.00514323405911626050, 0.00472645746790211800, 0.00482403368264072270, 0.00468162997417771210, 0.00321116124167728640, 0.00096067644106377886, -0.00078197799263848952, -0.00181044526241975600, 
0.01041769207927796500, 0.00813616115858174440, 0.00680131135059403560, 0.00659349354200562330, 0.00615175182463154490, 0.00543109782977587840, 0.00516024598794478230, 0.00487444089920658840, 0.00338860138191010230, 0.00079537276827563140, -0.00125079250266778950, -0.00240476350339457680, 
0.01209533040911318000, 0.00978848706303125230, 0.00836244045587960370, 0.00811239742569979350, 0.00750363714658333890, 0.00631682952904913650, 0.00541367895445199480, 0.00464919902092607570, 0.00303925428867079420, 0.00047585538541709534, -0.00185798285531637260, -0.00331266128461654320, 
0.01336196994416765500, 0.01134890639913674900, 0.00990617894217182130, 0.00926184225406853980, 0.00847513340927905440, 0.00718652313120774630, 0.00594062365108558470, 0.00460339909050214420, 0.00265168715954909990, 0.00016376597769290636, -0.00220819547464332160, -0.00395114783614134750, 
0.01432775327749641700, 0.01268898755859081600, 0.01130510029281594900, 0.01043765328268569800, 0.00939027410725198910, 0.00794961945066200750, 0.00645854843924935540, 0.00479485858219357370, 0.00267730194141598330, 0.00016864603575414438, -0.00228006313636558220, -0.00431544121943528910, 
0.01508160521975190400, 0.01376864956484710400, 0.01242193656379441200, 0.01128422374015166700, 0.00991943131851991640, 0.00826732707889516780, 0.00657044293106666750, 0.00472789798352502270, 0.00247858840319498640, -0.00007631399627618666, -0.00260827647325839610, -0.00482447489945567970, 
0.01417943793595044000, 0.01308924960435073200, 0.01193751661373382500, 0.01091166052000096600, 0.00969038629258073100, 0.00814799777167975710, 0.00645320465733193860, 0.00456252179973461870, 0.00238974971929778540, 0.00002224101376868020, -0.00227076489952108020, -0.00435119226854524710, 
0.01182796134824950500, 0.01098320564398030900, 0.01006327559844932700, 0.00922058107205390300, 0.00823686445779079310, 0.00697698681343994400, 0.00556751672941482780, 0.00394726078434149470, 0.00213478521606226980, 0.00020310768561563136, -0.00164087163041583620, -0.00336281457709178360, 
0.00808977513651731000, 0.00754115623046823590, 0.00688709902120853650, 0.00621465150576911050, 0.00545252489835921020, 0.00457246994102036490, 0.00363011040008044210, 0.00256728878004470120, 0.00136911285197756920, 0.00007518703226006503, -0.00117159984015527970, -0.00232313364386185250, 
0.00387461556480633460, 0.00357937843287473370, 0.00322782235560651040, 0.00287935971326266480, 0.00250173155254765100, 0.00210559800307499620, 0.00169364891691190890, 0.00120985725142422670, 0.00066859296813060777, 0.00009100296871494457, -0.00043025580157292413, -0.00090050534499002679, 
0.00164546840753725650, 0.00152983062595225190, 0.00139009545660730450, 0.00126572400964364050, 0.00111696316978063390, 0.00097629018622078108, 0.00082617713417016899, 0.00064835236717773585, 0.00045730140966159617, 0.00024881974089381879, 0.00007058428621126465, -0.00009764882756257199, 
0.00153657430498453910, 0.00143936234388810270, 0.00131802240194087240, 0.00121186599973004170, 0.00106194009939732340, 0.00090831957098927668, 0.00072350526017629158, 0.00053245400557328697, 0.00035614956808735244, 0.00015435970637815548, -0.00001107533319979060, -0.00019043119629249050, 
0.00154634769057889310, 0.00141849632885245870, 0.00125931955284902250, 0.00109723320374288730, 0.00091955125784904334, 0.00072228043716978285, 0.00050220316805501435, 0.00028769289028417931, 0.00005502017506533914, -0.00018194104525551204, -0.00038085479568809681, -0.00058953653668322367, 
0.00128643629225883800, 0.00116604942038343420, 0.00097467468609593920, 0.00079543625832416041, 0.00059802762243706402, 0.00040446927547430387, 0.00020205093885193706, -0.00000751214450314673, -0.00020709487851779240, -0.00042918639482805178, -0.00061086487235579917, -0.00079842433096304218, 
0.00111726547803833120, 0.00103094637513652970, 0.00082306102788665494, 0.00067574797592715732, 0.00049682589016633897, 0.00031282306109481068, 0.00013042430103202895, -0.00006172969387064744, -0.00022223226718881903, -0.00039442538290587401, -0.00051407822813090811, -0.00064088572797367830, 
0.00095668443402865868, 0.00088506019110937844, 0.00071161666387333585, 0.00057538454982028096, 0.00042251879596950085, 0.00025491682071133282, 0.00012342649525268879, -0.00002089041074892497, -0.00013169090927535063, -0.00024456896394456341, -0.00031369700160773162, -0.00039819579194465640, 
0.00070908362842953074, 0.00062086436875818029, 0.00052536636951009438, 0.00042716415327046588, 0.00033390199143631326, 0.00024301522866413365, 0.00018084953072261214, 0.00011653629838523073, 0.00006869782274522911, 0.00001836961209885932, -0.00002648403925626806, -0.00007317672298576089, 
