0.95626510984695423000, 0.46148115808537127000, 0.35314084683330144000, 0.21850019354975908000, 0.14942949045925899000, 0.15972784579726232000, 0.19014601365708325000, 0.13436567399440985000, 0.09567015330032520300, 0.06743118116544605200, 0.09360219718587850500, 0.06885211773858772300, 
0.22649015272254072000, 0.20031949124768458000, 0.17461651642503362000, 0.15090112940286168000, 0.12844920420993616000, 0.11638579687470837000, 0.10541977917324422000, 0.08978823258892540400, 0.07431569280815039600, 0.05754214502360104800, 0.04364117696322056300, 0.02624082450974621000, 
0.27142482628733378000, 0.25324277073326878000, 0.22576838399404880000, 0.20425553440915681000, 0.18259946209031752000, 0.16505757781582961000, 0.14627121677168575000, 0.12185640566852499000, 0.09116208709624756800, 0.05563391735453171400, 0.01652150122508681800, -0.02713864037043226000, 
0.25069128729216922000, 0.24310373794421974000, 0.22213402408210714000, 0.20648709644571070000, 0.18538797197207035000, 0.16915321485388590000, 0.14739221729283675000, 0.12240121658384832000, 0.09042820211839240600, 0.05374044980592139500, 0.01228688029235998300, -0.03405514156137470100, 
0.20233520136328637000, 0.19768485406906858000, 0.18570419245375552000, 0.17435503555418580000, 0.16006633937626319000, 0.14426846710829583000, 0.12438472713376449000, 0.10133854619826660000, 0.07359065908529047200, 0.04392937698017358000, 0.01077446905582669200, -0.02522824023704464700, 
0.16857152347879131000, 0.15719608837522833000, 0.14442087767856379000, 0.13417670806082310000, 0.12710023606119317000, 0.11869702080733367000, 0.10565668677436307000, 0.08627300167404466900, 0.06127739542174741300, 0.03532931333405624200, 0.01032099559866047100, -0.01186487953652593700, 
0.14628579366283631000, 0.12620160862230947000, 0.10972186130989016000, 0.10233961961038220000, 0.10194933203055317000, 0.10221526244105478000, 0.09467097355899675700, 0.07660508449625376400, 0.05120591851295450800, 0.02421530968837543700, 0.00499839060495654850, -0.00575492642162701160, 
0.13231518164902786000, 0.11040697322210652000, 0.09231893931477568000, 0.08764821273109689400, 0.09109382995587807200, 0.09192669613987267100, 0.08514966306765924000, 0.06589732335334500000, 0.04067709388567870100, 0.01483980460360781500, -0.00084660390832225207, -0.00778043760971422120, 
0.12654163587879785000, 0.10196289264926844000, 0.08266433887704496800, 0.07977811863902779800, 0.08589658981356057500, 0.08774092119408644100, 0.07999473241524432400, 0.05923212933608321100, 0.03306276891634252200, 0.00803805463965857540, -0.00638394184647211180, -0.01252558111628635000, 
0.11823303789296562000, 0.09192063687314575000, 0.07231549559802097300, 0.07074952324132090200, 0.07831368723151244100, 0.08173759812379884100, 0.07515051228802469000, 0.05483067230487855000, 0.02827412802456502600, 0.00251907819854614230, -0.01123808708828939900, -0.01531844035898392900, 
0.10470202110817677000, 0.08056807755551105600, 0.06318910438440787600, 0.06232384219299264000, 0.06970538134316987800, 0.07263958668735562300, 0.06665500087755209200, 0.04799447821052932300, 0.02328534959096935000, -0.00004261613834317599, -0.01141426385984396400, -0.01287916303594464600, 
0.09199244209691349900, 0.07137692250609387100, 0.05682270551016357900, 0.05690800866447089800, 0.06348629238425188000, 0.06461449038739060200, 0.05724276111797820000, 0.03955461088068199000, 0.01866644703490182400, 0.00044049185876525454, -0.00703021453706643120, -0.00804624947845050330, 
0.08138561588655929300, 0.06298224850127205600, 0.05057141138534593200, 0.05144532419401283400, 0.05779657933591309000, 0.05817049761529649600, 0.05007592260335772000, 0.03313378400010667100, 0.01612526964939762000, 0.00219575623260777430, -0.00282202683236578920, -0.00440767791314753980, 
0.07118342811086074400, 0.05566882886400366400, 0.04567813349638206300, 0.04708578621320679700, 0.05224337449234155200, 0.05132537112669992300, 0.04318762609035200300, 0.02814441612210434600, 0.01501829119478769100, 0.00472945243088516900, 0.00100798802529434950, -0.00127068291899330720, 
0.06273663411459305700, 0.04924992500067746500, 0.04059954222902496800, 0.04248841390312878300, 0.04730052093455310000, 0.04563148097129254800, 0.03800205089460557300, 0.02421325264978452900, 0.01348186608640232500, 0.00603864979275336220, 0.00328333524866171980, 0.00100562225658676430, 
0.05531899798910452900, 0.04436842423438358600, 0.03653702664461471600, 0.03681417417926233200, 0.04060910296367110900, 0.03999436657462008400, 0.03495123137848667200, 0.02436080813130496100, 0.01478385261393890500, 0.00731097351784055440, 0.00359025152609981910, 0.00215376423646872550, 
0.04923712144409860000, 0.03992847958430638400, 0.03264936808293691900, 0.03192374035478415300, 0.03481875417358726300, 0.03560378357122744000, 0.03284738978696881400, 0.02502784404623765700, 0.01627415016170378000, 0.00830633294399971130, 0.00387005080986554080, 0.00262676714990092920, 
0.04596064298296688400, 0.03809886287585671100, 0.03127166307693943900, 0.02994992035267327400, 0.03247997638285123800, 0.03330538607258204400, 0.03137885758351813300, 0.02443343674233573000, 0.01606422874123364400, 0.00830853566219059980, 0.00367490966457522350, 0.00226157162343265490, 
0.04317582210333537800, 0.03739276578239701000, 0.03176427728370349900, 0.03030029987475050700, 0.03135903007973132200, 0.03067515868816457500, 0.02771163799025533700, 0.02108327576654006300, 0.01401186813915087200, 0.00728212937579663690, 0.00327726286528698570, 0.00064471483692282424, 
0.03939609121997433800, 0.03628969999152001400, 0.03259842765954341900, 0.03065620301154230200, 0.02980449424201304200, 0.02696788585723262900, 0.02299543111290538000, 0.01758137469444968900, 0.01223718443085993600, 0.00751014287915111220, 0.00373401986125017780, -0.00007623989160025074, 
0.03543093997418749600, 0.03342410256962323500, 0.03065210049630153600, 0.02826035887903057000, 0.02668445928595702300, 0.02362946425504521300, 0.02007860065107931700, 0.01607987938319290600, 0.01166278500987919300, 0.00766512839933264960, 0.00382100867458748340, -0.00003795380902896195, 
0.03198308105028179600, 0.03048509270284541900, 0.02810339674284767800, 0.02558070039669523000, 0.02397078801764410800, 0.02126432445354355100, 0.01855542564887931900, 0.01519894675796269200, 0.01138222175961309600, 0.00769500324379643680, 0.00403154083018201530, 0.00059751033140854437, 
0.02606097733679188500, 0.02515382463349743000, 0.02373903734799300300, 0.02194547762373201500, 0.02072050977111327900, 0.01868825062297443900, 0.01654857091596828900, 0.01398952541624411000, 0.01117290965488718400, 0.00848480633327064120, 0.00579306311010849540, 0.00317590432472469830, 
0.02406348308161149500, 0.02315386188812217400, 0.02208389202506630400, 0.02096925182241947400, 0.02010317312924681000, 0.01871052864769785400, 0.01684570946072013600, 0.01463826967848537100, 0.01230371400827960500, 0.01012994374246576700, 0.00813340877959448790, 0.00598025888839391880, 
0.02714617826056917400, 0.02587304659878797800, 0.02449758125501205400, 0.02344512731370105100, 0.02266719299415860200, 0.02139947323236040400, 0.01940942443505462200, 0.01688865947199877000, 0.01422654250241810700, 0.01182241216010149000, 0.00971684801816216120, 0.00743847754722610970, 
0.02759885009471358500, 0.02617906703026992900, 0.02469439472134383000, 0.02360829005245332300, 0.02282106480186696700, 0.02154965755962417700, 0.01946467003959855700, 0.01681533794786472700, 0.01405627401173680000, 0.01158130476057558900, 0.00944922242142916260, 0.00720250373841876520, 
0.02754920861268943900, 0.02621699599365044300, 0.02478480780345097800, 0.02361825428460466100, 0.02269408826433899300, 0.02134768017583148200, 0.01922667302497440400, 0.01658416116966964600, 0.01382585793087785100, 0.01126641420330560000, 0.00899601405387192780, 0.00663735699791921650, 
0.02624804509036046000, 0.02516574999740219700, 0.02393779482157281500, 0.02292500841938721300, 0.02202588935442821900, 0.02067379742037423300, 0.01864795678439501400, 0.01629323989916367900, 0.01382180393231576500, 0.01155259210278168600, 0.00931026406816591250, 0.00690006398774262870, 
0.02532160998655914200, 0.02430464000512139900, 0.02311200611793333800, 0.02210926633886855400, 0.02123271953636150100, 0.01990405657590330800, 0.01793992475081697700, 0.01566441513756771900, 0.01319571706735706700, 0.01095809200778659700, 0.00873479326621431210, 0.00644997790984339240, 
0.02437857211881466100, 0.02337115088688324800, 0.02224517103602689400, 0.02122088458702180500, 0.02037051322020943400, 0.01904973679761801400, 0.01716837987160297100, 0.01497977402617104700, 0.01262066127973187000, 0.01037385697458259800, 0.00821149103134470940, 0.00593089378046276860, 
0.02247533759209306000, 0.02157379014251508900, 0.02062486177560650700, 0.01974256519140338300, 0.01896747201932582800, 0.01777086882863710600, 0.01603444431820357300, 0.01407346391660384100, 0.01204496198207671000, 0.01006621078957856100, 0.00812045620987789440, 0.00595581934277315380, 
0.02081225166574440400, 0.02009820800758563300, 0.01923080658019157100, 0.01847125539077883200, 0.01771861100593008200, 0.01663679394105522700, 0.01506523008516666600, 0.01331650191950624000, 0.01145815463461188600, 0.00969875105880456040, 0.00789001435988819290, 0.00592849110435079120, 
0.01994440373435441000, 0.01923368336484417400, 0.01832315999932014600, 0.01756392897033419100, 0.01681558728044887600, 0.01579984377677902400, 0.01430311653417269500, 0.01256234012797853200, 0.01068856052719673700, 0.00891491497092743690, 0.00721013609709066600, 0.00540369676983218970, 
0.01931320576810451700, 0.01852414364231050700, 0.01757193472886987200, 0.01674241821033132400, 0.01603344261961488200, 0.01504984623993850000, 0.01358322815200359000, 0.01177227301436928200, 0.00985930221705615640, 0.00801692277885441250, 0.00640019337241491770, 0.00470120665758379070, 
0.01854840122158390000, 0.01781003546979184300, 0.01691117364292159300, 0.01605418706128197400, 0.01530818266013065200, 0.01429657204947798600, 0.01285210365905981900, 0.01110769546232622700, 0.00924448041126295710, 0.00744189346536173760, 0.00581039832142247940, 0.00414840248234873110, 
0.01778686307687112400, 0.01712488210375372900, 0.01625866305294739600, 0.01544198120140330900, 0.01468472330360845800, 0.01365718312874951400, 0.01226034178562395600, 0.01060885495857556400, 0.00881187438438849750, 0.00709779225849231120, 0.00548487897366743610, 0.00385056550949851960, 
0.01713215696990962700, 0.01647355733709886200, 0.01562129624159868000, 0.01484271716579788100, 0.01412530185972191500, 0.01314378179103391000, 0.01179973739709201500, 0.01018311162434603300, 0.00844987072146100030, 0.00679097136108283880, 0.00525043719636846240, 0.00369412608433049860, 
0.01671844365151112900, 0.01601378002438573500, 0.01516098552996230000, 0.01438411390290119700, 0.01371329956465698300, 0.01278169790649787800, 0.01145925448079754100, 0.00982009246342165250, 0.00810467545085888190, 0.00644774019776552230, 0.00498284814178659790, 0.00350548070971357440, 
0.01636258104239911300, 0.01563357937830145100, 0.01476958443705273000, 0.01399758568840155800, 0.01334612033908007600, 0.01244177663423149200, 0.01112442280366032100, 0.00946134805074517160, 0.00776638691413202890, 0.00610788885106431330, 0.00471652219166557830, 0.00329049177232767270, 
0.01595388567785856500, 0.01523262591274085100, 0.01437063910866008700, 0.01364515075111883600, 0.01302426138256354900, 0.01213228532053204700, 0.01083178846540713000, 0.00920206898712933740, 0.00754299365315027910, 0.00595391471672157820, 0.00459980939626787250, 0.00321052369658308450, 
0.01563587903678264800, 0.01493270571854750000, 0.01409161455421050600, 0.01338268065324264100, 0.01275660835333633800, 0.01186050237910557500, 0.01057648566222939500, 0.00899206368242294610, 0.00736892964892153780, 0.00582354492082553990, 0.00447136508607959200, 0.00309305160398967540, 
0.01540294467942015900, 0.01473660477932789800, 0.01392890032244036200, 0.01320941296851248400, 0.01253566946761239300, 0.01162048887437979900, 0.01035052362079653100, 0.00881078669499942880, 0.00723415853436846880, 0.00570287734097747140, 0.00433985936856153520, 0.00295672322886477570, 
0.01520243638093743900, 0.01455611726957535000, 0.01377405113763875400, 0.01305134556051914200, 0.01235841730937433900, 0.01144132706188800100, 0.01018403967943157400, 0.00868096544370347210, 0.00714454415760320490, 0.00564349440354250910, 0.00430160466427829350, 0.00293409030727439680, 
0.01501598796829361900, 0.01438805557150675900, 0.01362756572046699800, 0.01290276992237199300, 0.01219641214650008100, 0.01127716119754266400, 0.01003207769042193400, 0.00856132016281883900, 0.00706032728317467110, 0.00558166143721740800, 0.00425113533388766800, 0.00288979385507658150, 
0.01494912904493184500, 0.01434576708249437800, 0.01359150267903519400, 0.01286990033139945500, 0.01213966523801843600, 0.01119804341637264900, 0.00996014206987278290, 0.00850960285670534360, 0.00702866202244848990, 0.00556200625784321680, 0.00421252933604375490, 0.00283214387219450640, 
0.01476223506012304200, 0.01419075162204522600, 0.01345523731924449400, 0.01275710907214115700, 0.01203496508552888600, 0.01110247938096131100, 0.00989488957476457320, 0.00849649483179148490, 0.00704733687027026340, 0.00563687289966411860, 0.00429970324558081020, 0.00293830838267498600, 
0.01456427225938696300, 0.01399317534883407800, 0.01326904456262545600, 0.01257092895838855800, 0.01186261314237309500, 0.01095355930663377600, 0.00976601753054123780, 0.00837855964814308680, 0.00695162564307299710, 0.00555976756114831900, 0.00427085720671571170, 0.00295272990356226000, 
0.01409551443073535500, 0.01353895902217708100, 0.01284585767329270900, 0.01217376796470474900, 0.01150797698705744900, 0.01066213644335815800, 0.00953859646368062850, 0.00819774297543768640, 0.00683883050058255780, 0.00548880291317152720, 0.00427863900832734040, 0.00302850975099765810, 
0.01368961623327449000, 0.01313370558813640500, 0.01244496479832706500, 0.01180508798349415800, 0.01115857899723745500, 0.01033136356362415600, 0.00920781421168032250, 0.00788587660363800590, 0.00654381417954306550, 0.00524898482030791270, 0.00408822880619992560, 0.00286390804575064210, 
0.01323417676721326900, 0.01267140389199154400, 0.01198686991477103900, 0.01136200805116843200, 0.01074825957170533500, 0.00995031411480591480, 0.00883859581076110010, 0.00752496435216724270, 0.00619880579434456140, 0.00495093980407354010, 0.00386306181409275160, 0.00268749096857370850, 
0.01277007323209916600, 0.01223191925420800100, 0.01157068321874756500, 0.01095332983781039500, 0.01035327055852269300, 0.00957735782272482740, 0.00849713929270930380, 0.00722112895833851300, 0.00592200525937020430, 0.00470169976272303420, 0.00365307403844517850, 0.00251568332006305230, 
0.01232613548880776500, 0.01184806382751031600, 0.01125065429586009000, 0.01065954077766577400, 0.01006464053293762400, 0.00930630556112459900, 0.00828400294136593000, 0.00709475695875699890, 0.00586411360755454290, 0.00468859269028216140, 0.00364312814268961910, 0.00252176324679893220, 
0.01162712864299281200, 0.01125116150983299600, 0.01077998145577494100, 0.01028202948671969900, 0.00975480547937085040, 0.00906390251461273830, 0.00816457413898193620, 0.00713396411750256110, 0.00607308608672679690, 0.00502781657951328550, 0.00403812094499306130, 0.00295876745862715990, 
0.01104985908479353700, 0.01072353398572769800, 0.01032045034236281500, 0.00990772649124993690, 0.00945898144868285300, 0.00884719555295452460, 0.00802839659017629170, 0.00708221540705564460, 0.00611448728665653360, 0.00518861717854290400, 0.00430155260611948200, 0.00331180671484031240, 
0.01063929420428621300, 0.01034667181718743200, 0.00996944684320811260, 0.00957498228130047350, 0.00913481108848403920, 0.00855491661635466960, 0.00779364948405803640, 0.00691018132867316120, 0.00599704018012542800, 0.00510110161984508440, 0.00423759219795094130, 0.00329244667023065930, 
0.01002430996202706800, 0.00977526113883037120, 0.00944084790446594010, 0.00908202060020818320, 0.00867257604096309880, 0.00814510366060839170, 0.00746535339391368820, 0.00667110240613206800, 0.00584509595166156360, 0.00501820410214629760, 0.00420771413828627430, 0.00333818338539175210, 
0.00910675255592293710, 0.00890770130484617310, 0.00863564316225069570, 0.00832598083403029120, 0.00795930102869909190, 0.00749281486556793980, 0.00690625232985571120, 0.00622975796135240980, 0.00551783682929408990, 0.00479814283326887150, 0.00406089594044843110, 0.00328193173776380410, 
0.00794214261709655890, 0.00778495017989080330, 0.00756410449942840870, 0.00730035422319285680, 0.00697661162036745850, 0.00656744767281888360, 0.00607292915966360390, 0.00551620073025384670, 0.00492568415214255080, 0.00431251079772697330, 0.00365989681917572440, 0.00296304212747562160, 
0.00644405075849628120, 0.00631872242252075590, 0.00613838059584141150, 0.00591487592652676070, 0.00564152090820636050, 0.00530771260867273980, 0.00491791340660209610, 0.00448010788152891460, 0.00400782274931071190, 0.00350427978340876310, 0.00296527088166413570, 0.00239283260303636580, 
0.00453534863145295220, 0.00442768938064117160, 0.00427527237483616220, 0.00408957704358190510, 0.00387492778744098330, 0.00362403649383719270, 0.00333891877151278570, 0.00301416361705374860, 0.00266133232447970590, 0.00228328404404209640, 0.00188869743732494570, 0.00147690285132277680, 
0.00260340445518453430, 0.00251475765915318070, 0.00239629990435562570, 0.00225708866263791760, 0.00210257364763513210, 0.00192867241145355520, 0.00173770107315734080, 0.00152515763094977120, 0.00129637259237159150, 0.00105516787315110750, 0.00080870117171815423, 0.00055621610234106683, 
0.00181511062515067120, 0.00173688549396416460, 0.00164065116046572270, 0.00152687738743774930, 0.00140818112656738210, 0.00127172985954660650, 0.00112205939274135780, 0.00095782300871491649, 0.00078031418505964116, 0.00059929631333057994, 0.00041599320039281901, 0.00023055003058778577, 
0.00291146441504392920, 0.00276161274356257880, 0.00260748731582575440, 0.00240410074894276340, 0.00228977154606643290, 0.00209907881963992700, 0.00185978987500343620, 0.00158955389418877320, 0.00124840433275864320, 0.00094397835997964607, 0.00066389650363798004, 0.00039094012885016355, 
0.00597788308413427400, 0.00557382267937294240, 0.00518662077996078290, 0.00478486979678404300, 0.00454623257905518130, 0.00411355811637698080, 0.00353987005068392850, 0.00289124705112385910, 0.00208834823542798820, 0.00137909902430412590, 0.00078664254535548966, 0.00024352821931811151, 
0.01016462725211250300, 0.00942452131729227400, 0.00867821579507139020, 0.00805069797805202210, 0.00752521977461338870, 0.00671040883479984400, 0.00559961371656228070, 0.00429005897593520960, 0.00290995271638707590, 0.00162053091682904130, 0.00044536509027777454, -0.00065743799793875873, 
0.01348370432530459300, 0.01233457354305172000, 0.01124999572852657800, 0.01043141812390157100, 0.00984424138486761530, 0.00886220353891260630, 0.00725974415439646720, 0.00526741432557945290, 0.00327489681596319220, 0.00144500590462814370, -0.00014922818233403730, -0.00164418967748726040, 
0.01457764564647990600, 0.01313313067496498100, 0.01196066272505160200, 0.01118713676971857200, 0.01080327665260857000, 0.00978450784379343400, 0.00801181939266304430, 0.00580991322938555470, 0.00363429024887704800, 0.00182087599967521670, 0.00031423329820347171, -0.00114971365838859330, 
0.01427587202021605800, 0.01273399636288511300, 0.01160229470582960600, 0.01099870327720413500, 0.01080600086018224800, 0.00987189567231191830, 0.00816475932856234110, 0.00607657798827582460, 0.00416302146468306830, 0.00274432247826472340, 0.00137670382557880280, -0.00003349364993003319, 
0.01438076670438456800, 0.01267852707691102800, 0.01142611055570181100, 0.01092674334427463100, 0.01077596858049484500, 0.00986248441446868280, 0.00800314175289833920, 0.00590639988916410570, 0.00399726465546574110, 0.00275056239430866670, 0.00159043452138548140, 0.00030554717750928264, 
0.01400468918659212100, 0.01209513375682929500, 0.01080473774418367000, 0.01051422858189820900, 0.01067675027442472000, 0.00977280637204559250, 0.00786457619558063660, 0.00570847493725591420, 0.00393492378141281890, 0.00296324465226007350, 0.00196757723949188760, 0.00093703490529872921, 
0.01195179970611412300, 0.01016870102881828900, 0.00910916571241685360, 0.00897680781587777840, 0.00924359306749979530, 0.00838094659416997560, 0.00669081530373707820, 0.00493671768334392420, 0.00355517706351507350, 0.00268437502449119000, 0.00157602864202337120, 0.00056716790756747661, 
0.01046364230999842000, 0.00893756683059692030, 0.00811858158967588770, 0.00811802246650649390, 0.00826117041643360290, 0.00733643026244898500, 0.00577135028065101260, 0.00441326246111209930, 0.00340136603359152610, 0.00273188562794435180, 0.00167365727817532330, 0.00043006171587739483, 
0.00963570001553638000, 0.00814730612846734440, 0.00735005881174072720, 0.00750901383501666530, 0.00786812182331915290, 0.00705710074902294190, 0.00546565505000446650, 0.00399681238363561870, 0.00314108333380441660, 0.00276599535805665230, 0.00203335272033177860, 0.00088709746734954675, 
0.00914263679063702550, 0.00751646714679848030, 0.00661202895888791070, 0.00691630384639249900, 0.00761399256599974970, 0.00703208009397601140, 0.00545511184909056380, 0.00366358741019779790, 0.00264559274947557010, 0.00241176592564530360, 0.00215144806106978750, 0.00131064382186203920, 
0.00897565121114757450, 0.00755052438794669420, 0.00671158479510951860, 0.00685222118508501800, 0.00724912993831371490, 0.00664791489528550500, 0.00535043239788408460, 0.00376220571951442790, 0.00265998004189784340, 0.00217713006206103230, 0.00183985878778250240, 0.00104618847034696140, 
0.00862530092257164300, 0.00737140711412229660, 0.00671969864682441310, 0.00683950010720681210, 0.00695665217965669470, 0.00612930894997977800, 0.00488590168332726090, 0.00367711292379035520, 0.00286158463228005680, 0.00223960725959472920, 0.00149041585041557970, 0.00044947143096813391, 
0.00851701856802869820, 0.00712798837477307200, 0.00643602164779127730, 0.00662265597494843610, 0.00683300974212999210, 0.00605274463958328440, 0.00468501265813943330, 0.00341414826896043260, 0.00257065998674716000, 0.00200200328715927510, 0.00124372919217191210, 0.00020772845597927050, 
0.00865172302275123320, 0.00735413064454462120, 0.00664609270844119300, 0.00667381685523678930, 0.00677775985864244310, 0.00599774439797769180, 0.00460522436967283550, 0.00326731920724440470, 0.00232764484064950730, 0.00172730643254286990, 0.00094717081570015488, -0.00016860822547951795, 
0.00812859198801907210, 0.00707461813313710590, 0.00648081354856960140, 0.00645368560247804560, 0.00638886325357897100, 0.00559289662128434600, 0.00432627357390776790, 0.00311617550415100230, 0.00226428839592859210, 0.00161402634309525700, 0.00079560239952856221, -0.00030038515150303702, 
0.00771811386089389740, 0.00688357455264058950, 0.00634651021896688510, 0.00621850671902277050, 0.00602450300521618650, 0.00528787237975408570, 0.00413261433802492290, 0.00295964018987281010, 0.00207693601756783750, 0.00134246423444879590, 0.00049353205751010570, -0.00051938174411865501, 
0.00787208132522120020, 0.00713553239630527940, 0.00658105686385625390, 0.00632334848242282510, 0.00600362233792398060, 0.00523248572865961900, 0.00412303502567106830, 0.00295485566688650580, 0.00197619440566769960, 0.00110062176842542590, 0.00012248264954107369, -0.00089499445356354260, 
0.00796549418039124890, 0.00726589840753854780, 0.00671262148239860220, 0.00641366627230311340, 0.00606595930495539350, 0.00531095418306965630, 0.00422213010672891580, 0.00307638503295405710, 0.00208750480946771210, 0.00119218158906421110, 0.00018751359647451696, -0.00085154385814068553, 
0.00797683126119460780, 0.00735417120228783190, 0.00683280501578466690, 0.00650051927798266180, 0.00608654411345815710, 0.00532723211338739010, 0.00426222065364610570, 0.00316369281764361040, 0.00219149151075714950, 0.00128538748306005770, 0.00029277544035748897, -0.00077575138698304455, 
0.00768791572025112270, 0.00717675363917726070, 0.00671192276734025850, 0.00633902566413968670, 0.00584471914918591790, 0.00507935343774530010, 0.00410722346288637780, 0.00311289743621042360, 0.00216256906784130030, 0.00121767137748635900, 0.00021551345040120523, -0.00082596587232055803, 
0.00689922082185216720, 0.00644896262074659380, 0.00604893703297364190, 0.00570809712186489370, 0.00524726937614969620, 0.00455944465386608120, 0.00369954167138078930, 0.00281843229231190130, 0.00196918162716998300, 0.00109967399143826400, 0.00015946530825391189, -0.00079493674825534873, 
0.00623995053997942250, 0.00582595265964996280, 0.00544923719484249980, 0.00513641994031353940, 0.00472545748081589810, 0.00410956733039269820, 0.00334017694552505090, 0.00254978088282597350, 0.00178816088499765200, 0.00098384132204969946, 0.00011440169453716249, -0.00074933902356115467, 
0.00581779804681290410, 0.00541748803814463050, 0.00505225369565341990, 0.00475226433421041280, 0.00437138432905128170, 0.00379300846861943710, 0.00307412622822300550, 0.00232994285849240840, 0.00160270008960077420, 0.00083677037566534955, 0.00002768635427306743, -0.00076580947969459503, 
0.00547946786063953800, 0.00507340338720649230, 0.00470555043635315520, 0.00441867193595054960, 0.00408223591055139390, 0.00356220023038954440, 0.00288435853294613130, 0.00214206158851812810, 0.00140504552536300410, 0.00067914638643297312, -0.00003867867017494908, -0.00074554493516250950, 
0.00501112276817563050, 0.00464319357628620400, 0.00430888304515645700, 0.00405653839522430740, 0.00375725880192329980, 0.00329529276088986680, 0.00268832054347346340, 0.00200875804011988080, 0.00134140279003138840, 0.00069522220134739373, 0.00006509756048971111, -0.00057702543334261028, 
0.00417246017778131510, 0.00385267968608314460, 0.00356784269546652710, 0.00336688121328422570, 0.00312188800285483240, 0.00273307671427824080, 0.00220538591551157830, 0.00161955726570544030, 0.00107055943585191360, 0.00055525004783122311, 0.00004822512494705766, -0.00050515709054292960, 
0.00341892233798684990, 0.00314724496167337630, 0.00291511721370996560, 0.00275976881923448200, 0.00257150334291846900, 0.00224432409340938070, 0.00178829200179026010, 0.00130542474336892770, 0.00087153013579660142, 0.00047409825396014984, 0.00005774229991190688, -0.00040965711911725692, 
0.00250419179820616940, 0.00229167056922310660, 0.00211482364732435910, 0.00198615440503580430, 0.00183298996402615870, 0.00156787246008674420, 0.00123273347873271190, 0.00089501008158128232, 0.00058051243489221462, 0.00029388808053683590, -0.00002068726108625877, -0.00033689952294800254, 
0.00183991908945618440, 0.00167716596781533090, 0.00153873449133381750, 0.00141179716627667600, 0.00126235985693272160, 0.00106745273396483400, 0.00084448673618947210, 0.00060013633290572580, 0.00035999376682329065, 0.00013976824360451370, -0.00009352153182361560, -0.00031190512607924634, 
