1.26955493131989530000, 0.44208543235735326000, 0.06934034120973833800, 0.10152668903547056000, 0.36356331076869441000, 0.22583955218859611000, 0.32275037504457244000, 0.22148705628161242000, 0.21681989163115672000, 0.00403495564347047810, -0.08656399729113820100, -0.03293368264483193700, 
0.26510671919586637000, 0.19688660807220199000, 0.15008190080103639000, 0.14374535683164166000, 0.15637463584977432000, 0.16509915477352866000, 0.15835729149676642000, 0.13289680978540058000, 0.08693355340094935400, 0.02851453591618887500, -0.01674168820076461800, -0.03805142710665362900, 
0.20095339621523384000, 0.15774521283835480000, 0.12595289232065379000, 0.11847094815510088000, 0.12253937492946158000, 0.12515419051246024000, 0.11811302009954242000, 0.09773523550631876800, 0.06203954381489472400, 0.01845671326747924000, -0.01540757758254640600, -0.03354399145074148800, 
0.17501600828550393000, 0.14166228297036321000, 0.11613942505532639000, 0.10923620865467784000, 0.11029045637023527000, 0.10785737904947149000, 0.09753156000181439900, 0.07623568839615491000, 0.04489605504943051900, 0.00885671916267380400, -0.01901442813234180800, -0.03579006779390067600, 
0.15722874886774951000, 0.12632842307390149000, 0.10408409983349250000, 0.09945085753926256900, 0.09870992729375086000, 0.09394462269172843000, 0.08243458011240378800, 0.06415245327063433300, 0.03787818594326168600, 0.00501317367941834720, -0.02099451928271981600, -0.03625720251916188200, 
0.13991390904530893000, 0.11222456632063153000, 0.09090584336227776300, 0.08545139602417617400, 0.08582234209632544400, 0.08294806511806321300, 0.07435432417586046400, 0.05793495636316863000, 0.03362107151192755800, 0.00389831705897956270, -0.01964627140211745000, -0.03293714134550766700, 
0.12234332082501863000, 0.09827299406095377200, 0.07858801207394638900, 0.07320760745386481500, 0.07494619156769079200, 0.07366722478720688600, 0.06673787384254049900, 0.05115770969076192900, 0.02846898151931360300, 0.00215076276808254600, -0.01843094726343404800, -0.02888601960836328200, 
0.10393168646838634000, 0.08507183172173685100, 0.06900531925966731100, 0.06466131139601948000, 0.06623138145987583800, 0.06441355918905841700, 0.05812315953424439200, 0.04412918613926970800, 0.02494008246371436800, 0.00323367699387891970, -0.01325141399499943400, -0.02103441745853124700, 
0.08694449803010106900, 0.07353135130815526000, 0.06138623188724279300, 0.05764662352868162000, 0.05795081313475891600, 0.05476658073459934900, 0.04913072054728343000, 0.03747112087863990700, 0.02263321354713276900, 0.00564466224919722010, -0.00712808793027517280, -0.01381797669390896600, 
0.07445690174627869800, 0.06436434550791056400, 0.05479729776408963400, 0.05141879508631869200, 0.05098340239763010000, 0.04718131175842706100, 0.04225642429154867500, 0.03236525474380568000, 0.02058698439060429800, 0.00741537836212337490, -0.00246534278717961290, -0.00823928347818934230, 
0.06633745373867265500, 0.05854374910798686900, 0.05040673227619831000, 0.04676662486119250600, 0.04568374668669755700, 0.04193846176865380400, 0.03739128266339986800, 0.02854480231906174700, 0.01865174267630980600, 0.00834167718818524040, 0.00030671138926794544, -0.00518226267005547380, 
0.05981727669133879400, 0.05289710108807365400, 0.04513773099605403200, 0.04113259220167841300, 0.04011439441379474600, 0.03756758520191453400, 0.03435253794518044300, 0.02720922409389632200, 0.01873173493776377600, 0.00932624468882453650, 0.00145893093627639690, -0.00410725654387059620, 
0.05354746174028830700, 0.04729426897703586900, 0.04040788545795960500, 0.03672475448242342600, 0.03572745507119656800, 0.03370622776355776400, 0.03141581796053044600, 0.02582393280915891400, 0.01832036790587087900, 0.00925367880183389220, 0.00184961084948622510, -0.00342798684466991700, 
0.04833117478301458100, 0.04346019256833900300, 0.03788186971076538300, 0.03439071853659377700, 0.03305620747348514400, 0.03022744402586306800, 0.02740934187367802900, 0.02214086951054436800, 0.01536908115304423800, 0.00764713541004924480, 0.00092277425847988627, -0.00394656196195348160, 
0.04360260104448645400, 0.03984827180901418000, 0.03519087595951034300, 0.03193448231792078000, 0.03037854656344408600, 0.02742715933824768600, 0.02447141473046741300, 0.01949904307311409200, 0.01360179169582373000, 0.00712211323103120650, 0.00148877913114254860, -0.00286896707524962820, 
0.04034267794044740100, 0.03691103664286365900, 0.03265056827448693800, 0.02932217101567293300, 0.02779118224412988100, 0.02550001500997240600, 0.02292494928215494900, 0.01892535149650635000, 0.01369744580797478300, 0.00796922796434844020, 0.00286054931361087470, -0.00152594008976037050, 
0.03667218678423542900, 0.03374860579256526400, 0.03009292849198984600, 0.02679871925275261600, 0.02558576461059494700, 0.02382283920230041400, 0.02147393501077717000, 0.01844406732577053700, 0.01377777776998529200, 0.00880296992703772510, 0.00416920049903186670, -0.00028616638370735888, 
0.03235038510562879300, 0.03018271222522802400, 0.02738755305302422600, 0.02479469125828407500, 0.02355294547510971400, 0.02182942698583787900, 0.01947611671616434800, 0.01659420929054341100, 0.01268940835795493200, 0.00861046197101341360, 0.00496776373514465530, 0.00129249622292552720, 
0.02752526180604773100, 0.02594528215366803300, 0.02386707026309720100, 0.02190702031641336000, 0.02070433926364555900, 0.01903133911024155300, 0.01718847957171411700, 0.01478974131675863200, 0.01203832133979268100, 0.00915093306226178250, 0.00620143335049742550, 0.00329170906574549440, 
0.02360523639154154700, 0.02241992875714235100, 0.02103726480554494000, 0.01973852282355255400, 0.01882528484699746600, 0.01754887024809799800, 0.01608276242763713800, 0.01428657107223715200, 0.01225211385271615100, 0.01020764350996171400, 0.00794286616875367920, 0.00560351697595073800, 
0.02571272102527309400, 0.02459874110142619400, 0.02341475358454526300, 0.02237319674957190600, 0.02151784153697122400, 0.02029664188620656000, 0.01859362768838078400, 0.01649223535106952200, 0.01416999271112699200, 0.01186058601797576600, 0.00952890846974822210, 0.00706249554691400220, 
0.02663007640959654300, 0.02550140693907268500, 0.02428882212048805500, 0.02329591182103999200, 0.02246911410329705300, 0.02123778071305293700, 0.01943572481380888300, 0.01720326091389283100, 0.01478508469504841300, 0.01242889705238882200, 0.01002066119797425000, 0.00747456240686453920, 
0.02578751604283858000, 0.02470217152124102800, 0.02355213178763018400, 0.02266813690520046200, 0.02185552595814704200, 0.02058519933900601600, 0.01874876499144144700, 0.01653458127060316400, 0.01428655050299911100, 0.01214802349113132200, 0.00988835901239267300, 0.00741417631868170060, 
0.02435567630213483400, 0.02335870607454874600, 0.02231142944848799700, 0.02155757292051769000, 0.02083608706759024200, 0.01967476459117917600, 0.01795419327529009000, 0.01587755341404421100, 0.01383748737676449900, 0.01196770888163711300, 0.01001530575091049600, 0.00778218432935040560, 
0.02315870707420742900, 0.02223819688931131700, 0.02126238214770312700, 0.02054099269408243800, 0.01985684702068563400, 0.01876653456234796800, 0.01715993156291804900, 0.01521708636325635700, 0.01329071756095596100, 0.01152014291378033100, 0.00965263232522835070, 0.00755038814736650260, 
0.02258354251066799900, 0.02171886567618751300, 0.02078469287748255200, 0.02000090660455398600, 0.01923562294921809400, 0.01808798324879294000, 0.01650805944613334400, 0.01462401748205493200, 0.01273442276045408900, 0.01089189234520875400, 0.00892818841992818610, 0.00679325048812595790, 
0.02212043249271917300, 0.02126606875562487100, 0.02033618153194534700, 0.01952858779825009100, 0.01871248699909050900, 0.01754519430108515000, 0.01598945905626347800, 0.01414333619543226900, 0.01228230121258858600, 0.01038865587322408300, 0.00838101371040169030, 0.00624301395798586900, 
0.02127438065423293800, 0.02047321253234744800, 0.01958482043789923000, 0.01883362365388965100, 0.01806422612370804600, 0.01695179041896172400, 0.01545609020559829400, 0.01369975581127689400, 0.01193403192290483400, 0.01018840562053348000, 0.00828760362602898490, 0.00623465160291927860, 
0.02062141393997131100, 0.01986725769099755400, 0.01902003743137830500, 0.01829583746469312300, 0.01755775925769846600, 0.01648068175837216400, 0.01503966600339914200, 0.01334963668449728500, 0.01164987806855412700, 0.00998911173505905200, 0.00815772522733253580, 0.00617223258993978250, 
0.02000675325874416400, 0.01928653512087035600, 0.01847694495759030800, 0.01777903461988838300, 0.01706315918240247300, 0.01600750042055042500, 0.01460363494522582700, 0.01296061510881843000, 0.01131760847772618000, 0.00971315993215975120, 0.00793965765430702800, 0.00600895665756950250, 
0.01935717686829957100, 0.01865592619515104100, 0.01787099076695888200, 0.01719585766195052100, 0.01649700171625478500, 0.01546066751717132100, 0.01408258936807704900, 0.01248341608755725700, 0.01090003592304534000, 0.00934936068081374150, 0.00763030989036781250, 0.00574321516546147290, 
0.01868617172823655600, 0.01799694459472568600, 0.01723153770641982700, 0.01658406309399910000, 0.01591893517412557700, 0.01492584501955780200, 0.01359899865114494300, 0.01205733694046252600, 0.01053507330749908800, 0.00904093031012264720, 0.00737951950794501350, 0.00555454209128556500, 
0.01794845162206679500, 0.01726837848911299800, 0.01652229846018418700, 0.01590550357129435700, 0.01527525761592358300, 0.01432716558141401500, 0.01305279989291723200, 0.01156995401565246100, 0.01011686219275839700, 0.00869084636819897510, 0.00710583056712793540, 0.00535910549718329050, 
0.01731011819376782400, 0.01664238954540734500, 0.01591994964416504700, 0.01532437382128670100, 0.01471582309796317900, 0.01378869006817752500, 0.01254468752277977700, 0.01109664465813308200, 0.00969456892490168020, 0.00831495818213318600, 0.00679972233727639280, 0.00512882361775088190, 
0.01656750809348838900, 0.01591580922621194500, 0.01522368606965613500, 0.01467357337965110300, 0.01411169938613418400, 0.01323446844182956000, 0.01203399772782988300, 0.01063860575600482400, 0.00930190471695072250, 0.00799292634262320330, 0.00656333665268967440, 0.00496953846759222790, 
0.01580113874902213900, 0.01515638478281484600, 0.01449342121450913400, 0.01402213921130032900, 0.01351631296450828500, 0.01269301391790660800, 0.01149349459937116400, 0.01014005519046724500, 0.00887902445765482650, 0.00768444882442800070, 0.00637839191704550790, 0.00484803190173367390, 
0.01524956469422508700, 0.01460303377774427000, 0.01394937601113151700, 0.01347979053282961200, 0.01299574780785457700, 0.01219972135514896400, 0.01102920427155008400, 0.00969009232279272400, 0.00844388239298356730, 0.00727719212925224440, 0.00603752525368005540, 0.00458343031495338750, 
0.01451505445454776300, 0.01390354742414268200, 0.01327358763833444600, 0.01280138549344377600, 0.01232449507693862300, 0.01155182069847463300, 0.01046730478289092100, 0.00920899216093946060, 0.00801926630051033250, 0.00687607268235838640, 0.00564658592285997160, 0.00426453955865193150, 
0.01368291181465949200, 0.01310165515714494800, 0.01250208646527829400, 0.01207891733041648000, 0.01165628011148611000, 0.01094132712197638800, 0.00991093570600829090, 0.00870975025591715770, 0.00758539982575310180, 0.00653827275671271280, 0.00542101757593635960, 0.00413775865800584780, 
0.01294565248570749900, 0.01235973399053835600, 0.01177415555479893700, 0.01138133594121148700, 0.01097297415197171100, 0.01027758936601397600, 0.00926266661471709070, 0.00810505706656218520, 0.00702784514810084540, 0.00603475115547648810, 0.00497539953075948950, 0.00374686167198427270, 
0.01237052227601352500, 0.01180782631326461300, 0.01124557792561936400, 0.01083460131417169000, 0.01042033871694182000, 0.00974042922615080830, 0.00878200652374783700, 0.00767311554493136940, 0.00662775764675793950, 0.00562334455910850750, 0.00456484208334475080, 0.00337781091489239250, 
0.01205339622166674700, 0.01151809956976199700, 0.01097859418115975200, 0.01055242965176967700, 0.01013226037075732300, 0.00948006078164623930, 0.00857513021037760970, 0.00750584408423657630, 0.00647287084500391700, 0.00544768227747607050, 0.00439481774691985550, 0.00324751697684469950, 
0.01181056790946277500, 0.01130985089124770000, 0.01080093708945163500, 0.01038100866791132400, 0.00997040963286569340, 0.00933915445920995710, 0.00845421003579660200, 0.00741256255949947380, 0.00640055871827760820, 0.00541227560914712970, 0.00439621146587207150, 0.00328452761253378170, 
0.01177844234192293600, 0.01130470270697706700, 0.01079818356443521700, 0.01036525493896553300, 0.00993406366433420220, 0.00930381486422924600, 0.00844044727450713430, 0.00742018358956329350, 0.00639875109415084880, 0.00538322065592551810, 0.00436077785295401880, 0.00327057310283179490, 
0.01170597741672212000, 0.01127330198885499000, 0.01079393218203408100, 0.01036303097048830300, 0.00992827725774437540, 0.00931100342700993780, 0.00847595914478828020, 0.00748223954529269720, 0.00648473168577309860, 0.00549722267037135520, 0.00449829746927852410, 0.00343106332349600020, 
0.01168420157293632000, 0.01128094255942148000, 0.01082081380107253800, 0.01038975452552288100, 0.00994635157174885050, 0.00932625583062639440, 0.00849498043747553760, 0.00750858402115933510, 0.00651912940124917650, 0.00555081501749980340, 0.00456868456720472150, 0.00351318044503112510, 
0.01171180791240654600, 0.01132260162803682700, 0.01085660613838400000, 0.01040410620806409000, 0.00992740577801754300, 0.00927969795214389150, 0.00843954477107959100, 0.00744603237499792510, 0.00643806398123587900, 0.00543455789087045940, 0.00443195340517595760, 0.00337233527755789180, 
0.01160845197490877900, 0.01123714973516111400, 0.01078251544061415600, 0.01033429905761924600, 0.00985615635009295080, 0.00920803397120671660, 0.00837225373629372010, 0.00738864768711353700, 0.00638803510905955420, 0.00539623746898401650, 0.00441205249125002470, 0.00337280075707749840, 
0.01123383322724724400, 0.01089060583302889500, 0.01047338606596551700, 0.01006704380088567000, 0.00962481153522249350, 0.00900864967342945680, 0.00818778327690372790, 0.00722337759437821290, 0.00625060551102338700, 0.00533071645972051700, 0.00442732430996208710, 0.00345201542827167780, 
0.01085086342492115600, 0.01054047834180399700, 0.01015912694838321800, 0.00978569283297370950, 0.00938512145495350340, 0.00882336044464296540, 0.00806512840452560350, 0.00715661485993510870, 0.00622253696142298360, 0.00535223555567959210, 0.00451447041324092460, 0.00362028497876434960, 
0.01064493192147242800, 0.01036452463646899200, 0.01000966924702186000, 0.00964404754617827730, 0.00924738051230026940, 0.00869976940100639080, 0.00798237744179552260, 0.00712119399600804560, 0.00622344610841590790, 0.00537395117657986890, 0.00454450903276900060, 0.00367573669708627950, 
0.01045677869768224900, 0.01019511109575993800, 0.00985702305432446970, 0.00949891008654178170, 0.00910084747907953860, 0.00855873507359634220, 0.00786051513660360710, 0.00703138035232834730, 0.00616663645771593860, 0.00533889751266419280, 0.00451575514765338750, 0.00365067417870914300, 
0.00997628128779591730, 0.00975436839057047640, 0.00945363415788228430, 0.00912249783806252760, 0.00873484582451209720, 0.00822470551854822050, 0.00757972072409938530, 0.00682671717053363450, 0.00604197016636603270, 0.00526163963560661620, 0.00447865657389605670, 0.00363506674786462410, 
0.00908941694870239040, 0.00889542128123904300, 0.00863839005342857330, 0.00835887279338328950, 0.00803018150184872140, 0.00759209398434106810, 0.00703595573970138000, 0.00637997343140180290, 0.00570139544949063280, 0.00501557860019581120, 0.00432604665128214630, 0.00357744096706958270, 
0.00806805683135805410, 0.00789026909912362430, 0.00766797731120716190, 0.00743533799922048610, 0.00716129274915384110, 0.00679065638919321670, 0.00631468199163247400, 0.00575051508258159030, 0.00516569692519566140, 0.00457475176758665760, 0.00397333270202051160, 0.00331999551480046100, 
0.00662866216251714780, 0.00647790617404186890, 0.00628877887957068030, 0.00608749346802203460, 0.00585747172860283380, 0.00555987229440345080, 0.00518012727212158190, 0.00472872386221136810, 0.00424711269122116360, 0.00375815229618638820, 0.00325633557245207880, 0.00271835949060848360, 
0.00484079600155617150, 0.00471810903036896330, 0.00455478014011660370, 0.00436481505626405180, 0.00415268596121507690, 0.00390158270554899580, 0.00360196400214934240, 0.00325421870635341120, 0.00287294318018698660, 0.00247466366924385370, 0.00206117333159603570, 0.00163225768320505900, 
0.00290628688569533750, 0.00281627343259396950, 0.00269213468553546880, 0.00254490293797746210, 0.00240351148222287940, 0.00221837545934294980, 0.00202443473961249050, 0.00180004393231311130, 0.00155305632975084960, 0.00129678756381708350, 0.00102391852693216840, 0.00074562185120681903, 
0.00281243470561178600, 0.00267045320009090060, 0.00248551237910630280, 0.00228853058157719650, 0.00224861133636311720, 0.00201811439505957930, 0.00183355393597994840, 0.00159279526113995180, 0.00129267890242420920, 0.00105524331123604860, 0.00077941870735848812, 0.00048507812294474521, 
0.00452165515853847260, 0.00421371539093170870, 0.00390696212576305960, 0.00360342108537555460, 0.00349474426476557680, 0.00318992411198256880, 0.00284587953164910660, 0.00243451973563658980, 0.00188100493548728910, 0.00141129685772192390, 0.00095410255556533882, 0.00048256696517935433, 
0.00725574023536200340, 0.00677000674253443530, 0.00631275701652442980, 0.00592923298485898210, 0.00566748059114015760, 0.00524342198739449500, 0.00465852936572635090, 0.00393700809513856510, 0.00306814808143221870, 0.00222757794919093040, 0.00148388890950777600, 0.00080475613796819839, 
0.01067357326675450800, 0.00984708309091604160, 0.00911967781389506730, 0.00862056494663890690, 0.00827899552645859800, 0.00763303303159070750, 0.00667390964442553420, 0.00551938885184231030, 0.00420531811845160220, 0.00291312081397915180, 0.00184031053748120660, 0.00090983189467517384, 
0.01234616502490554600, 0.01124141161047154500, 0.01030665657514576000, 0.00965814860835249170, 0.00921609450467967410, 0.00839371820122007670, 0.00722414509640334660, 0.00591925887923133890, 0.00422545975952330790, 0.00253015315422222210, 0.00127638979550199630, 0.00024855986365217438, 
0.01258193628110809700, 0.01139319998040634400, 0.01034791896848368000, 0.00952898960422337950, 0.00899495136582715090, 0.00808323411295406440, 0.00689691495144784720, 0.00560902254452070970, 0.00374930935292687580, 0.00198325159741058120, 0.00071496102467463513, -0.00033846636972221676, 
0.01279676529203972700, 0.01143896090075316300, 0.01027933217142465800, 0.00942623991035202760, 0.00895234271208341340, 0.00805072413173037880, 0.00685307387628633810, 0.00550982753577414910, 0.00358663537644142660, 0.00179545277311935230, 0.00050385940183114361, -0.00047104878893912362, 
0.01235946726874727000, 0.01084931973593925900, 0.00971521534305435330, 0.00917369318018145150, 0.00900872557233473900, 0.00820139465019286730, 0.00689689031412389020, 0.00530775456227455200, 0.00344819587820383200, 0.00187248665289488790, 0.00089985812579919280, 0.00018234551145528767, 
0.01162356258889700500, 0.01016414740712468700, 0.00907643415226834160, 0.00868208022655420250, 0.00867415816268553640, 0.00798623255384051270, 0.00667223019513466920, 0.00498326742757836720, 0.00323528054538714740, 0.00189920150135370110, 0.00107641782004219610, 0.00040385964538549132, 
0.01109477968361830000, 0.00971311650545969050, 0.00865274866901063510, 0.00816847294028741340, 0.00802071525520226670, 0.00735724770959894640, 0.00620352545471472210, 0.00470805107274481750, 0.00297149787200978730, 0.00162937032123642070, 0.00069713572046275465, -0.00006450809312811838, 
0.01008321606573557900, 0.00892103260802255830, 0.00810994985839269200, 0.00766169858056505240, 0.00734386246533539740, 0.00646846812179244660, 0.00523843161805493880, 0.00405261771290994080, 0.00268269895810970430, 0.00161658342697701300, 0.00059089277474601960, -0.00054518765836713895, 
0.00875238511919797930, 0.00768982209490000520, 0.00697869458315346440, 0.00671024345605372200, 0.00644941346063723600, 0.00567240612177052120, 0.00446642002242564250, 0.00328646689258953830, 0.00217667306377921460, 0.00133981013629614220, 0.00052839983899448449, -0.00050790597898086936, 
0.00786986115816989270, 0.00680821237184530380, 0.00612086555014555640, 0.00596751193011530510, 0.00588030652735171530, 0.00533480919125894560, 0.00423758286627323730, 0.00298106998905721830, 0.00187121743765618420, 0.00111909129434802840, 0.00061009453516281905, -0.00008363351906163493, 
0.00704952866343961600, 0.00612609993591326300, 0.00550491845387085340, 0.00537536905432568940, 0.00530524211240877840, 0.00486435638548748770, 0.00392619224160958760, 0.00284229670152033250, 0.00186968222328221440, 0.00123604140450259120, 0.00078083664283631318, 0.00020248614049790962, 
0.00663151641739945400, 0.00577932299810003220, 0.00517224773120478560, 0.00502473174651716680, 0.00491059037834471000, 0.00445004326107498360, 0.00356977804583363510, 0.00261218690071296240, 0.00175642119194610200, 0.00116309920455755740, 0.00067866942761808712, 0.00015059663864088396, 
0.00616179694392651140, 0.00532714893514866370, 0.00473301778451911890, 0.00458391663529867000, 0.00444679171599953250, 0.00398388253267414630, 0.00322935649685273650, 0.00235665736710692930, 0.00148108320996619570, 0.00076429194929752780, 0.00027990328202211255, -0.00007000542195426414, 
0.00575061815575683090, 0.00498034662354059510, 0.00440434572508469420, 0.00423040650649473240, 0.00409497220150235530, 0.00370501662587876480, 0.00304502618909002940, 0.00223192865807514840, 0.00140613177637443990, 0.00073936195180128699, 0.00033009513553345054, 0.00003543422776041758, 
0.00544606470497671980, 0.00481017786595929610, 0.00433033311394907720, 0.00411452528103730620, 0.00393738285432999190, 0.00355074358018313710, 0.00293121821266805220, 0.00221191217533161330, 0.00147421546695173600, 0.00087217787372248436, 0.00046205732138968677, 0.00012439807402038342, 
0.00516592181394597610, 0.00463682969659691590, 0.00425794439479760830, 0.00404914559561927840, 0.00383724111079096400, 0.00340530839458153250, 0.00281079630867383510, 0.00218770225108194960, 0.00153013210532539380, 0.00095685418519297319, 0.00051610285773731287, 0.00015090248012587950, 
0.00488625549114996790, 0.00442430351215541970, 0.00404731978097699550, 0.00383915259083578330, 0.00366128418251009160, 0.00330544062235443820, 0.00275640688493915920, 0.00212195192096605770, 0.00145776930259608800, 0.00090519213713392626, 0.00049262245438412523, 0.00012832377733815916, 
0.00445453667112607770, 0.00405889076258218310, 0.00367615593447001740, 0.00345464986998370940, 0.00327664531413396830, 0.00298652794972528550, 0.00249323142250465610, 0.00187911505484514620, 0.00124303721379392220, 0.00070232125998347301, 0.00028710932394195260, -0.00008645854838459271, 
0.00410608888398824100, 0.00374564530205811350, 0.00338806304425860260, 0.00316091700902855100, 0.00296705064976910890, 0.00269450700083847090, 0.00224324227682310820, 0.00166442702752267380, 0.00105647113384843320, 0.00051686131771576523, 0.00011382976542848981, -0.00023248041261566684, 
0.00379628495338920960, 0.00350939150659855800, 0.00321761808189838980, 0.00299573258797535730, 0.00278550810032302760, 0.00249899627714239610, 0.00208048904719416220, 0.00157281456197020050, 0.00106840809158818460, 0.00061605754573160676, 0.00025156534163355129, -0.00008126551328463846, 
0.00339296139678669800, 0.00316480191798348880, 0.00292925008351372670, 0.00272951817813498790, 0.00251831767163665990, 0.00222315080168547680, 0.00183020732617330790, 0.00138081575687008270, 0.00094708883203659837, 0.00055499179607603030, 0.00019671914909594022, -0.00016756133322210970, 
0.00331096458491246050, 0.00310021208980120400, 0.00286910502804615590, 0.00265111492444013680, 0.00242225152842151250, 0.00212296928613640810, 0.00173782609670203770, 0.00128740208923465830, 0.00082941931390067116, 0.00039989900787470084, 0.00000260415909113504, -0.00039919220807288264, 
0.00311436830015839830, 0.00291777555573442380, 0.00270013242898922530, 0.00249032207466848720, 0.00226708004218739840, 0.00197547138213572880, 0.00161991144855776850, 0.00121126014299047110, 0.00079305030429424226, 0.00038148827685278574, -0.00001491233092133108, -0.00041174603672514278, 
0.00283313945800104910, 0.00264716869154313880, 0.00244043162508857280, 0.00224406692137987590, 0.00203659647346027390, 0.00177127886481080480, 0.00144694317332263400, 0.00107249190258808460, 0.00067942320573000960, 0.00029704944260614148, -0.00006758020617398889, -0.00042470852174631714, 
0.00260491170048623770, 0.00241209521901423860, 0.00219410421997036060, 0.00200192458876038720, 0.00181030651259806150, 0.00158041046527768870, 0.00128131608219452640, 0.00092052710153466585, 0.00052588676578495285, 0.00015121896249352488, -0.00018611333296290281, -0.00049614471286011969, 
0.00203364140092352020, 0.00185553664353037210, 0.00165017269881981110, 0.00147934127419740360, 0.00131926231539376200, 0.00112948683114538800, 0.00087058832223516948, 0.00056683381177775112, 0.00024979752043650168, -0.00004177927811840517, -0.00028640062226519295, -0.00050283237393370034, 
0.00141002360039951010, 0.00126953774834574130, 0.00110719352875316130, 0.00095576201869275099, 0.00080834552561794633, 0.00064338012357907843, 0.00044233995429418776, 0.00021914849151544291, 0.00000322120521871329, -0.00018198300627526696, -0.00033428302018196894, -0.00046585467673671834, 
