1.04966301317646150000, 0.65807292912049342000, 0.41310712377415365000, 0.22627828851806453000, 0.34100227014402495000, 0.29085838964064298000, 0.28534333779512233000, 0.19213947822175942000, 0.19288925799387677000, -0.00312052523571232370, -0.02035771925688431200, 0.04481632107549225800, 
0.23662734060805593000, 0.22130824270557703000, 0.20586828990780554000, 0.19298210823778705000, 0.18448892172662129000, 0.17207599242056335000, 0.15297142060473046000, 0.12508489274065140000, 0.08904999391481356600, 0.04918937806053625500, 0.00930079077923713640, -0.02927449672952801100, 
0.18283915591453093000, 0.16470725655841553000, 0.14846281990548543000, 0.13967179280948955000, 0.13574292687605111000, 0.12907390608791783000, 0.11643072847608439000, 0.09560717759392957400, 0.06778758993589079100, 0.03720721687062834800, 0.00933679595158541650, -0.01405993735546284800, 
0.15230496072896868000, 0.13526273309436845000, 0.12142008531557606000, 0.11503131873069833000, 0.11120968593527433000, 0.10380721285325994000, 0.09309699087865271100, 0.07681723079031288500, 0.05453590399637441000, 0.02907098592924664900, 0.00729001565214393990, -0.00837855771872968520, 
0.13450082761373836000, 0.11898126817014086000, 0.10719189095372193000, 0.10216128699417917000, 0.09830678618363622400, 0.09033048447885502800, 0.08008848070209106900, 0.06556631729123739400, 0.04508551471255860300, 0.02162222567580698900, 0.00248047993787257890, -0.00978138917530791550, 
0.12295782743273423000, 0.10940492948810909000, 0.09869759886777523800, 0.09405134081768799800, 0.08970409890437917900, 0.08189236723366838400, 0.07159271645673807900, 0.05733095077685242100, 0.03837930126661123800, 0.01681953838766908300, -0.00008996204936083732, -0.01123873936745355600, 
0.11081720350667333000, 0.09933884124776649900, 0.08976777121048172500, 0.08518127152305472700, 0.08080590666614187500, 0.07337283837072386400, 0.06376214191465778800, 0.05072324620938904700, 0.03366922341529607300, 0.01459032520720437300, -0.00052046693926148177, -0.01065249545179215000, 
0.09880060212081516500, 0.08778802467882980400, 0.07888767510064563500, 0.07479275266045200300, 0.07122081153113846200, 0.06509237047418892100, 0.05700381820301709400, 0.04586763680201671300, 0.03049194990345852800, 0.01311774056221835400, -0.00045567852192590630, -0.00899692300420943180, 
0.08733679180722243900, 0.07660963387149319300, 0.06820289242233260100, 0.06459456770043096900, 0.06186612094633249500, 0.05735030557159673200, 0.05119663601513442500, 0.04198029558775649700, 0.02824689386905320600, 0.01221443078361450700, -0.00003980837957624425, -0.00717780167430561410, 
0.07963326503906577300, 0.07017468889210258500, 0.06214427559444078700, 0.05819647492730978900, 0.05623345192208786800, 0.05263365361599203100, 0.04771274924373819500, 0.03910050644544686000, 0.02630931655999357900, 0.01192678986296977200, 0.00082347050229956281, -0.00586979275931850260, 
0.07364459392360357700, 0.06499363321544915400, 0.05710948032284755100, 0.05319082971904581100, 0.05149631072770934100, 0.04874553805690856600, 0.04422364365203396200, 0.03550763057935436800, 0.02347037768371771800, 0.01041524826549226600, 0.00071380460061065687, -0.00563864069633830850, 
0.06779651313559508000, 0.06018492993532689000, 0.05296059770719665400, 0.04917303541352503100, 0.04752217917676550300, 0.04497570005490284700, 0.04031364380097844000, 0.03183620589642467700, 0.02080535373192538000, 0.00923930137663852600, 0.00118430287585777170, -0.00450879183783400600, 
0.06120827574620849000, 0.05514441784018810800, 0.04893730269165653300, 0.04526354998768578100, 0.04375522800230854900, 0.04096994168958535700, 0.03665600678603626900, 0.02914724828840655600, 0.01970647560829680300, 0.00974200547288117840, 0.00263082509847792880, -0.00234408406452020660, 
0.05540380622228312200, 0.05034489020499408700, 0.04493880207951091200, 0.04146602756444296700, 0.04000658671602467400, 0.03719241084847938600, 0.03370439777274820300, 0.02743580331348953500, 0.01915631088002992300, 0.01053811932731755400, 0.00361270482247261000, -0.00083962250985217864, 
0.04983085001332273500, 0.04557901527404029800, 0.04084009601044551200, 0.03737692787559351200, 0.03606636324249118400, 0.03348874107142663800, 0.03066883922806858100, 0.02565726134030740800, 0.01844213590019360600, 0.01131932466288437800, 0.00484011979625936440, 0.00039221843866846110, 
0.04450206371778132900, 0.04098486608858400300, 0.03683855317054877300, 0.03354888497205275900, 0.03239275997108883400, 0.03036215777703411100, 0.02819479885612954200, 0.02454392202297531200, 0.01853881470367839100, 0.01258221947644543600, 0.00693809102454690140, 0.00243308313963870330, 
0.04114823359042049700, 0.03798852715624099300, 0.03422326310350997500, 0.03109384324133735900, 0.02963272887843282000, 0.02797402704331122800, 0.02612411025824861600, 0.02312557979480976000, 0.01829889225247618300, 0.01245105435524634800, 0.00739769923401137860, 0.00293067419641373670, 
0.03799797202142263900, 0.03562517121623062800, 0.03254710894052900700, 0.02974633326057080100, 0.02777185272340780600, 0.02553080380487530000, 0.02293531726595886600, 0.01948240545957153100, 0.01525242575647237800, 0.01036176907444113700, 0.00621022636430252660, 0.00214650784696013760, 
0.03200255765526454500, 0.03034484184087749400, 0.02809591830720254900, 0.02590025251382922100, 0.02417096258100946700, 0.02190057193371443600, 0.01936133925637987400, 0.01625182853231529500, 0.01284626774776649800, 0.00939029471272774880, 0.00613105021649928710, 0.00285582773351248690, 
0.02557238099906986400, 0.02426116465226113600, 0.02278508450100101600, 0.02144895510223363300, 0.02050001979078575800, 0.01904836638462476000, 0.01714786486070729600, 0.01484127944056491700, 0.01239438156501756700, 0.01017126927403014600, 0.00798923893291251380, 0.00564193525759906600, 
0.02551502887572625100, 0.02417827931504283600, 0.02292192765663289600, 0.02209211888672047200, 0.02152726477624342500, 0.02041686424739212700, 0.01845200467440469300, 0.01596409006051463900, 0.01348620438109866100, 0.01149707309855715200, 0.00973944166490158140, 0.00762735352123231240, 
0.02651387146601487000, 0.02504895971135055700, 0.02365627951612339300, 0.02274485036826694900, 0.02214274760162832800, 0.02093634646053694300, 0.01873398303661929400, 0.01602611266533766600, 0.01333311551313638700, 0.01113829605014835300, 0.00917929651256691940, 0.00680191210408561880, 
0.02656445839610361100, 0.02515664319957209100, 0.02380045749877015400, 0.02280948672039631200, 0.02210259688813434900, 0.02082482175005070900, 0.01864903727865103300, 0.01604540479986920500, 0.01342631149225262900, 0.01113327333328973300, 0.00898848657859880810, 0.00644764301046211760, 
0.02631337356544891800, 0.02494790149212478300, 0.02362705439806038800, 0.02268331528989634200, 0.02199927004883644000, 0.02072323034783603000, 0.01857408674406150000, 0.01598970420125730600, 0.01341488924467021400, 0.01117247597835368200, 0.00907243888641471800, 0.00657777386740271420, 
0.02604306311438080900, 0.02472687349620251000, 0.02343508522272179000, 0.02248853287210478300, 0.02177618302325062800, 0.02050919629851026900, 0.01841530829928269400, 0.01587646547634178500, 0.01334680713210397800, 0.01110995627361818400, 0.00902266544141176050, 0.00657770989183547370, 
0.02569675975461056800, 0.02444145644975358500, 0.02317459657276010900, 0.02221180327031966500, 0.02145700056344437100, 0.02020472887547316400, 0.01818013743090379400, 0.01572010681086668000, 0.01322151426394068200, 0.01096883537363118300, 0.00884422967269822730, 0.00641646862669917240, 
0.02488498139093914300, 0.02371187173237433700, 0.02245693006265111300, 0.02148376612619542000, 0.02070820324417770000, 0.01951632951982055000, 0.01767701387699000700, 0.01539370854597225100, 0.01296839699118254100, 0.01066964264807152000, 0.00850157575384545910, 0.00615705558981062460, 
0.02410004863249402500, 0.02299051562042735100, 0.02177557620853240400, 0.02082224623482279200, 0.02003936304231339300, 0.01886414867149742100, 0.01711014612553513400, 0.01492212602813159500, 0.01257167786771098500, 0.01031762279902796000, 0.00817623295634047060, 0.00590963938580296550, 
0.02280615672101208800, 0.02174474059865299000, 0.02062812845204483800, 0.01980495290753086700, 0.01909075047143945000, 0.01793766080685009500, 0.01620233096241843400, 0.01410833711654404200, 0.01194473510573260600, 0.00994678586846991200, 0.00798684605403956850, 0.00583596514778516630, 
0.02163717586570925900, 0.02065068734328424600, 0.01957931436193077400, 0.01876502001773256900, 0.01803168137628393500, 0.01692419904914643800, 0.01531441174006969600, 0.01336964816721547200, 0.01132732843719763000, 0.00939705462504153950, 0.00746917585503492460, 0.00543520312097931290, 
0.02071075963518160700, 0.01975872039635269800, 0.01868478514430035900, 0.01781913508550635200, 0.01707413030671774500, 0.01604217706010824300, 0.01454129514875779500, 0.01263645840423754600, 0.01054578045127423100, 0.00856802882411738030, 0.00670555896978541550, 0.00485336490002914560, 
0.01951707699081015700, 0.01860443488204341700, 0.01758042403104542400, 0.01674843353833175400, 0.01600698425412470600, 0.01498336223525100500, 0.01353502466508808700, 0.01172342817768537100, 0.00974944449372226740, 0.00784235290487773560, 0.00603906572398729080, 0.00427229338502510110, 
0.01833577474447124400, 0.01745827726440094000, 0.01648188244076913600, 0.01571084734514792800, 0.01500511055994985100, 0.01401487560995284100, 0.01262219883390739000, 0.01091208835483352900, 0.00909407434241577000, 0.00730935575664011430, 0.00558170781058023920, 0.00387095823542297220, 
0.01765972815559712500, 0.01679108634099732100, 0.01582276897808858700, 0.01507542954447152100, 0.01439391996797384200, 0.01344491005982503600, 0.01209238710839177300, 0.01042030103228213000, 0.00865112016307942320, 0.00691396170769806650, 0.00525111203131904770, 0.00361371660280630820, 
0.01689631335021175200, 0.01608033961864111300, 0.01517602285063953000, 0.01449888248554232600, 0.01384917774664027800, 0.01291494454811279800, 0.01158752457876603300, 0.00999001271242326750, 0.00833695438890059810, 0.00672863502331406270, 0.00515091019699423070, 0.00356364863975726190, 
0.01639876954689797200, 0.01559699067711641500, 0.01472871260880613200, 0.01406669622770918800, 0.01343131594397564200, 0.01251085845221836000, 0.01121168065080834500, 0.00965335248121537180, 0.00802563450255924100, 0.00644501384265577880, 0.00489997772255626640, 0.00335946438365795650, 
0.01595476326344040500, 0.01515642226563878100, 0.01431838929847932200, 0.01371236613225991300, 0.01310054379000732400, 0.01217334001061643800, 0.01085215649266125700, 0.00933164517824889780, 0.00779767285996160740, 0.00632601398569927930, 0.00483119751172067170, 0.00327247768880725840, 
0.01547865389648408700, 0.01471291494494303100, 0.01391950686578026500, 0.01337078736810783100, 0.01281352342826246000, 0.01192611481104399400, 0.01063489042029788600, 0.00915765373009885290, 0.00772936008964145770, 0.00638320047533137270, 0.00499781909769783650, 0.00347632479222829450, 
0.01523285117070584700, 0.01446540573274732200, 0.01368253362581482400, 0.01314766273726258200, 0.01260103074266818800, 0.01172033927702351800, 0.01042820209547251800, 0.00895651683822170160, 0.00753460746803326360, 0.00620313309505354450, 0.00483072167958105430, 0.00332968922509254640, 
0.01496291522661377300, 0.01421378461431339900, 0.01341680871555467200, 0.01285999425727179700, 0.01230323317994114900, 0.01146266050122520700, 0.01023803527465802000, 0.00881103659831351630, 0.00738399588105758190, 0.00601990939722798610, 0.00465629810542221580, 0.00322345545865949500, 
0.01443078788274770200, 0.01370564481275410100, 0.01292466938550185100, 0.01235803338870985500, 0.01185469597782372700, 0.01108207337274774500, 0.00995185024187550570, 0.00855096034596889570, 0.00710964459021119850, 0.00575224425713289060, 0.00447372115537983650, 0.00318814423463629080, 
0.01405407429968848400, 0.01331415882902971400, 0.01252224624167685100, 0.01196885209435502800, 0.01150405737118371600, 0.01076951248735485600, 0.00964858471960172710, 0.00821628167515965800, 0.00674364949159397910, 0.00543028961152679930, 0.00424062828373168370, 0.00306003851508986850, 
0.01381363602704701100, 0.01308511834942509600, 0.01229227681093146600, 0.01172206853381962800, 0.01124136855635615700, 0.01049876009684793900, 0.00938283861976329900, 0.00795199689130815340, 0.00648125889786428660, 0.00516484444816397470, 0.00398790004660605840, 0.00283738695962868370, 
0.01353367253500716900, 0.01282537185717071700, 0.01204302536753062500, 0.01145263204080206200, 0.01096757803210946100, 0.01022280790537683100, 0.00911755324245577810, 0.00770604514316306810, 0.00624476409050179950, 0.00490607532673925130, 0.00376108672252291980, 0.00263763973950749060, 
0.01322562918472454900, 0.01248078817098016000, 0.01166603821763382300, 0.01108666081001163400, 0.01062513581266153600, 0.00991107701375126310, 0.00877213101790638200, 0.00730638255962610260, 0.00581183383065557100, 0.00452310558627064780, 0.00349434909141232860, 0.00245644971339200250, 
0.01256435988455341200, 0.01187149622830769800, 0.01113946190042107100, 0.01062343534274248900, 0.01019789104354387000, 0.00951137955990463170, 0.00843597156464165850, 0.00707438695328710920, 0.00572019915208635700, 0.00457039691472339510, 0.00359653437352651240, 0.00257829329696188020, 
0.01205291237068190900, 0.01141820835623795700, 0.01074212917040255100, 0.01024428281195238800, 0.00981112330886045780, 0.00913643155006093120, 0.00811331616701838590, 0.00682959464163393310, 0.00555805916593918140, 0.00446490474015707670, 0.00351506397580166530, 0.00251815052967708670, 
0.01177616362899860800, 0.01113267997400789300, 0.01042459437791784500, 0.00990273004593637300, 0.00947316171601978070, 0.00884256847013882230, 0.00784980331226263140, 0.00655772279395763770, 0.00524433557212353190, 0.00411434423829391050, 0.00321510853515929830, 0.00231931421579095660, 
0.01145505034949911300, 0.01082549550408595100, 0.01013418021028237600, 0.00962384969648941330, 0.00922767744400147280, 0.00863705050953857650, 0.00767972474969912890, 0.00642156365029553700, 0.00513062357909403660, 0.00402508250455709070, 0.00317312324150500340, 0.00232669507506585000, 
0.01124008136705398700, 0.01064141722137981200, 0.00998705802347459900, 0.00947318084645412150, 0.00908320921600921930, 0.00852780798131956040, 0.00761394358520839970, 0.00641073649005656320, 0.00516040936535992410, 0.00406303011536846440, 0.00322365606999630530, 0.00240241887088226730, 
0.01102063004343613800, 0.01049803371140972700, 0.00989709838585922480, 0.00937379559246316430, 0.00893451278064284930, 0.00836536697336801550, 0.00749955170432531520, 0.00638305026146584760, 0.00520467057228868410, 0.00412278261141385380, 0.00324688230459403360, 0.00240601521251317940, 
0.01088324882493331800, 0.01039722294665083200, 0.00983041330754770740, 0.00931891617221482750, 0.00886540324511695710, 0.00829214547576413020, 0.00745074189920627230, 0.00637396956028092950, 0.00523247252772685280, 0.00417538319451370150, 0.00327963977520340670, 0.00242848586707019750, 
0.01041377943514680000, 0.00999723390501984330, 0.00949308930513455450, 0.00902551677324711300, 0.00857876621755785700, 0.00801403865378987920, 0.00723365181347631130, 0.00624675234506722340, 0.00520024599775354560, 0.00421020524451114040, 0.00332751583223638880, 0.00247862326122998910, 
0.00945653417350504450, 0.00912040244999545900, 0.00869419378508278110, 0.00827393519152187960, 0.00785767336407356900, 0.00734436745873579160, 0.00667147674471190410, 0.00583182150429794290, 0.00492378494918593430, 0.00402908117165022300, 0.00319806372640607170, 0.00239896535786236810, 
0.00793691500360334950, 0.00768745365428333360, 0.00737386775571264190, 0.00704432408252309970, 0.00671240770317773840, 0.00630681655018875720, 0.00577550676766501550, 0.00512559859663461090, 0.00440964200476731080, 0.00368700889322978770, 0.00298507373783417000, 0.00229889239219869740, 
0.00607269369502980070, 0.00590583090506295940, 0.00569027932388815360, 0.00545495637131592280, 0.00520027223096818610, 0.00488934827390346320, 0.00449390971817611920, 0.00402531525665833410, 0.00350998059578239890, 0.00297762625897670050, 0.00244641747035662890, 0.00189964025352012170, 
0.00436590635322999750, 0.00425099984110661070, 0.00409777486310832370, 0.00391773700931139470, 0.00371014449267939450, 0.00346501110427515150, 0.00317490443660561110, 0.00284458702861499880, 0.00248276755109285960, 0.00209940687131617530, 0.00170558655772969860, 0.00129563573002591820, 
0.00312689530106475410, 0.00303598923299334190, 0.00291718751593931420, 0.00277420772741342840, 0.00260717104582132470, 0.00241810677923668580, 0.00220094956869484060, 0.00196168091851996360, 0.00170053486699498150, 0.00142447537638719630, 0.00113779376684753450, 0.00083911446953043750, 
0.00266140846724141750, 0.00255627752073376300, 0.00242450732069559230, 0.00227701300542735390, 0.00211820978253212050, 0.00193561460434455310, 0.00173126888856866370, 0.00150536743784538090, 0.00125760022751620030, 0.00099717035372332312, 0.00073794208077716805, 0.00047287660626214992, 
0.00334473202511916280, 0.00314416818804002210, 0.00292329624451412440, 0.00270530866580349700, 0.00253116044777124910, 0.00229206266017983320, 0.00200005025069713210, 0.00167468635051265390, 0.00129514817130292330, 0.00091949513568676021, 0.00061342729349746444, 0.00030478847750979615, 
0.00584440723941603240, 0.00543471691772156720, 0.00502166143358259020, 0.00466392716162678400, 0.00438431409953059320, 0.00399225430295871690, 0.00345459907842010550, 0.00284547616946594600, 0.00213153603064889780, 0.00143060445735026230, 0.00086133542622554050, 0.00034526219311328913, 
0.01092413377789482900, 0.01011585670678389800, 0.00933962240905008430, 0.00869469556472551520, 0.00817245924106152660, 0.00737371554467015040, 0.00620825805861150320, 0.00488038426180239810, 0.00350625569618999170, 0.00219659571136205820, 0.00103585121320931710, -0.00002205678356524571, 
0.01629650709408022800, 0.01503225809467865500, 0.01386527220624419200, 0.01285772630960056000, 0.01194158076488993600, 0.01055185679403181600, 0.00851151186613594710, 0.00628160848675827190, 0.00409947301077516480, 0.00215201671183983200, 0.00041449409593700151, -0.00134864090272773170, 
0.01946665169303263600, 0.01791093888949581900, 0.01654097264434099800, 0.01539670592901940700, 0.01426072444217070000, 0.01244829355878364700, 0.01012593618134872600, 0.00760185546547564610, 0.00490698638966751820, 0.00249382227424399830, 0.00034551801447653245, -0.00188938869908339670, 
0.02077337740501787900, 0.01904389954987929800, 0.01757195171342638600, 0.01652758262080426800, 0.01570237956237927800, 0.01403444739637171200, 0.01162209537031791900, 0.00899488041069898890, 0.00619108666528229730, 0.00369502477589990630, 0.00166906130100068350, -0.00047528143604850517, 
0.02533553773217256000, 0.02335853780979511200, 0.02158705785223170500, 0.02050374287183285400, 0.02007769918732446900, 0.01887959975485886300, 0.01668741503534006800, 0.01407523948841884000, 0.01117613018380216200, 0.00855737930371545420, 0.00664648753955079250, 0.00475388308152068560, 
0.02265666286993544100, 0.02046020655150777200, 0.01861163708841019300, 0.01762091268073159500, 0.01742014985529927200, 0.01666282583462072600, 0.01500646336034912000, 0.01278430066053647800, 0.00994632100746484570, 0.00717125011322957380, 0.00528697080025951510, 0.00379363351638620400, 
0.01875724505714967600, 0.01662884861774837800, 0.01499232950892460800, 0.01423006150776055600, 0.01389508614972699900, 0.01296454304086814600, 0.01111918262448652500, 0.00870760435129592710, 0.00609251331857112770, 0.00356825858176596820, 0.00191313023806390790, 0.00046556250072627179, 
0.01705979539927253400, 0.01492592014845876000, 0.01338695334824333400, 0.01291939399932362500, 0.01291250624870427100, 0.01212190859777128800, 0.01024612193800332600, 0.00762193068149529410, 0.00507721739409196580, 0.00302111564388078160, 0.00172197094492080630, 0.00052068959101027356, 
0.01546957335026369000, 0.01313198655331838400, 0.01170004827993581300, 0.01145330865170682600, 0.01166747832776390300, 0.01092011780424712600, 0.00917935251725848950, 0.00688999978734813980, 0.00427665045078306180, 0.00223459970476071230, 0.00114273318501319830, 0.00034888737899649248, 
0.01471235479171121800, 0.01225837500167291200, 0.01080766781400086500, 0.01063202172072261400, 0.01083165950392140700, 0.00994573837582958880, 0.00834543356984553470, 0.00625592027080920910, 0.00367271654900594700, 0.00165833080931075160, 0.00064183865656355303, -0.00000059991593985039, 
0.01362337942325847100, 0.01114348231215675500, 0.00970561343969363060, 0.00965821495015169170, 0.00995929048540759000, 0.00918950717817097920, 0.00757595776517396270, 0.00548103748613098380, 0.00315988385127018500, 0.00127405366340541200, 0.00029540718423480680, -0.00036358658550345415, 
0.01184658934838033600, 0.00975600826871916500, 0.00852034763646171080, 0.00852217174403483920, 0.00890834870149147080, 0.00845228278652314720, 0.00708298586248602530, 0.00511594240988629340, 0.00302188844095864450, 0.00132477469998836670, 0.00056115511981081386, 0.00008323711859776014, 
0.01101917671305217000, 0.00932886523639173650, 0.00823681493321027840, 0.00820539189231616650, 0.00849350447969965740, 0.00801293269538333120, 0.00662595620220881710, 0.00465422337227098990, 0.00278271912372931190, 0.00150951883058279180, 0.00090300006340594775, 0.00021309187531406301, 
0.01096792478816456000, 0.00932747175334997130, 0.00829298204655072940, 0.00827740365603379940, 0.00847870520656210730, 0.00789900290239832150, 0.00646420476342824800, 0.00452159831591358430, 0.00272120927754784070, 0.00153346508969755810, 0.00089737692665848158, 0.00010931629029538258, 
0.01065234409514622500, 0.00908106957532997180, 0.00811159161369606230, 0.00812479544905606030, 0.00825153703555708830, 0.00754013645965840010, 0.00610712755017358420, 0.00428004222202928160, 0.00260507851955651310, 0.00153068531557451330, 0.00090195203335571568, 0.00004812229599043518, 
0.01052690067705405400, 0.00907132796077804800, 0.00805836443234509560, 0.00806397633390471510, 0.00802133835060235210, 0.00726873788030803560, 0.00575932766564601470, 0.00397717245391684700, 0.00243118019930181960, 0.00137527886326167070, 0.00066460365529975255, -0.00033921071356312553, 
0.01016336448106716600, 0.00884924499440368530, 0.00788534142864098610, 0.00781076004834156770, 0.00773803809587765650, 0.00706416409298809500, 0.00563430003804443920, 0.00394832941475022500, 0.00249538891292435530, 0.00139870748800391820, 0.00065745730582556763, -0.00036133034306399235, 
0.00915512718998294330, 0.00814731676274029100, 0.00741307968316362670, 0.00721719367110940440, 0.00702172629514995900, 0.00633459984225237700, 0.00508142784915952600, 0.00364139067638598450, 0.00236807426116272210, 0.00139669847946888980, 0.00060868174766171435, -0.00041449002848258901, 
0.00838576174036707170, 0.00752088802606653600, 0.00687809682891149780, 0.00665542814083672220, 0.00633517418121078670, 0.00559091456036044970, 0.00439731432942744130, 0.00311524109628116010, 0.00197435274146084800, 0.00108965786510966120, 0.00025557725368494327, -0.00079602133527536742, 
0.00748449591984528920, 0.00667767189949958730, 0.00610375462033483590, 0.00591127184923801590, 0.00563075760264902460, 0.00491669024320717020, 0.00383389171241344450, 0.00268571842036415590, 0.00164706456240029880, 0.00080521609112403506, 0.00003447524398259835, -0.00086628873258137013, 
0.00693377040362917580, 0.00616530162538352600, 0.00560610452812394190, 0.00540791978569135720, 0.00519506503416201390, 0.00461015219811750520, 0.00368542445632198770, 0.00262881830009511820, 0.00158663988104781060, 0.00071799845810753863, 0.00000053390020532024, -0.00069220103442663313, 
0.00673998626700428400, 0.00603584766222602790, 0.00546852683743986440, 0.00522884870825246740, 0.00501780569777509660, 0.00452059933729659700, 0.00367529652872884820, 0.00264063550959979520, 0.00159115989502295200, 0.00070181789810561980, 0.00000776682344380623, -0.00062404260322236041, 
0.00656879432803113020, 0.00598776844871923720, 0.00547679409672554610, 0.00518767753230593280, 0.00492991646988605140, 0.00445292840177615760, 0.00368026115782246540, 0.00270008682577449910, 0.00168788630173200830, 0.00082835164019489152, 0.00014737204455829005, -0.00047599144957774931, 
0.00630974493547128460, 0.00585007908002186350, 0.00542481095148724010, 0.00511192924854404500, 0.00480397936454519170, 0.00431187409216354270, 0.00357995334745622990, 0.00268563951349117020, 0.00177623165438816960, 0.00098610994431036557, 0.00029830007748644905, -0.00036511335918275041, 
0.00616305344701675340, 0.00577152448045083200, 0.00538830099047490650, 0.00508233606162212390, 0.00473572061239616120, 0.00422018562037110990, 0.00347408266859411610, 0.00262717099420954920, 0.00180905690260235710, 0.00106526580107348480, 0.00034959775282784997, -0.00040030069975231401, 
0.00637250820223130530, 0.00593899511837896010, 0.00547419070806831090, 0.00511588678658187430, 0.00473158365442963740, 0.00416246840279706120, 0.00337380521353379840, 0.00248639648181429990, 0.00162255263452455140, 0.00081152612636817669, 0.00002090820853996785, -0.00079722586605628716, 
0.00611207908096423730, 0.00570188949350181400, 0.00523535834368232980, 0.00484312183585667260, 0.00444176854164387080, 0.00387642886769703180, 0.00313122394863881230, 0.00228210832562282440, 0.00143855598613667840, 0.00061594417805679001, -0.00018178461005907958, -0.00098783054576463041, 
0.00584962871677867110, 0.00546797004559730110, 0.00501029671075423240, 0.00458742976077608240, 0.00416103539076667810, 0.00361911590970192620, 0.00292484582122173880, 0.00210636668846828210, 0.00125426719304576200, 0.00041620134930134072, -0.00036568131054846387, -0.00111474371304318380, 
0.00498566749694032230, 0.00467962504668672980, 0.00429880444561660160, 0.00391569819139177960, 0.00352207946856350530, 0.00304583179763657200, 0.00245808093571845550, 0.00176641171591181170, 0.00103392173438826220, 0.00029806868831411596, -0.00038493882612875517, -0.00102990450195456460, 
0.00426965324246653820, 0.00402217979884866330, 0.00370089721164635530, 0.00337161964838103960, 0.00303441215470408480, 0.00262820392262276680, 0.00213415637218912060, 0.00154854821498928840, 0.00093019892698939586, 0.00030730368040518335, -0.00027197250491653170, -0.00083296246564520623, 
0.00404909446118228640, 0.00382668654520592830, 0.00353929553947054290, 0.00324015391486331010, 0.00291445338856694730, 0.00251959761847626820, 0.00204732120794130470, 0.00150264185420424370, 0.00093220994832921662, 0.00035847510204960902, -0.00019123617383875661, -0.00073346219279958526, 
0.00321430022891157530, 0.00304735017802033660, 0.00282988645178303130, 0.00259043326551432500, 0.00231433692604006550, 0.00198256441454378260, 0.00159336494044169190, 0.00116458596442181770, 0.00072135454205426021, 0.00027815231467097433, -0.00015748644991637689, -0.00058671104370662769, 
0.00240834631472879430, 0.00225974281674906020, 0.00207526217354488070, 0.00187532880597696320, 0.00165853634200194950, 0.00140861528054212450, 0.00111427487017613250, 0.00078605676161045475, 0.00044857852187254695, 0.00011665072541843230, -0.00020522316848751375, -0.00049413643304267176, 
