1.01281492357219530000, 0.51950778354694516000, 0.32733456770408742000, 0.31602964548014323000, 0.18318130366731139000, 0.21498860936654290000, 0.14320482124527881000, 0.16200299365163678000, 0.16677643931269520000, 0.09865350824021972000, 0.13894699521903436000, 0.06715859592575101900, 
0.12976741064534911000, 0.12547584441399579000, 0.12122713273721422000, 0.11732837969288933000, 0.11285834962513527000, 0.10878777770332761000, 0.10451615887591315000, 0.10023930909927030000, 0.09583345346333491100, 0.09133785833010418800, 0.08717676584934450100, 0.08288561541067529500, 
0.10442740460028119000, 0.10474677193876980000, 0.10493459056266569000, 0.10489213156503518000, 0.10466366984721043000, 0.10432670263820359000, 0.10381408291712894000, 0.10312260178635635000, 0.10236616956330610000, 0.10156644651363497000, 0.10076089166190057000, 0.09990235114189494100, 
0.08473877905121743300, 0.08536431946804308400, 0.08591437682058392100, 0.08642293917614966800, 0.08710819494510196900, 0.08782148540596497500, 0.08866815892859243600, 0.08956750085790748900, 0.09048633788389268100, 0.09150212492975520800, 0.09266758249888434900, 0.09401770661982361600, 
0.06238202599061157300, 0.06240071708846128800, 0.06230609840027206300, 0.06213728400474459500, 0.06209011811318496100, 0.06203539765728452400, 0.06210764723212831900, 0.06219720370414124500, 0.06226336047597538800, 0.06239421216137722900, 0.06259921858231083700, 0.06293799452537571200, 
0.06146383913109828400, 0.06150650300542270100, 0.06160312440947551800, 0.06150291338974783800, 0.06137120525662968100, 0.06124962152345277800, 0.06115017444314430100, 0.06102909762306676900, 0.06087288380134901800, 0.06072392217098618300, 0.06058384132320028500, 0.06050469261626025000, 
0.05802306006456493100, 0.05824695290936131300, 0.05852991199757211900, 0.05864910901832674800, 0.05875144183949836100, 0.05885082046596441100, 0.05896854225784262800, 0.05907171981025466400, 0.05913762892954675700, 0.05919466615663902100, 0.05926703023130948400, 0.05939968203049113300, 
0.05399776170509217000, 0.05445295244224571100, 0.05493546992692571000, 0.05547151788548355300, 0.05597408544236522100, 0.05642744243096989300, 0.05695094155864304000, 0.05750465890032938100, 0.05815487291802344500, 0.05881318985704625500, 0.05949721338711733100, 0.06023105792042546300, 
0.06624582391772602900, 0.06725808414381488600, 0.06834404641007604800, 0.06954040134533637200, 0.07072774446422704100, 0.07189783215168577000, 0.07317900948227713800, 0.07456106762312089700, 0.07608587317366616300, 0.07765893893618948400, 0.07930447292291970000, 0.08104634137806829300, 
0.06452377873400998200, 0.06615191555078078800, 0.06786766371616719000, 0.06964993930408169800, 0.07148189269664288700, 0.07334628392862543900, 0.07528459969078599200, 0.07730431387883118800, 0.07940248628905681400, 0.08155598931204088900, 0.08378181801004586100, 0.08609513590930809000, 
0.04461711000432712300, 0.04550128627906816600, 0.04643923895317246500, 0.04740216235593616000, 0.04838372443997755000, 0.04937381639136863300, 0.05039748055280563600, 0.05144253882294358400, 0.05249747978163869800, 0.05357772220283491700, 0.05469831643673009300, 0.05584661561602342200, 
0.04143227600748618900, 0.04218459553604677500, 0.04297670873760520800, 0.04378040638091271900, 0.04460146179777967100, 0.04543007019805329200, 0.04627669927716705100, 0.04713959434228077300, 0.04801396421801439100, 0.04890568788886817700, 0.04982922827004469100, 0.05076997349301685300, 
0.03407355121385009800, 0.03459474193958553300, 0.03513746621616506400, 0.03568075806313850100, 0.03624204363900084700, 0.03680083478889797900, 0.03736430093585008800, 0.03794019742257403300, 0.03853034695190322300, 0.03912510414326694800, 0.03973184470951815500, 0.04034463856218842300, 
0.02738594110641106400, 0.02771591424480070200, 0.02806187411039581100, 0.02841086640146614100, 0.02876638874558876500, 0.02912420088263989800, 0.02948530020166129400, 0.02984360589928891300, 0.03021665780843097600, 0.03058940454274202600, 0.03096925474858158400, 0.03134898559222473700, 
0.02714740324531841900, 0.02747092657199996800, 0.02780666562950175400, 0.02814461811754099100, 0.02848635910529771400, 0.02882459857741625700, 0.02916513169816474900, 0.02950605651885489600, 0.02985712111983423700, 0.03020423788946185300, 0.03055795590604950400, 0.03091145387114641000, 
0.02174718784173521700, 0.02195172673141417000, 0.02216206829196379300, 0.02237159667731310200, 0.02258441279526613600, 0.02279265894520589300, 0.02299970893820961500, 0.02321031899752820000, 0.02342654041263275700, 0.02364029879957331400, 0.02386149352146074700, 0.02407798689245538700, 
0.01823444895002543000, 0.01824111311095808300, 0.01823527992779264500, 0.01823712706499780500, 0.01824381230493848900, 0.01825425610880681400, 0.01825455923773064800, 0.01826988831089154700, 0.01829664419199826500, 0.01833172726953733200, 0.01837343599180409100, 0.01841107577258656000, 
0.01665422816049952700, 0.01651361211189067800, 0.01634158233154351900, 0.01618764822445733700, 0.01603863053321765200, 0.01589594863557750000, 0.01574128828920030900, 0.01561522160686199300, 0.01550707769951793900, 0.01540978601973123100, 0.01531686056056607300, 0.01521614828341241000, 
0.02193788101342823000, 0.02208835438620830900, 0.02224478676037505000, 0.02240604452587565500, 0.02257192427452647500, 0.02274424222914529800, 0.02292837746227434400, 0.02311384349379206500, 0.02329720787708771900, 0.02348333691452805100, 0.02367212336639075400, 0.02385454016924105900, 
0.02886313101734807100, 0.02921594703700546000, 0.02958544141793851800, 0.02995378688698793400, 0.03033432359617238600, 0.03072137914052255200, 0.03112003296629893600, 0.03151767548636291700, 0.03190801766504580000, 0.03230487157562946000, 0.03270860867342693900, 0.03310804960255982900, 
0.02834825438565164600, 0.02833438482001791900, 0.02829480034879445400, 0.02823162810148760800, 0.02813915145124841800, 0.02799088573873649900, 0.02781904531029981400, 0.02759984823913407300, 0.02733473763058979400, 0.02708558883026989500, 0.02683566756379159400, 0.02654891822459564900, 
0.04040068234693234400, 0.03968402687664313000, 0.03879440637689308300, 0.03775331790478232700, 0.03649393762275680200, 0.03504294577875223500, 0.03353606818994841300, 0.03185478867177321500, 0.03001167782558906300, 0.02809237356487083400, 0.02614212904179085200, 0.02401897914212568200, 
0.05217022791317515300, 0.05064365947036279100, 0.04876413143682017300, 0.04655381209250475400, 0.04394602753704170100, 0.04108375823941008700, 0.03810350363757322000, 0.03492069219859596900, 0.03151516800298880700, 0.02788975770259317900, 0.02456011264987338600, 0.02110654266942170500, 
0.06220231925997134900, 0.06029669307525462000, 0.05779393658032655500, 0.05484877906555631100, 0.05152615615339733300, 0.04783717995176684600, 0.04376363306305862400, 0.03928174071344799800, 0.03440663269231497600, 0.02926271001827110800, 0.02430788180731063500, 0.01929796239775940400, 
0.06578830908344848700, 0.06383657386690248800, 0.06116501595079484200, 0.05795354699202539400, 0.05427665557689288800, 0.05009814492289282900, 0.04542881780274245200, 0.04019551134862900400, 0.03456311697157226500, 0.02862138384079474300, 0.02246310135065183300, 0.01611087036192229000, 
0.06686621608032199100, 0.06486126454994085900, 0.06222918530204990500, 0.05901598498755535000, 0.05523398248248259600, 0.05086185217316936700, 0.04588247865732021600, 0.04020246345583483600, 0.03413409054289221600, 0.02778307471747650300, 0.02105144302978075700, 0.01394739942139282100, 
0.06868320197292711300, 0.06665512568910497700, 0.06405976344004078700, 0.06094250789204469500, 0.05722702726686014500, 0.05279558761030529700, 0.04764086807049414100, 0.04173396368986247900, 0.03535154035795266800, 0.02866396124851104700, 0.02158084437755415600, 0.01410957662575531400, 
0.06913503330920499300, 0.06718877367478638700, 0.06459051530435526400, 0.06148197612641705800, 0.05780663318212682400, 0.05338465240073851600, 0.04815411741647878500, 0.04217234626662332000, 0.03566178252807303300, 0.02877029561161196400, 0.02150035392931957900, 0.01388215430311358400, 
0.07352353161291364000, 0.07134861556628448200, 0.06824147577384523400, 0.06435576452686857200, 0.05980433877393938300, 0.05460489943343453700, 0.04867022777873839000, 0.04212959105058589100, 0.03521757405413145100, 0.02803712358654576700, 0.02058435875436728400, 0.01298954866813587300, 
0.08949140291329078800, 0.08507852925629449900, 0.07862322970115517800, 0.07077381369730979800, 0.06198468585466136700, 0.05262829959474432700, 0.04322016532401722100, 0.03416027031300576700, 0.02577101762393072300, 0.01799277807230353200, 0.01075210187752843200, 0.00411872809542530430, 
0.08864204689968044300, 0.08296289550939138500, 0.07493939735962751300, 0.06546893586751220700, 0.05494354379099498900, 0.04400992659418843900, 0.03374614106483056500, 0.02490944043325951000, 0.01754138523440298300, 0.01143086180670678900, 0.00670095600324744150, 0.00306524781367626710, 
0.08232891110423365400, 0.07590804009586998900, 0.06703717061937347600, 0.05657710891123506100, 0.04493282535787509300, 0.03312877313857949500, 0.02247827259275482500, 0.01409337510633617400, 0.00759789664854337850, 0.00292610610223979690, 0.00060424624691035470, 0.00010898390629758559, 
0.08252319682011637100, 0.07483016720111643200, 0.06406299856617622700, 0.05156041524218364600, 0.03830774657237043200, 0.02561322346675204400, 0.01490167431426163400, 0.00699428321298897070, 0.00196237589917675660, -0.00076181393865259583, -0.00137239260876212520, -0.00050458254887771861, 
0.09110342450422599700, 0.08090394177418137900, 0.06684018497813971900, 0.05097477348920678700, 0.03479822028580327500, 0.02000036343274546500, 0.00838836387869873470, 0.00074409457849431999, -0.00301105722331253350, -0.00404116089851650020, -0.00337496529800794920, -0.00221582264366723070, 
0.08858670413288377600, 0.07775057225174666900, 0.06323907837017667100, 0.04708574433671396100, 0.03054050038196940200, 0.01553850970030128100, 0.00384759545427233640, -0.00335154908423126140, -0.00671449065161926730, -0.00705397786553632700, -0.00542212750982512880, -0.00300629900910638190, 
0.08334825895497909000, 0.07346884482427516700, 0.06027926021968517400, 0.04552641468138234800, 0.02999201899643130100, 0.01528717428777533400, 0.00355387941825296510, -0.00424731730706568760, -0.00854262116250266950, -0.01010829686756811200, -0.00961901203143461160, -0.00741544854832893850, 
0.08077455395218853500, 0.07068454007648067300, 0.05784869588740686200, 0.04397267765326233500, 0.02916790387289814800, 0.01452695248087276100, 0.00267863113879147910, -0.00546748781492086000, -0.00996226366506504370, -0.01176715452169727900, -0.01163610083338137400, -0.00985320244092174540, 
0.07594399466013315700, 0.06617645424531405600, 0.05427103696949781000, 0.04168197870097507100, 0.02809181803715850600, 0.01427052417321989000, 0.00242742424314016520, -0.00606426068605954790, -0.01122525622756554700, -0.01394750363957345100, -0.01505088244341785600, -0.01447604788426550000, 
0.07125230394760606600, 0.06206966382241727700, 0.05118627028237472700, 0.03996618361970490100, 0.02769075371978563200, 0.01476121615513900300, 0.00305917527448463630, -0.00524891484218184020, -0.01062102472005612700, -0.01457189500814030200, -0.01791136960951847000, -0.01931572619343575200, 
0.06909810075738551100, 0.05962664821834078700, 0.04873846682356055400, 0.03784399844378443000, 0.02576477361642830900, 0.01283520819211388500, 0.00156108950365763850, -0.00610016078677083980, -0.01124408953074858600, -0.01604058638798122300, -0.02092578730204348200, -0.02451527179578954000, 
0.07065690721127847200, 0.06087059605387400200, 0.04924997488584843800, 0.03750635024046435800, 0.02485612132436424200, 0.01156020709227187700, -0.00006950081577691619, -0.00843573282434720300, -0.01433132610433799500, -0.01967511591920188100, -0.02539852817952514800, -0.03066826594499764300, 
0.06716867380110622100, 0.05857775372217453900, 0.04753320121328430400, 0.03582371195590949900, 0.02369987004881387100, 0.01149352982928698300, 0.00055699115994771323, -0.00826055705203226040, -0.01494238912001938900, -0.02055914343298797700, -0.02652260586896719500, -0.03256587817841425500, 
0.04561297241547984700, 0.04084160061816102100, 0.03402435178988692100, 0.02616948573541310800, 0.01808778963163717700, 0.01018399235335016300, 0.00309534863116306360, -0.00302904554662720590, -0.00820488005033895640, -0.01279217423403838100, -0.01739409715769401100, -0.02177085293827309100, 
0.02037979219222818200, 0.01841235109383684500, 0.01552271187095599100, 0.01207125483448201000, 0.00855576961930971240, 0.00514716143901134720, 0.00213193150965972900, -0.00047088676424763659, -0.00275945361055486860, -0.00480507681909177020, -0.00683702326801092790, -0.00869803892892534980, 
0.01365032061813724000, 0.01249744079933849200, 0.01083719344474785500, 0.00885141119585610040, 0.00674367861084747100, 0.00460437910057093140, 0.00257247789086512310, 0.00077427125633924994, -0.00079822009552627448, -0.00214271245252852130, -0.00327228362351902760, -0.00420916098959413410, 
0.04343053409713961600, 0.03770449839750676700, 0.02951342586731725200, 0.02031849096835187200, 0.01140029020641467400, 0.00361717221312776210, -0.00254551629838322990, -0.00697410998308662690, -0.01003915294749831300, -0.01243879531057467600, -0.01476222692523705700, -0.01752332833794530100, 
0.07160527018987705700, 0.06040436552045076700, 0.04477880146840743100, 0.02778176142994131400, 0.01209019091356770500, -0.00105612280653169690, -0.01080128843368881700, -0.01704112331912629000, -0.02073204407520737700, -0.02368575138904009300, -0.02751904284257470100, -0.03312342655950242800, 
0.08258306870506297600, 0.06885074899009921400, 0.05011295037172247600, 0.03014289741474460200, 0.01156527093855961400, -0.00459513835505542810, -0.01730233034920715400, -0.02585342196521900300, -0.03078389919009046800, -0.03412642625737917500, -0.03807909722830472900, -0.04368899315682288300, 
0.08767740552008535000, 0.07186900991731257100, 0.05031253274411139100, 0.02754095003770417100, 0.00651355773815261420, -0.01120894223051952500, -0.02443473478912851600, -0.03248030479392851500, -0.03597040094773504300, -0.03702575454351333300, -0.03859919891008555700, -0.04200314382733143200, 
0.09274204388297732600, 0.07435482318585867600, 0.05003749506858692900, 0.02486506007716411700, 0.00191445608248527790, -0.01725748754718251000, -0.03091955843872688100, -0.03800440651132308600, -0.03925728277208379000, -0.03737471702350749600, -0.03637677993815547500, -0.03783928386501815600, 
0.09644878597123271400, 0.07577227379961827500, 0.04911367231024435500, 0.02214128474137161800, -0.00223325513618945460, -0.02259201905547231200, -0.03674947495895625900, -0.04301229691326298500, -0.04218603261351515400, -0.03807718930632432400, -0.03516235825406795900, -0.03542377777867460100, 
0.09641843337931264900, 0.07413975464247700400, 0.04588910593713794300, 0.01805888020215697800, -0.00691713065817346330, -0.02772046651132631400, -0.04181241775396191100, -0.04682255361397100200, -0.04340462701332215000, -0.03646676310093206800, -0.03122264682829146300, -0.03000579636214815300, 
0.09449667759635242700, 0.07175148942653039600, 0.04279736057687849600, 0.01445697131136577200, -0.01073792108994057700, -0.03090650794941426200, -0.04419245587768178000, -0.04823394621008850200, -0.04302451884339061900, -0.03348981284358718000, -0.02581035781354439800, -0.02370909268555448200, 
0.09244074591508967500, 0.06921540728070371700, 0.04002699001499039600, 0.01155968659739539700, -0.01334872813952572800, -0.03281998783513935500, -0.04467980302274574700, -0.04654882984216678800, -0.03913252098654282400, -0.02789856540218816100, -0.01957801194840104500, -0.01776890115882243800, 
0.08978142924519785800, 0.06624873339599027200, 0.03723433272827685700, 0.00903781710763992480, -0.01536826326702300800, -0.03447335963598547500, -0.04554123598124511900, -0.04599786564354265600, -0.03711609343491688300, -0.02496526826004921700, -0.01633500970467839300, -0.01428216956714770800, 
0.08147639405948049800, 0.05926866076227725600, 0.03258706057762923000, 0.00732934733134035960, -0.01436488676721930600, -0.03144602847502214100, -0.04144047300847589900, -0.04155643893416420500, -0.03282764191284073100, -0.02125888070528839800, -0.01352240931728378900, -0.01230336537194891600, 
0.07472811403106606500, 0.05395104145311244900, 0.02947731319633067900, 0.00680099908612780830, -0.01249366537028939900, -0.02707838370958169300, -0.03604183981532238500, -0.03674334951374217500, -0.02939075134315672500, -0.01864882536975244800, -0.01135982313153623500, -0.01109079863860475100, 
0.06789746065937751800, 0.04957497180972098000, 0.02817144072562368900, 0.00871874168473206480, -0.00768453033030864000, -0.02062528778777006400, -0.02927646173636426800, -0.03116550049409572100, -0.02614051813006140100, -0.01818293295203946700, -0.01317290588258630800, -0.01413533011779580600, 
0.06053370316610573500, 0.04501305409336275200, 0.02709305029503179800, 0.01119800352551344700, -0.00224304621965878280, -0.01394771572702422300, -0.02277544628293738000, -0.02619975170106217400, -0.02391419986155588300, -0.01935323356480852700, -0.01727444951675276600, -0.01951124992067798300, 
0.05308039399298063900, 0.04001318879610685200, 0.02503669735443397500, 0.01199905454773931900, 0.00085291200097162604, -0.00943730948034166360, -0.01801294268220398800, -0.02243838431237919800, -0.02222846854750767200, -0.01983238830038291600, -0.01921380657377769500, -0.02161896460486846900, 
0.04233189939074560200, 0.03255937983362618800, 0.02192602371178138000, 0.01323140000445441500, 0.00552620266072316980, -0.00275074683711696220, -0.01080385825180071300, -0.01602333147841962200, -0.01741875009778377800, -0.01707246214160981400, -0.01811439456556512800, -0.02126189074333501400, 
0.03409231932889907800, 0.02655151607965140400, 0.01865739259186381700, 0.01266749757979459800, 0.00748709292683096430, 0.00148629459375025080, -0.00490722428240535510, -0.00950719368727920980, -0.01128526280394887400, -0.01187567053304148400, -0.01375771814546998900, -0.01755066941590455900, 
0.02414370383172118700, 0.01907465374828665900, 0.01363678215082856000, 0.00945877619591644140, 0.00612994784945671520, 0.00266510866712026990, -0.00090131046065169041, -0.00344601317475405970, -0.00452739399816290930, -0.00516018641708003690, -0.00689535149886678650, -0.01019328342251153400, 
0.01305593655534304100, 0.01072374214829695100, 0.00797289693867112190, 0.00561731705895160420, 0.00388223378489155550, 0.00262643386651718270, 0.00170492367586196980, 0.00115452708990901000, 0.00077646344471418867, 0.00015811404751452958, -0.00115728774089267810, -0.00323983779748260010, 
0.00497155291410560780, 0.00394822420226961010, 0.00276261097863878800, 0.00186037237137859880, 0.00135779870918022270, 0.00125765899097020960, 0.00139026360931336110, 0.00164875487132410200, 0.00177852827912349330, 0.00161779223296668090, 0.00106427116720850890, 0.00008615524410151670, 
0.00181049042746266820, 0.00145627480908170790, 0.00104232580664772390, 0.00072570916284791424, 0.00056507722198230752, 0.00056067920235206036, 0.00065485496025350493, 0.00080141154811341742, 0.00089332711665961184, 0.00087303297384835887, 0.00072438883931840727, 0.00043002915870833137, 
0.00103079082672219440, 0.00095017205534486627, 0.00084554657877190559, 0.00073462165105916987, 0.00063951569061506362, 0.00055540040251134668, 0.00049322940624732677, 0.00044743243326479437, 0.00040847527072631533, 0.00037808071414388057, 0.00034932980879790642, 0.00032044037965648915, 
0.00077210507507696551, 0.00070218148942971102, 0.00061940277435101681, 0.00053630576286139303, 0.00045150965036024982, 0.00036837436249126978, 0.00030460738901541686, 0.00026084656459512501, 0.00022331964735031919, 0.00019429486520250637, 0.00017904348485347818, 0.00016708267637536442, 
0.00105032455028106790, 0.00089856036196583758, 0.00081386423363731910, 0.00081559924368502536, 0.00072960349880902956, 0.00064328421067341962, 0.00060898761486800684, 0.00062022525600131018, 0.00054737362392762742, 0.00045913517045426762, 0.00043939330505114483, 0.00046789069417762960, 
0.00269135550379489020, 0.00240909840655748700, 0.00228076644571341630, 0.00226203054922199380, 0.00212491056264462260, 0.00197028731542375590, 0.00187551256877194290, 0.00179857292478687380, 0.00160773901587221210, 0.00143831340092723850, 0.00135022201151335920, 0.00129854436195268850, 
0.00710664874821509330, 0.00670272517170558170, 0.00633448691617521240, 0.00598079978554858820, 0.00557465047941830760, 0.00506672730366466030, 0.00453103963481119730, 0.00385471722705669300, 0.00318692666748137580, 0.00259954568916230450, 0.00203977420708297950, 0.00144095083407808380, 
0.01032536338967519200, 0.00990875547206165710, 0.00929978176646178120, 0.00867477121677241030, 0.00795530363008556050, 0.00705004349125805050, 0.00610121472858719380, 0.00499904773045351490, 0.00392522975961197810, 0.00287352168080415000, 0.00186744530941293850, 0.00093819198005715631, 
0.00939593081959604580, 0.00890094882165171600, 0.00837131505750615160, 0.00791315823489704110, 0.00739550035703641880, 0.00661774824782092750, 0.00581712965506962520, 0.00486438613944080970, 0.00389062431621170400, 0.00298945172415788700, 0.00215675865796734890, 0.00142293472419897190, 
0.00939315384274527590, 0.00871306315651600330, 0.00819960561706994770, 0.00787775419118695410, 0.00749119389037511750, 0.00683121058012137010, 0.00609282286535437100, 0.00512701290241518270, 0.00405216902872528820, 0.00314808198790022310, 0.00243814152602760990, 0.00175695081713453140, 
0.00985577253425957800, 0.00904671824595192600, 0.00842816285303403700, 0.00805394933260892250, 0.00769268662966538560, 0.00709694693696423080, 0.00634793410716815230, 0.00531165730545359040, 0.00404821078882805760, 0.00294691272954363460, 0.00212981009951241330, 0.00141806995286066330, 
0.00982044503470753260, 0.00883514808039786120, 0.00814687819585272790, 0.00784662859507889890, 0.00756684096237094160, 0.00709295781569647170, 0.00643332649463392460, 0.00539623555522783520, 0.00401415769565123450, 0.00277819172730835000, 0.00199860157724558860, 0.00139928002487178990, 
0.01162203163665541400, 0.01043942476722855800, 0.00963253424542040960, 0.00940243413577649710, 0.00928768088055389840, 0.00892776002915751480, 0.00822263726360195070, 0.00696722875588609570, 0.00539517520705453790, 0.00411262605063149500, 0.00346508695247904750, 0.00300035830103944760, 
0.01313253239005235200, 0.01151491770064155600, 0.01047867445354002200, 0.01035178103480023000, 0.01048471804028918600, 0.01023823991487421600, 0.00928603498936130850, 0.00761557619787090950, 0.00563156158346136190, 0.00410883874336049650, 0.00360618111537095800, 0.00334599193647670870, 
0.01409112091125297300, 0.01169550554188521600, 0.01043883207912724000, 0.01063009135185028600, 0.01110187711721183200, 0.01104155688952765200, 0.01007439407596845800, 0.00800664421894246680, 0.00547896149126526900, 0.00384024344668817180, 0.00367626895320772190, 0.00371772394309835420, 
0.01285091161488023100, 0.01017184166606856100, 0.00895659895158406290, 0.00937205651728340550, 0.00999092301019217920, 0.01004314170442597100, 0.00938328986363984840, 0.00748582586730352300, 0.00484764994351140600, 0.00314287057946198040, 0.00311355279688045780, 0.00347587178616395050, 
0.01164423068658126600, 0.00909251676263316340, 0.00781661846101113810, 0.00808087692026462910, 0.00865142577388368010, 0.00875113323846001680, 0.00821213331044357530, 0.00643266631014142560, 0.00379301410075452790, 0.00188539362222488790, 0.00169059004147805460, 0.00212009316994407180, 
0.01104311658717817500, 0.00855774544074676920, 0.00735677433588250580, 0.00759959182595877290, 0.00816566066540802030, 0.00826972679013473870, 0.00783714498699173910, 0.00612054968848024100, 0.00350016100789493330, 0.00155734035132070340, 0.00138604058986615320, 0.00187194129813336180, 
0.01018126244914120700, 0.00774149831997162940, 0.00676828044467583150, 0.00714752645087308150, 0.00759214587733857480, 0.00751195230467560910, 0.00717682516736124680, 0.00568807726504925660, 0.00319526486281511290, 0.00130336961765705110, 0.00123746163350923230, 0.00180401426142920820, 
0.00989429602038642210, 0.00774540162279822340, 0.00680943725481202280, 0.00706117270173921550, 0.00739463949495224380, 0.00730948055553148730, 0.00682865120325338100, 0.00533186877155684450, 0.00307755248331719910, 0.00147241525957086600, 0.00140966841754674260, 0.00163228736079885830, 
0.00969467151078517820, 0.00761519100020518780, 0.00680560572775534140, 0.00706401551742984450, 0.00735199611292827650, 0.00724059172426387650, 0.00680535474627976060, 0.00537646850032959520, 0.00308408845307622330, 0.00154262079118524290, 0.00155192011470205210, 0.00176305931590555780, 
0.00914198606859838340, 0.00699370058197128310, 0.00621743189299808680, 0.00663010978152418950, 0.00697555902740854690, 0.00686791949783632610, 0.00637457429729533160, 0.00494285207366241660, 0.00266641087593332470, 0.00124104784183240490, 0.00139424214910284290, 0.00173473349653935590, 
0.00880595018911797460, 0.00688926358845658340, 0.00613518227023162900, 0.00640578277292139400, 0.00670102445955454270, 0.00658506790127188700, 0.00606454148018541720, 0.00467008769320578340, 0.00255608363588625580, 0.00117053177078440900, 0.00119486958569298660, 0.00144086736188447640, 
0.00842794320996662590, 0.00654415798831917830, 0.00570735396209629070, 0.00597595994706520610, 0.00639854768865712190, 0.00636758856211440580, 0.00570946826008099980, 0.00415490189494429830, 0.00218059221343182030, 0.00102523478576574990, 0.00111917311550404580, 0.00127726758203018570, 
0.00804856728110231800, 0.00618960901061493120, 0.00533887830920025740, 0.00558403693964528310, 0.00614893820605212460, 0.00620839366748554820, 0.00539911879313686220, 0.00372717530989060290, 0.00192124725813788440, 0.00099099671269700478, 0.00115175865124686390, 0.00124674286062659940, 
0.00715805578650277690, 0.00549145232614367890, 0.00487978428849532990, 0.00515752601914335270, 0.00552003160672434430, 0.00545768625921315070, 0.00486984591851260300, 0.00354391859511990910, 0.00190495230208595140, 0.00099966376845904079, 0.00116806640911852090, 0.00129323146492480780, 
0.00549218104230423530, 0.00415932334893775930, 0.00379627174685446930, 0.00415263299802314230, 0.00437378833397313040, 0.00420542611030829020, 0.00369938643084155580, 0.00267900063779870750, 0.00158213043707819560, 0.00114130238600315200, 0.00131901339956997260, 0.00120768337700706510, 
0.00372582276553272160, 0.00280448950662109740, 0.00272881362585795280, 0.00305277626246524800, 0.00312492072768314530, 0.00296688911522318770, 0.00264402323597656780, 0.00190543913137566590, 0.00129773190391621480, 0.00136584142471380430, 0.00151609459887663620, 0.00115691489220640840, 
0.00294499255502134360, 0.00225710520175515480, 0.00227308365427164460, 0.00255255137710683240, 0.00251023949527937270, 0.00236064465360400500, 0.00223190643874664850, 0.00177223052942539770, 0.00125675802266180080, 0.00125910830058639590, 0.00143297960556573800, 0.00120690984569746770, 
0.00285568239421871020, 0.00225231881548122780, 0.00213552749487378810, 0.00237451137133533290, 0.00241943256993943770, 0.00232720382836860240, 0.00214341247071390140, 0.00173255205543545920, 0.00130107091937113640, 0.00121323360686540120, 0.00139128543650646610, 0.00125203497838315330, 
0.00250037987146905190, 0.00196742826133819260, 0.00182587378930434870, 0.00203004526542168010, 0.00212430734341086240, 0.00205585912646589740, 0.00186885782548120450, 0.00150074574015207410, 0.00115250921119132190, 0.00112651146827107180, 0.00126064459244630040, 0.00112899114430485170, 
0.00197043911191246410, 0.00166236807438985300, 0.00157814730865811620, 0.00167371862176595600, 0.00170972403137323920, 0.00166079108282271870, 0.00153319366918144290, 0.00129900781552585170, 0.00106092422932547220, 0.00102674603100118060, 0.00107245695261699750, 0.00096472382476295445, 
0.00152972798890396070, 0.00141730209531750030, 0.00137693152765072740, 0.00137732385168709300, 0.00134994115133058160, 0.00129600284582892000, 0.00121720089400822820, 0.00110165790189722640, 0.00096866756896364344, 0.00088769967408144207, 0.00084254526252498471, 0.00074727009874221370, 
0.00128212317936111240, 0.00123731270118790110, 0.00120298557152101800, 0.00116895385083085450, 0.00112176997352092240, 0.00105943664707203000, 0.00099182404658507486, 0.00091443951847620367, 0.00082433165854044145, 0.00073523346682701060, 0.00064952840029666465, 0.00055557920688477282, 
0.00101598296431292890, 0.00098842817300903588, 0.00095896965224891433, 0.00092451795758760559, 0.00088093724156228833, 0.00083063318408066716, 0.00077524542195701797, 0.00071242654633456119, 0.00064162181693467853, 0.00056891735865619193, 0.00049588249187577991, 0.00042095561631798811, 
0.00073423316447029908, 0.00071305871249340621, 0.00068923380324387553, 0.00066332430950757026, 0.00063056874023194743, 0.00059144585361358814, 0.00054809710043997588, 0.00050145368757141453, 0.00045083659517758314, 0.00039769634057849819, 0.00034419706739778139, 0.00028906363350266498, 
0.00047406945551221045, 0.00045590958593424036, 0.00043565649936498505, 0.00041523667138420228, 0.00039201467154981483, 0.00036447805658082797, 0.00033135432299249463, 0.00029513699890443328, 0.00025781037329727598, 0.00022117964090369497, 0.00018503457421213093, 0.00014763799794249838, 
0.00031338437216888262, 0.00029871906782785675, 0.00028240648693347295, 0.00026514056125495394, 0.00024723863798729401, 0.00022776394556453663, 0.00020453156454578600, 0.00017911565165867435, 0.00015358225740589484, 0.00012934695372071912, 0.00010554553948393542, 0.00008153389894911042, 
0.00038467563747278610, 0.00037995033260138187, 0.00037488403253272898, 0.00036941875620829509, 0.00036372924893955140, 0.00035755085712293707, 0.00035029776926766900, 0.00034239547134504405, 0.00033434981290711056, 0.00032661179416537206, 0.00031936774268619833, 0.00031226576754556903, 
0.00065188555726429932, 0.00064960002100792941, 0.00064711716196750983, 0.00064393782406305653, 0.00064006878134582066, 0.00063571037128425372, 0.00063101278906013735, 0.00062584356761226075, 0.00062013851095978187, 0.00061426733946963756, 0.00060815363931743553, 0.00060175648277750911, 
0.00060245595466536987, 0.00059833119380904164, 0.00059366412172936112, 0.00058765860539072726, 0.00058061020667060279, 0.00057299166490677874, 0.00056500783484018664, 0.00055621266358012200, 0.00054657309648371009, 0.00053661369048118364, 0.00052588781428918356, 0.00051457835937393428, 
0.00067126442897541712, 0.00066975158833265734, 0.00066817933428296792, 0.00066597141502045486, 0.00066331113210993527, 0.00066033947540370828, 0.00065717070407152807, 0.00065371749969579337, 0.00064988772160848654, 0.00064580000962060236, 0.00064159468350129083, 0.00063726780777272117, 
0.00081977393548182990, 0.00081935594181525113, 0.00081928160663250838, 0.00081883671737991229, 0.00081804923643944219, 0.00081719174685464051, 0.00081630841104866024, 0.00081526277654700029, 0.00081399516183355684, 0.00081245273293506861, 0.00081102796516850813, 0.00080957483204792901, 
0.00068308363583335246, 0.00068262184867646147, 0.00068246125912652122, 0.00068212854559513661, 0.00068160534604573054, 0.00068109587394236644, 0.00068056454506417721, 0.00067975873159791965, 0.00067879627318106898, 0.00067763575163945825, 0.00067655084626590213, 0.00067542774777033918, 
0.00043911787426984900, 0.00043854773228832710, 0.00043813466722657810, 0.00043780225580229292, 0.00043743885607786258, 0.00043689723674265066, 0.00043623311381263473, 0.00043544030259343939, 0.00043466410000709063, 0.00043380841503999894, 0.00043292965763950560, 0.00043204626821403735, 
0.00027911982605191208, 0.00027866567633211807, 0.00027837740987984486, 0.00027814130423372380, 0.00027790853491272191, 0.00027753477724347907, 0.00027700634187680442, 0.00027646704398289986, 0.00027604336164530931, 0.00027564542064070026, 0.00027519350023164394, 0.00027472384349913929, 
0.00040288157194594482, 0.00040237340397829475, 0.00040185389602016272, 0.00040117740364993765, 0.00040045986672495513, 0.00039966906188410305, 0.00039872337887960729, 0.00039763627874061798, 0.00039650625489368334, 0.00039528757939093819, 0.00039401508625989067, 0.00039269671858101771, 
0.00053925327454139315, 0.00053699045331400026, 0.00053454054987728218, 0.00053158644037660250, 0.00052854261717508557, 0.00052546301181595099, 0.00052179337992017052, 0.00051787106361189292, 0.00051363011683384994, 0.00050909263724751251, 0.00050430109159612367, 0.00049964912351593870, 
0.00040647004322147211, 0.00040359615447750413, 0.00040055393663710967, 0.00039697963306734350, 0.00039340961692001605, 0.00038985909369486875, 0.00038557518294782977, 0.00038116423072719844, 0.00037637814323199123, 0.00037126672246110660, 0.00036583675022007646, 0.00036063087565905028, 
0.00035074953888518081, 0.00035014459097288037, 0.00034955427859979397, 0.00034875646616587921, 0.00034793097707542365, 0.00034701151808431209, 0.00034590580324634084, 0.00034480027289744382, 0.00034361286166077434, 0.00034222198318111121, 0.00034072607456005731, 0.00033917820312250990, 
0.00027717460906814752, 0.00027672032842285840, 0.00027632916813080991, 0.00027586287858807581, 0.00027537507934250106, 0.00027482449850672929, 0.00027418037699732388, 0.00027353464292211239, 0.00027292441947769430, 0.00027225682265722589, 0.00027155207615386955, 0.00027077096372283438, 
0.00020630257655785442, 0.00020261262798592963, 0.00019907321197123426, 0.00019541257801965618, 0.00019175319945139365, 0.00018820720393198081, 0.00018450808354070615, 0.00018075232011448931, 0.00017735112905474935, 0.00017388777477413115, 0.00017028747262367997, 0.00016662207449564300, 
0.00019289574082341816, 0.00018740413435239378, 0.00018210498349339853, 0.00017663315579265104, 0.00017107600047162980, 0.00016574306221456397, 0.00016027939778969792, 0.00015472418540619568, 0.00014959026698053261, 0.00014441710415659384, 0.00013895442315512932, 0.00013347975812152231, 
