0.99934999167346417000, 0.56451437564367535000, 0.40950138535875857000, 0.29496564767487266000, 0.24223370051220736000, 0.24792967547920391000, 0.16079285690748399000, 0.11297418939627191000, 0.09537250403728338200, 0.05122250908273343100, 0.12408177579287591000, 0.02469454792801623100, 
0.25104341391560708000, 0.23590859801712266000, 0.21852926557529090000, 0.19820728706097479000, 0.17618602526269528000, 0.15302060874072884000, 0.12668846379537047000, 0.09966641917392321500, 0.07099356854290343700, 0.04159215000101435000, 0.01293458921600343400, -0.02241784922327490200, 
0.22058158899586253000, 0.20759957749294278000, 0.18954395085755271000, 0.16710046735882617000, 0.14223508888062159000, 0.11620034606208771000, 0.08949998759179270100, 0.06406767572930685600, 0.03925404490922934600, 0.01522770223765652200, -0.00596546324252454630, -0.02882250297540639400, 
0.19169850951542214000, 0.17926174044277926000, 0.16163406447074313000, 0.14019526548870367000, 0.11615112635515441000, 0.09157378165786005100, 0.06796006423711116500, 0.04624964106823487000, 0.02679028320574652200, 0.00947014231833879370, -0.00458716098030579820, -0.01747955751787909400, 
0.16550689863309087000, 0.15288035409242418000, 0.13567376876989337000, 0.11494770030755874000, 0.09202923382990314800, 0.06964283455369763000, 0.04898689355582201000, 0.03154309349645161000, 0.01760882666421301900, 0.00680986374892910730, -0.00006487430339093339, -0.00401035557855062160, 
0.15283481569215615000, 0.13953829046712607000, 0.12081062172300411000, 0.09829078673874117000, 0.07395585590326543600, 0.05096693938504338900, 0.03080477137423182400, 0.01512420552108671400, 0.00448822834975522340, -0.00096196030179728637, -0.00213032255965494000, 0.00227007767489718430, 
0.14514319869734488000, 0.13145569335079491000, 0.11182711973567831000, 0.08845862955668655500, 0.06396240166640859700, 0.04031269626397277600, 0.02016516098061750200, 0.00476413175895767930, -0.00526554439692496730, -0.00924548795229424360, -0.00917306943982720490, -0.00391725047877050040, 
0.14399545383809795000, 0.12896363562591762000, 0.10775624927584980000, 0.08302311391025318800, 0.05709866198520995000, 0.03202042609016328400, 0.01161000441527463300, -0.00345021223917896250, -0.01202726246610076600, -0.01534807903037227800, -0.01420719629763913700, -0.00873961799630569410, 
0.13952291965146488000, 0.12389962923760189000, 0.10254280791079032000, 0.07832855569212265900, 0.05226408558387747600, 0.02698864401312452100, 0.00651410305842361000, -0.00867581253246849610, -0.01744950310423746400, -0.02108765449173666300, -0.02032436354957599000, -0.01561989911546671000, 
0.13417187104925241000, 0.11844087546520905000, 0.09677471108235388700, 0.07235717644145228700, 0.04638985392822060600, 0.02181223466828333500, 0.00122699682064902200, -0.01344901266807134600, -0.02213411599692257500, -0.02613305233844325300, -0.02603117686899961800, -0.02297184152834023900, 
0.12893823821128927000, 0.11324460633219312000, 0.09101466970254455700, 0.06628737976351453700, 0.04137855479346913600, 0.01884468546139741000, 0.00082807084481616687, -0.01132708911981127100, -0.01764966217670044200, -0.02124379212615574600, -0.02178969964820395100, -0.02153701249303864200, 
0.12268541799212104000, 0.10746316127439128000, 0.08587422254292731400, 0.06250020894729815800, 0.03940389813736835900, 0.01767713693855604100, 0.00054556644423917749, -0.01208456666977870600, -0.01913728384127787900, -0.02467190275976119400, -0.02674142351127059600, -0.02764511619242367200, 
0.11769002772223260000, 0.10108670000779983000, 0.07904439503200429200, 0.05642173050640899400, 0.03466817401287320500, 0.01336139436445125600, -0.00393236233003571930, -0.01672409065861915300, -0.02408374699903509000, -0.03002149533116015700, -0.03404308618268432600, -0.03732279835448508400, 
0.11366863312962167000, 0.09380436932790346700, 0.07000797072976898400, 0.04776449452135451300, 0.02750600600808595200, 0.00800536369029698770, -0.00752920430049079570, -0.01734882752645436000, -0.02191259431199315100, -0.02584859026237640300, -0.03197462701950750500, -0.04105112005608450900, 
0.10632066934755188000, 0.08651343161906500900, 0.06410688060147763700, 0.04488588040515345500, 0.02681799869334169900, 0.00772442624522043110, -0.00744383286044485080, -0.01833120398245916000, -0.02428436498273092000, -0.02901562184074528100, -0.03500153823018498100, -0.04302548284521465200, 
0.09941443027433240200, 0.07978583805404303200, 0.05828858187517883800, 0.04105183838928933700, 0.02556493958892502900, 0.00857366706121948790, -0.00632359125460519190, -0.01771432062448090700, -0.02372170545734073000, -0.02775412567967274300, -0.03289059978960340300, -0.04088503395484492000, 
0.09015472675930297200, 0.07170245358005203400, 0.05134633654055497500, 0.03503425854763241000, 0.02152101028135483500, 0.00758650139561233180, -0.00579306599990825690, -0.01627468259311641200, -0.02130217159735934800, -0.02396966016122043700, -0.02757042375778642800, -0.03474124027481934700, 
0.06627551306745427300, 0.05219911899575315600, 0.03659317833748353800, 0.02340888972133600700, 0.01323866218207623400, 0.00436154245889541770, -0.00361669787783124850, -0.00978050240540934490, -0.01292475241792224700, -0.01464828819998744900, -0.01730360879152629100, -0.02290728138131238900, 
0.03014749303596342100, 0.02472252516422213500, 0.01845954551144672300, 0.01277249977327257600, 0.00811034193490814060, 0.00406705698960347590, 0.00050104390062240159, -0.00226676496920099730, -0.00401707665042080280, -0.00522506738827679340, -0.00669786038441179660, -0.00917656484753575330, 
0.03591642272802134800, 0.03099412703964112400, 0.02504840412712219800, 0.01930107192890363800, 0.01373704507216602100, 0.00796766814995707350, 0.00225921454078371240, -0.00247148971834014810, -0.00580997158595565960, -0.00828063177726816490, -0.01095389067890566900, -0.01422449706405231100, 
0.08145532483517299600, 0.06243461580164988400, 0.04355363259103103800, 0.03031286919743556000, 0.01968772457089123400, 0.00623695095280912650, -0.00945887040445273290, -0.02128919271824399400, -0.02512301626013269100, -0.02371303350063560400, -0.02462379426975062900, -0.03207918867385823500, 
0.10927225521515484000, 0.08009871704998011700, 0.05138432256694400200, 0.03214232787933994600, 0.01761459101033175200, -0.00095453060386591591, -0.02298333781719332300, -0.03914655711078470600, -0.04260323529360148700, -0.03758920390940663500, -0.03611940005832672100, -0.04549703317419116800, 
0.11026086391769217000, 0.08304849698286735600, 0.05384238511442360200, 0.03091883786680576000, 0.01160293683054537200, -0.00938832327596419120, -0.03074572988850018300, -0.04549071947365836100, -0.04946391482123786000, -0.04635044157200869700, -0.04591823646019752000, -0.05243265903773194900, 
0.10863579979179806000, 0.08271322790453537700, 0.05404617910097378500, 0.02996441737588476800, 0.00822834384466701250, -0.01448943218599331500, -0.03567609206128943100, -0.04884575261467508100, -0.05189325348115062000, -0.04919902189801460300, -0.04905384637525152200, -0.05344207435946843300, 
0.10656655180512731000, 0.07962040415816307200, 0.05009152415884746100, 0.02555134521356901600, 0.00380866478937181120, -0.01876333095799418600, -0.03935380245627541400, -0.05058095496449792300, -0.04969531261449271200, -0.04250576526822622000, -0.03811974883912323800, -0.04052867991382372300, 
0.10488527962412063000, 0.07693170854516499800, 0.04553095968905922200, 0.01853719899700276600, -0.00478275292436501800, -0.02670436690410136300, -0.04468000257095650800, -0.05199786711434319100, -0.04636645832651885300, -0.03395681895993311200, -0.02498955952463713000, -0.02496048914151342100, 
0.10531524159688856000, 0.07799874373397418200, 0.04540919148143679500, 0.01494864784805631200, -0.01186724456582984000, -0.03431154348977640000, -0.04979012657148902000, -0.05388776312314307700, -0.04609874487254535200, -0.03240798100503159600, -0.02168605508446275200, -0.01897842711522082200, 
0.10527491030524407000, 0.07785549909952482700, 0.04468032725623739800, 0.01291266898477909400, -0.01538567990359594000, -0.03738527980158485400, -0.05178670665467499000, -0.05428988490405321100, -0.04509976686205405300, -0.03062251218880494100, -0.01926866508611889100, -0.01551196390576312800, 
0.09975009230536313600, 0.07301210281552578100, 0.04128833213740442500, 0.01126195242814954600, -0.01498984181757847700, -0.03571404379609564200, -0.04949460491925415000, -0.05192115431974959200, -0.04304277188067920400, -0.02919112783570208100, -0.01861133413335902200, -0.01512606751128451500, 
0.09041121931683777900, 0.06663403449975627300, 0.03829485273992816500, 0.01134693049372408100, -0.01216594211460924600, -0.03155773130229320300, -0.04457151554846258000, -0.04777188470544166400, -0.04117636215978547100, -0.03022319166394882600, -0.02171264934453662500, -0.01875497164979567800, 
0.08380905664672057300, 0.06274673612114217700, 0.03691328565133240200, 0.01188016328839941800, -0.01016133004308589600, -0.02818223332489672500, -0.04018551079021860700, -0.04387565703634226100, -0.03953399638700913500, -0.03148768381034260100, -0.02505277706094183300, -0.02274025712857467200, 
0.07652549423953787500, 0.05722874564961257000, 0.03441609078853755800, 0.01298788877722213200, -0.00612239216000358410, -0.02264150451870305900, -0.03453268255242465000, -0.03908642573386376200, -0.03622537122297066900, -0.03014118087095631800, -0.02603916397985451800, -0.02576464365311070800, 
0.06559896482454917500, 0.04969275945012306000, 0.03151749879584236200, 0.01493757242253169200, -0.00039763264825438613, -0.01511232604405593100, -0.02679039929842250800, -0.03249888740645806600, -0.03161515346268916500, -0.02796449602262208000, -0.02624274739037432300, -0.02760927205417612300, 
0.05896081559081407100, 0.04510934229482347500, 0.02993258432942447900, 0.01664103362445645800, 0.00404681413671840320, -0.00918206640332709140, -0.02084333492125144500, -0.02735684719671634500, -0.02774942646261302100, -0.02569015633136730000, -0.02559158844214241800, -0.02821982656780325200, 
0.05629336718440836700, 0.04338776044315146400, 0.02921374531690611900, 0.01680074849676636500, 0.00539804938856983450, -0.00626755083810228920, -0.01660444711488355500, -0.02246107490370746100, -0.02313824409577936900, -0.02205064212809111600, -0.02321808928046348000, -0.02733577670680260200, 
0.05525987762450393400, 0.04310239878041129100, 0.02922549203170005100, 0.01661634158600218100, 0.00530572623955005620, -0.00498266601366514040, -0.01351874801916388100, -0.01867211245142972500, -0.02001592680028302400, -0.02004482819001363000, -0.02195832466771883600, -0.02705748394861548800, 
0.05226190264954993400, 0.04029137200759942000, 0.02697669544869748400, 0.01537379964093802500, 0.00514481810642414970, -0.00360790492473921870, -0.01073816370015746200, -0.01544892424713803300, -0.01702471960693554800, -0.01724510054046121300, -0.01900262262250218500, -0.02452101249700081400, 
0.04210845204699350400, 0.03186494550082730200, 0.02073029592589049900, 0.01183316196942162800, 0.00481429177760127340, -0.00145193209261749780, -0.00679886357591101730, -0.00996756369086637670, -0.01041064774484406900, -0.01022661391830400800, -0.01239459785552916900, -0.01810040535574777800, 
0.02447813705514969400, 0.01856074073905836600, 0.01223935126985110900, 0.00750508015580719600, 0.00423787479528220210, 0.00142512269084478330, -0.00102120893739651070, -0.00233609653022168660, -0.00234458476931825040, -0.00240997448830768430, -0.00430299593006986100, -0.00835327402308751530, 
0.01037473205188208800, 0.00816875220717850830, 0.00579275049300380890, 0.00405813607163939180, 0.00304039081171873170, 0.00239480601060989420, 0.00189331706608851600, 0.00157066907718156760, 0.00136514111732680780, 0.00091746317022751273, -0.00022532846824925546, -0.00209016813955586150, 
0.00355421298154358660, 0.00290448662221836840, 0.00215606681087437060, 0.00156111334617605860, 0.00121674445226038570, 0.00113041954773077470, 0.00116957127931673200, 0.00121374328695941780, 0.00112667679442873210, 0.00083530359135834545, 0.00035897073129462041, -0.00025187685546091521, 
0.00128715466401628270, 0.00112173273260323140, 0.00091923969708871441, 0.00074404437477847227, 0.00062206202086086484, 0.00057484274910139202, 0.00057193333150271509, 0.00058280579201038733, 0.00057319800790357018, 0.00051997214793173040, 0.00043671860095804217, 0.00032062329982819674, 
0.00081278809250629499, 0.00075034877482225266, 0.00067133855926467770, 0.00059508426293483922, 0.00052251743265544740, 0.00045858155156126677, 0.00040570217616886750, 0.00036649645501785034, 0.00034138940599425535, 0.00032273300879583587, 0.00030592130121928960, 0.00027945946199119277, 
0.00075435707591162788, 0.00070399876784437343, 0.00063954617366786856, 0.00056993827339178705, 0.00049573471930214113, 0.00042459735566976737, 0.00035894073307215173, 0.00030168700314050589, 0.00024883636013351416, 0.00019825773535512095, 0.00014789561750442218, 0.00009848867948958398, 
0.00118067881019830920, 0.00113298830407719780, 0.00107292120453108920, 0.00101413819418143480, 0.00093871653707111808, 0.00087573456406730987, 0.00081551793387475745, 0.00076283269572895672, 0.00070883851101143547, 0.00066169152840610582, 0.00061889718321570485, 0.00057993285689946611, 
0.00510924260005723480, 0.00486095926491300100, 0.00460773111151562690, 0.00437673636675146340, 0.00408405167719439430, 0.00374031531375100790, 0.00336063746640999010, 0.00293944066802238370, 0.00246508029905531190, 0.00198452630867639950, 0.00153805919334598030, 0.00112103983507874970, 
0.01176721842916392400, 0.01103068399401848200, 0.01022648965444573400, 0.00948989574527592600, 0.00870496439025561330, 0.00777950683888133190, 0.00671963342114239270, 0.00546671647084661160, 0.00406674936496320780, 0.00264614162343040870, 0.00133792697613949810, 0.00014321220985468721, 
0.01510709616742350300, 0.01420100785709813000, 0.01312929908866978400, 0.01216717919375711600, 0.01128745428398617900, 0.01031631977123563500, 0.00914343886713338970, 0.00766165108020440580, 0.00598904933200080420, 0.00428861009978586010, 0.00274105605175476670, 0.00136090770017307810, 
0.01443066145538795600, 0.01350365318489064400, 0.01246384310869397400, 0.01163715814897986100, 0.01097697513811351700, 0.01020124277738191500, 0.00911209166405040590, 0.00763774288410165420, 0.00597384487978026500, 0.00436561908795931980, 0.00298089797559619080, 0.00177036547089398080, 
0.01516640231637438600, 0.01366351268345418500, 0.01232029004504082300, 0.01176231125696867600, 0.01174445959096522300, 0.01152710966168699600, 0.01061884336077768800, 0.00889603005262229810, 0.00684344388987056120, 0.00510049510365266630, 0.00394748629063427450, 0.00315769366151935110, 
0.01736303500974814900, 0.01491236677950564400, 0.01300968759798266600, 0.01270030082282766000, 0.01343909031479837900, 0.01374969074182898700, 0.01281568918301347600, 0.01049113483553715400, 0.00772376232022820710, 0.00559393970683308950, 0.00468960334547024840, 0.00428262803129889160, 
0.01507183962396329300, 0.01170949647287649500, 0.00933050136340334360, 0.00935431463078476020, 0.01090519191339138300, 0.01163471197545934900, 0.01020404140058910600, 0.00703217074856452890, 0.00385228290209671490, 0.00165175544860494660, 0.00149807659747797280, 0.00134509980157172350, 
0.01323461858631947700, 0.00943837408681351060, 0.00748993082772939770, 0.00832425608870874380, 0.01007006779312192800, 0.01033935914392723900, 0.00853039013034202240, 0.00526701425189754490, 0.00251759427710748210, 0.00146925659657878220, 0.00181949336004398130, 0.00154143731807857530, 
0.01318983867524018600, 0.00899939527331145360, 0.00723512504147809120, 0.00844199998336961180, 0.01016289994729937900, 0.01029619542792344900, 0.00887256192236927750, 0.00588334641341898160, 0.00270673782435754220, 0.00151827554119610410, 0.00212659334182279230, 0.00255093498606320450, 
0.01335968490594269600, 0.00871081519768008950, 0.00658028432918679290, 0.00796840645095179230, 0.01028501735542349700, 0.01069379388397188900, 0.00907569447928058100, 0.00538349107331538050, 0.00191242228466820150, 0.00084554157252601791, 0.00187414947886426710, 0.00251921191595384830, 
0.01337369317808214700, 0.00815029162119747590, 0.00600759208235017530, 0.00787957398937957740, 0.01055624511828719100, 0.01105072764081049600, 0.00891079074812843940, 0.00447268756194514790, 0.00111645684174901130, 0.00091544717380026076, 0.00240838125724470280, 0.00249186226222784190, 
0.01350976214941672400, 0.00796182430495765910, 0.00585746739622872590, 0.00771033230619086810, 0.01040166144875987400, 0.01091018314980349800, 0.00914564761250702750, 0.00485871429551890200, 0.00105558794931285460, 0.00016966790426508715, 0.00175948225961893850, 0.00233690818088946830, 
0.01309166826541809800, 0.00780777495308121630, 0.00583126429587034390, 0.00739923839284434280, 0.00978421644430266420, 0.01024352172743006600, 0.00936431020833769670, 0.00579418597009963980, 0.00136946232487750240, -0.00072174565669024210, 0.00073016659594955563, 0.00234283453720693240, 
0.01211411823200861000, 0.00703317722061365390, 0.00556966437987245230, 0.00728163061972567340, 0.00875301659802959690, 0.00916183532086364310, 0.00875618302834621840, 0.00590803581184810600, 0.00120381377926818530, -0.00076113642885752841, 0.00082092133323824110, 0.00252634752862076910, 
0.01124020129811431100, 0.00652285437577097840, 0.00528538709110424990, 0.00691725982716136830, 0.00812559605807968570, 0.00833111768131974960, 0.00805838317759116980, 0.00567934161964075980, 0.00137567620689160560, -0.00075532578686418139, 0.00065182368287553254, 0.00238517945816806970, 
0.01006364618392150000, 0.00592386445686957950, 0.00483386687609099410, 0.00630351553337998770, 0.00735562577954248280, 0.00751923032052648640, 0.00730477725332863770, 0.00522338908798266470, 0.00150783823745955770, -0.00056321350697140574, 0.00078928021309244165, 0.00241349355441988420, 
0.00949244837616359390, 0.00560669863658756590, 0.00470036791264738950, 0.00613830398451950790, 0.00700701911993208740, 0.00711445150872540290, 0.00693138157560117820, 0.00500656017513563880, 0.00149033221321732970, -0.00034742124867822341, 0.00107059993858471410, 0.00256276547354599480, 
0.00925302502793697200, 0.00606904905593595030, 0.00553748590392543790, 0.00669678630598806450, 0.00689541000837943630, 0.00662792218376593700, 0.00625488265265237120, 0.00453255837087758810, 0.00160225378938332160, 0.00035000695602671714, 0.00138415175846871790, 0.00177905198551854960, 
0.00813613460018306620, 0.00561143586575241910, 0.00540420296693590490, 0.00633173934980842560, 0.00606000181207037680, 0.00554094244414263510, 0.00519386466797819390, 0.00386148643948025420, 0.00151353736296839510, 0.00062462835107838816, 0.00134246503455140120, 0.00116281834727325910, 
0.00541975851873835540, 0.00318057432144462070, 0.00307932115455766910, 0.00404474548548316040, 0.00407276185059912790, 0.00380402970602894840, 0.00381452070659597710, 0.00285134958872833910, 0.00084184846619199340, 0.00013598585732511008, 0.00118955916486361060, 0.00165397235525487310, 
0.00352576237375464480, 0.00163360288041993710, 0.00145654480981484900, 0.00228930182018239820, 0.00272252675482560860, 0.00280910134079021730, 0.00290099062240922270, 0.00203526464719487120, 0.00048537526368439438, 0.00010999952926292305, 0.00121085617589614960, 0.00185363512544697460, 
0.00291349502810193430, 0.00168725055497057620, 0.00162229686342767300, 0.00218082533639399510, 0.00237710593043974220, 0.00236346221084319810, 0.00231266430306861300, 0.00166315261842274160, 0.00078458837847060307, 0.00073252745989744984, 0.00139165115062188110, 0.00141566709424211150, 
0.00240220174047294560, 0.00171020503827776180, 0.00171541558685815270, 0.00204908449093870730, 0.00206112426877300480, 0.00195328922538608040, 0.00186335350011964050, 0.00146895642503882700, 0.00097724214846886710, 0.00097619843421544795, 0.00131803413314898000, 0.00115103742444538370, 
0.00193773505003654470, 0.00159347722482325100, 0.00158768508439519320, 0.00173285424790624440, 0.00170419461611631680, 0.00162353388496028600, 0.00155965816254576240, 0.00134139006388375310, 0.00103255982882926080, 0.00096280697292919193, 0.00109735304855209040, 0.00099544747654149095, 
0.00160697183757880950, 0.00146850340689360550, 0.00144067961612426650, 0.00146341937310819960, 0.00143295782724851520, 0.00137158661967956740, 0.00130293504578224330, 0.00117582330294780150, 0.00101190513087986400, 0.00092486930745765388, 0.00090878554732243049, 0.00081798750715724486, 
0.00148625362609271420, 0.00143632600833266460, 0.00139947639485704550, 0.00136993659632056580, 0.00132896012252033360, 0.00127074131903231420, 0.00119840037556998450, 0.00110732278421281920, 0.00100902564638824540, 0.00092141273594564474, 0.00084331282391338764, 0.00075071100545104103, 
0.00115183108751266300, 0.00112339216841752300, 0.00109341808727681710, 0.00106056234360187730, 0.00102019245365793700, 0.00097111906778442011, 0.00091575973416670783, 0.00085296387859694432, 0.00078383284604092703, 0.00071412503917188343, 0.00064598342667790431, 0.00057442290907378261, 
