1.05907392965122150000, 0.55603274963654048000, 0.40656231970317330000, 0.34376418503616724000, 0.26510575887910087000, 0.24861788042993233000, 0.16762440491164221000, 0.14771321402538282000, 0.18084940362316765000, 0.13154745074394658000, 0.10771072349843973000, 0.08965772534450212900, 
0.15415409477019132000, 0.14621889294701057000, 0.13866883414709558000, 0.13104959280033998000, 0.12343415842363627000, 0.11585144889383225000, 0.10754233474395319000, 0.09888152960132892700, 0.09024855115572279200, 0.08097937871950862400, 0.07144534418414001700, 0.06181970960099366500, 
0.10910411994720533000, 0.10642441613287798000, 0.10375826088434766000, 0.10099139715680219000, 0.09823787877755704700, 0.09555621938360647800, 0.09265210261157873200, 0.08953672499404458100, 0.08653463874532248100, 0.08356628654892946100, 0.08062109053046967500, 0.07791232676391214600, 
0.08186848714340297400, 0.08351347970536775200, 0.08522190376567842500, 0.08696128449053601400, 0.08875150750286470200, 0.09058609610120529900, 0.09249549157722228300, 0.09445582410828487500, 0.09649667081319952800, 0.09862475834801029400, 0.10083017622487833000, 0.10313839020795965000, 
0.06921158148505537900, 0.07071614883388877000, 0.07227778625055200600, 0.07387405205085646700, 0.07550685650784660900, 0.07717025360147272700, 0.07888979089195087600, 0.08066664439950614600, 0.08251159106924357800, 0.08442098279756109200, 0.08640960532667624200, 0.08846641838420063500, 
0.06047501480372711300, 0.06070290781978951400, 0.06096336330478487700, 0.06123005505038409100, 0.06152623268842135500, 0.06178465849096814700, 0.06206498229385690900, 0.06236789008971972000, 0.06269739799155194000, 0.06301815361870823100, 0.06347166335274195800, 0.06396692348967045200, 
0.06387573414978940700, 0.06466438596894508200, 0.06550550674456273600, 0.06639628870575527100, 0.06735585070187478900, 0.06832359107896356100, 0.06934714378333090000, 0.07042417936885513000, 0.07155864003987395800, 0.07272402764849315900, 0.07403014906901758700, 0.07541348674632128400, 
0.06232700805398547200, 0.06389562104537438400, 0.06553350186333697900, 0.06724061501093146800, 0.06903345985588385500, 0.07088749436633948200, 0.07280221963460697900, 0.07478636460355096700, 0.07684209572809569400, 0.07898015982111750200, 0.08121402774828315200, 0.08353530968133772400, 
0.05808316081160601300, 0.05877412092937225200, 0.05948895090109000000, 0.06022185832891228900, 0.06101635923928903900, 0.06181283390993215500, 0.06259510847123289600, 0.06343055711817366400, 0.06428708139295318000, 0.06518201930639079500, 0.06612909818830094200, 0.06712578197116424200, 
0.05037430255055332800, 0.05049566313712129700, 0.05064108553959110300, 0.05078440580411498800, 0.05091896974874111900, 0.05103545426745323400, 0.05112968864139545700, 0.05119291007816671700, 0.05126183537368081400, 0.05133888692549249500, 0.05141627130426466900, 0.05151166780168810900, 
0.04588038682872405700, 0.04560240901317425700, 0.04536104809539794800, 0.04509772444001506500, 0.04474076810936601000, 0.04435639598490226400, 0.04395795655785934100, 0.04346129336037912000, 0.04295329491406257200, 0.04242510390225631700, 0.04185122382784622900, 0.04126797837109603300, 
0.05173997876749323500, 0.05128228464038454800, 0.05078104353890634100, 0.05021612506420363600, 0.04956509908934173700, 0.04885705855244505000, 0.04810979147230810800, 0.04729651119534150600, 0.04644658849583154600, 0.04557189451367983000, 0.04465878856823325000, 0.04374599803880412800, 
0.04367167816025445400, 0.04282119736610062700, 0.04183387343024692900, 0.04076045729927405000, 0.03960422389120232100, 0.03835903793946204800, 0.03706489638015082000, 0.03570626881591391900, 0.03430743470540147800, 0.03290550439338643000, 0.03149693457962077200, 0.03011223973338841100, 
0.05905663327776810400, 0.05918899955826589800, 0.05924243213263311700, 0.05923982241103342700, 0.05920119650566096900, 0.05911101682406232800, 0.05895646318067416400, 0.05875991385346188100, 0.05854000712116474300, 0.05828879932163662200, 0.05796289788675627900, 0.05760871076659702900, 
0.06223238389198552900, 0.06278082472252677300, 0.06327525290920245300, 0.06372771504382852800, 0.06415418695687502600, 0.06452584135336025800, 0.06484554925010158100, 0.06513805034156626400, 0.06540810409915642800, 0.06565939978159593400, 0.06584603319474390000, 0.06597976288676736500, 
0.05311156783335658400, 0.05396298389795017200, 0.05480792149541351800, 0.05564750076476920200, 0.05649325209629528500, 0.05733158644723968000, 0.05817579879768347600, 0.05903341200836252600, 0.05990860488407372100, 0.06080216025598680900, 0.06170351774923887900, 0.06262022062029520800, 
0.05345632837938796300, 0.05397638299645108500, 0.05444960972096634500, 0.05486091268375715300, 0.05522570351046950800, 0.05553972770799480600, 0.05582444611016494600, 0.05607044309343702000, 0.05627706860459427700, 0.05644257091467203000, 0.05655714642540792000, 0.05665778112880191100, 
0.04615068618929551300, 0.04602803643718159100, 0.04580139755510167400, 0.04546623504044636200, 0.04503382822329626100, 0.04448607121128018300, 0.04384909669752662400, 0.04312056771913209300, 0.04227527920577991300, 0.04132659389947923600, 0.04025478380931651900, 0.03909647584930882300, 
0.02883843518751731300, 0.02865918965347144200, 0.02842259591730518500, 0.02813652962205634800, 0.02780425218980917700, 0.02741746217873530400, 0.02697867584089937200, 0.02649823938053537400, 0.02595395641441821900, 0.02535482480061405600, 0.02469999335074464900, 0.02399344496492896600, 
0.02528851111812406200, 0.02522722732406733300, 0.02512065966895488100, 0.02497606274285385900, 0.02479527287264429400, 0.02458765844532235000, 0.02433109895904637600, 0.02403999758136043900, 0.02371212280302554800, 0.02334018555663979300, 0.02293255410978098400, 0.02248519056922023200, 
0.02647731993817461700, 0.02655643447455491600, 0.02660489906054594500, 0.02662658383278525300, 0.02662149430968937400, 0.02658847607067883800, 0.02651870442646600900, 0.02642161580889241400, 0.02629855166430472200, 0.02614993932905780600, 0.02596749267251864000, 0.02575859755707404100, 
0.03793680982869528100, 0.03827014453174974700, 0.03857394733946722900, 0.03885018872943617200, 0.03909973824636627000, 0.03931666072498591500, 0.03949752470332295500, 0.03964813238207092600, 0.03977011841183791100, 0.03987400815265418300, 0.03994169309182885000, 0.03998253888833582700, 
0.05059587708474385500, 0.05134072500621594100, 0.05205744945632852900, 0.05274019879137712600, 0.05339263947355499300, 0.05402133598210000200, 0.05462200850287062700, 0.05519347898321617900, 0.05574540261266203200, 0.05628006761539224700, 0.05679596986639973100, 0.05729513849101313500, 
0.05372181020873036800, 0.05444780806312256300, 0.05514596731038853800, 0.05580596328070022700, 0.05642870850507510800, 0.05703612082375157700, 0.05761456164339248700, 0.05815628091155123500, 0.05868284733414515200, 0.05918060710720857200, 0.05965528773467191500, 0.06009980317193135800, 
0.05030573081367838800, 0.05130870423262524200, 0.05232979898805800700, 0.05336440150263383600, 0.05441411226405112900, 0.05548820703993095900, 0.05658065756169261600, 0.05768947462809123600, 0.05882395421049171900, 0.05997650074519752400, 0.06115301155153640000, 0.06234923808489596000, 
0.04691292648700197400, 0.04794437430540612900, 0.04900368516754018800, 0.05008772025785840400, 0.05119935927682780400, 0.05233981114745772700, 0.05350980715632245400, 0.05470954203976004900, 0.05594172524313989500, 0.05720548991126495100, 0.05850430885545210300, 0.05983731892360170900, 
0.04212888804046889500, 0.04296934207797985900, 0.04383143443130975400, 0.04471091584639097500, 0.04561073566603293700, 0.04653081725338771600, 0.04747376930503546800, 0.04843761437323170600, 0.04942445347956019700, 0.05043413302790349100, 0.05146797874970149300, 0.05252751450586074000, 
0.03746233232052551000, 0.03813107933285517900, 0.03881455643675137800, 0.03951166960187321000, 0.04022328472047905600, 0.04094701590410782000, 0.04168640530182720500, 0.04243952429534779400, 0.04320798141155855800, 0.04399165722063627000, 0.04479117362363373200, 0.04560820825582231900, 
0.03404869077982952700, 0.03459559058511466100, 0.03515246940534916300, 0.03571858192846114700, 0.03629414362423406100, 0.03687720468072022700, 0.03746914639263342800, 0.03807050854205932400, 0.03868237154890236800, 0.03930347244340354900, 0.03993560939603434800, 0.04057767402139556000, 
0.02589592023198970100, 0.02612881217424179900, 0.02635786378518735500, 0.02658294519220203600, 0.02679977899718478900, 0.02700834577999515500, 0.02720986344968617500, 0.02740755562656071000, 0.02760168040612997000, 0.02779152171281305100, 0.02798200599113443600, 0.02816831992918179500, 
0.01392497071391559000, 0.01383458758931173500, 0.01372597080673746900, 0.01359900101599399000, 0.01344848247416822800, 0.01327171798843167900, 0.01307081935602929000, 0.01285027497578829700, 0.01260998254717111600, 0.01235666964055071000, 0.01209567141838672500, 0.01182164864128089000, 
0.01346437463884304600, 0.01335543329817450900, 0.01322581099755366900, 0.01306657278458637500, 0.01289306209968064900, 0.01269128187377528900, 0.01246305624712613000, 0.01222241341883172900, 0.01195991823278532000, 0.01168486493757505700, 0.01139407472633517700, 0.01108687663340297300, 
0.01591456379970662000, 0.01588465892086364200, 0.01583795304464665300, 0.01576423511997456000, 0.01568160043609854000, 0.01558657282564984400, 0.01547199520182831700, 0.01534932325000024800, 0.01521556760722044300, 0.01506625832605410800, 0.01490310919042689100, 0.01472700011078448300, 
0.01027220767895444300, 0.01025899177069272700, 0.01023950917386452800, 0.01020965804497996600, 0.01017691275828833100, 0.01014269915229766400, 0.01010191327490795800, 0.01005483041161698300, 0.01000546666341962100, 0.00994935613942044690, 0.00988808736431582430, 0.00982339343308247760, 
0.00860957327633674920, 0.00863477886500268150, 0.00865888373376902040, 0.00867983177452392310, 0.00869947336107666780, 0.00871696684579821230, 0.00873366174504364850, 0.00874866242289180920, 0.00876223780323443470, 0.00877471989356801850, 0.00878571376391229510, 0.00879609109005413840, 
0.00882311665797073240, 0.00885448482870994020, 0.00888525838387190830, 0.00891359295801531430, 0.00894070507099166930, 0.00896512078288119740, 0.00898882543435823400, 0.00901198711584452580, 0.00903388627910723350, 0.00905420780089611320, 0.00907343972922258590, 0.00909197910659420920, 
0.00764831997772613250, 0.00767205867895720450, 0.00769601868066123900, 0.00771874132710665110, 0.00774016913804683600, 0.00775893783065409370, 0.00777734406750831430, 0.00779503717370962690, 0.00781236877537902500, 0.00782835787008478310, 0.00784253935827249060, 0.00785588637668860330, 
0.00602500967243354160, 0.00603736172175511640, 0.00604988046386266840, 0.00606141360733644320, 0.00607231925473185070, 0.00608142541120457010, 0.00609006476215052240, 0.00609829965098811120, 0.00610630149266643170, 0.00611325305786236760, 0.00611928893055479080, 0.00612497638694240330, 
0.00651893452869808760, 0.00649484963986823960, 0.00647088299861817580, 0.00644437285187817940, 0.00641733071201525900, 0.00638570556107155400, 0.00635316823621909650, 0.00631931542957012760, 0.00628420191642374390, 0.00624874429927375470, 0.00621214049421730820, 0.00617421971655923980, 
0.00786128731114398020, 0.00782444083241850930, 0.00778797419736016770, 0.00774813145910125630, 0.00770731962870029650, 0.00765974958774046870, 0.00761108617416114600, 0.00756125371387212070, 0.00750968059441945580, 0.00745856503922428210, 0.00740531835558183500, 0.00735074302186757620, 
0.01029450373142264500, 0.01033225154213865400, 0.01037075027623372700, 0.01040805176512591200, 0.01044426186654623000, 0.01047773087831872300, 0.01051087877984995000, 0.01054312447071725100, 0.01057502690749849600, 0.01060592467426409300, 0.01063505179936890000, 0.01066361069082185200, 
0.01098533874122554500, 0.01103924152660752800, 0.01109437298102488800, 0.01114807285590882700, 0.01120103957648518500, 0.01125216854841710300, 0.01130261885355552500, 0.01135252225900050900, 0.01140194592488851500, 0.01144988700299015600, 0.01149703325595581600, 0.01154408075977445000, 
0.00938884125167852540, 0.00942769491108565870, 0.00946751456102500400, 0.00950540403482964470, 0.00954287362812123760, 0.00957884504010242560, 0.00961405786838191380, 0.00964877194528946520, 0.00968269752070302640, 0.00971533783691099630, 0.00974733791717086180, 0.00977885226890286630, 
0.00922708601161142780, 0.00926223360643107370, 0.00929678920838722220, 0.00932865592940938270, 0.00935910476233086860, 0.00938856118843476620, 0.00941727240356905750, 0.00944397985000215360, 0.00947032185394916510, 0.00949429446349325800, 0.00951701855102500550, 0.00953862998619319290, 
0.01165235194532485800, 0.01168290666277778000, 0.01170190804985487200, 0.01170912470373022500, 0.01170740901656568800, 0.01169756697405466500, 0.01168192021995665000, 0.01166064901837038000, 0.01163466374626598800, 0.01160451973409084600, 0.01157210969563218400, 0.01153841044199240300, 
0.02073654007520266800, 0.02085898718839395900, 0.02095686450038337200, 0.02103252275981545500, 0.02109088462498323300, 0.02113440105449076700, 0.02116663814064611100, 0.02118802154924203500, 0.02120211426016682300, 0.02121061410046900400, 0.02121707920266263600, 0.02122416783152771000, 
0.02233074802738661800, 0.02243743278293002700, 0.02250914667266897700, 0.02255308161840965900, 0.02256957836210013400, 0.02256327389903322100, 0.02254131587423332400, 0.02250769480840000800, 0.02247235857396084200, 0.02243890077243438500, 0.02240797178989568600, 0.02238190066481086200, 
0.01659594783602106500, 0.01642386377235698100, 0.01618046628331401600, 0.01588771721365892600, 0.01552282273985076800, 0.01509458371720926100, 0.01462027134350862800, 0.01412482994956034900, 0.01363592261790041700, 0.01316736323430078800, 0.01269992206673730700, 0.01223643062369032800, 
0.01681180177720193300, 0.01628589268105333800, 0.01559051435964161500, 0.01479081655867148600, 0.01390191371157502500, 0.01293221095977145300, 0.01195602801632032800, 0.01099023258520369400, 0.01007416036412620200, 0.00923239523021100740, 0.00842932224825271300, 0.00766623318612115550, 
0.01773888490958762400, 0.01680380521690250400, 0.01556228676221424500, 0.01412137817143249200, 0.01257973826424620800, 0.01097722333499908400, 0.00950275814524961270, 0.00812737062831568250, 0.00690744427869861320, 0.00584891131786365300, 0.00484861091207773600, 0.00392766191241309370, 
0.01862538533977191700, 0.01735389647352267000, 0.01568300658997857900, 0.01371282903554137300, 0.01156162037507551200, 0.00941449956636844320, 0.00744973832323342270, 0.00571311139233273740, 0.00416340591526576970, 0.00290679975767604760, 0.00177149624511728520, 0.00077557464073217490, 
0.02120518443045071900, 0.01943977962000282400, 0.01731319760952111300, 0.01486416659844252600, 0.01202510233164113600, 0.00919084101380284940, 0.00676866183864085950, 0.00484286727747155080, 0.00312151264488872220, 0.00177424939829502700, 0.00082674812697230374, 0.00021006996248162577, 
0.02436521192136802100, 0.02212868809740873100, 0.01936561084534757200, 0.01619959716147170000, 0.01252371330528996100, 0.00899988389739415400, 0.00604915556157992200, 0.00380442629179272550, 0.00195280924938582750, 0.00069482219017643568, 0.00008329277387668645, -0.00016245395158188432, 
0.02891080278129317200, 0.02584165113201705700, 0.02211195815271103200, 0.01786330952432488600, 0.01298181094890359100, 0.00826913022786365280, 0.00442491211179291220, 0.00164886462110029590, -0.00058496455647553849, -0.00212124311112897980, -0.00257534940362443660, -0.00251640624190907360, 
0.03333284452662625700, 0.02947094836194637900, 0.02457744024996188400, 0.01905006282546391600, 0.01298698808603691300, 0.00737205747690992000, 0.00290699173880808440, -0.00034783095676618086, -0.00284678600693048660, -0.00455990508389061970, -0.00518790665648381690, -0.00537011924965585890, 
0.03874155760139769100, 0.03412101894196372500, 0.02784574560456758500, 0.02079568541063113800, 0.01334439166559464600, 0.00657547326977866390, 0.00102525978187631910, -0.00316905769110490100, -0.00621875061976982950, -0.00828673017178252650, -0.00935658335221188980, -0.00975245982709291300, 
0.04451992824461744500, 0.03928138139998446600, 0.03209416031449363600, 0.02396936893837420300, 0.01538493525069343400, 0.00705707465026264580, -0.00030610658466430980, -0.00623531481889583700, -0.01064638640155652700, -0.01363398840883161400, -0.01507013572537860100, -0.01506659363890647400, 
0.04840754296709100900, 0.04271837619118406400, 0.03515904418699418400, 0.02655479322796309300, 0.01724953973903175700, 0.00752720109667458310, -0.00147022851716235920, -0.00923248345755905280, -0.01533373469359213000, -0.01978230517843212000, -0.02183353329059454700, -0.02197650961086713300, 
0.04819782537500964800, 0.04278274760113532500, 0.03575361203462225400, 0.02771607470317256900, 0.01883708096773108200, 0.00923749505443336240, -0.00016309319760452910, -0.00840544058343488730, -0.01531922090314463000, -0.02071050946050889000, -0.02420256281683080100, -0.02617530484289975300, 
0.04910698559478428300, 0.04334405477825936700, 0.03605722508688778000, 0.02834071919720154700, 0.02017242352764554700, 0.01115466207712138100, 0.00187641679365207840, -0.00647319571706157260, -0.01326924697330075800, -0.01857186432961158800, -0.02290870443644090600, -0.02642264722377313900, 
0.04144811191208891400, 0.03650332129988748100, 0.03030061340407635300, 0.02415544547579680900, 0.01797483868461062900, 0.01118170912498009400, 0.00423744594562490590, -0.00217912551930406030, -0.00724945305240593840, -0.01141919480103416800, -0.01539126814605029300, -0.01922208131273347700, 
0.02060201102211179100, 0.01848921850534383400, 0.01574304271340547200, 0.01293740882944791600, 0.01023121247948232900, 0.00747034743552118120, 0.00481248808814726140, 0.00235309544349713390, 0.00029517420380242789, -0.00149592286756570440, -0.00340288744977677470, -0.00536337654769513270, 
0.01323892562070258500, 0.01212597453730586800, 0.01064694918686711800, 0.00902319852740994520, 0.00735501638898279280, 0.00562979715741661600, 0.00390702923878806770, 0.00227841368081120560, 0.00082028320057213951, -0.00049545225817226228, -0.00174649517370551140, -0.00294785585123642950, 
0.03602287702223447300, 0.03020816726423223100, 0.02352002760279140900, 0.01758248703187734500, 0.01215181619824048600, 0.00652258665074428780, 0.00089996981529746325, -0.00335241152697666680, -0.00562738171013131560, -0.00689170743441174220, -0.00864648965792199490, -0.01169347831793748400, 
0.07259424073836531800, 0.05786764004380942600, 0.04164528948199019300, 0.02848799834023939300, 0.01696821177927900600, 0.00456689501227105530, -0.00822984502000190070, -0.01740383564684908400, -0.02078331213784404300, -0.02098171915021115200, -0.02275535408213021400, -0.02877343776765955300, 
0.09332007360174841800, 0.07234613904139868000, 0.05005176629633069400, 0.03306241835798623400, 0.01835911741667888000, 0.00162551321567725070, -0.01618201215549402300, -0.02876286482218492700, -0.03227502526833502000, -0.03060931765144644200, -0.03117292275934240400, -0.03860281241002118400, 
0.09412623809005880900, 0.07343547384900026000, 0.05126822898765000900, 0.03402551456882421700, 0.01841830263658086900, 0.00042667790317060458, -0.01867775236844902000, -0.03192250869135571800, -0.03586796758839985000, -0.03491232528975599100, -0.03566394366078447900, -0.04326794250658447200, 
0.08933499522040293200, 0.07137672640707246100, 0.05107920613171347500, 0.03420824856910151300, 0.01848340563709209600, 0.00084907518628604163, -0.01809913629032697600, -0.03186894842079033400, -0.03745956632961960200, -0.03795114096998526000, -0.03919046815172696300, -0.04542293910078396000, 
0.08359007729134286500, 0.06725162892881451900, 0.04902918131484982500, 0.03359237408587277500, 0.01836649074728444500, 0.00066417699612511929, -0.01796793485809411800, -0.03155580506573175300, -0.03739232058086857500, -0.03859238961187776200, -0.04053934173827994400, -0.04557106481467824300, 
0.07782990579055984500, 0.06244728539139074400, 0.04607256048379491200, 0.03246623162554750100, 0.01813068960573118600, 0.00046369893668507826, -0.01785108758856090300, -0.03082937542336980000, -0.03640662597295904500, -0.03822718453767982900, -0.04098530122897605500, -0.04537283210364374100, 
0.07445072590333129400, 0.06071491999420092200, 0.04562181428228657300, 0.03213548408338766400, 0.01749923383538087200, 0.00004590322005676353, -0.01762685564358250700, -0.03044013600480863200, -0.03701594383535453100, -0.04026416870097886100, -0.04333721155234107600, -0.04617010796383586700, 
0.07352526224438231400, 0.05988431893808435200, 0.04486987170549197600, 0.03049095858272743400, 0.01471836704742557300, -0.00307198530952189400, -0.02000263441857092300, -0.03151875935585822500, -0.03733755115257723200, -0.04068880341887159300, -0.04349557748207787800, -0.04475956246412897400, 
0.07284795642939616300, 0.05857858472329540600, 0.04253272450052132700, 0.02715989693782593800, 0.01110482116149186800, -0.00641594015322636930, -0.02223124522120480500, -0.03289221887109318500, -0.03793908037967146100, -0.04039266044937783000, -0.04182251601833180500, -0.04103573649920255100, 
0.07242355076136047800, 0.05751358984197663800, 0.04050357061858349300, 0.02450339501782995700, 0.00857767608689447010, -0.00810800603144722080, -0.02273075446095384000, -0.03280363865931303800, -0.03758584145733597600, -0.03939036546921448300, -0.03952473094359219100, -0.03711551761336001600, 
0.07147942918165310600, 0.05627863026978504500, 0.03920859744912878800, 0.02320719250591887100, 0.00732239972484445300, -0.00893771398577184250, -0.02295319918470625400, -0.03253470480894189700, -0.03702505781983588700, -0.03841458352724611000, -0.03786044228111967000, -0.03475481434736891300, 
0.07050316745942444800, 0.05523944121188541200, 0.03855249354045953800, 0.02286089016754683900, 0.00722263791253875340, -0.00888082961398524440, -0.02281722282795671200, -0.03208202540632998400, -0.03642928835861124900, -0.03772775263363088700, -0.03736245560707122900, -0.03445500057347879900, 
0.06744770066307169400, 0.05249270874453495400, 0.03619552638810410300, 0.02114821073790526900, 0.00666488143983977760, -0.00812642440567238650, -0.02099947935696006400, -0.02981975769309109400, -0.03416117837555139600, -0.03554082049607255200, -0.03521092853146669900, -0.03240460498213936600, 
0.06415800857762725400, 0.04979931960856599800, 0.03408750180566766400, 0.01987075791284844900, 0.00677222873247358520, -0.00653106441574856450, -0.01829682711668368200, -0.02678352669773576300, -0.03132703398105130700, -0.03307891632422838000, -0.03322712334898021700, -0.03104895021910336600, 
0.06114954459441072900, 0.04749538153396823400, 0.03254319955189511500, 0.01905546964448419700, 0.00692221979729070080, -0.00514699867801459480, -0.01586633939150827000, -0.02357241431233988000, -0.02791047205498097000, -0.02984735403413700200, -0.03085956329583963000, -0.03016091802554881500, 
0.05789989934737928300, 0.04504861659523450700, 0.03107901212579775700, 0.01855697535139580500, 0.00729585859561669020, -0.00387371211727413190, -0.01363572335333340100, -0.02025434028238430600, -0.02359033105083552600, -0.02525565539854968100, -0.02726489176500268900, -0.02859995214246792400, 
0.05657804801802343600, 0.04418411564335277000, 0.03094903383417217300, 0.01904121185390319000, 0.00802324749303213150, -0.00317848175498140670, -0.01292883059906955000, -0.01906143881999945000, -0.02169099102269810400, -0.02353278874073041700, -0.02693196336098267800, -0.03050114289496872600, 
0.05636392526762206600, 0.04430232094418656800, 0.03163385961288987100, 0.01983493112886700000, 0.00847602025029997940, -0.00282333196977470420, -0.01248123932706444100, -0.01809076917660741900, -0.02044287899244173800, -0.02294238268750185500, -0.02742611104288870600, -0.03231397219127910700, 
0.05458696458466875300, 0.04343615758273340600, 0.03173592367121932200, 0.02063991050931164900, 0.00960066767703957740, -0.00130439002422282480, -0.01062733252167657500, -0.01641116224740740700, -0.01940382016274554500, -0.02240423632350802700, -0.02706599800169190100, -0.03239273227984215700, 
0.04950189615338922200, 0.03986248721528387600, 0.02923806244809021300, 0.01921410541120691400, 0.00974107522688554340, 0.00055616505804000809, -0.00748305848598372280, -0.01301398050226087100, -0.01652810651317054500, -0.01976946616799886400, -0.02433011985559995300, -0.02997792665683928600, 
0.03633898597279967800, 0.02900490577029130400, 0.02057938085169367200, 0.01305009733713193200, 0.00688115959665117680, 0.00165793336797919910, -0.00255597467617835450, -0.00526705806288875740, -0.00705407906459142900, -0.00918485742970583980, -0.01288195939237715300, -0.01796152758116904100, 
0.02074337007832381700, 0.01643235730445657600, 0.01145697096886964800, 0.00736502527114051790, 0.00456127428761440080, 0.00275969136813722890, 0.00163484440770678640, 0.00105903659930662270, 0.00058926315589267976, -0.00055088199513955867, -0.00292082228963422940, -0.00624553975910431810, 
0.00844091770182795780, 0.00710764008159126860, 0.00551835874440125430, 0.00414042029296174480, 0.00316558005654810370, 0.00248878901844152560, 0.00196390904901319350, 0.00150734906313985100, 0.00097254409858472685, 0.00024280005780512678, -0.00072235219175687936, -0.00180957573041584530, 
0.00236676848102436530, 0.00205200673777151690, 0.00167665505650786930, 0.00132976294160435460, 0.00106836488555038610, 0.00089351350351153289, 0.00075811393393755342, 0.00062761115532784535, 0.00047042398673124584, 0.00028025687016859673, 0.00005797776518875217, -0.00015447637563042647, 
0.00098454407164110902, 0.00088001854878591546, 0.00076906280396032056, 0.00067405008514886424, 0.00060224310734926319, 0.00057638559212820867, 0.00055964579667197633, 0.00053766467601203561, 0.00049853088945534722, 0.00045499646163297403, 0.00039858686169430199, 0.00034341728958773812, 
0.00116596777686612130, 0.00111942686358049850, 0.00106204704487934070, 0.00101164477521767170, 0.00097024563811813776, 0.00094863548685011120, 0.00093593136320907304, 0.00092930552532822911, 0.00091850887193773139, 0.00091257045215280893, 0.00090188608426316553, 0.00088980716481851675, 
0.00124091592519829770, 0.00119452292675649810, 0.00113527630258573790, 0.00107729789235384820, 0.00102820152778364820, 0.00100495844407436540, 0.00099706555358077963, 0.00100959223150124320, 0.00102609133049510350, 0.00104324557703873920, 0.00105048484718988290, 0.00105333153842309930, 
0.00096979966931697405, 0.00090155376770197657, 0.00081526756016070824, 0.00072825926121548932, 0.00065080403867426100, 0.00061041376630994212, 0.00059721304389399898, 0.00062580084320958986, 0.00066410879181319341, 0.00070760096163576761, 0.00073912648877647676, 0.00076416610932191105, 
0.00150927893314353160, 0.00147567522750541320, 0.00143149377277265130, 0.00138574659499747380, 0.00134030556791798430, 0.00130270011289006550, 0.00127487923112832740, 0.00126159146066761930, 0.00125537013315519560, 0.00125555759215648580, 0.00125935887386092080, 0.00126665913913193480, 
0.00142858128207969610, 0.00134395437532255740, 0.00128981577747597160, 0.00130980881900706740, 0.00130417027251088460, 0.00129447872064895650, 0.00126313356969230050, 0.00124806374074672310, 0.00121743152222386480, 0.00118901508338878790, 0.00118362738324610520, 0.00116403166721330310, 
0.00184756023367071350, 0.00159961973039131190, 0.00149031773930466970, 0.00156252264990591380, 0.00158165976262645770, 0.00158566684259777660, 0.00154896203540228140, 0.00155191891591592080, 0.00146352437427220690, 0.00136486439264302410, 0.00134002294731912760, 0.00126604935650721090, 
0.01143197334214017700, 0.01112573191687836500, 0.01088313481488801200, 0.01074832081505142600, 0.01065359712452715200, 0.01056127447156691500, 0.01043045993332427300, 0.01018047629007643400, 0.00978069793524559940, 0.00934936520272193480, 0.00897477055091508090, 0.00863494746187396490, 
0.02547024982794873400, 0.02491914525896659500, 0.02431039455134132600, 0.02376210283803334100, 0.02326802920191830400, 0.02273621587318279100, 0.02206558869013830500, 0.02107941336998274400, 0.01986953815070271300, 0.01863254155227362500, 0.01749182349263055800, 0.01649629870667799000, 
0.02769149392909610300, 0.02670017174970879700, 0.02596364511220418000, 0.02541194241807131400, 0.02468571654962700700, 0.02375188873184753600, 0.02261051883336247600, 0.02108392362999614000, 0.01939449546499726800, 0.01792713365004873500, 0.01663466511767114400, 0.01523042684380282500, 
0.02143346796510164200, 0.01992169079300345700, 0.01913680321134634400, 0.01887857119573404000, 0.01833973726294697500, 0.01744925381658223400, 0.01630414517631579800, 0.01461864609138232800, 0.01263318462828045200, 0.01104532955937372200, 0.01002378843227994300, 0.00879188992740058750, 
0.01596339507108907700, 0.01411326702589890500, 0.01327491085362269800, 0.01324995778717178900, 0.01288437774716493300, 0.01207607518231647300, 0.01107183380962925600, 0.00945248446415292500, 0.00720937531498154660, 0.00532608813033243370, 0.00449391549711452770, 0.00371878874046496080, 
0.01619509097054532700, 0.01379598821646120200, 0.01279948189972504400, 0.01307293316637684300, 0.01309017699003192600, 0.01240568581266371400, 0.01117277513455942400, 0.00909386623790340440, 0.00660982434331702780, 0.00498194259245057610, 0.00450113307165461890, 0.00374528254572085430, 
0.01782622824346985800, 0.01488132161281575800, 0.01353375601391987500, 0.01396520119463835400, 0.01435504196279757000, 0.01404507800167203800, 0.01267418570347335500, 0.01009127528663819800, 0.00716954520668703320, 0.00565875873797584260, 0.00537195713361235310, 0.00467155956348390060, 
0.01871437979941655000, 0.01530159424631943900, 0.01384777549904921500, 0.01437166409508440500, 0.01474459155978660700, 0.01444707052092095000, 0.01304365348954910300, 0.01024086722680176200, 0.00692683271722696090, 0.00529408362206833930, 0.00510018022547760460, 0.00445274147786873210, 
0.01795699242229869400, 0.01433383132463788800, 0.01289139491141311000, 0.01360962607897462700, 0.01431058078133694500, 0.01392495328712022700, 0.01213611713802915600, 0.00896814532501062810, 0.00595901196043923180, 0.00495015348807237130, 0.00520050830977291520, 0.00439197286271365670, 
0.01760159618651477000, 0.01375690912608270100, 0.01205256030787867400, 0.01276665267310783100, 0.01370545786805257700, 0.01346975981242551200, 0.01177670107976067300, 0.00863160099580590620, 0.00539268102838770350, 0.00392640779517809510, 0.00423462245740616540, 0.00407974230193995390, 
0.01609140090790378200, 0.01203105067590014800, 0.01052029057971390300, 0.01136950742613372100, 0.01203917562427440600, 0.01184597112169598000, 0.01105708203836710900, 0.00856239499024480720, 0.00475525472597004410, 0.00223682298962588200, 0.00242867700491628330, 0.00303385177506865350, 
0.01504546603327117800, 0.01098757978344410200, 0.00991917830479803480, 0.01094676152295103200, 0.01108425600919743300, 0.01046054560781359500, 0.00984373685840490670, 0.00773287139861331300, 0.00394407046856062780, 0.00145354377181456700, 0.00165031846771328390, 0.00202345390675115950, 
0.01397567780204849900, 0.00955049913648189570, 0.00845280568484697150, 0.00979686223226502660, 0.01022547162576798800, 0.00974770845199510010, 0.00943503679296712160, 0.00756473827349089190, 0.00336552097911231630, 0.00034731303784094427, 0.00087644406467737965, 0.00221132939705782470, 
0.01316108252445746500, 0.00861032184425056250, 0.00750063745596232880, 0.00895039713185413580, 0.00956782719549132900, 0.00927404033375399740, 0.00910718722925438730, 0.00725582495572962840, 0.00298423489264874240, -0.00001725444661758029, 0.00078022261235956660, 0.00246918866987320570, 
0.01178329920438534300, 0.00738366063142038500, 0.00644731916849810170, 0.00801181652391579590, 0.00863863803590609810, 0.00830645189909233990, 0.00816477203851595150, 0.00648883911353462150, 0.00260780109010001020, -0.00003989944102659622, 0.00096153556301152598, 0.00271660753535806150, 
0.00944152809271001610, 0.00539791511627162740, 0.00461700721086700810, 0.00620039279382733880, 0.00696790195567441140, 0.00686949198120929280, 0.00687127635612807490, 0.00532107838515138210, 0.00179259779729026830, -0.00029529176461693903, 0.00111190554043533170, 0.00297181204092715570, 
0.00706759844405915800, 0.00371364779511306090, 0.00315972572723184500, 0.00462237587774779870, 0.00546940423448439690, 0.00546002712825079550, 0.00554166845589759360, 0.00420230522691642480, 0.00135705323450740520, 0.00000739687611219302, 0.00151410408112324120, 0.00320573510799243960, 
0.00566602720961370020, 0.00306332610085687270, 0.00252969216680150320, 0.00372100679686605510, 0.00471506572239682210, 0.00469355467084527950, 0.00458212422222280260, 0.00323726185269951640, 0.00123102609979611780, 0.00054690161829974997, 0.00174806394973369900, 0.00310598542486165570, 
0.00516244406443028010, 0.00253970476837439610, 0.00201099483323513620, 0.00327165505748616560, 0.00427012395544755160, 0.00439753555722132570, 0.00424877121995246440, 0.00306793045468039920, 0.00122142049964750910, 0.00058903528097932359, 0.00187308109959444310, 0.00314103710941508180, 
0.00483367441290312800, 0.00222425005978767450, 0.00174662072695775480, 0.00306617665225303400, 0.00405275584678550450, 0.00420277044864649730, 0.00399888361388993620, 0.00288569208115973780, 0.00113208383271937620, 0.00059098208635225216, 0.00195994100922706290, 0.00315368344180179870, 
0.00438620559153260130, 0.00225728278385553100, 0.00185195499004704420, 0.00294548950691332500, 0.00384981475689189770, 0.00392196278094584120, 0.00355408901901776810, 0.00250756524998531000, 0.00114940965785937650, 0.00095723798888215693, 0.00207716127111670040, 0.00283254679700610050, 
0.00385092533151124930, 0.00219757507178609990, 0.00194033624011537350, 0.00283049351694677170, 0.00345774470332137770, 0.00342939002083126380, 0.00310969903612879270, 0.00230461363603732570, 0.00119714320954827320, 0.00121335673449973950, 0.00210006209300794440, 0.00252878373986716600, 
0.00341090869782775110, 0.00199254678742578260, 0.00195353438510923250, 0.00272722494849407180, 0.00298823285674866030, 0.00287674426221513510, 0.00277575892302813670, 0.00225687658549961420, 0.00127933535901791880, 0.00112087435815357190, 0.00195220794266989990, 0.00231335921392315140, 
0.00314454071223362530, 0.00202459168441786790, 0.00195886911072248090, 0.00256045598070591290, 0.00277486280798287150, 0.00265753808718739240, 0.00250351288282944910, 0.00209326985860642120, 0.00143582313676628290, 0.00129909145672415200, 0.00181514800123673590, 0.00201484281616343260, 
0.00287529325261171200, 0.00214041812658201680, 0.00201569487814719710, 0.00238959528478395860, 0.00257306661218667430, 0.00251168477791193080, 0.00225018428279283400, 0.00185817376070085650, 0.00148558863721534660, 0.00148683492336708030, 0.00170447811113999080, 0.00166710914866691920, 
0.00239616406577920990, 0.00200014380704729860, 0.00192395554032929170, 0.00210493853391079300, 0.00216641573065239020, 0.00209437202658436980, 0.00188390153953673920, 0.00159781404740102590, 0.00137995854844732650, 0.00136379143925190010, 0.00140161507464279580, 0.00124697097998759890, 
0.00206360843435235200, 0.00184376175333727490, 0.00177026785932832770, 0.00184049195727599470, 0.00187370849136416110, 0.00179739512812074280, 0.00164829933407886680, 0.00143612996336707510, 0.00126458283281755620, 0.00119411368619330630, 0.00118173353891419420, 0.00104767570809191270, 
0.00197615310471360850, 0.00187939523726645480, 0.00181444920151752850, 0.00179262924813701920, 0.00176263461633052840, 0.00168550800835530650, 0.00157495715932399250, 0.00142987385800683280, 0.00128614724003045000, 0.00116756937126148790, 0.00106906091943252050, 0.00093250075793591277, 
0.00186111242156478960, 0.00181974612273851850, 0.00177275180056836780, 0.00172860965512446020, 0.00167086440436970830, 0.00159460585272757090, 0.00150247992533736030, 0.00139584277559433270, 0.00128341622542583630, 0.00116683652147352810, 0.00104883863680014500, 0.00091602020063099633, 
0.00145988578521825820, 0.00143066827907813470, 0.00139429047830226400, 0.00135326978250305870, 0.00130266936441722010, 0.00123955655445035360, 0.00116933093951490910, 0.00108761337419550540, 0.00100153685508280830, 0.00091052265141033321, 0.00081707486090723069, 0.00071551915350818985, 
0.00099885694642494493, 0.00097555565903042010, 0.00094598715918763694, 0.00091275008049603967, 0.00087259037398236528, 0.00082594414864240113, 0.00077372924712179147, 0.00071418835734755415, 0.00064988453700692362, 0.00058303857075908932, 0.00051422024698216976, 0.00044148922939097100, 
