0.71093238173838835000, 0.20422548007230712000, 0.52730544207930230000, 0.17208376220562616000, 0.26591374275194152000, 0.21087026205425891000, 0.15697161995623915000, 0.14236447787359957000, 0.19000864061327108000, 0.11078462782035763000, 0.15991346021936786000, 0.06650448226403957200, 
0.12879200691502668000, 0.12004448884637360000, 0.11929196982172227000, 0.11465994006303654000, 0.11026483118227504000, 0.10612174396328364000, 0.10265731242426798000, 0.09992325092052449500, 0.09468382322852378400, 0.09063866548301963100, 0.09011033119879732800, 0.08880385841690161000, 
0.11172032423102514000, 0.10429624108207873000, 0.10331236010356819000, 0.10069375297617100000, 0.09818649118029995600, 0.09586261589964181800, 0.09445232809834019900, 0.09296982057134517400, 0.08825164922912165400, 0.08494662672455338700, 0.08510763778043957400, 0.08527170482431434300, 
0.07746434880505280500, 0.07244636124201710200, 0.07257962381461813300, 0.07397171204262309500, 0.07659567657897917200, 0.07954259340605700200, 0.08168287064068578700, 0.08352120352498969300, 0.08458735040230674900, 0.08604483926504150100, 0.08817675134788945100, 0.09117277934055365000, 
0.05386393799783210200, 0.05145419037882613400, 0.05138570007656929200, 0.05234888154904202700, 0.05381613157851784800, 0.05546369669084159900, 0.05670670654911319500, 0.05792615515145807500, 0.05893269440565589900, 0.06002530807082105700, 0.06133725561370593400, 0.06317429077855664400, 
0.05917625671701461100, 0.05577980459912215700, 0.05249123163662264300, 0.04920426222752222200, 0.04585990246262197000, 0.04422076925781563000, 0.04276328426635103000, 0.04147895132145192100, 0.04057663131504479800, 0.03995219920341613900, 0.03960968132558395600, 0.04216047752171668600, 
0.07601604934380945500, 0.06860241197549567200, 0.06102626476775407900, 0.05321164934667396000, 0.04533548589442786000, 0.03923241507311699100, 0.03292099845286415600, 0.02686667189344985400, 0.02115865471511711700, 0.01699638700916334500, 0.01288087103297619800, 0.01311405821032015000, 
0.08005903237088722600, 0.07243442963072400900, 0.06456872563665683200, 0.05625788457983267600, 0.04828102195257931400, 0.04011384006534772500, 0.03151440859919317500, 0.02313555430851188500, 0.01446177820705889200, 0.00772295032501388660, 0.00081553142191971052, -0.00495275797188431560, 
0.07655433845692671800, 0.06873212447089056800, 0.06065589017173372800, 0.05187623221491460800, 0.04391469716301590900, 0.03647961187568254900, 0.02854320581083327100, 0.02021753051282198400, 0.01133739645689489000, 0.00340092306932084950, -0.00426667880378812060, -0.01191926404444377700, 
0.09347570903138524600, 0.08146917048307550400, 0.06902995859821661800, 0.05521934371356649500, 0.04199603110055004400, 0.03016683044330664400, 0.02015618137552803800, 0.01073167897242315700, 0.00322338955530574640, -0.00249958171608074320, -0.00768337169113666920, -0.01285410103679979900, 
0.12323095645774250000, 0.10710237933668876000, 0.08680394814137140600, 0.06408478357863975300, 0.04158976714805910600, 0.02090240643232982300, 0.00652853624070558970, -0.00573660981304700830, -0.01349841014536290500, -0.01559153339046124400, -0.01645729464041628700, -0.01801543518400913100, 
0.12782488769116890000, 0.11056235558916003000, 0.08815249022935714400, 0.06395008504712687600, 0.04003791374348336700, 0.01788249202517077200, 0.00132986028942074650, -0.01157070576293771000, -0.01975667232917374700, -0.02197597215744349200, -0.02145422938232279700, -0.02096496474121298200, 
0.13670476018727956000, 0.11606469753506873000, 0.09044624648600624300, 0.06459272135081904600, 0.03960889223742639100, 0.01659064205659887400, -0.00279791302090994300, -0.01596197889692536200, -0.02130109100127000600, -0.02215043645086366100, -0.02066269777050787300, -0.01914428122952511300, 
0.13740340151651753000, 0.11556473207740181000, 0.09007379657916528300, 0.06410456271186805400, 0.03727106404939413400, 0.01162960070916208400, -0.00924120129334258040, -0.02355122688661113300, -0.02912288332280569400, -0.03021128536444963500, -0.02701752572621682000, -0.02301771368903908500, 
0.13273054157481276000, 0.11023805837714717000, 0.08582426990321329100, 0.06227107570713810700, 0.03620637110319727100, 0.00949448433991691150, -0.01260832635250719700, -0.02780118842636224900, -0.03729334599166304900, -0.04270636463209175100, -0.04140735468328395800, -0.03694836361044628900, 
0.13595586133823165000, 0.11130421034182149000, 0.08446232448570795100, 0.05958656364349307300, 0.03336714464818537500, 0.00680471315764362430, -0.01570416282402832500, -0.03197807219445519800, -0.04292712210159220500, -0.04886361351393639400, -0.04994259931573601800, -0.04776767265443764000, 
0.14021032120807783000, 0.11267333014342752000, 0.08365757284165523100, 0.05826185660252978400, 0.03272805590676913800, 0.00692348621071368730, -0.01566949989088438000, -0.03387601731365681700, -0.04722739389479390500, -0.05473786696580754100, -0.05638194497788362500, -0.05581724409048573200, 
0.13618318800049348000, 0.10499838651694664000, 0.07422210303536409800, 0.05093119659491154900, 0.02818097433068361700, 0.00435578823307801450, -0.01757152538380956800, -0.03678757122953139900, -0.05279139480780701400, -0.06323831251383073300, -0.06400461217394246000, -0.06160332838772304700, 
0.12904289747451289000, 0.09844725981227567300, 0.07084180015156244000, 0.05009335389362473000, 0.02950517366803048100, 0.00507973209022416930, -0.01703576664613369200, -0.03619588176343242100, -0.05326637789083613800, -0.06755226229607279300, -0.07347411661479294500, -0.07223640837094311200, 
0.12800891575067291000, 0.09418860520385112500, 0.06707579274924430100, 0.05014139601867715500, 0.03241223358528774100, 0.00745550487757363000, -0.01508078826578465600, -0.03152774446384812300, -0.04482136163526064000, -0.05942907233393880700, -0.07107650770443652000, -0.07487532216271405900, 
0.12387369954473403000, 0.09079661239779685000, 0.06432851320689324200, 0.04938085162717261600, 0.03320698721469596300, 0.00995514158112980640, -0.01176418300064891900, -0.02566253978745230300, -0.03609297660132850700, -0.04922758603711189400, -0.06243406804012408000, -0.06993022887952694800, 
0.11041148447786933000, 0.08504559294603959700, 0.06105130421593651900, 0.04407353635377306300, 0.02850659407728628100, 0.01037081562348455800, -0.00703433621225140960, -0.01976649438612247300, -0.02906571083473850900, -0.03784722119167988100, -0.04625149517951899400, -0.05350234655030755600, 
0.06820389871541429600, 0.05401585671328197600, 0.03883451634538567100, 0.02685461530123714500, 0.01705771549148080200, 0.00716203278440692530, -0.00228102552436326880, -0.01032319577878113900, -0.01564125093047742300, -0.01913690876691404400, -0.02229431603374451200, -0.02643259087185433100, 
0.04844706276634240500, 0.03859166518632228800, 0.02760706553356196200, 0.01876454730976952500, 0.01192988098491083200, 0.00543188217430090170, -0.00068846412327679888, -0.00613382656820299270, -0.00975346903736561310, -0.01179579404382992200, -0.01356706321793059800, -0.01597783767015772300, 
0.09231901562129817000, 0.06994470745823114200, 0.04628398240675110600, 0.02750443700581580600, 0.01269467797518973200, -0.00087568017517874758, -0.01226032475121047900, -0.01913542091259415300, -0.02232181240325186200, -0.02374624703839476100, -0.02646468428219922500, -0.03175011423488528100, 
0.14923251614463501000, 0.10927582927131008000, 0.06883714040227524600, 0.03549273744183045800, 0.00733260726330091370, -0.01818445866896492200, -0.03487750891266292600, -0.03839724087030455000, -0.03592445771168157500, -0.03723989156979490300, -0.04544175333314365300, -0.05827004594492729600, 
0.15764626238027768000, 0.11705379327405167000, 0.07442691008915786100, 0.03836095172589996200, 0.00668131896218260040, -0.02226802499717847600, -0.04078741152188291400, -0.04542453521301144400, -0.04288986923774578500, -0.04403970217968672400, -0.05251760211894183200, -0.06644014386593995200, 
0.13823818769944113000, 0.10506878687428496000, 0.06897356008060576100, 0.03762488356340290600, 0.00872567297035627480, -0.01873268890818267200, -0.03842650038375131800, -0.04718145220383974900, -0.04911128899583934400, -0.05169251582867990400, -0.05827215870660464700, -0.06736296888778672800, 
0.11932151648685399000, 0.09350569263373391400, 0.06392181562224347200, 0.03652423024585638200, 0.01057232113089450100, -0.01434211584901278600, -0.03399649835937651500, -0.04533427921030925400, -0.05054962642861445000, -0.05415635468826381800, -0.05895891781176478000, -0.06359079603204469100, 
0.10922711353630477000, 0.08629427396734447300, 0.05923709834213587000, 0.03309942824404980100, 0.00788278043267103340, -0.01602685719026467100, -0.03482700689137584200, -0.04562552094936343100, -0.05030188118321821100, -0.05291546092930841900, -0.05539382189147126800, -0.05661500361027194800, 
0.10501070198580073000, 0.08100619360212822600, 0.05452177017328015100, 0.02972472599512237400, 0.00474934791954319340, -0.02006289596727570500, -0.03865707284481615500, -0.04716729845828152700, -0.04922861875817365800, -0.05098837526458185200, -0.05308773349248832600, -0.05178179224734030800, 
0.09975287891859965800, 0.07614630307273789800, 0.05035183687103915500, 0.02634696318348286900, 0.00242299071441283000, -0.02140945834743154800, -0.03922795374201004000, -0.04704948997188864600, -0.04822972544583585500, -0.04845577093198069600, -0.04892534212039055500, -0.04629030536713082300, 
0.09572268832753924600, 0.07282929010408428800, 0.04706960383588393300, 0.02263838557836616800, -0.00108116086343074300, -0.02354888199403139600, -0.04011815574739513400, -0.04725867578233795800, -0.04726313455225957700, -0.04510779824874700000, -0.04272912331049136300, -0.03812650346733804900, 
0.09382368250923157900, 0.07048317501781727100, 0.04379508908729905900, 0.01815509421335137800, -0.00616297304062983930, -0.02791890652959749800, -0.04265898448944714600, -0.04742352091089906100, -0.04493299822456885100, -0.04034181435538039500, -0.03577582839596574200, -0.02987044465373058600, 
0.09052282361811425600, 0.06778319561026725800, 0.04144549358172892200, 0.01580883486673127800, -0.00796997431390983340, -0.02857219127628602600, -0.04208265902187590500, -0.04607085643075702100, -0.04305939962936554400, -0.03825352530185829900, -0.03327520238516178100, -0.02709710311965330200, 
0.08699528211186519100, 0.06489604029039532100, 0.03941214568755936600, 0.01443191510517983000, -0.00855042716839022300, -0.02821633019059587000, -0.04086718502277998000, -0.04426624076466596100, -0.04080084907365376400, -0.03634115029448649300, -0.03216621161278663400, -0.02670692222516151500, 
0.08075494002121361100, 0.05973870274852437900, 0.03560293380091428300, 0.01226917950260815800, -0.00854072271935417060, -0.02586832719773853000, -0.03703930466087331000, -0.04026614863757839400, -0.03791367078707789200, -0.03404467921337574900, -0.03043892845195995600, -0.02605515973963336300, 
0.07329903374383241200, 0.05442376122984461700, 0.03290542466993672700, 0.01210655169139618300, -0.00660590326387322430, -0.02210139763803671900, -0.03222869547901685600, -0.03552622198231406000, -0.03387435242130180900, -0.03052946903349093600, -0.02716453504243687000, -0.02370222071317645100, 
0.06682185399502921200, 0.05070444925086134400, 0.03198069509570692500, 0.01342688144122535000, -0.00378053007225966600, -0.01826572251822691800, -0.02790914998476967700, -0.03167462729146800600, -0.03123969474014749400, -0.02932653917067609300, -0.02727794038562193800, -0.02522841880054482400, 
0.06161075401191988500, 0.04851521517773135100, 0.03270842342612942400, 0.01663460303206295400, 0.00137916667708952310, -0.01182725059154128000, -0.02142986090678372600, -0.02673747163801661700, -0.02862442892658113200, -0.02883692633572121000, -0.02862574778259178000, -0.02827204199008583100, 
0.05667204534279790500, 0.04575419806977444600, 0.03218710409759129000, 0.01817108676445843700, 0.00480073045081995210, -0.00683102648793998840, -0.01570394932303679400, -0.02133261202982213200, -0.02426234726630761500, -0.02580312556242529000, -0.02722724478613984900, -0.02881847668476061500, 
0.04889940922849598400, 0.03921485591775861900, 0.02703810235937125600, 0.01490232157892469800, 0.00434590640139525040, -0.00381006566785930130, -0.00954721439646833740, -0.01322426063930245100, -0.01560909882278284700, -0.01775059670528287400, -0.02047287581359522000, -0.02381934945856018600, 
0.03526550962114662800, 0.02787455471988262900, 0.01852725976835358600, 0.00966993665476968690, 0.00297872340921892690, -0.00100613132751512300, -0.00291359714496184420, -0.00385528422430966070, -0.00493557169689137160, -0.00697094369447447730, -0.01018461623167563100, -0.01410084333183205800, 
0.02125379396097963600, 0.01779684920419541400, 0.01334326170970537300, 0.00912284303579993790, 0.00592806538034404420, 0.00386117383093019600, 0.00258280797534207830, 0.00145852557986041820, 0.00000331079151345099, -0.00208031918557512880, -0.00480663056846821010, -0.00778000794425894210, 
0.01214067530095118100, 0.01068178443436697100, 0.00875564123212736050, 0.00685101302849686330, 0.00528844522478212880, 0.00405062172558513790, 0.00303925728106226380, 0.00200026257241145640, 0.00080246433341986802, -0.00059026617448751113, -0.00213743930882596490, -0.00363374741999866270, 
0.00448804542976785800, 0.00399326404529554320, 0.00334779951366889330, 0.00270656473542320530, 0.00218653559568110720, 0.00179465862600002130, 0.00147534345512188810, 0.00116575612441071870, 0.00080821081465795304, 0.00039680973024160826, -0.00002715768460337857, -0.00043104258119760407, 
0.00132302468527438470, 0.00123015479206560800, 0.00110639838355647170, 0.00097634892101164763, 0.00086090192536149258, 0.00076686401225682362, 0.00069320827032258220, 0.00063631739580139151, 0.00058686516732772134, 0.00053609856925906907, 0.00048123748407153733, 0.00041591626469666916, 
0.00076777988665638190, 0.00072943627029621334, 0.00067980300387349818, 0.00062802547385481860, 0.00057960331732780448, 0.00053582971362462330, 0.00050160230191673150, 0.00047766688046515067, 0.00046052633960742107, 0.00044446953522635717, 0.00042192211036814911, 0.00039230380078292103, 
0.00063159625585428676, 0.00060993331006279163, 0.00058692760839858759, 0.00056692755447579151, 0.00055237644990435307, 0.00054050150479751930, 0.00053272968202048654, 0.00052760627158848566, 0.00052470925683858734, 0.00052150934791652282, 0.00051615958233662020, 0.00050820097577025929, 
0.00070075289957003621, 0.00057803567622145141, 0.00053682093750175052, 0.00053455233505936045, 0.00052366013516931445, 0.00047079380838678910, 0.00045360710186806468, 0.00045106583482121276, 0.00046027395779094072, 0.00047604573438939421, 0.00046749798905132856, 0.00043446751207711033, 
0.00290678141651613910, 0.00243730527463513260, 0.00226811667142478350, 0.00228158327023845680, 0.00224559996230382350, 0.00210326617494964930, 0.00206152702733982190, 0.00198883941348255810, 0.00183399270892583820, 0.00168835647395937520, 0.00152061931841462820, 0.00129802129318743020, 
0.01163120655955434500, 0.01062742578858301200, 0.00972067503530143870, 0.00904444602388722670, 0.00843747154672603790, 0.00778698314808941390, 0.00706871122543300830, 0.00604072619677442030, 0.00465329667074939910, 0.00318473173266113720, 0.00184973713457615100, 0.00065332737444530179, 
0.02058497872575910600, 0.01928319046524232200, 0.01776512782918061200, 0.01638753592280276000, 0.01513538642646322800, 0.01372912099889523100, 0.01196483310609730400, 0.00970159589291107700, 0.00706058339698590210, 0.00439511725398501840, 0.00195865567003553110, -0.00014880656593494054, 
0.01906544298464654700, 0.01775532664463024300, 0.01641381167794620300, 0.01544480992604398700, 0.01470651687156967500, 0.01385096117591030600, 0.01263647987331918900, 0.01088430843708941900, 0.00867695724988460860, 0.00644973550670568940, 0.00457052500425499720, 0.00312176581046406770, 
0.01659738667806858300, 0.01511731283618528200, 0.01391608082635309300, 0.01317248664151895800, 0.01256151737252804400, 0.01177654467265921100, 0.01084666595792891500, 0.00939993885782903700, 0.00717387080224136510, 0.00481567866495966140, 0.00300003336895113920, 0.00175804864395182670, 
0.01559638989401505500, 0.01391853387359715500, 0.01272786117233046600, 0.01209782846398195300, 0.01153428562775160600, 0.01068626290903285800, 0.00979355672989700760, 0.00825037216954271730, 0.00577773689315420720, 0.00335964091892539210, 0.00170035138562166930, 0.00057862526354982729, 
0.01677299014675839500, 0.01461092826602961900, 0.01337054264154492100, 0.01300192794378442400, 0.01241409286957609700, 0.01145434792766904200, 0.01052717586814415200, 0.00880129993365869750, 0.00599570932842293480, 0.00334569120209530410, 0.00193868969354451600, 0.00099125825319391599, 
0.01668853916662772400, 0.01375082463850931700, 0.01250776570870030700, 0.01251663040139345100, 0.01219223601419352900, 0.01143642700778294900, 0.01091311745396080100, 0.00943243039504336990, 0.00606464507105504680, 0.00272156731218892690, 0.00143696439989353580, 0.00126116290813947300, 
0.01569266690648746200, 0.01244686927347927200, 0.01121489950602580700, 0.01139911000733440400, 0.01133350074758422000, 0.01075028833952376700, 0.01031125958495090200, 0.00884259635520984880, 0.00528027317705757720, 0.00186294289920984620, 0.00079188390644718463, 0.00111751049105430390, 
0.01601447341349923300, 0.01281517149222931700, 0.01110754795427797000, 0.01115820970846171200, 0.01159810789016715000, 0.01150985972398224100, 0.01076699859165495100, 0.00857978761568656960, 0.00485330242797559800, 0.00180339907695461050, 0.00089328596876393079, 0.00132114629107284920, 
0.01539619052455109600, 0.01183837059080562600, 0.01000707925064557200, 0.01040508397757533700, 0.01132620465797853900, 0.01153609892699875200, 0.01069316078029702700, 0.00808136037554125530, 0.00434889008885559060, 0.00160170294089235120, 0.00132162463958097190, 0.00203727396140729500, 
0.01429461126460166200, 0.01064738198625536300, 0.00901407637757661340, 0.00974818980919177690, 0.01072482770012783500, 0.01072365934608668400, 0.00948373198792966210, 0.00666953700432415700, 0.00331371867920740970, 0.00145631400871059760, 0.00163066313144820420, 0.00190193407310393450, 
0.01337344346939610800, 0.01026445503020926100, 0.00885462672665886070, 0.00958995539870954000, 0.01027423590863925900, 0.00986084955065441230, 0.00822016383156936110, 0.00568590528162890750, 0.00333984924863831370, 0.00236454667310012810, 0.00231972252546545480, 0.00160620073058060420, 
0.01116339407888942800, 0.00839824131940302730, 0.00711100021742553260, 0.00787191211290265600, 0.00859469770971372190, 0.00810546572625419830, 0.00664932980048893970, 0.00491316548477946200, 0.00337673055618655570, 0.00250509032852625760, 0.00213098588173910420, 0.00147793790310472700, 
0.00905052587315545620, 0.00671119682844575820, 0.00579510103814863920, 0.00637381323970116330, 0.00707686709202521010, 0.00704456361994064420, 0.00650561733628197010, 0.00532964179571223870, 0.00347391772112463390, 0.00224726304786722990, 0.00224774417775097660, 0.00268400885299065240, 
0.00760751527641180100, 0.00553998450273289130, 0.00475758886593498010, 0.00543899489310900940, 0.00620705536292629960, 0.00637701363126524920, 0.00593746653290749740, 0.00490170153614648790, 0.00326953416357837710, 0.00229653292461328260, 0.00258296011107038900, 0.00319603178896909860, 
0.00671630311889386770, 0.00480044425463208980, 0.00421401520560624790, 0.00492412681693803980, 0.00556458011517589700, 0.00564809147805678260, 0.00525787170663623210, 0.00421590449964876800, 0.00279288356656939370, 0.00213089679807470680, 0.00260727633240406520, 0.00309344928493737610, 
0.00621572198167685310, 0.00454347287954005690, 0.00401675932970156720, 0.00460369050274219570, 0.00510480700688750820, 0.00519775176175589150, 0.00500461758146368910, 0.00416655508935528330, 0.00274256095290692420, 0.00192049831375363340, 0.00234130686789248320, 0.00301611343513784370, 
0.00595516288247337210, 0.00441197862277111550, 0.00399626530029835100, 0.00457537440749632930, 0.00496065202448022720, 0.00498525364846601550, 0.00484991762832354470, 0.00409599022518898450, 0.00272977715806257180, 0.00194081096211524170, 0.00238179750386987910, 0.00305498662881561280, 
0.00568714308078808500, 0.00407009414374694470, 0.00377171679210229920, 0.00445565108721953950, 0.00476704034763814070, 0.00472526372408329020, 0.00470496914076170160, 0.00408864631897843530, 0.00271481967336368930, 0.00186545756884897060, 0.00240962057773742720, 0.00313933298549126790, 
0.00547130202678351800, 0.00405470160227695660, 0.00377001892473074940, 0.00434277536010938770, 0.00464380958514341680, 0.00463488565084244160, 0.00456274052890264130, 0.00392421692274617670, 0.00266504506241308510, 0.00197385512873468620, 0.00250178505521878470, 0.00306435065659487650, 
0.00505422619231987460, 0.00393349848043843610, 0.00365319910091485130, 0.00405677987880885640, 0.00433986853867366140, 0.00436045663032941410, 0.00423635121015693200, 0.00365202142791213850, 0.00265411017293049010, 0.00213199995456868700, 0.00250795993189284910, 0.00285492983594119170, 
0.00480614543919731000, 0.00401589841743030600, 0.00381915065556778400, 0.00403743965770716250, 0.00417277302129825080, 0.00413894141339268650, 0.00399345666922933710, 0.00357273094530184770, 0.00296224368905445480, 0.00265221849926434560, 0.00278355717989560650, 0.00280785554273322010, 
0.00419194744322870170, 0.00374784010879148370, 0.00361431512957073160, 0.00368003741303610760, 0.00370695648918790370, 0.00363050030476759060, 0.00343525981275548220, 0.00309383374327215680, 0.00271700038830741860, 0.00250642952933126640, 0.00244781074677489100, 0.00228636727404900100, 
0.00371333106312477480, 0.00349835381621319470, 0.00337826723041973310, 0.00335334413182645670, 0.00331702647080828760, 0.00321527281070522290, 0.00303863738938611480, 0.00278304113561586310, 0.00250063772621312310, 0.00227048264151382330, 0.00210194068677400450, 0.00190425067478687080, 
0.00333262392263160900, 0.00322818774285876360, 0.00313969176105365330, 0.00307217043324712910, 0.00298802012271611690, 0.00286523342671014940, 0.00270656776956514860, 0.00251474712286002670, 0.00230423435749139720, 0.00209531293328403710, 0.00188693690690518430, 0.00165659554368239210, 
0.00284084607811239610, 0.00278092994104158160, 0.00270892045577725460, 0.00263108978976385770, 0.00253917216373421160, 0.00242066137072942520, 0.00227583313512521540, 0.00210754268469467340, 0.00192461183083543200, 0.00173546381549612030, 0.00153948280168505430, 0.00133029417114990270, 
0.00228850671957857950, 0.00224475888320599830, 0.00218631284503098850, 0.00211849247533096210, 0.00203723567653075250, 0.00193798828662676260, 0.00181969137000112960, 0.00168386837545428620, 0.00153395599210280860, 0.00137602808750067370, 0.00121166193747299740, 0.00103907553475983540, 
0.00176252431612003540, 0.00172903792103100660, 0.00168364450457033990, 0.00162940928155489060, 0.00156448529727671910, 0.00148567408714041180, 0.00139250640585677740, 0.00128642622749790030, 0.00117144203992331660, 0.00105064667904948280, 0.00092486239697485764, 0.00079214380651133540, 
0.00124198586217828140, 0.00121550980539053470, 0.00118020937718106330, 0.00113794216277771800, 0.00108871676248184000, 0.00102983046646206820, 0.00096170638007483434, 0.00088433472799673209, 0.00080119545550055686, 0.00071428556513680719, 0.00062417095886743072, 0.00053049176202583427, 
0.00079900273963972831, 0.00077854323348052010, 0.00075264231244686979, 0.00072347011463795411, 0.00069160990020375750, 0.00065412349995787279, 0.00061016960449005115, 0.00055951777046657004, 0.00050547140969330214, 0.00045037580563659729, 0.00039484921327793531, 0.00033748533749477008, 
0.00052209855129358102, 0.00050862491447270302, 0.00049287266003791613, 0.00047952899771055692, 0.00046591378696886424, 0.00045045598746256625, 0.00043157319428159389, 0.00040919112872735787, 0.00038614556536253696, 0.00036401851260759290, 0.00034317403642612472, 0.00032179271008533894, 
0.00042552181408980825, 0.00041690183623940982, 0.00040723522505873238, 0.00040271647515368979, 0.00039815860333422174, 0.00039316107244319966, 0.00038657980159939370, 0.00037848229492374414, 0.00037034888150886265, 0.00036333115854371597, 0.00035747945496578760, 0.00035196073350564090, 
0.00035284483546816400, 0.00034884585476968984, 0.00034436366012008103, 0.00034060259527738355, 0.00033651618735060175, 0.00033224070851911711, 0.00032738053565750219, 0.00032187982639705096, 0.00031631350587815472, 0.00031235470092993170, 0.00030884813365952786, 0.00030593631347373724, 
0.00040029165141073942, 0.00039320702236717286, 0.00038540865032569581, 0.00037660522963747913, 0.00036688224470471224, 0.00035716750457585037, 0.00034657610695871356, 0.00033507988627580807, 0.00032318932258248333, 0.00031615516299189010, 0.00030879539856002022, 0.00030212276687283514, 
0.00037263792742692805, 0.00036727145716642919, 0.00036138875465833921, 0.00035501082625332390, 0.00034836106550915750, 0.00034165863335548183, 0.00033447029916264189, 0.00032683468721006096, 0.00031870189424075920, 0.00031225750728569097, 0.00030574082188683760, 0.00029949023421732053, 
