1.01772368712209890000, 0.52718849502400500000, 0.28586991381715365000, 0.17762093259289241000, 0.14217017777854460000, 0.12851492816883053000, 0.13761545328865626000, 0.09108698392745273600, 0.04011250080895813900, 0.08938241308456207300, 0.01140542819120508900, -0.03002498252027924200, 
0.26705833960244074000, 0.22906532753432982000, 0.19069002380568151000, 0.15687294895527473000, 0.13010771950445885000, 0.10904057936996681000, 0.09113576567783122900, 0.07278948333290066700, 0.05049396265487588600, 0.02677749355213138900, -0.00095660859532874232, -0.03546114498618674300, 
0.19477830631217427000, 0.17190953662868616000, 0.14714508926385786000, 0.12375388961287680000, 0.10424725301219669000, 0.08810844775700568700, 0.07379462829068550400, 0.05921731937095300200, 0.04288654856726629300, 0.02530580144429605800, 0.00616288549049504380, -0.01559282391675669000, 
0.17975411913822384000, 0.15925186507745731000, 0.13516607402770237000, 0.11091085470253002000, 0.08899409184213838400, 0.07015039012075188800, 0.05371823105668943600, 0.03948947493615864700, 0.02579041897972898800, 0.01273198694902088000, 0.00124211954174419620, -0.01134940099437464900, 
0.24774626467993774000, 0.21044624380539359000, 0.16275941567898308000, 0.11217770878287747000, 0.06323962367392704800, 0.02161477400939171600, -0.01046714173434776200, -0.02780777980600804300, -0.04040732612137759600, -0.04419979839480735200, -0.04238101129078714100, -0.04135285788354466100, 
0.25707052028389354000, 0.21358012585335795000, 0.15441057404896694000, 0.09036543769107245600, 0.03114265953060722100, -0.01601844811122909300, -0.04850031780421484900, -0.06149026614943028200, -0.06756626232622448000, -0.05949632416465624300, -0.05273946512291025100, -0.05169557553517212200, 
0.20656183192962282000, 0.17207722686049165000, 0.12325587679295376000, 0.06910297704126196200, 0.01812399663116239700, -0.02221556471437221100, -0.04943410629062189300, -0.06266214141802975400, -0.06487714257911064700, -0.05655995229633432900, -0.04725686540570599200, -0.04082730587922094700, 
0.16803387984281920000, 0.14046644752576976000, 0.10134127763887187000, 0.05735776516702924300, 0.01533948650666509800, -0.01963590870770904100, -0.04398278548871264300, -0.05772754126902557300, -0.06084238005227563700, -0.05483078164164930500, -0.04567107532254401800, -0.03586182313272538000, 
0.14047673111618905000, 0.11745595360748479000, 0.08474177475371617900, 0.04769174829928286800, 0.01226575350626546100, -0.01766745489294508900, -0.03876303839071210800, -0.05126089838552847600, -0.05520089593027121400, -0.05189733007807870900, -0.04524861410818329500, -0.03739557169278497800, 
0.12105014709033070000, 0.10098720011856696000, 0.07240991127958904000, 0.03980261505971033300, 0.00924621595696699560, -0.01651034824235812400, -0.03490925471993591000, -0.04516992726753225900, -0.04830708374640573000, -0.04603087631036157500, -0.04023790915459486700, -0.03332319919308149300, 
0.10621397213753851000, 0.08834551366363595200, 0.06301822610898247200, 0.03429886759010560000, 0.00774715789878957940, -0.01436350741589194300, -0.03006395710287546000, -0.03871902274425111800, -0.04174442318411787000, -0.04047959953213106600, -0.03734473614691122300, -0.03319958774074161000, 
0.09571811009102822200, 0.07950383763794434400, 0.05696238512284935300, 0.03196138325030822800, 0.00847456380275149990, -0.01096832880416181300, -0.02460701487171269200, -0.03255480253297538000, -0.03685694316196534700, -0.03742656952616492400, -0.03768266130781039400, -0.03713078942745282100, 
0.08748983371119066500, 0.07278434359035483600, 0.05254479728391105200, 0.03027601437251045000, 0.00944760845851908350, -0.00742101865780758500, -0.01931491058421348800, -0.02639924100025107400, -0.03029349110027981400, -0.03157422641567119600, -0.03259980534364891000, -0.03360400419418485600, 
0.08181182603975172000, 0.06847512272913725000, 0.05012562361020146000, 0.02969347716120545800, 0.01059067517557036500, -0.00477814507447598280, -0.01594014894109482100, -0.02280410451794268700, -0.02682422485747976800, -0.02832537622084008500, -0.02980968993950756200, -0.03110398955138152900, 
0.08027283712121619000, 0.06698189764726325500, 0.04874240301191883100, 0.02870675628324247100, 0.00966404710352780290, -0.00568137392493804540, -0.01657653824338662900, -0.02317387059347967100, -0.02753914626422783100, -0.02859024729486794500, -0.02993654030699247800, -0.03116749156272474700, 
0.07212283774741146100, 0.06122078902623758600, 0.04555172033651856000, 0.02790681883536601600, 0.01120934485966942400, -0.00342972229638476270, -0.01446576284797071600, -0.02201924351356828200, -0.02655690076514680800, -0.02833802484417598600, -0.02913307410398586700, -0.02936476655008676100, 
0.06331655740586389400, 0.05471992137941397700, 0.04177510738638368100, 0.02693345992383942800, 0.01272538413156909000, -0.00027660489917684947, -0.01058905517308360800, -0.01835477907392061400, -0.02354179735749297600, -0.02715523505752072400, -0.02956178793679850200, -0.03171787072888014600, 
0.03933583229143174100, 0.03402328167371752200, 0.02652102681947908100, 0.01820845947869333100, 0.01009808746757760000, 0.00266742460779606420, -0.00357712785816075630, -0.00844381025247038610, -0.01212306452672151800, -0.01481395292544089800, -0.01704579576638843400, -0.01920089479219670400, 
0.02890092193601980300, 0.02453114207205930500, 0.01876746829005565200, 0.01261996583867027600, 0.00667554056721226560, 0.00132888655257696640, -0.00312425894793190790, -0.00645345864513391720, -0.00863793574427427700, -0.00971544682218299610, -0.01024637583304665800, -0.01059796528910545700, 
0.04750704965439205700, 0.04026644463117062800, 0.03031501184596859000, 0.01930601457026465500, 0.00865734060229931750, -0.00071392521519308668, -0.00813787587132072140, -0.01352374478217769000, -0.01705117551530994900, -0.01887036838235224600, -0.01952402992228484100, -0.02004422045192351700, 
0.05952306948648447600, 0.05108011868038744900, 0.03880968929411039700, 0.02476804388536915300, 0.01093386395776783800, -0.00149339560236541260, -0.01195073551951799000, -0.02010067364738451400, -0.02579545673062628600, -0.02968742425486444300, -0.03126914810726648400, -0.03205120543028693700, 
0.06097764654229207600, 0.05255307531086421400, 0.04007268346972800400, 0.02584774170178192500, 0.01178595138934652700, -0.00074502532101501000, -0.01118163146882049900, -0.01937747639143382100, -0.02522500376696926200, -0.02974702076151569300, -0.03277584789165785600, -0.03527222800018570100, 
0.06080928860378850800, 0.05255234541754209800, 0.04013951423423535400, 0.02579685529336776100, 0.01134466647236568600, -0.00187946185454387730, -0.01298734677256378900, -0.02170953284678706400, -0.02783257598335621100, -0.03248507920883157000, -0.03547078039737443200, -0.03748614878431492900, 
0.06392615866875463200, 0.05534312210894523600, 0.04234726229307766300, 0.02719820780335089100, 0.01147619104559462500, -0.00336062703876573770, -0.01601475192882874700, -0.02603107515899415200, -0.03318941955427573400, -0.03854024426802189100, -0.04141597183940018400, -0.04279450620945220200, 
0.06845534012012574600, 0.05923826197378184700, 0.04503990432695902800, 0.02847823407485506500, 0.01137487443808344300, -0.00485565197177702850, -0.01858295002617092700, -0.02934860372645824200, -0.03674907180696433000, -0.04211617549362774200, -0.04446906988849717900, -0.04572299807006094400, 
0.07022468110942491100, 0.06009208191627387500, 0.04468269065394672000, 0.02710893458232269100, 0.00934263916394614810, -0.00706273598890004660, -0.02046503545347925000, -0.03024348171339353400, -0.03650242163301712500, -0.04032362460260568300, -0.04191604024789951500, -0.04289938245554589200, 
0.06769362684149070300, 0.05633034356634021600, 0.03992243510382785500, 0.02165473923469830900, 0.00376436160257017470, -0.01172339621815104800, -0.02311106179747778400, -0.03012144728794764100, -0.03378655569182846500, -0.03502999635475592700, -0.03532645339142538600, -0.03553183882421721800, 
0.06610660326908834900, 0.05376056332337481700, 0.03625549860202645400, 0.01699463472736453500, -0.00130529570207512480, -0.01630067371737293000, -0.02601344466430632900, -0.03075071605717040100, -0.03181146158964852400, -0.03120830008247034100, -0.03000966789824915600, -0.02929413866640681600, 
0.06350117105565067400, 0.05129983732783707800, 0.03361989581036052600, 0.01414441255848526000, -0.00405203058874965740, -0.01861673387567386300, -0.02782096605060088000, -0.03184078295295260400, -0.03176548351176199100, -0.02982484236342132500, -0.02727224856448769200, -0.02536669487088767700, 
0.06148759760727481900, 0.04893211677089125800, 0.03103198523315579500, 0.01122004424379304000, -0.00705691240629318420, -0.02140686816481233600, -0.02998866543233922800, -0.03306110432942842300, -0.03187419129440546800, -0.02820805677603816300, -0.02389688659528835900, -0.02048245016254141700, 
0.06028668750431472000, 0.04773194379473998800, 0.02991629939740129300, 0.01019947996869531900, -0.00792045146789294860, -0.02206911657036653200, -0.03041264092127575100, -0.03341047172193355900, -0.03210069122942022000, -0.02819769056432960800, -0.02361390043740787100, -0.02013554958375210500, 
0.05486278603892563000, 0.04340073538348902800, 0.02717838852943777600, 0.00920400868789680860, -0.00734051911838900280, -0.02016126060834170700, -0.02776714977818491700, -0.03016885341507745100, -0.02862824343754950500, -0.02498627547534955400, -0.02096352416651014700, -0.01810124498565701700, 
0.05098709186221320200, 0.04028903748411674000, 0.02514420331429508000, 0.00832610360240543940, -0.00722032810990371620, -0.01942919676102420500, -0.02673083047895607300, -0.02919661620271009000, -0.02784390370788492700, -0.02430092978238412500, -0.02027564970344156900, -0.01702124579583193600, 
0.04602351690458532400, 0.03646025441388344600, 0.02283733862830657900, 0.00772413164221516430, -0.00635950379133835490, -0.01750773294935271300, -0.02447103747647325400, -0.02736318677102928700, -0.02674863696666037900, -0.02389855949362392600, -0.02025379295438487600, -0.01686414055375791800, 
0.04200806999122645700, 0.03340256742939942700, 0.02114858516469422800, 0.00751159756005164750, -0.00540194211213232240, -0.01574589257118983600, -0.02256186834576628900, -0.02589710406982454300, -0.02582935840113580200, -0.02362025811626474300, -0.02031795210929505900, -0.01671865344703176900, 
0.04019481305356383000, 0.03215499169338972100, 0.02067305896338850500, 0.00775605217173881180, -0.00454951072984539040, -0.01454508396980343600, -0.02123382209978853100, -0.02451929596315749500, -0.02456621225712048900, -0.02274468269958516300, -0.01987554481294237900, -0.01673233809500611000, 
0.03847374592838635800, 0.03102432911793289900, 0.02030063012653974700, 0.00811181785867083620, -0.00361480799638641240, -0.01324881005029246400, -0.02000667871223125000, -0.02348591191236989300, -0.02410140831906596900, -0.02277669042593238200, -0.02018730459209353400, -0.01728668983495097700, 
0.03583519253859160400, 0.02892572180193093600, 0.01891931497460789000, 0.00758897406550888050, -0.00340779425767733170, -0.01250728734967933800, -0.01886392753094740000, -0.02219796088125883200, -0.02261803566148558700, -0.02132169748478358900, -0.01879639952921078100, -0.01582644048975221500, 
0.03347681281130684300, 0.02725988459515802500, 0.01824015932924091500, 0.00795453824087986520, -0.00219689035840156790, -0.01085630976224930900, -0.01708153863641649600, -0.02072858171375840900, -0.02159024256798198000, -0.02078027103094355600, -0.01882922967462039000, -0.01603594658600579500, 
0.03111801318513430700, 0.02555183683105431000, 0.01746481799797757600, 0.00813914117191015360, -0.00117228918366634010, -0.00928081911023690560, -0.01532367480234444800, -0.01913905126285640400, -0.02054820072827684800, -0.02026105669516850600, -0.01887191191494632900, -0.01663285231334724800, 
0.02874740339307136800, 0.02397443815579298000, 0.01680433999180606200, 0.00843107602473660430, -0.00005962012520536087, -0.00769061440415875260, -0.01360970630040927100, -0.01755545091316889100, -0.01964595069425045100, -0.01988658279548365100, -0.01909293400120023300, -0.01740624025015506300, 
0.02638898674186239800, 0.02210988797087938200, 0.01568279245164035800, 0.00812741259067335280, 0.00044138241746023829, -0.00654019829697700170, -0.01204071917169898800, -0.01588381392374406400, -0.01813424800738348500, -0.01863595803716287100, -0.01810142676178441400, -0.01660067381611422500, 
0.02407371048778624400, 0.02010704124069632700, 0.01427884218930131100, 0.00743692365046939520, 0.00054502806798509122, -0.00566495119658286420, -0.01050759691354626000, -0.01390032507290535700, -0.01577532612762200600, -0.01625187167664637200, -0.01562670505159788700, -0.01420619317545821500, 
0.02159330894950313400, 0.01815328654356339000, 0.01310696383489676000, 0.00722364584923549000, 0.00132815013406753240, -0.00394679004150161930, -0.00808524798216996890, -0.01101762017983793500, -0.01269819826610293000, -0.01341740692817980900, -0.01335727427906767900, -0.01269133639566289200, 
0.02054234150392989300, 0.01746617634175732700, 0.01289193509301338200, 0.00755839310608623270, 0.00220871602307869810, -0.00260783180687571960, -0.00652336606501741950, -0.00940046776838206200, -0.01124744635889549800, -0.01233372138206050700, -0.01270456838327418400, -0.01247937993342601200, 
0.01881286484115036000, 0.01603753174268159100, 0.01187751741536249200, 0.00708649721493194270, 0.00243291869048827690, -0.00163066685669377520, -0.00489594494014214310, -0.00732977835012531880, -0.00904249581688001440, -0.01037971714958116900, -0.01126031275368242400, -0.01178661803421669800, 
0.01787816903502136000, 0.01505225008559382700, 0.01097613518395971300, 0.00651323228419676580, 0.00245210995175882760, -0.00080030190631015714, -0.00319521542688489070, -0.00492111710110562130, -0.00632285555124303260, -0.00772955956988396770, -0.00924314445967356830, -0.01067360338550204700, 
0.01624542516520548900, 0.01354495658440769800, 0.00981509892899431160, 0.00595123711628819330, 0.00257709434092217490, 0.00003407713118332647, -0.00179146690000475330, -0.00327830073058024350, -0.00470822597338190190, -0.00629031950366827630, -0.00802562016921462220, -0.00961493397633175240, 
0.01275114564541894900, 0.01053599914045600500, 0.00757540553712106840, 0.00464687154669184750, 0.00231843911524749240, 0.00079331389174869488, -0.00009978519138723391, -0.00087113391641192579, -0.00181852536136111130, -0.00318347128043851940, -0.00495156043959433210, -0.00682116843354649540, 
0.00973197558859211120, 0.00792798937481597850, 0.00565112892997467370, 0.00358801914936351680, 0.00218995418016283740, 0.00148749026407485240, 0.00119748882311978160, 0.00085144287226548206, 0.00011103825565981449, -0.00117141104746763750, -0.00291918606997314300, -0.00476154759328675970, 
0.00635923949169718820, 0.00506972007929386210, 0.00352896131230614470, 0.00225737348878737780, 0.00156588506608193500, 0.00134665765692577200, 0.00140471647200875120, 0.00128060578768253850, 0.00080306620978976820, -0.00006629038630885199, -0.00129928474033280760, -0.00250715803593207260, 
0.00340058125009500130, 0.00292075772338137340, 0.00235892145604083350, 0.00190077418661463650, 0.00165233440250859010, 0.00156407109111350090, 0.00160021708994290590, 0.00157358700421196710, 0.00142784940860677330, 0.00118443128828412630, 0.00079917968856158396, 0.00043777026713181355, 
0.00607439716692975610, 0.00602798214001224340, 0.00598221030298456710, 0.00593847758273802900, 0.00589999663538733590, 0.00586984081393364990, 0.00584942362989649460, 0.00582262509605924530, 0.00578730351784806190, 0.00575922968510223040, 0.00571733542007886190, 0.00567200600926105830, 
0.02586034421115518100, 0.02592492000041651100, 0.02592656978841251600, 0.02586690713472775500, 0.02573935647240916500, 0.02554122838704783700, 0.02528972592962404300, 0.02497804816268737700, 0.02460827277467984200, 0.02418794046687836700, 0.02371773279427860600, 0.02319282513660337100, 
0.04837149110254026400, 0.04865731891168365700, 0.04881468738306688600, 0.04885204038882241100, 0.04876308814183250000, 0.04856097031300799600, 0.04827897853333500100, 0.04790235343162101100, 0.04742517302122572400, 0.04688195887271645600, 0.04627079358246346400, 0.04557746151758773600, 
0.03853617682189688200, 0.03863374740725516300, 0.03861210768670635800, 0.03846593305720817000, 0.03819746466446211100, 0.03782428093604051800, 0.03738461079328105800, 0.03685814580254570500, 0.03625778621441028800, 0.03561827253045750400, 0.03494368567332007500, 0.03423416579201593600, 
0.01501199473813095600, 0.01491146711834523600, 0.01474614730757195500, 0.01451821168788408300, 0.01421785282995714100, 0.01385092296798847400, 0.01343823197010969200, 0.01297997224134623600, 0.01248442823897623300, 0.01195691259821140600, 0.01140132570722325400, 0.01082791838589495400, 
0.00810499263150837170, 0.00806747083790478050, 0.00802856468823822350, 0.00798197630600529750, 0.00790189362037894970, 0.00780618562974498290, 0.00770035135122806160, 0.00758218011244617650, 0.00745477909065449250, 0.00731287836873808880, 0.00715795544985927540, 0.00699375998591398370, 
0.00599937023679555490, 0.00594272974905804550, 0.00588094917949013530, 0.00582380354790069420, 0.00574849393553990630, 0.00566114787264569970, 0.00555943990174400690, 0.00544224432753390420, 0.00532139610607585810, 0.00519802735113013980, 0.00507851766629235320, 0.00494837043643126230, 
0.00267071334554592990, 0.00258508700385227770, 0.00248485204514086120, 0.00239003794520251810, 0.00227379737721528740, 0.00213795905736968410, 0.00197889919846967050, 0.00180755005226019860, 0.00163542582330204940, 0.00146182837834200450, 0.00129489896988895630, 0.00111877014529950230, 
0.00300133959224820400, 0.00286387997753112650, 0.00269747305313329830, 0.00253932921328368400, 0.00236238944451045130, 0.00216408285455365860, 0.00192743834205234180, 0.00167093443071500250, 0.00139473240429948960, 0.00111460283410512210, 0.00083934757409323687, 0.00057746554454671847, 
0.00333393166228977470, 0.00311792399235650370, 0.00290212584227808560, 0.00273194699438765190, 0.00257087235660834020, 0.00236317731370165420, 0.00207600508749818940, 0.00173233814052218520, 0.00135247166942455510, 0.00097457910680973233, 0.00064987863781785767, 0.00036423234058052166, 
0.00373369556862031960, 0.00340280356569570410, 0.00310596506105440980, 0.00294205023942534700, 0.00285876810309557920, 0.00271268062791889860, 0.00241747244784437610, 0.00201023352825782090, 0.00151444851086129320, 0.00102173991961745880, 0.00065946729518961511, 0.00038655993183427470, 
0.00394975176994322770, 0.00350132189611414120, 0.00312185729454141430, 0.00296453797075013970, 0.00293849548342024060, 0.00283555845612639510, 0.00253352539053686670, 0.00206111093134080230, 0.00146989363040376640, 0.00092491367138710235, 0.00055695462738949845, 0.00033050916778260979, 
0.00410762617664886360, 0.00349861647935912270, 0.00301973222054753270, 0.00286877143927347570, 0.00286282438650041450, 0.00272065676840100350, 0.00230643857313641560, 0.00166793729588982950, 0.00095165084418931422, 0.00041449214096888742, 0.00010297662170994461, -0.00012006282998243990, 
0.00433546487022224480, 0.00354212525412361330, 0.00298198608055080330, 0.00286912567750717510, 0.00296840922323779190, 0.00274397751296513940, 0.00212321874139284520, 0.00127439329977294410, 0.00040012632177228324, -0.00008309222297661907, -0.00027240231278810616, -0.00052734212792898097, 
0.00445935175845843090, 0.00353464491458947180, 0.00297903190851995330, 0.00294038736953489450, 0.00308090328639205970, 0.00274752576129094110, 0.00208842644824664600, 0.00129851476960432770, 0.00044439137870995839, -0.00014107864801028375, -0.00039339986831495434, -0.00058805357599616608, 
0.00436973671194282490, 0.00336794953697415080, 0.00283569325930872060, 0.00287995756523244180, 0.00304955529544195540, 0.00279252976210588550, 0.00224183408320828080, 0.00151852471899670790, 0.00074629120447351023, 0.00009180180400753798, -0.00027448562174523352, -0.00044742767024962617, 
0.00464416348476724350, 0.00343790711161946240, 0.00271601271977271520, 0.00276742260342405710, 0.00313354184125871430, 0.00309527482101754030, 0.00253544891744464940, 0.00153216853672260230, 0.00059062394842464467, -0.00001803187901058596, -0.00025749339277018017, -0.00044367100245795954, 
0.00491781843877194240, 0.00356035361155057240, 0.00272663796456199240, 0.00280158627808354710, 0.00316314166248111770, 0.00308096104652620530, 0.00247477036616792000, 0.00143588969101500550, 0.00047317642256825264, -0.00022470767087775010, -0.00042999141188540145, -0.00061855923333033387, 
0.00483197889036124110, 0.00350133685262726290, 0.00272872469188478830, 0.00282809835236703550, 0.00313060354552442770, 0.00298948164624803080, 0.00238210339280809510, 0.00143775061455172510, 0.00051273290326094424, -0.00018266524964222303, -0.00039567398054797564, -0.00055098637749915547, 
0.00462417808470887060, 0.00335123923366036950, 0.00268189738586149680, 0.00280399132009130680, 0.00310982094368158700, 0.00301388106069617890, 0.00242812686471720200, 0.00150145096313740280, 0.00052764246222691716, -0.00009662032658351818, -0.00028866394531195001, -0.00042608752168742998, 
0.00441588806161672190, 0.00320503568056765970, 0.00265444700858472700, 0.00283821942077984010, 0.00306093136440829890, 0.00288894643543146330, 0.00234291309252182210, 0.00160417115971725910, 0.00069159733300684840, 0.00001149306395577579, -0.00024442159989680908, -0.00036833873275483832, 
0.00414074710745645970, 0.00303121746226488880, 0.00252657741688831110, 0.00274993545552872610, 0.00296002206888121290, 0.00273817580313793360, 0.00222884165824905470, 0.00165915127281465450, 0.00083517146699607474, 0.00010238896758303690, -0.00029161894038402786, -0.00033237076797677502, 
0.00412465171653280270, 0.00294180526084786420, 0.00231531674352963630, 0.00252934501719951360, 0.00286323773519415880, 0.00272425378058094040, 0.00219302651989250820, 0.00154327247724116330, 0.00073570701424998611, 0.00006916153575856013, -0.00027890618260961215, -0.00035827309780657392, 
0.00421554939802315250, 0.00289402405370635470, 0.00218226873473631720, 0.00241987743800832530, 0.00285629741204153920, 0.00276029221416803720, 0.00222352419222302800, 0.00145327378266068140, 0.00059113207773330652, -0.00005232003771664387, -0.00028296479315547416, -0.00031980622768517123, 
0.00408093095046665850, 0.00284807819563976700, 0.00216471095360970360, 0.00238030987226165630, 0.00281801954643818700, 0.00270664799010954900, 0.00220644082044293150, 0.00147514254402155870, 0.00066604066455647442, -0.00003697815584860043, -0.00028029104573275542, -0.00027269965322967705, 
0.00398028635620285580, 0.00286385785448869550, 0.00216549851621614670, 0.00227848569775824720, 0.00279460889334686960, 0.00274476594072687070, 0.00223488140520243780, 0.00138900972550262460, 0.00067540569566489897, 0.00009386742069342000, 0.00001284566330042513, -0.00010595527959470985, 
0.00389672672220316590, 0.00284852014361865800, 0.00222177591680161600, 0.00234398794706424780, 0.00275359267798829440, 0.00267840670383682690, 0.00219852701887809010, 0.00134055961592033630, 0.00061169834764322837, 0.00010685808155275141, 0.00001831941797921974, -0.00009522970620530069, 
0.00368710285898401480, 0.00263960349318903810, 0.00214344046006412040, 0.00237961086390290310, 0.00260950830979059940, 0.00245075880906618980, 0.00199480120578145530, 0.00131968871326983480, 0.00059429733195736018, 0.00000930216079184210, -0.00013314972352432828, -0.00019325806939026765, 
0.00353526564269859710, 0.00265220315270585630, 0.00218882951312508520, 0.00234003356315182250, 0.00251377929918252190, 0.00232626151277843090, 0.00180451495242147970, 0.00117161290677334310, 0.00056435133505883131, 0.00010104189808209367, -0.00003830460195367661, -0.00023057877061526095, 
0.00345717264917793630, 0.00261521719571468750, 0.00215854541334782300, 0.00224571910923244230, 0.00243393477521013520, 0.00222685152341688680, 0.00169147065716840330, 0.00107149492716737210, 0.00050866789173698002, 0.00011590384744260745, -0.00003847588563743821, -0.00021167539216136028, 
0.00322616675639773780, 0.00255562630916465660, 0.00219324752519540990, 0.00223806627372140700, 0.00227950128109917880, 0.00194767980845404670, 0.00150130290926610030, 0.00098834243421206508, 0.00049916636330685411, 0.00013092749612635403, -0.00013393409612071091, -0.00036353952582889276, 
0.00298571094924267180, 0.00236024891073817640, 0.00202295799890764550, 0.00212036898901080170, 0.00218396478201220890, 0.00184594091784377220, 0.00140311188755520260, 0.00089405516065517985, 0.00049498231001214078, 0.00019857744554269903, -0.00003938948949559698, -0.00033560966986560944, 
0.00280564782577075090, 0.00221454275873483220, 0.00185098802540453050, 0.00192678935582951140, 0.00201998745203353470, 0.00176411068469875470, 0.00132851061376771150, 0.00081122908386872198, 0.00048292059242593992, 0.00021664616062126404, 0.00004250588969670029, -0.00029889411829107227, 
0.00271553759828174930, 0.00210175097793638670, 0.00170457825080705760, 0.00173725709016018150, 0.00185746138982433270, 0.00168216782771091810, 0.00121864567363637430, 0.00070800907242895260, 0.00036453754381768534, 0.00014954270325727835, 0.00004383405079668486, -0.00021408553085728370, 
0.00261774046813791160, 0.00207757141048077770, 0.00167133824542075300, 0.00170729321198094790, 0.00175387706698486840, 0.00154289641324281730, 0.00108054096380722420, 0.00062760081775952586, 0.00039580102800643044, 0.00022152960859114711, 0.00009274212819967320, -0.00019544355109661518, 
0.00235069332781544060, 0.00184667354587106910, 0.00152972020743567910, 0.00155829110553530780, 0.00158788513285871710, 0.00138235151050362110, 0.00102111984219724920, 0.00066457109464321685, 0.00041488248817106704, 0.00021859321850052041, 0.00011396941281058097, -0.00005490358515954894, 
0.00214369044443548690, 0.00169797478947901590, 0.00143942132030071110, 0.00147503487293246990, 0.00147575768489865070, 0.00125843041927386480, 0.00093333888774365357, 0.00063726067191735049, 0.00042016906060665399, 0.00023873607597295780, 0.00010749422793580806, -0.00007198455681976003, 
0.00195557772689602040, 0.00156311869449966200, 0.00129557511325883420, 0.00134635785513947950, 0.00137709583530488800, 0.00119635957453603610, 0.00083391992346794677, 0.00049910569663501293, 0.00034629247503697427, 0.00022320872288425947, 0.00010561818237749362, -0.00014786464414864368, 
0.00180298358761193480, 0.00148625669228354390, 0.00123578406832797580, 0.00123292668157585200, 0.00120004366842314330, 0.00102273534715582350, 0.00070733737444658219, 0.00040592209674277934, 0.00023318183339291141, 0.00010024836854373265, -0.00000457749147205909, -0.00021413620277680975, 
0.00164471331667639880, 0.00142618147035367520, 0.00121527818978103200, 0.00113446168469204070, 0.00099020358467944488, 0.00079081821031657426, 0.00056617815853075035, 0.00037061077899981046, 0.00021941918589603039, 0.00003379951433246725, -0.00012352784055945891, -0.00030139416210076003, 
0.00139195690323409750, 0.00121989959156063440, 0.00104009201871132810, 0.00093171770956381253, 0.00079711510581604217, 0.00065409121963249761, 0.00047182010847328224, 0.00030403230844362359, 0.00014011526931874321, -0.00001291516858028780, -0.00014916157336262290, -0.00026687955701472994, 
0.00108411194938542790, 0.00095276870582098011, 0.00082311655819787273, 0.00072844691876095035, 0.00063526365507124568, 0.00054100115065372923, 0.00040657104746860917, 0.00027560595165430099, 0.00014692557284634944, 0.00003817229705178830, -0.00005815097923667842, -0.00012584776012161022, 
0.00101668323909809900, 0.00094011995712618539, 0.00086725815128317857, 0.00079958709859710502, 0.00073512689294791440, 0.00067204416418091821, 0.00059889651145439220, 0.00052867033920375706, 0.00046761296403414592, 0.00041088421788858920, 0.00035955076980587143, 0.00034323127681240887, 
0.00120571882577809380, 0.00118047241427913650, 0.00115491544267344510, 0.00112746965640726780, 0.00109945334687854830, 0.00107491007311661550, 0.00104981618322424290, 0.00102411857711770550, 0.00100009622058388950, 0.00097568788874266457, 0.00095173872541463487, 0.00094103417637410856, 
