1.01171681014315280000, 0.51864504782269805000, 0.32789404826907032000, 0.20110123179884659000, 0.14849893721149776000, 0.14460330878488714000, 0.14261924051370489000, 0.11768480436857662000, 0.05654529889081421500, 0.03793380426266988700, 0.10823075244496674000, -0.02253928195082141600, 
0.25484247178062791000, 0.22544363641242285000, 0.19617329034185327000, 0.16751570831265611000, 0.14117055431809361000, 0.11877299747817621000, 0.09866989512564342000, 0.07823040717170876000, 0.05568332340420788200, 0.03149142555398596500, 0.00552548332773410140, -0.02833097876456829400, 
0.18567564673377018000, 0.16981534974530324000, 0.15240459725449396000, 0.13432852995061856000, 0.11618901672399828000, 0.09887927796171042100, 0.08191871507999970400, 0.06483266161161786700, 0.04735219969005156200, 0.02926264863941536000, 0.01057425185856330700, -0.01072615437823515300, 
0.15474950355469577000, 0.14316186138077400000, 0.12903421761732309000, 0.11421777260658983000, 0.09943036613192207700, 0.08504832725122217500, 0.07111221198337167000, 0.05685665607659073200, 0.04238722887279654200, 0.02755296647282010100, 0.01212944691534956600, -0.00399662781564606370, 
0.19401879925324914000, 0.17299720093245916000, 0.14414648664749358000, 0.11178022930368982000, 0.07942598803035116900, 0.04970709907171178700, 0.02492721988705153000, 0.00548635910476483540, -0.00756118055818036200, -0.01576369453299574000, -0.01920234043848243300, -0.02011154829368807400, 
0.22759916945210759000, 0.19353288114082234000, 0.14597275049833344000, 0.09399807248958394500, 0.04387607933986621000, -0.00003001525088024842, -0.03344074698127017000, -0.05573601172583507500, -0.06504077324997642500, -0.06651671943730448600, -0.06050316360824513400, -0.05301623031847495900, 
0.20932960038460996000, 0.17658474561307136000, 0.12913815095719855000, 0.07596472142681337500, 0.02589671264773030200, -0.01865765083883669900, -0.05242692203705885000, -0.07335822251176712900, -0.08207247273793180600, -0.07834915254734556300, -0.06953271773672073400, -0.05699771435060910200, 
0.18308647596559707000, 0.15415549625439454000, 0.11238490979287002000, 0.06405024877594325800, 0.01758252025753420000, -0.02305331758965385700, -0.05273009818092223200, -0.06989033530131319400, -0.07519934384839788200, -0.07109171987428741800, -0.06164242216645213200, -0.04975593623292037800, 
0.15035073358716211000, 0.12694901606693637000, 0.09336714822363272000, 0.05376234562589629600, 0.01488875239513754200, -0.01887453680627086000, -0.04330314223808294500, -0.05738980253783172700, -0.06270280811257213100, -0.06048505746647556800, -0.05367537353647645900, -0.04624643703141354700, 
0.12299256404989356000, 0.10418355810598230000, 0.07728089485716976800, 0.04517382531423297400, 0.01319137947738445400, -0.01523414991098844500, -0.03580994306077471500, -0.04882614431726627100, -0.05683975143942768300, -0.05616485562195024100, -0.05299772749217383800, -0.04850451540369921100, 
0.10560413090531190000, 0.08934045123429233700, 0.06618427972402701800, 0.03881522068276598700, 0.01093655842775277000, -0.01380599164885145900, -0.03141000402071188900, -0.04315547165972931400, -0.05133192942504469900, -0.05190367111058467900, -0.05013319091847917600, -0.04674714141443886400, 
0.09144446058247084100, 0.07716884007400068300, 0.05796201744687681100, 0.03548822023361818100, 0.01180725873583167800, -0.00917590087050098450, -0.02378001591125209300, -0.03380716830983809800, -0.04095730015985454800, -0.04398711087044412900, -0.04312436052653456600, -0.04133087745726351400, 
0.08242013666823200200, 0.06927960632203146500, 0.05260717376269922300, 0.03314201830614008800, 0.01207659404650857900, -0.00658891789020119200, -0.01899933338710911900, -0.02727375299947116700, -0.03386204039782182700, -0.03777840458666313600, -0.03786259986738903200, -0.03755689881134357400, 
0.08015211329117688500, 0.06694012964184292700, 0.05055576141763964300, 0.03170217188168739100, 0.01141899050843610400, -0.00613953876519876540, -0.01739386560803656300, -0.02441821602028549900, -0.03027857690857087600, -0.03364078204655980600, -0.03414328764176363000, -0.03474952002611334000, 
0.07543302074081681400, 0.06390719905167295500, 0.04833498691493883600, 0.03089127165251034600, 0.01275093930401080500, -0.00311624105361945750, -0.01392898535905334100, -0.02128754790680922900, -0.02620033720038205500, -0.02976694625163886500, -0.03142085566948296000, -0.03304521249341303000, 
0.06203224722036843100, 0.05342276258766754500, 0.04073123195716239100, 0.02650040238172434600, 0.01203133199637523900, -0.00123728473967412180, -0.01153312597091225000, -0.01953302912470413300, -0.02449215787167939600, -0.02790802221155697800, -0.02947079234847970900, -0.02986519847682821100, 
0.03830709831183958700, 0.03319087972320147700, 0.02584875607495655500, 0.01737299992237386800, 0.00871008962510051720, 0.00066573956882892671, -0.00606831158488105660, -0.01149022971328164100, -0.01549492741040546300, -0.01813849413144100500, -0.01947406160743704900, -0.01973252462847959600, 
0.03057160158431964500, 0.02619669536433397500, 0.02013995787778824100, 0.01334501300860439800, 0.00692354543965543160, 0.00136661574533535620, -0.00283501531930824280, -0.00578198985144892130, -0.00766477766764334450, -0.00875747662508238880, -0.00957599970545161380, -0.01040002616690034000, 
0.04678800175076994200, 0.03991949860373474000, 0.03009305553859484600, 0.01901539732081487800, 0.00842491708346938470, -0.00053558341745198819, -0.00715121750900946010, -0.01162968175620102600, -0.01433458171832715500, -0.01595753910342602800, -0.01762078835477944700, -0.01953675377860785600, 
0.05856588916463381000, 0.04990095907453338800, 0.03723413742079083300, 0.02279401372818903900, 0.00869904188726021430, -0.00363132795611948240, -0.01322058023251782700, -0.02013460749387407600, -0.02469624972885925400, -0.02781526260953788200, -0.03052709542743042200, -0.03310947388163938700, 
0.06461838374567391300, 0.05505111674309021200, 0.04089210407084857600, 0.02451626387127443100, 0.00796041106454880090, -0.00712452990339657900, -0.01954475676607194900, -0.02876207672869372800, -0.03487565714544026800, -0.03865494569554975300, -0.04064636194751724400, -0.04105379427810966500, 
0.07348826689933339600, 0.06207245591944969600, 0.04531179852976071500, 0.02600424097623458400, 0.00638582208797062920, -0.01122112739031151300, -0.02544600156167764500, -0.03541691099685000100, -0.04174516540461301700, -0.04502110048591008400, -0.04607825610300037000, -0.04532613179245194300, 
0.07395197738195588600, 0.06204838267626754100, 0.04488606116081569900, 0.02531154251155656700, 0.00561983373572263760, -0.01172414957100216900, -0.02491617534049219900, -0.03352866187638930300, -0.03864531766012732600, -0.04100402825934015800, -0.04164263513881075900, -0.04141035567865326800, 
0.07068152282411303800, 0.05831525997079801300, 0.04079373703250743800, 0.02082680365988092900, 0.00117098506979019640, -0.01556150843412859100, -0.02740682050079932700, -0.03423517253278267300, -0.03744647185732043200, -0.03813711611189439500, -0.03734323673051338800, -0.03606071376048575900, 
0.07223123510912367300, 0.05827421482812402500, 0.03876117636904458800, 0.01681278146739894100, -0.00442530525097160900, -0.02166452078367500600, -0.03292098896570224600, -0.03792431505268683400, -0.03913061856479990700, -0.03724939096296194700, -0.03437005173138660300, -0.03173368553956930300, 
0.07353316672619646100, 0.05843421273111652100, 0.03738312617538881000, 0.01390661279695531300, -0.00847736481637757430, -0.02619190382854615100, -0.03691003465476205100, -0.04067380172457228000, -0.04002787472161382900, -0.03586183997409728200, -0.03105532073761304400, -0.02705962993703983300, 
0.07242829764817676500, 0.05698690638933244500, 0.03522024633565520200, 0.01106533039789248500, -0.01166467539011574500, -0.02937697106328419900, -0.03981268864312605100, -0.04301772691334560700, -0.04069791075064123400, -0.03496248459512846200, -0.02831099685833005100, -0.02271402927847161400, 
0.07212472201711804500, 0.05618933387973391900, 0.03391983493787283100, 0.00921279468038978950, -0.01396541259031540400, -0.03180825686077043400, -0.04199072221453473100, -0.04428477603409207400, -0.04044432432933139900, -0.03316036798137150100, -0.02483217703970565200, -0.01778649952190279300, 
0.06894003137763533900, 0.05343722726191829600, 0.03184285632709902400, 0.00780994698562934190, -0.01468877756202371400, -0.03202392388808997200, -0.04188411755219435100, -0.04389104990165000600, -0.03987053162566357000, -0.03208040218959498000, -0.02314264442912250900, -0.01534158701304930300, 
0.06357103909992845000, 0.04936279131825240000, 0.02929372815456889400, 0.00688458911679010800, -0.01410711584764661600, -0.03043758814853312500, -0.04018404842184934000, -0.04257840987885433400, -0.03921216141836051500, -0.03193572443690758500, -0.02311017410218193000, -0.01492018148793572100, 
0.05833029568546723600, 0.04558403029008425300, 0.02735724137329187400, 0.00683453001514876430, -0.01263033365724321400, -0.02801635623576823400, -0.03759897720623511800, -0.04033235051459809600, -0.03738996224954539000, -0.03045663414686726800, -0.02149939493887472900, -0.01276562017048517600, 
0.05531779024189344100, 0.04311285331764714400, 0.02587206595976308800, 0.00635546151604919100, -0.01218430972489227000, -0.02699829602587257300, -0.03600866823915312200, -0.03850026075296531000, -0.03560713102935201400, -0.02871359826073543700, -0.01982798695533347400, -0.01114280191687526700, 
0.05171629982349103300, 0.04042584268445749400, 0.02440526821058045300, 0.00624061762844135060, -0.01099579411153929000, -0.02489767047743654200, -0.03363408371408894300, -0.03629025307637617100, -0.03398730426096438500, -0.02796293257117683400, -0.01983357177983868400, -0.01186800060862003300, 
0.04804984365568086600, 0.03762250721569116600, 0.02275813216641713700, 0.00585617280179427400, -0.01016066519473923800, -0.02317076064374175600, -0.03133680663427009000, -0.03389552355953429800, -0.03171977583130422600, -0.02615647097155751300, -0.01853618870456893300, -0.01105276925582650600, 
0.04456775889516113200, 0.03482666118195210100, 0.02099651601210223900, 0.00515839039725904910, -0.00985727910837088870, -0.02203243215631749100, -0.02958851984338832500, -0.03208325373156715300, -0.02961527197319550200, -0.02426614363947170500, -0.01692990560455347200, -0.00969755935409143300, 
0.04254799500461775600, 0.03326321770625394200, 0.02014780416851261200, 0.00499253561254970300, -0.00942310445616062650, -0.02102425889998398000, -0.02835762505446118300, -0.03119517930022651000, -0.02844025633740741500, -0.02335038911072536900, -0.01634331168663718700, -0.00938228224006291620, 
0.04097630740021849400, 0.03192573749371614000, 0.01897752638324258800, 0.00414308222207483440, -0.00973282038249310280, -0.02078513569065566400, -0.02748728800296745800, -0.02961133004853137200, -0.02690153421776066100, -0.02127935540576024500, -0.01416501355300250900, -0.00731999853265278070, 
0.03978004215405430600, 0.03093217877028478500, 0.01821637235975352700, 0.00379394575337049050, -0.00968007243873589790, -0.02039524946361046700, -0.02676936267635873400, -0.02855616469800138400, -0.02595075713529863800, -0.02034467665459197700, -0.01336401396055902900, -0.00661061409159953950, 
0.03827128655285912800, 0.02988703074757352600, 0.01777968715099878900, 0.00400932531766539070, -0.00892377200999865640, -0.01925423152751321400, -0.02551441438149284000, -0.02742554355488639000, -0.02527056733026888200, -0.02023711082547573900, -0.01386377632230976000, -0.00750648148552065470, 
0.03725760461168505600, 0.02924094390179699700, 0.01762255008494430200, 0.00434820128761669380, -0.00811866984816389530, -0.01816327324180333500, -0.02444321789195925300, -0.02666995820394545800, -0.02496242866874696600, -0.02049810109418930700, -0.01467376654665589900, -0.00878233708008246610, 
0.03706724678284698000, 0.02914770586277678700, 0.01768040977404979400, 0.00462113362627245180, -0.00767444976865423040, -0.01764582195703250100, -0.02401433661423903200, -0.02643391638778847300, -0.02508039000161550700, -0.02104420583013500600, -0.01564352051857325500, -0.01014612204735009100, 
0.03662435586286613000, 0.02895425120165829500, 0.01785860012984022400, 0.00520260321480190640, -0.00679335471628783950, -0.01663993768427516100, -0.02312488163283955200, -0.02594928299429554600, -0.02505009072381417200, -0.02167345659044680000, -0.01688137017305126700, -0.01185128776676772400, 
0.03536848210484341100, 0.02825201918718101700, 0.01797051120434633700, 0.00610911713812647620, -0.00539322240340931080, -0.01501106476373563100, -0.02170611123011695000, -0.02521859794692129400, -0.02493760414088679700, -0.02248911450478936100, -0.01854042890504084900, -0.01398865208533985400, 
0.03337339944128206400, 0.02685613762977273600, 0.01742692254836647800, 0.00656316171594405370, -0.00407444498438228830, -0.01308431987151957900, -0.01953708468447956600, -0.02304573288462490400, -0.02353449907548866400, -0.02195521510017062900, -0.01895493107022992000, -0.01514680582506549600, 
0.03160360763999493800, 0.02569698194571633600, 0.01703228955207055500, 0.00703446221838174150, -0.00287797945218825010, -0.01136691996628668600, -0.01762375859996118500, -0.02129515481324382300, -0.02238689526878452600, -0.02160434382324016500, -0.01937096589806875500, -0.01624055368791993800, 
0.02841116985363493400, 0.02343698857785454800, 0.01605499599062920300, 0.00744134583856810150, -0.00126961081007899110, -0.00896264973192895110, -0.01499294791302185700, -0.01897234941029665000, -0.02092981903228931900, -0.02111440528577915300, -0.01974961924562234500, -0.01718694388588654800, 
0.02421214694828550600, 0.02020392860667660400, 0.01429609360549392500, 0.00739339937297416210, 0.00033886842801001456, -0.00606161447206793500, -0.01111579750147145700, -0.01473712807321412400, -0.01693316761397499100, -0.01769979381918658200, -0.01728821642969943800, -0.01579497884165490300, 
0.02160211809784482900, 0.01820461563752499200, 0.01318338597399650400, 0.00734111070000180880, 0.00139516404268906900, -0.00401078975482112210, -0.00831728655186016880, -0.01154123240577757000, -0.01365857790989908000, -0.01471590407606495700, -0.01483450168128225600, -0.01410051444196711500, 
0.01937009125114604000, 0.01618607858933381000, 0.01156811171809281200, 0.00637083428189746690, 0.00130862948530606200, -0.00307188455108540390, -0.00651379992691949240, -0.00909574321528522180, -0.01094458107313982200, -0.01210009302405072400, -0.01266153618589859100, -0.01259001406405260900, 
0.01671403314134715600, 0.01359425147949967100, 0.00929568674420850820, 0.00482265223316764080, 0.00092543818822909767, -0.00199812869485057860, -0.00398166763510814700, -0.00539540453882409850, -0.00663067240549825540, -0.00785677736625723170, -0.00913235335214923100, -0.01022151498746619500, 
0.01452773080477746400, 0.01183244143705768300, 0.00820489674934233960, 0.00457688629606170170, 0.00154825993174022120, -0.00062650755581334869, -0.00213892431353984250, -0.00337147258973493490, -0.00468648759764469720, -0.00619894629998115660, -0.00784026883120321480, -0.00925059820322997150, 
0.01168843273530779900, 0.00946236942428963990, 0.00654655746110661700, 0.00372524124158303770, 0.00158960619575387180, 0.00025529127313793029, -0.00052084912436582459, -0.00120376851441510730, -0.00218782151863328300, -0.00360420161888551360, -0.00537267905334334450, -0.00704010402070260210, 
0.00920784192945266030, 0.00732091940911190010, 0.00499510343731959010, 0.00292449008285853740, 0.00162310313125892400, 0.00105488955017634900, 0.00085000626371668547, 0.00054428674933361453, -0.00030566199484211346, -0.00175796691929999820, -0.00353084771773428540, -0.00518078857685918930, 
0.00653462344353197490, 0.00499829397161212840, 0.00324865586247020940, 0.00186438458056445190, 0.00125581767120325550, 0.00128129781245745070, 0.00146316487560954390, 0.00143861397272613170, 0.00069652281541265589, -0.00066190000552182160, -0.00222384716614536970, -0.00354480352840689330, 
0.00341160547933871700, 0.00237354981085518370, 0.00121205052565935250, 0.00037448676127251924, 0.00014078961124053805, 0.00052603092583166939, 0.00105844677511792320, 0.00146444367050377720, 0.00133905882291703810, 0.00060204338008940572, -0.00040794373307889991, -0.00135544640867408540, 
0.00147771571612897500, 0.00106821182746225140, 0.00064057983158988480, 0.00032380137689912896, 0.00024442551727791814, 0.00044353691561599526, 0.00070028937413640761, 0.00089319334099096227, 0.00095340277426405684, 0.00074840165237174678, 0.00042526885817117287, 0.00011727799262924994, 
0.00197210352988825680, 0.00191775722861776270, 0.00188136129396014120, 0.00185049550206590810, 0.00183298909859397150, 0.00183171689237410580, 0.00183285230761504050, 0.00182274331419892480, 0.00180612381118514850, 0.00178255777545280300, 0.00175058277866411850, 0.00172824767259837420, 
0.00562275085050548390, 0.00560100391667245000, 0.00559090149207091490, 0.00558539235779105700, 0.00557065347523718910, 0.00554249812105532540, 0.00550851344216774210, 0.00547415665718406500, 0.00543390130134504490, 0.00539375925915510590, 0.00535242420191325230, 0.00530875155144959220, 
0.01103989014482901500, 0.01102378575976989100, 0.01101504577208768300, 0.01101565089121798100, 0.01100889432206716800, 0.01097339307886923700, 0.01092368321752110700, 0.01086446292829163600, 0.01079416819108612400, 0.01072840495269942800, 0.01067293627544274900, 0.01061597137539554600, 
0.00883270103298252650, 0.00873655665287896740, 0.00861136454020194030, 0.00847338744108732870, 0.00830713683814859190, 0.00809083927919236960, 0.00785605910032102090, 0.00760459525409569890, 0.00734895809698127030, 0.00709565156353232030, 0.00685258540736950920, 0.00660899067076524230, 
0.00634864401794089840, 0.00621146950651962040, 0.00603245461000745910, 0.00583355296220882790, 0.00559775807613467280, 0.00530107636127455200, 0.00498498634342086750, 0.00465898460768644340, 0.00433331649182772550, 0.00399083638334817460, 0.00363720338920949130, 0.00327439724823485290, 
0.00524903650581279910, 0.00509853054391456750, 0.00492999319037456300, 0.00477216289318379940, 0.00459957408490715720, 0.00436522526581439780, 0.00411402868250766200, 0.00385604486912691870, 0.00358867319208426530, 0.00329102497123225220, 0.00298854808798822320, 0.00269579707167852660, 
0.00415323049971603670, 0.00397557581116804880, 0.00379614932034347830, 0.00365517242112273120, 0.00353283352001714040, 0.00336605039718552690, 0.00317333022724712020, 0.00293999042513545150, 0.00266119905922243590, 0.00237231899169253710, 0.00213867165454707970, 0.00196418197915539280, 
0.00405069035632585340, 0.00375817323578870980, 0.00349847172931760240, 0.00333572928527909240, 0.00328339050096293970, 0.00315500738513158810, 0.00292952781241058920, 0.00259058695203452650, 0.00217630543202443610, 0.00181836754511622470, 0.00158039922795962920, 0.00144216597599407660, 
0.00458854177047846120, 0.00399003884909599530, 0.00356141174280473570, 0.00342964507015345100, 0.00354965092658296590, 0.00345528885007311640, 0.00313326135811505330, 0.00257442116439804150, 0.00193543097784943570, 0.00150746497291072050, 0.00130409759483334920, 0.00123553315629648560, 
0.00524094351455931410, 0.00394051012291893750, 0.00317221995264621880, 0.00319031295765642490, 0.00354506474217872090, 0.00357238350433235210, 0.00320066796569204400, 0.00239079979144068760, 0.00136280217487203760, 0.00067508136560740677, 0.00054855994700570834, 0.00064608495039362003, 
0.00597881239862936220, 0.00376246749590704530, 0.00245569172658321660, 0.00249008253405812560, 0.00327038525881165810, 0.00375948345494905940, 0.00353320783770217980, 0.00251891553569116460, 0.00079914019715137058, -0.00063225616307654325, -0.00088476715597964951, -0.00039535443922247496, 
0.00627216432549962490, 0.00359615405146309620, 0.00208563412471871910, 0.00204227584564267530, 0.00317362170604194640, 0.00404542249824425650, 0.00393423738580253420, 0.00289590643695926150, 0.00070318718665188967, -0.00119579267166280830, -0.00169919005068113350, -0.00110312669697698360, 
0.00634131592260597010, 0.00362472976320506530, 0.00223839181463948060, 0.00238276656805597700, 0.00342178288822277220, 0.00406510480172895570, 0.00394446536609629680, 0.00274328330541148860, 0.00050464016386441509, -0.00128043279398230740, -0.00172879920333841750, -0.00111005778963858760, 
0.00637329238065189980, 0.00384896453143828950, 0.00270417520166224210, 0.00301884734910827040, 0.00368479976271754220, 0.00371605443710278090, 0.00357919647388089780, 0.00222595357438597470, 0.00022109157291960626, -0.00124857037311130120, -0.00163163125986194370, -0.00110415836692535150, 
0.00604889341855894320, 0.00360230177706668140, 0.00258778461105381830, 0.00305386461589757890, 0.00353906519775737780, 0.00344343702045158680, 0.00326098016120733020, 0.00214434049868061960, 0.00041097197135678721, -0.00100157754469149290, -0.00112235880885677490, -0.00062091447755192246, 
0.00598092907365869660, 0.00363109583793775950, 0.00263773507155522740, 0.00312277598064960490, 0.00344857004692610300, 0.00324269193907018860, 0.00324686670401986600, 0.00234835069144931270, 0.00060710531107127576, -0.00092837376727470896, -0.00106206894499193500, -0.00054614746837241884, 
0.00579394700272043570, 0.00364679018748936300, 0.00262874762120030590, 0.00292766204989086850, 0.00339384293835355050, 0.00314362778402354830, 0.00313522616288964630, 0.00213481367457786290, 0.00060188567266376348, -0.00064743688471165662, -0.00102535458203616580, -0.00077906657380393495, 
0.00549016946751160110, 0.00316891790601669810, 0.00228115276611032170, 0.00263249953649866100, 0.00325808915025077710, 0.00317031743002859060, 0.00297781059695574700, 0.00199655989532226830, 0.00052945518230931529, -0.00047232174769836898, -0.00065685071162821897, -0.00056273680411910885, 
0.00522519194218556100, 0.00308910214515775110, 0.00240840350287761670, 0.00294269359883475140, 0.00338769756609054190, 0.00331149414643751000, 0.00273862659622371460, 0.00159727069784633690, 0.00019992940395142282, -0.00029879492149318423, -0.00012194479021194465, -0.00026534706428934526, 
0.00473653940975363430, 0.00257905490273346170, 0.00190522408721846320, 0.00245126157166310720, 0.00318426012881226070, 0.00320146717469433360, 0.00270224847898883080, 0.00172113428035062820, 0.00029836682103393338, -0.00047031113528248352, -0.00028105880739725039, 0.00002485348235590515, 
0.00454648456038147550, 0.00245659897739900890, 0.00168627939023418950, 0.00222505916772083690, 0.00288978538339483260, 0.00300542309779779910, 0.00261104520461093040, 0.00169862315502262710, 0.00026079612234737820, -0.00056181848155165918, -0.00040285369302746723, 0.00003263999291978194, 
0.00466551814797721430, 0.00282394557772363020, 0.00210633026074941470, 0.00251324214543640270, 0.00282447902261100460, 0.00283930088262948330, 0.00233011953873994310, 0.00122743051508385610, -0.00003513585911977853, -0.00049847420861895723, -0.00033478874375701798, -0.00043474164951513730, 
0.00448090131519741140, 0.00294734777606239740, 0.00243329351124088730, 0.00270273743543621200, 0.00277021894569426130, 0.00252185340377253200, 0.00193037728567646800, 0.00090169157436539968, -0.00013241386231515538, -0.00052169900432110080, -0.00055382715274540899, -0.00095975631322258760, 
0.00425904396089726680, 0.00294722072315364110, 0.00241291635587266230, 0.00271833301250206700, 0.00284814461313310590, 0.00247063741395546830, 0.00171082042519447840, 0.00068772422325984791, -0.00014248012863998498, -0.00051253799986140057, -0.00062014375903612267, -0.00101568832371354650, 
0.00390641815105498370, 0.00254145294986291280, 0.00198030354978749210, 0.00234334432547875620, 0.00267985787767061320, 0.00247866873209499470, 0.00184478004012788290, 0.00080412584387084640, -0.00007026264355118416, -0.00040435432325039319, -0.00032144073353080455, -0.00047388080429396735, 
0.00383683554771007070, 0.00265804288411696610, 0.00214073713247348850, 0.00231510408492670380, 0.00260436201130794440, 0.00237601734249036700, 0.00185233970483001290, 0.00099137869913615848, 0.00010182874377076031, -0.00038063294652404588, -0.00048721442397196238, -0.00060143639198164864, 
0.00377241783066194690, 0.00263453499406508160, 0.00217724091068313610, 0.00234509224577486570, 0.00265572990613731310, 0.00241040038227847630, 0.00175879967727815250, 0.00087493981085420727, 0.00009208056085303499, -0.00032441260511530855, -0.00040274589718345544, -0.00073791021502433237, 
0.00345283063628122910, 0.00224042902399444700, 0.00179879578430441000, 0.00212164928358943080, 0.00249183022009336280, 0.00235860600757511470, 0.00175549068822434530, 0.00082278608794378240, 0.00008999771530634234, -0.00018286801648275373, -0.00011415508127202146, -0.00037520724144232107, 
0.00321777008879219840, 0.00202625766257610170, 0.00160645798441803340, 0.00196196768431081220, 0.00233669024334517540, 0.00225320481007751810, 0.00170624509238695190, 0.00079230719479337437, 0.00010031449801543297, -0.00008186640313488281, 0.00003683292133974436, -0.00019540925972034090, 
0.00307343337729512260, 0.00192083269080302990, 0.00153682948996215240, 0.00189518325617949770, 0.00226143487919783830, 0.00214131354756805790, 0.00157629377157636670, 0.00072756536603222851, 0.00009134239347031084, -0.00003843078708174769, 0.00007923666770365388, -0.00018798789163854571, 
0.00301284171834362030, 0.00187694759878214570, 0.00154181358102852520, 0.00188124818174390130, 0.00228993546263450260, 0.00209856854331213170, 0.00146363579154558260, 0.00067907877335998299, 0.00005719086541587454, 0.00001617700035637411, 0.00010773880719582786, -0.00022570964831541659, 
0.00301649062298018360, 0.00212053743378644470, 0.00182923393403150250, 0.00198125897836182260, 0.00218481391986050140, 0.00190033112602035380, 0.00142270104619593740, 0.00085151347381721434, 0.00021281627798453435, -0.00004587534384277111, -0.00016019304656300108, -0.00043230085512899826, 
0.00304353317740980490, 0.00234663031696684490, 0.00204697930217293730, 0.00209401762671740550, 0.00208165800367915300, 0.00180419561874239520, 0.00144160962891327990, 0.00093737628270751990, 0.00034190362224566646, -0.00001189721319969968, -0.00023220630864943435, -0.00051631587741403340, 
0.00299455116294022540, 0.00231624500972282300, 0.00199252960810118030, 0.00203020957678021370, 0.00200869764232080360, 0.00179725006894615480, 0.00148283155989969910, 0.00097326141933340351, 0.00041409090129545124, 0.00003153027957849330, -0.00018532135278464751, -0.00042930608888685151, 
0.00287577483157550830, 0.00214329122469097790, 0.00184736386892326590, 0.00192611688557284060, 0.00193501874757930310, 0.00171629492665999780, 0.00136894339751076570, 0.00088955418591349486, 0.00036523517309873304, -0.00007195420520164698, -0.00029929597300863285, -0.00045791439963440144, 
0.00282202901414463320, 0.00212576475460306930, 0.00189783499598011910, 0.00203972552251876830, 0.00197333862273606390, 0.00163180535042665130, 0.00116918505919737350, 0.00070780290521281312, 0.00030329280576102142, -0.00003886090807870367, -0.00035037855871677612, -0.00062403590698766206, 
0.00273343258949461420, 0.00208832377863310980, 0.00181270416826381460, 0.00186053701298335720, 0.00185144419192361400, 0.00163039634141876680, 0.00123292443536728980, 0.00074782548360305629, 0.00028432493851181516, -0.00009080414366179452, -0.00034133416751785413, -0.00058279745720224375, 
0.00265958980045565050, 0.00206298961993764750, 0.00179795950343085150, 0.00176178746250465880, 0.00174383917679114520, 0.00156600503480142120, 0.00118370521851029660, 0.00069563496323201356, 0.00021591897922061529, -0.00013142492727979350, -0.00033964552558224571, -0.00063778531691133927, 
0.00244042549669027220, 0.00190942920400735550, 0.00163642948986736130, 0.00163553394518334830, 0.00162465088287704390, 0.00146469701885701730, 0.00113994462981963480, 0.00068297867712711219, 0.00023839037345225344, -0.00010900480748970354, -0.00032138315275314310, -0.00055087442020091456, 
0.00230817864828882250, 0.00184351195437506290, 0.00163436561204754790, 0.00164475675924683320, 0.00156162527308872750, 0.00132245897071780180, 0.00100144283978647990, 0.00057345650744036508, 0.00017967717514425188, -0.00009139531753070503, -0.00031572759477562265, -0.00061855726916512904, 
0.00222520459991339130, 0.00175999718026319080, 0.00156337484916428330, 0.00154616509903961090, 0.00146545315089511180, 0.00123493252393635830, 0.00088177196472367871, 0.00048479761910938108, 0.00010279839152215285, -0.00010807106960965383, -0.00030089815481509934, -0.00059068347627755130, 
0.00215638081371775710, 0.00175021030477985510, 0.00153933383731484070, 0.00147497358079568850, 0.00138097730307484170, 0.00113646140054729200, 0.00076539098307247869, 0.00039536313584617359, 0.00005617486418719210, -0.00014243876974208013, -0.00033428653144425372, -0.00059752424719098621, 
0.00194908116321420940, 0.00162097521980956200, 0.00143009101016546340, 0.00136672126459755500, 0.00126655547729482320, 0.00099859495557125776, 0.00066217237371028466, 0.00033930466935785817, 0.00005827552585723209, -0.00015008921373159214, -0.00036242602684539700, -0.00060570804826860390, 
0.00170657251248243510, 0.00145037838469433280, 0.00129310508631652780, 0.00123286417700551760, 0.00111289235879606220, 0.00085316163835342932, 0.00056416042484130240, 0.00030684061093685754, 0.00008579667298350942, -0.00011604421848936632, -0.00033120399365640262, -0.00055489583740838376, 
0.00153980105185457050, 0.00132468008150818250, 0.00117789131179222110, 0.00109241357056471050, 0.00093517547011219375, 0.00067699472477906640, 0.00042384404413590347, 0.00023122054171196863, 0.00006429324014969179, -0.00011754212606867069, -0.00034191055703912567, -0.00052685304033085582, 
0.00144531399660569850, 0.00121914156077571100, 0.00105314850562586220, 0.00093760001129341403, 0.00075636670532410572, 0.00050017938955586945, 0.00030810583070146273, 0.00017091880883982250, 0.00004094655934309061, -0.00013085722872149239, -0.00032807792184330522, -0.00046781250490645466, 
0.00128961363716362740, 0.00108654965534647830, 0.00091942018211150979, 0.00078974646698869589, 0.00061339542208432830, 0.00040594597393460490, 0.00026490873805959787, 0.00015187241708765505, 0.00003108991899683124, -0.00011161518692721651, -0.00026806592067963095, -0.00039190240786793616, 
