1.13771892609860470000, 0.57294823874782974000, 0.32486338797925918000, 0.22841824727802035000, 0.09325901758619674400, 0.03531417268120422300, 0.05983511158279623800, 0.07961343346806201700, 0.09179586158600645800, 0.03801701459890841100, 0.10209921042992032000, -0.00775659040931281350, 
0.28754071268174486000, 0.24784786666684983000, 0.20484658577655626000, 0.16413183146342863000, 0.12553298181383285000, 0.09501136079908677200, 0.07390990796390360700, 0.05729239459416692700, 0.04120301435628705800, 0.02267091216837782300, 0.00172993506432884620, -0.02616971457320006700, 
0.20614078643058703000, 0.18338520945383141000, 0.15667936648033909000, 0.12992521978696348000, 0.10415665235465829000, 0.08145254436078594500, 0.06270330368598107900, 0.04722112698356630000, 0.03284908467710390100, 0.01895359599343429700, 0.00465613872637758370, -0.01243841988706300900, 
0.23595473826444011000, 0.20351389619999086000, 0.16148413844228396000, 0.11581027674086274000, 0.07078682737598172800, 0.03101265481870736600, -0.00093022681737021939, -0.02206645399299632400, -0.03368894602658041600, -0.03098781695487859400, -0.02279277749764064400, -0.01075267933201938200, 
0.24878012534514038000, 0.20792869208248588000, 0.15232744080728294000, 0.09172269336117287700, 0.03286245851774764700, -0.01668848640596993400, -0.05233627625231836200, -0.07395470361001303700, -0.08057245025869713700, -0.06983981290880865400, -0.05362643611169377200, -0.03232671847790236100, 
0.21091007683840179000, 0.17415069150348328000, 0.12363906050555931000, 0.06817523091570817900, 0.01609460480220534900, -0.02707686444914299600, -0.05584964348421296600, -0.07058624448040984300, -0.06993123644465926200, -0.05902584476833619400, -0.04399223012159452600, -0.02794324994294664100, 
0.17862467761951079000, 0.14528294564046129000, 0.09965566470369406600, 0.05028071585960680600, 0.00318488494996380100, -0.03565020148849759600, -0.05970040293892311900, -0.07148179608137070200, -0.07017419083539444500, -0.05901588858184886300, -0.04183474153365217300, -0.02222700085052795400, 
0.14799807221354486000, 0.12052131217960849000, 0.08222035484453033000, 0.04009784081991890600, -0.00076116936427338827, -0.03437903926366849700, -0.05563200703380667700, -0.06629290823619785100, -0.06626542696066642400, -0.05684489060985797900, -0.04118483170687736700, -0.02247101083460468400, 
0.12372715876423300000, 0.10135696953265352000, 0.07039740206796617200, 0.03529798274895740900, 0.00065994480240067453, -0.02695572977740221000, -0.04467965892156078300, -0.05270889286233723700, -0.05258037035353820000, -0.04568200709447213500, -0.03451852839222863100, -0.02248541138792199000, 
0.10512204951906295000, 0.08651369647409504200, 0.06114703744276084300, 0.03185776416654025700, 0.00384447614986430360, -0.01838633711609135800, -0.03318005542553310900, -0.03923198129650499300, -0.04009342146422246300, -0.03763400863348521200, -0.03176013640102648400, -0.02607713839668713800, 
0.09486125883997056900, 0.07775503132930583500, 0.05506419634909526900, 0.02817747302396483200, 0.00353486071722392820, -0.01597519347735205200, -0.02890296945391890300, -0.03442529001541743500, -0.03528679556976074800, -0.03416087496025674300, -0.03063839539805613900, -0.02725557007536833600, 
0.08785986843949118700, 0.07168221666868089500, 0.05061201943507303400, 0.02676744784900751000, 0.00473822774400672280, -0.01245814584988285400, -0.02302848411392451400, -0.02725888907652576300, -0.02888142946958192200, -0.02811234284331078100, -0.02614216733609591600, -0.02530599778522534300, 
0.07721706045187568000, 0.06398532863520621500, 0.04640935242515790300, 0.02724506249368993700, 0.00960570590229175950, -0.00484341081174056480, -0.01464834734879981600, -0.02028736975692610100, -0.02356776277888055300, -0.02435083613304841300, -0.02425430927644511800, -0.02499295491085534000, 
0.06726950892546147700, 0.05697183690049396900, 0.04256225105445373600, 0.02669754024926454500, 0.01188480128784300500, -0.00081066224002785672, -0.01017347785243981200, -0.01668412114731521500, -0.02089532642133853200, -0.02349629357059701600, -0.02538112946798793900, -0.02710791148793037200, 
0.04495438895562555600, 0.03840103359879305100, 0.02927260821556032900, 0.01907511597954058100, 0.00922734399484904240, 0.00066333629353008787, -0.00605503538608557610, -0.01108585362233951500, -0.01469778610143666900, -0.01729658612927310900, -0.01894631249706579500, -0.02005326485058037100, 
0.02637577252875336600, 0.02262467962540634600, 0.01770214075681553500, 0.01254948334751560500, 0.00757421768302465100, 0.00315685820252108430, -0.00068574675167365647, -0.00402410278041817440, -0.00656356872548962720, -0.00861239913583066590, -0.00999176942923035540, -0.01110376842883556100, 
0.04582926993239986500, 0.03901375445306490300, 0.02946882447289663600, 0.01935917790042682900, 0.00945378413856581140, 0.00041670062190655066, -0.00708095254283357900, -0.01335826955723016200, -0.01773700131016709900, -0.02087937190901461100, -0.02260656842670738900, -0.02361306649593620000, 
0.06282857059156428400, 0.05330341279199489500, 0.03983995608364220000, 0.02540344881891418500, 0.01137820661344366200, -0.00122739345845389660, -0.01163863543214918100, -0.02005913242076798000, -0.02642042690503013400, -0.03124549685121666800, -0.03464401481873394900, -0.03694444811926928700, 
0.06819047040680678600, 0.05749039462306140800, 0.04247527425781520700, 0.02620225516174031600, 0.01034790710302696900, -0.00359470698329925320, -0.01500081369800017300, -0.02372482119616495900, -0.02996201465038537600, -0.03517656208937216400, -0.03863911871536598200, -0.04104599058285319400, 
0.06984009937092181000, 0.05876578974627932900, 0.04300023865623523600, 0.02560796674579086900, 0.00819639139079426580, -0.00734391828796413830, -0.02002419693824659300, -0.02958130092856858400, -0.03597346341251041900, -0.04123840512888732300, -0.04391196196210286200, -0.04496434720656371900, 
0.07561941637274532900, 0.06250518893834784700, 0.04427796593446851200, 0.02442595113278048900, 0.00483906279337260530, -0.01240675222582379000, -0.02528035394208876000, -0.03435183580978627000, -0.04014654916908580500, -0.04403943655316375200, -0.04573387612597943500, -0.04625704387978055200, 
0.07973013354896763000, 0.06469373004995675200, 0.04383613347354746400, 0.02143182110663000700, -0.00023080213960743542, -0.01845350086219404600, -0.03087618648469623400, -0.03827912797132810400, -0.04180984915975870900, -0.04324815116773195900, -0.04303928911076364300, -0.04244155290565108900, 
0.07741512316440307700, 0.06225420652986458900, 0.04110942187001897400, 0.01819394396941095800, -0.00419434427110228210, -0.02268023918057064300, -0.03476336977069273400, -0.04108914412332763400, -0.04370053891454939200, -0.04389341440470173600, -0.04242299134895478200, -0.04028600048512926600, 
0.07330974929829038600, 0.05840890543832714200, 0.03753422084994083300, 0.01476421228904941700, -0.00747337572784678370, -0.02565642827537011100, -0.03720156878928893700, -0.04290479601111877500, -0.04465359371254815100, -0.04324934902659721000, -0.04000957999354164100, -0.03627605206839406400, 
0.06959269906552240100, 0.05468170170064077400, 0.03398678793458454600, 0.01142918927582183000, -0.01021839000795937400, -0.02777364989048703600, -0.03909703103537931500, -0.04414813509480076900, -0.04441449019581497600, -0.04136319329710909400, -0.03597349296129199300, -0.03007276763759537300, 
0.06839500096513230500, 0.05353855325659658000, 0.03310886553820343400, 0.01082383767567829200, -0.01060799320816910700, -0.02831042056555133800, -0.04027973238972667300, -0.04565215688359942200, -0.04576166709761701800, -0.04184413796294425600, -0.03532820146559351200, -0.02810608144640507800, 
0.06619982375560178000, 0.05167941077982694100, 0.03144847280084683100, 0.00926050640627378020, -0.01202070011445981900, -0.03007967238763500900, -0.04304570272297778000, -0.04960206688573570700, -0.04980054964914960200, -0.04474929748977100900, -0.03620692343133961200, -0.02631659341457234100, 
0.05987732497183226300, 0.04676822633978246900, 0.02843802294482424700, 0.00815828755366683130, -0.01137253171106042100, -0.02792937904624106400, -0.03999276855914944000, -0.04592799038489604100, -0.04589082553354637000, -0.04090840958469887900, -0.03273836194184354800, -0.02325918329037338800, 
0.05626277493597434800, 0.04394434544069814000, 0.02717626218750441400, 0.00860807950483133240, -0.00952638589138286860, -0.02502084813539384400, -0.03574057740908311000, -0.04033574507046246800, -0.03977247805549274200, -0.03526016613546039500, -0.02810939082194994700, -0.01998259337965997700, 
0.05744364816326706000, 0.04467550057132904700, 0.02731836483773171900, 0.00801187928001826160, -0.01084929201696526900, -0.02685459138624490800, -0.03775663099196898500, -0.04189971875422816200, -0.04055962209272603900, -0.03527119621061151900, -0.02717377766773708400, -0.01826077064418291800, 
0.05477595818010482600, 0.04260704058383357100, 0.02602238191218828400, 0.00736723066982695320, -0.01088573940711294200, -0.02635803888203854700, -0.03704911180402008900, -0.04082310559263904000, -0.03939896371068574200, -0.03423713590481681400, -0.02608350173014883900, -0.01703789224858029400, 
0.05026976991647701800, 0.03889552522643718200, 0.02403507285678544600, 0.00730713739189369890, -0.00965781004846484950, -0.02460769785918873200, -0.03409886411980630300, -0.03701788673307637700, -0.03581690045368100800, -0.03144319642738924900, -0.02423024842782830700, -0.01533585813308842700, 
0.04754695709140850000, 0.03662022896141169800, 0.02240526698495504800, 0.00639906209249798980, -0.00970624359052432890, -0.02386656577602152100, -0.03253606047178749700, -0.03481047651109955100, -0.03327910719391923000, -0.02865890021560019500, -0.02154148935009555700, -0.01290705930970508300, 
0.04522544649756749000, 0.03481907158736775200, 0.02112935504431171600, 0.00560414427377955650, -0.00979331861058812050, -0.02322123418332066800, -0.03148496395404017100, -0.03353078827083071800, -0.03193697487098490900, -0.02705094268179668300, -0.01991137463070040400, -0.01162212421910480800, 
0.04375221312658846700, 0.03377972950288166800, 0.02040779610482986600, 0.00522515340702492050, -0.00971917828145426810, -0.02250168685287939200, -0.03055693312820600300, -0.03286325438096762000, -0.03141269662504371500, -0.02650343056008166300, -0.01943203531783378000, -0.01140817913102856000, 
0.04231938501614101300, 0.03275849826946356700, 0.01982507353495720200, 0.00524890498335001990, -0.00913589541867100390, -0.02144163027015600100, -0.02933722604568263900, -0.03216635011665059500, -0.03095409963132224000, -0.02639057887564401000, -0.01948184468109005800, -0.01151018322768332700, 
0.04136953869210854800, 0.03203203039003176700, 0.01946173976857839800, 0.00527046420335597600, -0.00879071275170835790, -0.02090163910074299000, -0.02863775103242207800, -0.03140850511810300300, -0.03036612511557381900, -0.02612565207925348500, -0.01953514108427784100, -0.01181472516793359200, 
0.03937069633971467000, 0.03061044431792399300, 0.01856923751056093600, 0.00491119548588849970, -0.00844794734205807540, -0.01978043730643258200, -0.02700205013498176500, -0.02941403710382385600, -0.02838132521143057000, -0.02431005539734319700, -0.01838509904577299200, -0.01159513291509204500, 
0.03730202826904353800, 0.02907248070280176200, 0.01767624457236467000, 0.00479837655531689670, -0.00762450746295176720, -0.01803628931098370800, -0.02480774630413894200, -0.02730397519526133300, -0.02643224605346793400, -0.02275201717778690600, -0.01742297212041160300, -0.01152299819327025500, 
0.03546497221780384200, 0.02759568958115506500, 0.01681942552868831800, 0.00471284879025655240, -0.00691743321938292910, -0.01668034174916391300, -0.02298621131937728800, -0.02522659987799712200, -0.02441665010142872500, -0.02146204384131131900, -0.01673362684424289600, -0.01159690837375165400, 
0.03402449882080683900, 0.02642241754606424600, 0.01611368640695931200, 0.00468902670979248070, -0.00625251986615859080, -0.01545967966825037900, -0.02128620466306793700, -0.02341116134580988700, -0.02254134101291709400, -0.02007297101292854200, -0.01606370245406221800, -0.01157803391043301300, 
0.03383072927437835700, 0.02631689563419509900, 0.01611036866668065900, 0.00497175917031466090, -0.00555890455372913190, -0.01422291875160341900, -0.01978122223932929000, -0.02202013047700306400, -0.02160039948489370100, -0.01941539782501090800, -0.01619962265566120600, -0.01257461539756766000, 
0.03183326406055100200, 0.02488063989369155400, 0.01542337735165074700, 0.00519412882837503190, -0.00443003834014511940, -0.01227193282144783300, -0.01754057017166598900, -0.02002110363255024000, -0.02049435243307313000, -0.01906751191840045500, -0.01679910118415074000, -0.01414986414646716500, 
0.02907606534993911800, 0.02289116774396616700, 0.01445572046961455400, 0.00545872393196035740, -0.00290875969259769830, -0.00968447000804834900, -0.01450017608213910100, -0.01729173405012400200, -0.01849472779751062600, -0.01795110232737365900, -0.01668774215437011200, -0.01492153626671395700, 
0.02607892907434958600, 0.02064837767549042600, 0.01324839114421358900, 0.00544884975259387650, -0.00163906864541284950, -0.00730820594931337610, -0.01137753974384309400, -0.01392983064665609900, -0.01531725028304624700, -0.01552452025010783400, -0.01516512763987401000, -0.01431969555822949400, 
0.02218434755932387900, 0.01773340591514908600, 0.01168441531129821600, 0.00534098988151936180, -0.00037643022570949349, -0.00504547407213977880, -0.00855952132318119060, -0.01104057285125442700, -0.01273789919424164800, -0.01370156081966993100, -0.01394665445540437200, -0.01356816492453474800, 
0.01712948734982954600, 0.01374363199002482200, 0.00924019167351916410, 0.00469757108887349990, 0.00079129056927417993, -0.00230842762433231720, -0.00472268323292110350, -0.00675826236515069110, -0.00859398129302351050, -0.01012012203627016300, -0.01105041144466640200, -0.01126615967799536100, 
0.01430651156150240100, 0.01126177802003887200, 0.00731401208350476900, 0.00366460969904959000, 0.00095953596195812163, -0.00076060956650490894, -0.00192388531765159900, -0.00311418023614666240, -0.00466386248967369950, -0.00641673267944444650, -0.00799347937438555510, -0.00890255261590508500, 
0.01213705500870264900, 0.00893349363293175280, 0.00496742207863868240, 0.00176945752119985330, 0.00004001575716217485, -0.00032286037099106784, -0.00007996582410041402, -0.00014751593895916403, -0.00113341966729349570, -0.00305889151983797280, -0.00531152221688828850, -0.00713994146822654730, 
0.00950178840699573280, 0.00598344689553469930, 0.00185109827383886460, -0.00089476869548002600, -0.00153700317026283280, -0.00040516380931208187, 0.00162180403349416030, 0.00285000480675254900, 0.00273711397918153950, 0.00077712334651843158, -0.00205413898914441180, -0.00481493114432867290, 
0.00643907555183718860, 0.00362066773623069720, 0.00038569720689877389, -0.00158556147419170510, -0.00152902717595378500, -0.00004052127652683417, 0.00225593142149228340, 0.00354326467652450610, 0.00356029899145816850, 0.00179301853320250770, -0.00072308625586447073, -0.00311292943010827840, 
0.00308199309710005830, 0.00154327280064915620, -0.00013984328484655399, -0.00111723011386084160, -0.00088789385512584205, 0.00013405871668139080, 0.00144331695544225920, 0.00218533640706538700, 0.00219803636089739490, 0.00119700880147931500, -0.00007572170752704238, -0.00119392475575606760, 
0.00145239144405958000, 0.00085748042124326811, 0.00034647232825871905, 0.00011572826622711135, 0.00022431422435912306, 0.00053636167659931321, 0.00087048608772504323, 0.00105747268870040930, 0.00103175337040340810, 0.00072091645536214485, 0.00042897744908328606, 0.00028083946590401547, 
0.00132102522179738860, 0.00117991489995460910, 0.00113773028255799000, 0.00116485203688060480, 0.00118388873962398650, 0.00118140926950209730, 0.00118401315621314250, 0.00118617373449797760, 0.00115960674492831680, 0.00111945536816638590, 0.00110433165362555070, 0.00116497677566711570, 
0.00262459639701390340, 0.00258882125516335820, 0.00257565295149059450, 0.00257640251298516890, 0.00255919253003305740, 0.00252936313806960930, 0.00251030970451969130, 0.00249024310360972680, 0.00245500063573757120, 0.00240722047161927260, 0.00237305706006989830, 0.00234838997420851830, 
0.00706567471021988910, 0.00704537570484555650, 0.00703776740242162760, 0.00704790371110043490, 0.00703683370114208550, 0.00700899537287457370, 0.00699389904276338790, 0.00696837832199124870, 0.00692961229996753250, 0.00686923899048469400, 0.00683146060266412710, 0.00679524822308888100, 
0.00795502397660044840, 0.00792117039555714430, 0.00787005217157967820, 0.00785789511172187840, 0.00781452882138226720, 0.00774582400133431470, 0.00768105961597675190, 0.00760776949979714150, 0.00753003248060214220, 0.00741953529121728430, 0.00733831599839900300, 0.00725668702013388890, 
0.00375272325932848700, 0.00366781999472972880, 0.00355634812266802020, 0.00347613536254905980, 0.00337457740260505230, 0.00324470747072595030, 0.00309967275532262250, 0.00295694686038097290, 0.00280803083935609980, 0.00265099917562232380, 0.00252530556214529500, 0.00240259896954504730, 
0.00246470858802097770, 0.00236504307763799790, 0.00225975732283279070, 0.00215137613834569770, 0.00204656973322667230, 0.00189406535765864460, 0.00173590935563672070, 0.00157556516185253890, 0.00140297441939601010, 0.00123461741638873870, 0.00108512098547511470, 0.00095114968027598537, 
0.00235537692463697000, 0.00224977159352971870, 0.00212290302460018540, 0.00202298230029899790, 0.00192971299274781550, 0.00177104350130379610, 0.00160578416487006390, 0.00140150429499011270, 0.00120749159406585900, 0.00101402640320914090, 0.00082611924103426833, 0.00064683084396413050, 
0.00252532745592745630, 0.00236141085962474550, 0.00219114996431867430, 0.00208611011445304600, 0.00201306877403601560, 0.00184354702510531700, 0.00162919477311343420, 0.00134932706066013160, 0.00108498935618096990, 0.00085505931408434027, 0.00065866309307771413, 0.00047516791480667472, 
0.00303030745813024460, 0.00268973833232284470, 0.00241973730692018670, 0.00234969480629615380, 0.00239607959350624780, 0.00228196110307153600, 0.00202190246899446430, 0.00161249024958443110, 0.00121297806497681430, 0.00095833539396374275, 0.00082999076607418994, 0.00072439143917029877, 
0.00354111288811493830, 0.00278228254341626780, 0.00228756722662534430, 0.00234433514142453690, 0.00272595354637848300, 0.00284038291309348650, 0.00257246307519957060, 0.00195569392909848970, 0.00134771492720146390, 0.00101657747761680750, 0.00100499710926911060, 0.00106794638443489820, 
0.00403992405059822560, 0.00264622139425779120, 0.00181461817119862480, 0.00201278524700027180, 0.00281962623024651590, 0.00326561858154075700, 0.00299919295797296610, 0.00213204918087013180, 0.00118619278424484630, 0.00061836281805090643, 0.00069631312430650568, 0.00103744554151356350, 
0.00421973139894641410, 0.00225658311520737830, 0.00104650256466234090, 0.00142197037063565290, 0.00254989706571598230, 0.00325780428798774910, 0.00307888012708615710, 0.00188765019601376060, 0.00052879626409928801, -0.00036102758816407445, -0.00013397195528592473, 0.00056840010402614473, 
0.00420004746030617180, 0.00212377057493366370, 0.00081929768409520060, 0.00125180661439487920, 0.00241238052099718640, 0.00313859293117781280, 0.00295705195500583880, 0.00164037222910997400, 0.00015300583065457136, -0.00086482500994041313, -0.00064651233554209901, 0.00013677160706080155, 
0.00391086556364870530, 0.00227020538360653630, 0.00136774711860255080, 0.00175956043117562830, 0.00242749453074177920, 0.00268795437297744600, 0.00231995502536446340, 0.00134789940571380790, 0.00022550705113813611, -0.00050337693359628105, -0.00037002870844171973, 0.00005685968670527306, 
0.00383748883311200520, 0.00240413434117090150, 0.00173914385250905800, 0.00212678572714262390, 0.00242359841343823450, 0.00233787788908461970, 0.00197638747198774450, 0.00125287344758525820, 0.00027888054337739371, -0.00034186910719189199, -0.00034686917193492022, -0.00012900076168037949, 
0.00401084710445863410, 0.00252212909807086580, 0.00178843287618667850, 0.00195416842845564340, 0.00228544759184398090, 0.00230839727649847710, 0.00194757801536082110, 0.00115934248624602920, 0.00015294064652102225, -0.00048846839467862858, -0.00049312004380355756, -0.00027848875038830951, 
0.00374111826734399140, 0.00226180403401220630, 0.00151735631538834420, 0.00171183116967393700, 0.00218497443805882110, 0.00237548298530658800, 0.00202318596063345330, 0.00109270825053296890, 0.00003939052112914069, -0.00042488867149426872, -0.00023631316215217047, 0.00000759288285137083, 
0.00349116274258942090, 0.00205792722805897470, 0.00149262871623648980, 0.00174077453111712950, 0.00218908001678967380, 0.00234750424781010170, 0.00192625041086542910, 0.00098859559793102727, 0.00002761689519773441, -0.00029225824142304528, 0.00002284678115982827, 0.00024211610514606174, 
0.00349725455133588450, 0.00210522723154907840, 0.00153770449917719480, 0.00178402592521964580, 0.00222307666746436810, 0.00241237317993368880, 0.00179708974761054160, 0.00086614606993197778, -0.00000450724112820397, -0.00033510039671798449, 0.00004377897418402740, 0.00023737812175860594, 
0.00400685077791316370, 0.00241996666282554700, 0.00152044649717674290, 0.00169329543840376820, 0.00222568333208751030, 0.00255631733349960190, 0.00196382331243282390, 0.00094489407712048084, -0.00001814389177279621, -0.00050696947096052093, -0.00025048859037166089, -0.00007183705757942820, 
0.00410922394495648320, 0.00244333605222021330, 0.00144511968030363300, 0.00169105507764322230, 0.00231206530855582100, 0.00267091789239150890, 0.00199206684152686450, 0.00089873685050000259, -0.00009127196842695544, -0.00054164704298205436, -0.00028595732198292767, -0.00018749198078914499, 
0.00345050980032433200, 0.00181773879340455880, 0.00117173672005203560, 0.00172659281570388540, 0.00230157857677366430, 0.00246388197701697230, 0.00166654237423736720, 0.00059273289965315991, -0.00027725397130683264, -0.00050131617687148992, -0.00002770722078546949, 0.00012564039980038136, 
0.00351431069554794570, 0.00202923770506033140, 0.00133450545222211780, 0.00178322577024297360, 0.00224125533590177960, 0.00231410772976971830, 0.00154595393142815450, 0.00051648642646472803, -0.00030252284503052808, -0.00047704345520069611, -0.00011172016398162725, -0.00002651654552651414, 
0.00342110061436166680, 0.00212864533697534970, 0.00148024972278865890, 0.00183134986048602500, 0.00223774035481413620, 0.00225853448583261850, 0.00161829288926788710, 0.00070667853309621330, -0.00011941239455270813, -0.00042561667807671877, -0.00012675804544390646, -0.00000472345834939775, 
0.00317703872252300240, 0.00189756364724037950, 0.00138123165882963620, 0.00179203975809319130, 0.00217215301001526160, 0.00208544860167648140, 0.00157932233843878240, 0.00085000080068438019, 0.00007307519559607566, -0.00038439608077856934, -0.00017076431489893631, 0.00003958186219934741, 
0.00310138052105338220, 0.00177759728887928610, 0.00123572780294428270, 0.00174395061785855310, 0.00222650884333835910, 0.00212558785864334610, 0.00143644422125203450, 0.00060942592418074010, -0.00009446900867547129, -0.00034204772531471833, -0.00004960975964248344, -0.00002576212444999582, 
0.00304306275279712500, 0.00178196183915141770, 0.00124574340611797700, 0.00165313866023782210, 0.00206342338392896280, 0.00197057576413219720, 0.00139432947160112680, 0.00062275519952072872, -0.00011804152650887203, -0.00056013208780254927, -0.00035777923682424274, -0.00022285219194751179, 
0.00303208330279411580, 0.00185064021746077480, 0.00130735196482909490, 0.00159911476522868120, 0.00198250346916525180, 0.00189243708163404440, 0.00128897790619037270, 0.00050177220127733285, -0.00017628302500297141, -0.00062795709563982479, -0.00041069125077549252, -0.00024427634261842813, 
0.00303348212157280050, 0.00190344319331523350, 0.00137030451619028310, 0.00165865518859059190, 0.00195264989631717510, 0.00177663068703450870, 0.00121684000386584200, 0.00052666482550347866, -0.00010120880531504887, -0.00043203356931129479, -0.00034206899301283136, -0.00025610523705321930, 
0.00291457483941576400, 0.00186165965115720680, 0.00136110210377230920, 0.00159683395200672230, 0.00183021138244142100, 0.00170092521662535830, 0.00133542158691213220, 0.00076406761161968014, 0.00009139844657989175, -0.00043086178787478402, -0.00049978033034432071, -0.00036125340195115679, 
0.00280481740687361230, 0.00177926556077759960, 0.00128677683861739870, 0.00150516643922606030, 0.00174711557073648460, 0.00164315531273438600, 0.00130187839776329950, 0.00073783660094825195, 0.00008409598430458222, -0.00042855068751922773, -0.00051384326236834097, -0.00037596558301099416, 
0.00272559395400768070, 0.00168691036593688910, 0.00117529645327514760, 0.00144278006941967040, 0.00176402933302914800, 0.00169719401007609140, 0.00122860571252942550, 0.00054900876851274945, -0.00005285031222366969, -0.00036376911179368868, -0.00036846411181742298, -0.00032046455256584238, 
0.00268568342249804210, 0.00167421722362626290, 0.00119444541783519260, 0.00137510209739365410, 0.00175839042962378930, 0.00181402024492168860, 0.00132013663556552050, 0.00060094015548824630, -0.00002311883718854447, -0.00037521907814848328, -0.00027000415212775957, -0.00020042684674039606, 
0.00254391062988881250, 0.00160904914890033710, 0.00123632101247675860, 0.00132960603147709920, 0.00163735527377159960, 0.00170316193028653040, 0.00127370384809339450, 0.00073140692638300078, 0.00010120202884867693, -0.00038593114752833699, -0.00033960676377121966, -0.00022781559107686288, 
0.00252652044412988040, 0.00165286693254473590, 0.00124107474776700090, 0.00136832850722109680, 0.00160369604613233210, 0.00158055592316749750, 0.00121203193528886580, 0.00069255980719515223, 0.00010449145573494133, -0.00031723381202736960, -0.00036402357181192203, -0.00025858298610708969, 
0.00245109363025858200, 0.00161777601987397810, 0.00120700481179289180, 0.00134180447325270850, 0.00161765204834592260, 0.00162143115407049230, 0.00124047439800195530, 0.00064953178443473002, 0.00009855008955960550, -0.00025199120490800313, -0.00024780488652955860, -0.00018618538400183896, 
0.00233529612670015920, 0.00157216886580351270, 0.00120410751409360020, 0.00128888754777008670, 0.00155031763904324440, 0.00156328920169782860, 0.00119093408322898410, 0.00061634785055125437, 0.00014768700203190939, -0.00019227152220888013, -0.00020583360793957254, -0.00023021529808140958, 
0.00230940553224444300, 0.00163413529845567800, 0.00132423875012720380, 0.00136515637498286070, 0.00148694290934639010, 0.00138504942383636660, 0.00098911214355666796, 0.00050964078180940964, 0.00019405489452947532, -0.00005073591507699224, -0.00016076742281001950, -0.00037152822661939462, 
0.00227892712461757630, 0.00168526589745832750, 0.00134400452879307620, 0.00141109172417832680, 0.00149354540423534380, 0.00133214324484507180, 0.00087728087502490185, 0.00040128813782748860, 0.00020218269682816434, 0.00003946986574890226, -0.00011622522280801666, -0.00042871647629572470, 
0.00221967702654654770, 0.00165540533730704510, 0.00129998361467963270, 0.00136908740000017510, 0.00144441530845293150, 0.00128141717680807080, 0.00082217857846403732, 0.00035246772362763597, 0.00016757408302937551, 0.00000463239587682598, -0.00015560404037435818, -0.00046936041946887477, 
0.00209115608636018880, 0.00152460048685928930, 0.00122412049341849220, 0.00124148216900207480, 0.00132690028661793810, 0.00120338345422867850, 0.00082887836866550883, 0.00039522041894941601, 0.00018707313444509547, 0.00002160225235737683, -0.00008392021312250688, -0.00031014943713784520, 
0.00199310292796885720, 0.00143303270723286760, 0.00115092810495749240, 0.00115454709600780950, 0.00122636509295908410, 0.00110532394765734030, 0.00077884794271593086, 0.00042411810463745031, 0.00020553286015827249, 0.00002175347565962267, -0.00006616114001280744, -0.00023965515177580153, 
0.00192998673641956020, 0.00138825940569184160, 0.00107659601703149340, 0.00109857759206820790, 0.00116933862790806630, 0.00105143082505479830, 0.00071835786690126863, 0.00039578040221234972, 0.00015458642662429388, -0.00002199658678048407, -0.00011043221410801436, -0.00027116485609085918, 
0.00188699505386462000, 0.00139259191328413870, 0.00109627355212977470, 0.00114666887221567680, 0.00120172046370400780, 0.00101697651913479300, 0.00062801106386624057, 0.00028473944865178402, 0.00008727940980564999, -0.00005778761199132010, -0.00019278900206028701, -0.00040962948200480315, 
0.00179514254909640440, 0.00136491538998167800, 0.00110331534256979210, 0.00110418726631841720, 0.00109328779536371570, 0.00089836326115261115, 0.00057834145459886009, 0.00027280149729572883, 0.00009125396017223120, -0.00008116008574118756, -0.00025633104018353624, -0.00045936166324591255, 
0.00156781478241434860, 0.00123728135726491020, 0.00102117879549052930, 0.00096442397091872623, 0.00090702710730641205, 0.00074288338859406573, 0.00053212271315129659, 0.00031559159841784831, 0.00016056995161373914, -0.00000964606070127951, -0.00018268231907818771, -0.00035227712511013478, 
0.00132851292982568850, 0.00107832771348623560, 0.00091154006890393385, 0.00085866277257459333, 0.00080056611658143684, 0.00064364253796193524, 0.00046063639420597103, 0.00029209058540802122, 0.00016299371856474127, 0.00001615972942060774, -0.00013603784469049419, -0.00026578703068860310, 
