1.10766223410174440000, 0.57611142396124237000, 0.27776650938748132000, 0.12560064212369307000, 0.09448051108299361500, 0.13582418181354838000, 0.13093826160093441000, 0.08355825189705148900, 0.06006408906961655700, -0.00524675450822086750, -0.04571073624154767300, -0.04473030846117538600, 
0.29707126013954355000, 0.25083789653941674000, 0.19750317072799956000, 0.15195790206429938000, 0.11939104658206839000, 0.09666898646296763500, 0.07854383423471758600, 0.05934974662826651700, 0.03703987661080995100, 0.01315683569514616500, -0.00945277457484734050, -0.03338599604609689100, 
0.20189859350932923000, 0.17658765378667043000, 0.14450925373302786000, 0.11600201580951106000, 0.09496713842198079000, 0.07818511159825909700, 0.06447549684005576800, 0.05068455227637867800, 0.03524919018953303500, 0.02135184809467473000, 0.00803137788316594420, -0.00458020882537689060, 
0.19113634779815897000, 0.16778467016169465000, 0.13585938655546773000, 0.10246468200210304000, 0.07462213338822267000, 0.04990332747182645000, 0.03137713450855114000, 0.01867629888566089600, 0.00690245820660011920, 0.00314717507495256270, 0.00157229702250186650, 0.00234962077995289630, 
0.23251175812513841000, 0.19608960254488875000, 0.14544861800643727000, 0.08928867982430657700, 0.04026839601182773800, -0.00233786046097873850, -0.03305385723983321500, -0.04613107572783532000, -0.05471308049404979800, -0.04760586692846688300, -0.03687338570433754100, -0.02468932837736791100, 
0.21922753216930277000, 0.18135300430118381000, 0.13023632895984233000, 0.07420221939947878300, 0.02256616194886654200, -0.01950594649916995900, -0.04827109108301010100, -0.06292096654038406600, -0.06228472056807546300, -0.05355652531840260400, -0.04103609012244244200, -0.03021559882523384300, 
0.18561708174208250000, 0.14989577671257123000, 0.10564042667627992000, 0.05838972723702794100, 0.01335013393398505600, -0.02359661101810862200, -0.04738143280912221500, -0.06105239951072151400, -0.05660313532791676200, -0.04710797427307408100, -0.03359465666484798300, -0.02188445088588306800, 
0.16092790346249397000, 0.12893887641624860000, 0.08822746501598569000, 0.04527777799541521400, 0.00546702095843957900, -0.02717529710144559600, -0.04579625310667139600, -0.05458642012178149800, -0.05064122060361118900, -0.04218840728002529900, -0.03134144389717501100, -0.02167627161531023700, 
0.14331420354629143000, 0.11420197671298543000, 0.07564183711140154400, 0.03521557379736871300, -0.00070478095862694205, -0.02941830468966855800, -0.04422133071907060500, -0.04896987706937935800, -0.04515830569442290400, -0.03706584116033487900, -0.02881194626327614900, -0.02225225949943062500, 
0.12359563703192067000, 0.09793513243868751100, 0.06395055342092627300, 0.02895608304113682000, -0.00224887548604631520, -0.02675590225312225000, -0.03914071115745231000, -0.04303285794920348700, -0.03941591740256422700, -0.03193657455091119400, -0.02454679142745901800, -0.01856114919209513000, 
0.11067343131763785000, 0.08726488257171959000, 0.05679120774761722100, 0.02566142440558644500, -0.00334834656865991980, -0.02521533827560688500, -0.03663434287324569100, -0.04045778267449982200, -0.03784418077446263100, -0.03233789126170929400, -0.02597548908974392200, -0.01968729307488763200, 
0.09926373494365874100, 0.07747520148368133900, 0.04924603981983014000, 0.01991302866063490700, -0.00731856569822948630, -0.02674176950616038000, -0.03582033029273823400, -0.03752620567817098500, -0.03252328305340188000, -0.02637200953799288100, -0.02038094362331969700, -0.01637754373928662600, 
0.08773627337711366300, 0.06773017969585173900, 0.04248631422104486000, 0.01615390083807255800, -0.00793183048881004880, -0.02544027848227396700, -0.03293158066956147100, -0.03505028467717738500, -0.03068943198480223600, -0.02678548303327450400, -0.02260448984449287000, -0.02021158690519308700, 
0.07906998833485121000, 0.06091001521187287100, 0.03781548669429163300, 0.01415527492749151100, -0.00707011294833765140, -0.02266284500681438300, -0.03029844556316087200, -0.03237126231817101500, -0.03004682484907297800, -0.02700752622844382700, -0.02343660449251627100, -0.02179822766303179900, 
0.07223100812300199700, 0.05539252595798990800, 0.03367449561480023000, 0.01182470479114451500, -0.00640022174677431450, -0.01940182734643408300, -0.02612226707349617900, -0.02782567929512746300, -0.02553441423787045100, -0.02223841042113056500, -0.01985285392941487500, -0.01977400177758956900, 
0.06622202202053567600, 0.05134412612108840700, 0.03212084897135678000, 0.01250008557749976400, -0.00372579516484478550, -0.01532851600723469100, -0.02208924918159637200, -0.02446935387246740300, -0.02341092007819803000, -0.02126907589355736900, -0.02031216120396326900, -0.02102919878027603000, 
0.04566884821042850600, 0.03657507111873783300, 0.02471460998966580600, 0.01238454521577982100, 0.00137295174768839000, -0.00743597798192807520, -0.01396483912279196900, -0.01800401443223508300, -0.01981041226612266200, -0.01999029380832096200, -0.01973695072317974100, -0.01936116877427230400, 
0.02414988801099418600, 0.01993217242144411000, 0.01461093518024143500, 0.00904230075492096910, 0.00394385023804121050, -0.00057067863140447799, -0.00446952011188425390, -0.00735453808082125580, -0.00929304596263239720, -0.01029545400803216100, -0.01064820240136850000, -0.01065896344724097000, 
0.03887937081886597800, 0.03127695611404464300, 0.02143064274526363500, 0.01110614358952625000, 0.00237947638098224110, -0.00435811139706337830, -0.00878442830458992480, -0.01091120119974555200, -0.01156222293436544800, -0.01179238500979369100, -0.01232178691106112400, -0.01414129552236210700, 
0.05686266562234840200, 0.04555011899179810900, 0.03003050572198274700, 0.01377915793491347700, -0.00068954241161750095, -0.01201577177462990000, -0.01969233831573035500, -0.02409653867769241000, -0.02499775950550711700, -0.02456948038012985900, -0.02345931457380915800, -0.02247920470693957500, 
0.06418205271924074000, 0.05181023972072476600, 0.03438223137127132500, 0.01585246395260768800, -0.00156387708041002970, -0.01626217738558717900, -0.02700405809558903800, -0.03409910420513366500, -0.03632254619855059000, -0.03562566633301617000, -0.03251025888259248500, -0.02770269340223843100, 
0.06697226710525532000, 0.05370361249923149400, 0.03605329727247039200, 0.01738576803608514800, -0.00067236764966975343, -0.01626126578095597400, -0.02769390652110773100, -0.03463780204849345500, -0.03722733998012111400, -0.03660131149911360200, -0.03399586564222455800, -0.02947605995536650000, 
0.07002947252786545500, 0.05570190436240946700, 0.03701389923184032800, 0.01722063331496013000, -0.00191440038500213270, -0.01819342349336960600, -0.02932534632033676600, -0.03498896784458856900, -0.03632677806369031400, -0.03495928858826552500, -0.03260953630815648100, -0.02892468304789830300, 
0.07157603910296790600, 0.05628395621657678700, 0.03622041142363525300, 0.01485041512092813300, -0.00563181814974874140, -0.02266149356159064700, -0.03326569411185963800, -0.03760826233302666500, -0.03768649705291349200, -0.03511873194717206300, -0.03144013953668543100, -0.02743786411248764400, 
0.07040148209422643400, 0.05450105953346729600, 0.03346965679488268800, 0.01132212422161038600, -0.00956888110002637740, -0.02617212256269258300, -0.03586593763329497300, -0.03901061214647910000, -0.03778068573967310900, -0.03402717601534208100, -0.02929670484537336500, -0.02522004603408989400, 
0.07010990437377601100, 0.05320178007713351200, 0.03082478972723697000, 0.00739940570313795280, -0.01426355895065371300, -0.03079544544393692000, -0.03970161194963566000, -0.04136338804228761900, -0.03800735130466484400, -0.03206735473813920900, -0.02540544341009555100, -0.01982633981082762900, 
0.07121344265319090600, 0.05262446797217979600, 0.02802301456589110700, 0.00258271323767217220, -0.01995222781767513200, -0.03624214324947478600, -0.04387699034145807500, -0.04336036602076466500, -0.03643267627319917600, -0.02709478983645589200, -0.01763849862108694800, -0.01046509297036689500, 
0.06923871763702250900, 0.05050739780507800000, 0.02562321496069331100, 0.00004964682576023838, -0.02192342105309799000, -0.03726398018629532800, -0.04373364658068099700, -0.04189171275716822200, -0.03310272634490445100, -0.02232596774306977400, -0.01220136616310572200, -0.00600342110211016850, 
0.06243367860180393900, 0.04564324523474560400, 0.02325053983541625100, 0.00005369739198251297, -0.02024769649897480200, -0.03461050177198127200, -0.04102788298038463600, -0.03986803902048480200, -0.03194098152646424000, -0.02168523288108734100, -0.01154719914680910900, -0.00489680087827291250, 
0.05679208705252913900, 0.04176254636317276000, 0.02154437003652453400, 0.00025689151511814495, -0.01858971989479662300, -0.03239335863721529200, -0.03925436465835294800, -0.03862897150505503800, -0.03128064045494632200, -0.02085996382729349600, -0.01018326449471871100, -0.00224095856949902820, 
0.05489211966621060400, 0.04001240636419641600, 0.02013307141676281100, -0.00092140616144802644, -0.01926514256787333800, -0.03300471056112620100, -0.03976060619661821900, -0.03869314229816411800, -0.03127863792262305900, -0.01990095736872494700, -0.00782238194886527430, 0.00141645316889842130, 
0.05319805615075137000, 0.03862119772278573700, 0.01937734213211024200, -0.00103344696402385870, -0.01890363098938348300, -0.03240556536629827400, -0.03933912069267620600, -0.03862313674107435700, -0.03151363230078541000, -0.02050924755342878000, -0.00822042569626256140, 0.00178322211626424790, 
0.05108783084955743200, 0.03718170832299021900, 0.01891299160856504600, -0.00083324094132696674, -0.01828655978900533800, -0.03138619197915137900, -0.03833333889898916900, -0.03827894534851510000, -0.03061770647851792800, -0.02069185795215295100, -0.00952248265524537060, -0.00020578857029770862, 
0.04783195298758461500, 0.03487930399035818500, 0.01780653273263842900, -0.00063489013705677103, -0.01734856083639744000, -0.03004233692357196500, -0.03671484156774385700, -0.03638314768033194800, -0.02936322768602191200, -0.02011311997976383100, -0.00967918765555098380, -0.00061013811702397274, 
0.04431353252005133100, 0.03232496719640515200, 0.01644032726828164800, -0.00052451525282391255, -0.01588414106074843800, -0.02773679874529707100, -0.03396435456771193500, -0.03355965111817464000, -0.02795275306697828800, -0.01943006171148513700, -0.00981256245281393260, -0.00125287860308624160, 
0.04293936333581220600, 0.03139605100972681800, 0.01588090418580588200, -0.00072608313210732658, -0.01540311781408003200, -0.02656809438496755800, -0.03246432207014242300, -0.03236721165227803700, -0.02722803348346221000, -0.01897082223102033300, -0.00957180488151011460, -0.00144814709978246020, 
0.04230956876622649800, 0.03081933064717200600, 0.01537953899083441100, -0.00111590378182519430, -0.01559956486486489800, -0.02651054627114722600, -0.03225911398446102600, -0.03194682379165841200, -0.02662750850600698400, -0.01808152493120536800, -0.00847707321681437360, -0.00038765349531091870, 
0.04199927920924412300, 0.03078751614829338900, 0.01558289692113829600, -0.00077155956042247991, -0.01518620030082904100, -0.02615400263903242000, -0.03201142524444820800, -0.03175538445154720000, -0.02646508013097569800, -0.01762108803300235100, -0.00765202238528981270, 0.00064579209998186986, 
0.04151433727601023400, 0.03080743931898054200, 0.01616094782833552400, 0.00038370474491262487, -0.01384164358302095500, -0.02489848591887222300, -0.03120046015318373600, -0.03171020418577829400, -0.02708522554203077500, -0.01874960905494649200, -0.00896709954393176860, -0.00047499531434094821, 
0.03933481249460506200, 0.02930405278560023100, 0.01556967232061126300, 0.00106752059401194530, -0.01239166075024133000, -0.02295139624264381000, -0.02928738739224623000, -0.03051685315031042000, -0.02648807632134298600, -0.01898750642351957500, -0.00990858447075421490, -0.00165547273537973890, 
0.03640558169178103500, 0.02708721364848196800, 0.01442883777970363100, 0.00103636158531996090, -0.01118846121532369300, -0.02086651295268321000, -0.02675676228763980800, -0.02801937012081521400, -0.02456046440293849900, -0.01765792355359460000, -0.00922859941719797810, -0.00160747581371775430, 
0.03268004939166138700, 0.02435025444628610000, 0.01310107761475688000, 0.00108018129539153080, -0.00982404997952255300, -0.01860195706784950300, -0.02399639642240090200, -0.02533259233356779200, -0.02231693096374189100, -0.01622489709723476000, -0.00877424369481913730, -0.00200104064720976490, 
0.02870091807566163900, 0.02165252141493970900, 0.01208947859127777600, 0.00172042109462932190, -0.00784008445924840380, -0.01564644950720035100, -0.02063983951005428400, -0.02236644536594282300, -0.02015737083306785900, -0.01539953551909542200, -0.00933614661022823780, -0.00359353188507712060, 
0.02650416888820451500, 0.02017608872899310700, 0.01147536837294302900, 0.00187373615304253020, -0.00703617690200230690, -0.01429548739275192200, -0.01890336664405915800, -0.02048768714722587100, -0.01858465038242100200, -0.01444652006819658100, -0.00904302085139724670, -0.00394992444075901480, 
0.02629777143817782500, 0.01996110231689204200, 0.01116365227829044400, 0.00142376345742362650, -0.00750354428539591090, -0.01460057001827826300, -0.01889797655398528500, -0.01994994299658751900, -0.01770758370287737700, -0.01329557459610319700, -0.00778127370729565610, -0.00275671115080297930, 
0.02607684610910583600, 0.01970316517166934700, 0.01085776824515456700, 0.00110141812539226800, -0.00775521007030268320, -0.01470525704499364900, -0.01878362908220308100, -0.01955758474398776700, -0.01709144458316276500, -0.01246706449991618800, -0.00686541768293342900, -0.00182431221387862170, 
0.02467038273034734600, 0.01875057288411436200, 0.01052771468057285200, 0.00146192110628125150, -0.00681157945845580880, -0.01331918799466864100, -0.01718568867635582000, -0.01802526982277714200, -0.01592529687299995200, -0.01191918998856482600, -0.00703264415377785790, -0.00257767762380814970, 
0.02370130316407554100, 0.01808129188836165100, 0.01031684271529732100, 0.00178503637842298070, -0.00596996279674448520, -0.01209915359775634200, -0.01589945830987498200, -0.01685991267907969300, -0.01527248751198046400, -0.01191509918962959900, -0.00764956895208759870, -0.00367971988782345160, 
0.02318805680818649900, 0.01754186014409285900, 0.00987951325902108010, 0.00165247866524884880, -0.00580031570180195370, -0.01159282184499888100, -0.01507340172955555200, -0.01587435600582345200, -0.01417655333295486000, -0.01102739638039517900, -0.00718235253982833340, -0.00363605111053685740, 
0.02280163459453121000, 0.01714445997022760400, 0.00957574496481804900, 0.00158375782715226760, -0.00567544005858504170, -0.01128228929347759600, -0.01450048348118842600, -0.01525134732829869900, -0.01375897970525957600, -0.01112198222588850300, -0.00800725399662929880, -0.00494457145976564830, 
0.01990327176687731500, 0.01513819878087040900, 0.00876605518717122470, 0.00212257781793135460, -0.00385154467685938940, -0.00854181163856985140, -0.01144015611530518500, -0.01260807826494458000, -0.01232592120111182500, -0.01104657820947307000, -0.00933702592621074060, -0.00739874005251863870, 
0.01708065893456089600, 0.01312476264496267300, 0.00784923592433888800, 0.00247880477377580280, -0.00218924079072860400, -0.00580775975045416150, -0.00816384849599315240, -0.00926571941595973930, -0.00955069067870792380, -0.00891845224231039600, -0.00797343993848495000, -0.00693744915101730110, 
0.01543728218680110400, 0.01176589530369793700, 0.00696296480650319010, 0.00226798797526019630, -0.00156169584966109200, -0.00435686520421440200, -0.00613129936046032890, -0.00701710129115179320, -0.00741744285440053970, -0.00717160919879569760, -0.00663833957858361770, -0.00608339514922702320, 
0.01484703965106504800, 0.01087513046425463500, 0.00580244955826728260, 0.00114696506581553190, -0.00225432296712052950, -0.00418053658929111450, -0.00507258319676973020, -0.00531218415783461270, -0.00531589692367797920, -0.00528271737375449540, -0.00527452553137908350, -0.00543906988999825170, 
0.01502436873002224200, 0.01038396363370700500, 0.00459134879770607680, -0.00034599869791411694, -0.00333336736303049090, -0.00423997019088034110, -0.00389279825013592220, -0.00318962186234965100, -0.00281618645319876590, -0.00309964717494658380, -0.00389598495189449020, -0.00504587686851230060, 
0.01398012310223601000, 0.00918270880134570110, 0.00337596454521461730, -0.00117842751871248190, -0.00336584451433196310, -0.00326662830190619290, -0.00203029722166447840, -0.00094975667240452708, -0.00090996507571481494, -0.00192253129336586470, -0.00364443151873421670, -0.00551662812760498210, 
0.01068216474676434700, 0.00684729987665970080, 0.00231975112035641240, -0.00112567507350646070, -0.00245917530214924020, -0.00187243485040971260, -0.00030289219233590298, 0.00095308484549491311, 0.00101154459122827520, -0.00023080834764700444, -0.00243369698822242920, -0.00476815935690261350, 
0.00756132473785431270, 0.00461366148240557540, 0.00130779510827200920, -0.00113584570863938620, -0.00176613096080817940, -0.00080296150177372547, 0.00093123853445818510, 0.00216429148095730570, 0.00219186945866070610, 0.00086034727010832559, -0.00145177136822906240, -0.00374391267539670890, 
0.00433295221062529770, 0.00252300025479360210, 0.00053832317002879806, -0.00084728052428190452, -0.00094432237887042379, -0.00008066597866085216, 0.00115007021850297180, 0.00196150796175911540, 0.00183561696444338950, 0.00074874758469338758, -0.00080601356305095662, -0.00219220494720434940, 
0.00179682726911404610, 0.00125327751619780840, 0.00067251330514539020, 0.00031873069728735403, 0.00036644418746557497, 0.00064643362364501461, 0.00098923380882433667, 0.00118115979129081150, 0.00108748426406511250, 0.00070996332250821564, 0.00026630396257461947, -0.00012089585000853821, 
0.00287294275167282580, 0.00281176923183969760, 0.00275975090978916550, 0.00273712953584987620, 0.00273446144443608920, 0.00272582535752915630, 0.00270681914889051500, 0.00267491962781230260, 0.00263174706366396450, 0.00258237835379597270, 0.00253425853092690030, 0.00248385173941760490, 
0.00519879782586124290, 0.00516964544337692770, 0.00515684550282809530, 0.00515590568430867970, 0.00515126260083482050, 0.00512038193345176920, 0.00507546852310855350, 0.00503566334774915420, 0.00499475715496164150, 0.00495961169858672060, 0.00492553517360305640, 0.00487442111957440190, 
0.00332458825672228690, 0.00328244739574799380, 0.00325301477076409730, 0.00323516845202297080, 0.00321098729442830440, 0.00316383625267090000, 0.00310681149987305930, 0.00305406985701382450, 0.00299986595510265540, 0.00294863306344531110, 0.00289718970825949330, 0.00284101878721305410, 
0.00254075043160574990, 0.00248277481089189800, 0.00243165835180686160, 0.00240423699766515770, 0.00237686736069348240, 0.00233205928773864940, 0.00228307160273393890, 0.00222761636377392280, 0.00215950622447898690, 0.00209506930658196920, 0.00203458049955365260, 0.00198243811676397960, 
0.00317155071433697930, 0.00310652805621911130, 0.00304529296738509200, 0.00300406787054570410, 0.00297374161236786450, 0.00291780854666071150, 0.00284983968562434490, 0.00276643207531528230, 0.00266595699512939010, 0.00257377168534924730, 0.00248559369387850060, 0.00240045388535367960, 
0.00340699095915710830, 0.00330522116569583350, 0.00321663442142370570, 0.00314174069916808110, 0.00308076159200363880, 0.00297456613779183100, 0.00283471205640194010, 0.00267156408825649760, 0.00250959049282766530, 0.00239082203022173610, 0.00226034082785365370, 0.00211985998669039520, 
0.00277217858278667190, 0.00260773109740116900, 0.00246601343346426060, 0.00236089908708316150, 0.00229094015010849460, 0.00217326395967410660, 0.00199797370316569680, 0.00176613307698228990, 0.00153354075908226400, 0.00136124437991947520, 0.00118646088117557230, 0.00103760701795213620, 
0.00272575309865856440, 0.00251830915179354890, 0.00232273492546360800, 0.00220726552220722100, 0.00213588606538239270, 0.00202335935035264030, 0.00185161610056134410, 0.00158585234914088330, 0.00129407831175329110, 0.00105067136882691430, 0.00087995097356092806, 0.00076237196200385784, 
0.00302880538896224680, 0.00271556727529307860, 0.00247608317501285670, 0.00238879856807652090, 0.00232713083555028020, 0.00215537798095893390, 0.00189694768862866920, 0.00154007933832853440, 0.00123352250158199680, 0.00101175527252315100, 0.00088234604443629221, 0.00075627653602474158, 
0.00309924410932708440, 0.00264777128145112860, 0.00235161482506611760, 0.00229089266095375230, 0.00228687509329461540, 0.00207188298729338170, 0.00169457558887572490, 0.00122424295342243230, 0.00091237143286226842, 0.00074590975769578426, 0.00063358252350500383, 0.00048344565312291566, 
0.00307853083208796480, 0.00253635997790727310, 0.00218872277583441770, 0.00212634390160194000, 0.00212091875953197100, 0.00183316735745285950, 0.00133855655515096820, 0.00079647609580608828, 0.00045397385519881773, 0.00028993974492322165, 0.00012748869611018995, -0.00012249214369881270, 
0.00281501338903550940, 0.00223757649174710120, 0.00188453815165365690, 0.00185762818874117900, 0.00191680515787538110, 0.00164776970986933810, 0.00116685429814486700, 0.00063237517225133290, 0.00017886364647534415, -0.00001160003286965841, -0.00020606884257178776, -0.00045948610134981509, 
0.00281870730407013380, 0.00202715948097935160, 0.00146785123005990430, 0.00151068818595124730, 0.00173004821342658400, 0.00169420801527558720, 0.00124110567444908220, 0.00063499596023895721, -0.00003726364826842823, -0.00040418556189065374, -0.00054674601076556365, -0.00053534482985971869, 
0.00284769775944853370, 0.00170029154007431650, 0.00099083160984081171, 0.00112612540333759850, 0.00162039756945021030, 0.00172351467820755090, 0.00144909848452750300, 0.00076196422248701000, -0.00007618498666049387, -0.00060279627073379482, -0.00068253695421669088, -0.00038699914701388914, 
0.00286744720741896910, 0.00144307562514450830, 0.00072360393568693176, 0.00104712569308179630, 0.00175033506505746960, 0.00183038796589233980, 0.00151546574360692590, 0.00070633054707308900, -0.00021177344209944265, -0.00068246136094283181, -0.00061783383042937449, -0.00018493896552487847, 
0.00301043912115435930, 0.00126882048416695970, 0.00039849739038033764, 0.00094235598027992491, 0.00188476304762961860, 0.00211539303419800480, 0.00155602259511419080, 0.00050140552670639206, -0.00056203326604858147, -0.00093327430993561244, -0.00068487903416611211, -0.00012973837888598713, 
0.00305620620009495200, 0.00119355454627409360, 0.00012548200681822264, 0.00063920336761381284, 0.00186204101258198760, 0.00251622854758417130, 0.00201959840630389770, 0.00067541655742144014, -0.00057348820481052643, -0.00098292101877491987, -0.00046944851532599300, 0.00018249401322512551, 
0.00292395287598872130, 0.00130764246953318180, 0.00050727711037406534, 0.00097294126058709407, 0.00194341932746808050, 0.00236074266680354320, 0.00180259722065139340, 0.00064831494557771019, -0.00040117365864986772, -0.00068897993532985907, -0.00023463455957221737, 0.00017284619078393129, 
0.00274242579365073510, 0.00115430524548922680, 0.00059004747184050071, 0.00115618222590680620, 0.00188282247287656830, 0.00192003495624336740, 0.00138780867031172660, 0.00054472752053712410, -0.00027963002637660593, -0.00053687765214338763, -0.00014994555000177995, 0.00012926643562153955, 
0.00270397692349726330, 0.00115393529207979090, 0.00053497188225157580, 0.00107924314426549440, 0.00178302428956684320, 0.00179436979007890490, 0.00131149898153432270, 0.00055467590293801854, -0.00011215850838133766, -0.00040904068730583063, -0.00013875265460826548, 0.00002690320965466583, 
0.00258117129861144090, 0.00110290223600616580, 0.00047708129825346302, 0.00098183178030228444, 0.00171128175893577840, 0.00178705331306772980, 0.00128875944213790310, 0.00053592745629936131, -0.00013064697528847527, -0.00038933711012070782, -0.00019078922504597574, 0.00000259137981252091, 
0.00250507624716049280, 0.00133996716644176730, 0.00090301575893267198, 0.00121669472632611980, 0.00167352964817091780, 0.00165798812056065130, 0.00120046838118370210, 0.00053679720349385381, -0.00005226819213022427, -0.00029878926150588047, -0.00008817791895685737, -0.00005427773921086682, 
0.00257844671683634010, 0.00142326933024613210, 0.00100326588960546670, 0.00127986172096054730, 0.00172629129939455580, 0.00168911522472500030, 0.00121496876474192110, 0.00053138522447660017, -0.00003680216607674482, -0.00027357370431108075, -0.00010414647647437386, -0.00010579949356699951, 
0.00251404956995196750, 0.00142447565962564010, 0.00103260775571335890, 0.00134902655986030080, 0.00173109017069053620, 0.00157996568451976970, 0.00117099093633003670, 0.00051902931378001950, -0.00002033454769107726, -0.00016793286845487730, -0.00011955142633123185, -0.00020211511184091622, 
0.00233155017324625710, 0.00139407449962735570, 0.00107263286061176890, 0.00138669549505714860, 0.00169469450184401710, 0.00150786593636119730, 0.00099217371119324194, 0.00034677316011800884, -0.00008740705232887778, -0.00014407608273017135, -0.00004765631167560354, -0.00031479202998906602, 
0.00231673550288522510, 0.00138964632638175930, 0.00097514133409744926, 0.00123207661266311610, 0.00161390920940433950, 0.00153594671907210230, 0.00103313413198401730, 0.00038113112769642878, -0.00002871482521095950, -0.00017511415600192427, -0.00009841579596003157, -0.00029555018710631764, 
0.00240064435930688150, 0.00154025798274111170, 0.00114781752397255670, 0.00120991907581982940, 0.00144662134740302820, 0.00146746494463238550, 0.00111059288513205020, 0.00059032903598697382, 0.00008401962245077564, -0.00024600154058900420, -0.00025035878501213082, -0.00026893968607263126, 
0.00243338349275258860, 0.00149789691006507480, 0.00108862436076845790, 0.00115275266950073430, 0.00145284567819397290, 0.00150888145839345420, 0.00109345317057612100, 0.00053269299373657087, 0.00002851520329647157, -0.00033231469281874064, -0.00022910561311859852, -0.00020923729223514865, 
0.00232613103218381110, 0.00124141256577767370, 0.00084317789761712307, 0.00108340776537723210, 0.00149905589131843720, 0.00154675104680870820, 0.00109630423007258050, 0.00051769655908111029, 0.00000340627600842615, -0.00033572517279693940, -0.00014441278754201631, -0.00005378216560240028, 
0.00233941882796762960, 0.00123745267503170280, 0.00081913550800166582, 0.00109153794446508910, 0.00153049446032168040, 0.00160684987676505640, 0.00120974316093036180, 0.00063089851100295974, 0.00004866131027151507, -0.00025300323549822359, -0.00013659673415415707, -0.00004988764788779396, 
0.00256844496554683560, 0.00154936925800748180, 0.00103100830149534840, 0.00111242551561735160, 0.00146122869352279840, 0.00161214374200477550, 0.00131335077302238010, 0.00076088233791132397, 0.00011664687261235658, -0.00027789350870953406, -0.00031534554517618672, -0.00026498261014358011, 
0.00262625506746732650, 0.00175478689594536750, 0.00122947901652472090, 0.00115850236745950710, 0.00136901156673203940, 0.00152610608982537280, 0.00133368459086439400, 0.00085218500475782574, 0.00019380934313567948, -0.00032991096594898447, -0.00045575087905561762, -0.00039930058857561441, 
0.00254671683429129370, 0.00167473385734821980, 0.00117165317381726390, 0.00117850535755879840, 0.00140119634847637730, 0.00152009740279438510, 0.00127849173293340590, 0.00074916681345109967, 0.00013742148431812061, -0.00029851314517616355, -0.00037544714617123153, -0.00034336604147163256, 
0.00233017426280356190, 0.00134285360240838180, 0.00087799442751857696, 0.00120411096723931190, 0.00155809246678337290, 0.00154587917478544680, 0.00103940017073984500, 0.00041109634650619782, -0.00001573681767373546, -0.00017950979850343707, -0.00013222200982786043, -0.00026697110937284001, 
0.00222278570049318920, 0.00122465046210819210, 0.00085315769449554354, 0.00118739371148140710, 0.00154131831432664070, 0.00153112375729198310, 0.00100738623294680320, 0.00044840321911517674, -0.00001878947912934437, -0.00027587692386023087, -0.00010994481160142503, -0.00014610004074449258, 
0.00231811462887133390, 0.00140181398394467400, 0.00098051887271124820, 0.00116877621319737560, 0.00144459680762065400, 0.00148467913538054190, 0.00104988483657892380, 0.00048471541205194279, -0.00010297609921343349, -0.00039456578250904930, -0.00019830401791863004, -0.00014352033588736185, 
0.00225036602773824590, 0.00135004695775028370, 0.00094802714117051001, 0.00111849519202589100, 0.00138352546074942670, 0.00141782338775020880, 0.00098330858726121731, 0.00041951906681989942, -0.00012485082917746082, -0.00037730205749219963, -0.00022357156219857165, -0.00018791622399230975, 
0.00221889784173668950, 0.00138740454390981160, 0.00098652412995833632, 0.00113334922112210070, 0.00134639798067315860, 0.00136512634480822250, 0.00093389258138043432, 0.00036792920970917192, -0.00015060666096090148, -0.00036928661364828808, -0.00024638151977917499, -0.00022961778459335244, 
0.00202391122124969930, 0.00122420627797676580, 0.00088738355067650640, 0.00107031850522066540, 0.00128672357594316230, 0.00127949885913962840, 0.00085204311290447410, 0.00033491942022017678, -0.00010399613781437211, -0.00029415006363786063, -0.00019898435187845213, -0.00020411483562775235, 
0.00188248399589542290, 0.00113694126584687150, 0.00082424323359830249, 0.00106677326899257300, 0.00130850532000924840, 0.00123921685638102100, 0.00078381703156746643, 0.00031584953045952385, -0.00005019785572021080, -0.00017893256442620044, -0.00016413051485835125, -0.00022741772120504761, 
0.00179124787129676410, 0.00108943134227655530, 0.00082287301561038506, 0.00103927043369904620, 0.00124889529408134330, 0.00118919669801264550, 0.00077785686897785674, 0.00038721496081420308, 0.00005931370842818040, -0.00012148684616952718, -0.00015135938907537882, -0.00026210826313318927, 
0.00172787559489291470, 0.00105904116841416640, 0.00080684881596205973, 0.00107786046536549300, 0.00126847138534853280, 0.00112829659387906050, 0.00064326569119912535, 0.00026041306527555040, 0.00005197756946395204, -0.00003170670572483648, -0.00013885422480458870, -0.00037516291074148929, 
0.00173663936537979730, 0.00112522970596827860, 0.00085181888743408678, 0.00099037750618678646, 0.00113474259897843020, 0.00107604287177713020, 0.00069385378478238093, 0.00030724750836027149, -0.00002421982286708672, -0.00022731583000961650, -0.00026968173953439392, -0.00038299084795719653, 
0.00166635187860006480, 0.00110749513642801300, 0.00080259417524613315, 0.00096779743668708380, 0.00110133877169762000, 0.00099458171648578175, 0.00056555921338460034, 0.00013698449432519800, -0.00014192369369344133, -0.00023233017353106695, -0.00029957236063611354, -0.00043494076641245898, 
0.00153524707780842290, 0.00100183420072309190, 0.00073660088002608967, 0.00089521745403754651, 0.00103282397125307640, 0.00089857518212001588, 0.00046287790237426531, 0.00008363065643275998, -0.00014319629660017745, -0.00021977332432068962, -0.00031043512633323415, -0.00046438360863739419, 
0.00147036472833208180, 0.00102652135359641890, 0.00082928998727169808, 0.00086996060580687756, 0.00088539722223623376, 0.00074193741496409555, 0.00044196158517088841, 0.00015419935405043707, -0.00009373623271873083, -0.00025662539367832390, -0.00035589361631606386, -0.00049726099831761262, 
0.00137343336804626670, 0.00104589748743232310, 0.00086964558635672375, 0.00082502357301860731, 0.00075128030436663997, 0.00058200594604267619, 0.00035340270019453506, 0.00011986358510058104, -0.00006560275191249044, -0.00020716345849180513, -0.00037188038470396530, -0.00056787067995644753, 
0.00121862062689873070, 0.00092996916268685563, 0.00073712275582514216, 0.00065584007605850626, 0.00060973434997028237, 0.00047041388995094945, 0.00026424611170902635, 0.00004068762254829459, -0.00013736509544253831, -0.00025108619240347648, -0.00036207836831562919, -0.00050558690100599034, 
0.00102366138981100150, 0.00079499910584986859, 0.00063209695469239693, 0.00054796594374940250, 0.00048430396867025225, 0.00037627528479507340, 0.00021376666371344819, 0.00003639817675872783, -0.00013024432874652833, -0.00020503798773508129, -0.00024758207014509019, -0.00032679153308871168, 
