1.08172058419910640000, 0.58277234319921090000, 0.34011767676521176000, 0.15294354077764249000, 0.04127052043954965200, 0.08690822596322982100, -0.03404943488213885100, 0.01849427059761067600, -0.06772766600881179000, -0.01791311583020307300, 0.01482818422276655600, -0.03971564397477805900, 
0.40206766069035277000, 0.31730597167482649000, 0.22615912556187059000, 0.13397600859321432000, 0.04572249257334141300, -0.01332343732801999400, -0.06126703020694988800, -0.08031302645940645300, -0.08178119925996328600, -0.05777038539281454500, -0.04002586190934838400, -0.03675944281081632700, 
0.30986278479745127000, 0.24793150058245372000, 0.17075957172441678000, 0.09292912015306098400, 0.01974139315422533000, -0.03613537748039192400, -0.07199466343037953800, -0.09055115038585823100, -0.08303308020862439100, -0.05843043184859603900, -0.04044340153650261700, -0.03005570715763184900, 
0.23859501576840006000, 0.19239606385851393000, 0.13150877033664352000, 0.06864040657571265900, 0.01019356732106275300, -0.03758963232806458700, -0.06664608790029462300, -0.08023770896273679800, -0.07377510785125110400, -0.05091932017468493000, -0.02949821185897195200, -0.01189847240271176700, 
0.18845512567340753000, 0.15167212410928485000, 0.10333671249788574000, 0.05236405657511352500, 0.00448429102333558480, -0.03584264536351525200, -0.06013403957208428300, -0.07166729499801913200, -0.06876960501647086400, -0.05326525138136753400, -0.03371752578940136200, -0.01215040382897219700, 
0.15676794627507570000, 0.12539584222065625000, 0.08485795617583644100, 0.04117124443052235000, 0.00022068826908428624, -0.03404326077284390600, -0.05506246108788263900, -0.06552546805383029100, -0.06135734431259511100, -0.04997657284224310500, -0.03468718619242645900, -0.01606514894021650300, 
0.13594443361236933000, 0.10832559999521263000, 0.07225713414799653200, 0.03316718546568855900, -0.00415845417982002760, -0.03547751613418005000, -0.05521133268525453600, -0.06630321597837038300, -0.06212158824595698900, -0.05049280972354410600, -0.03576740468373780500, -0.01726944727132186800, 
0.11968176112925917000, 0.09510448189471620900, 0.06217802297115004900, 0.02682013892374631200, -0.00643044432395407930, -0.03255641000190964700, -0.04818895492499961800, -0.05706477229780770900, -0.05230814689822336400, -0.04478133913394091700, -0.03519131260596580800, -0.02499465599100152800, 
0.10623041067921286000, 0.08418645253406560600, 0.05434178186539324900, 0.02258326353034938900, -0.00647275411259565230, -0.02809111004410936100, -0.04068719087258330200, -0.04638784491263323000, -0.04174252271303158200, -0.03562815958676835600, -0.02824869009524450700, -0.02191140337364067000, 
0.08875686272154070800, 0.07016849166668491500, 0.04571317874315517600, 0.01984569543148216300, -0.00411889900560669360, -0.02184846865676075600, -0.03214898961638948400, -0.03600162670011751400, -0.03245178694603139500, -0.02664430560309486200, -0.02038016116868894900, -0.01485210804999918500, 
0.07491126860060930100, 0.06002770491282941700, 0.04071764303448289400, 0.02043454255923059600, 0.00193633318465628780, -0.01235857175126733900, -0.02008979962841487100, -0.02397585492942161700, -0.02308675045893346400, -0.02117005644793688500, -0.01950242132631435600, -0.01856296785499457100, 
0.06937907847383272000, 0.05682496726668983400, 0.03981334114422389200, 0.02196208304742849200, 0.00607747347941349670, -0.00676000333475700740, -0.01392016575419989900, -0.01817599471042678100, -0.01835411284079441600, -0.01817799487120404200, -0.01871197647549265700, -0.01987714843537998600, 
0.05602251787423748200, 0.04643883710224309300, 0.03328708760374282000, 0.01929327895905384400, 0.00677561085622307380, -0.00382481893323524930, -0.01069067290427080100, -0.01500474249695415100, -0.01698514977780980800, -0.01749549505224544000, -0.01829869902056632100, -0.01877454381740910000, 
0.03517880815174144500, 0.02916689310349731100, 0.02140472701955198700, 0.01318816946229045200, 0.00610579027165601180, -0.00005382638227462914, -0.00428461601106457440, -0.00698334037322985170, -0.00856505465288008760, -0.00896649517745923450, -0.00924341897016706800, -0.00924837231163371660, 
0.05561281437150003600, 0.04552678342897529400, 0.03275383829551250400, 0.01922978373219079100, 0.00738733158170524430, -0.00256142570499130140, -0.00963429474986935570, -0.01424634022234079300, -0.01761065748082674100, -0.01954421658008831700, -0.02211819723257730700, -0.02521896127980135400, 
0.07499962939753032600, 0.06168172854755725500, 0.04365554573538778200, 0.02474714597805056200, 0.00766743720442764930, -0.00676232288228093180, -0.01761137568421048500, -0.02553580414179631000, -0.03126965214284225400, -0.03495524875401727300, -0.03882440504467295200, -0.04305233396557638800, 
0.07457813314624688100, 0.06122703514041766300, 0.04250951355847000500, 0.02277922792356372100, 0.00489560029607702400, -0.01017331752332803300, -0.02134469359853142400, -0.02933500268471335800, -0.03448592412681765500, -0.03724864551003745400, -0.03954485580913848200, -0.04158429791787874400, 
0.07270812324583984800, 0.05942472806578063400, 0.04059146297904749800, 0.02055610799844162900, 0.00181036264490505020, -0.01394878472260499700, -0.02538803192084962100, -0.03278047976578946800, -0.03687167456148897300, -0.03822749526724574700, -0.03874024853869444100, -0.03859095204030661000, 
0.07686436336407155600, 0.06229673317826933000, 0.04195465447556801600, 0.02076216445199187100, 0.00067751822370269461, -0.01622430379059178200, -0.02821884371280930900, -0.03541581530581169200, -0.03790916989195623100, -0.03901921253902669600, -0.03930878246887583400, -0.04021724203200212300, 
0.07935602548761662400, 0.06335611146098171800, 0.04148246947171199000, 0.01898204146075661500, -0.00192163588539834110, -0.01927522961092838200, -0.03090343876436566300, -0.03710231948807112700, -0.03786178987407322300, -0.03717119418729777200, -0.03613629810737814500, -0.03649366900466612100, 
0.07819945321286572700, 0.06118636060661833400, 0.03834005457862325200, 0.01477867188472472200, -0.00674253748801331100, -0.02380103096645200900, -0.03424283200265458600, -0.03831484688208236500, -0.03732311543202851400, -0.03467143097881131300, -0.03205700774188397600, -0.03113296469121384900, 
0.07645592717497293200, 0.05898507177418561800, 0.03540909110242244900, 0.01089993293408412000, -0.01130869748906381000, -0.02842591764776092700, -0.03858358841126623100, -0.04147310513932278600, -0.03830960156532322400, -0.03340313846710926700, -0.02877791729119590100, -0.02630183616666601600, 
0.07461569668533234200, 0.05761831640069554200, 0.03388844913108358900, 0.00882033571340833450, -0.01393880769497804000, -0.03177621723354256300, -0.04242803912981285600, -0.04524163147484899100, -0.04112607991072089000, -0.03437629135618369000, -0.02681540458321295100, -0.02142978503507794700, 
0.07358078865091913200, 0.05630543655874120600, 0.03237234827831377000, 0.00694607200564723890, -0.01641884773314786200, -0.03445685818816626000, -0.04474342259532869400, -0.04646758929991431900, -0.04154450051591809800, -0.03336488935812282500, -0.02375871887686959600, -0.01610151625302643300, 
0.07124004685164511700, 0.05362314149430823900, 0.02968947410975678000, 0.00426934496049694370, -0.01872383383409787300, -0.03589503095414035800, -0.04505891443043235500, -0.04542913075237993400, -0.03952559892032450600, -0.03031691031058973700, -0.02079943538174682000, -0.01335092419516041400, 
0.07103404527965392900, 0.05302538971537441900, 0.02844064478503120100, 0.00226211524337417830, -0.02091971422545979600, -0.03793293083535057700, -0.04693051673557528700, -0.04743909184034897400, -0.04099056001491707700, -0.03126890028031405900, -0.02127536650717274200, -0.01303545086231327000, 
0.07065665068259852100, 0.05257363760559721800, 0.02774718692836865300, 0.00123981659414972240, -0.02211658677357339700, -0.03924874608620986000, -0.04782737057780220300, -0.04742223076554015500, -0.04026855111812509300, -0.02913995975522578500, -0.01773113994316099000, -0.00857086750190667360, 
0.06738720574843452800, 0.05016995886165646200, 0.02650510665064267900, 0.00097826300053324537, -0.02171782469599763800, -0.03862788111480832500, -0.04733191915468976800, -0.04721352388902874000, -0.03968191251644447000, -0.02791991270613111700, -0.01548167759898992600, -0.00515209193099617000, 
0.06257631355062832900, 0.04659559099030608600, 0.02463366843034120500, 0.00076728184295695410, -0.02070405481229680900, -0.03708174041947676100, -0.04605129474260947300, -0.04688057863473147500, -0.03985849394282662400, -0.02841258018720048400, -0.01549354272797460000, -0.00407375671400642910, 
0.05734779923955758700, 0.04270789303500654300, 0.02257648108953175200, 0.00083178400627161768, -0.01868798974131979900, -0.03369672069906735900, -0.04214403973286191800, -0.04313191490681511600, -0.03768872670275327100, -0.02780972397201013400, -0.01644290462396088100, -0.00626302931056900780, 
0.05204752470466637200, 0.03886704315579668500, 0.02070691442902224800, 0.00102109292313437090, -0.01684387966948074100, -0.03058647565152493000, -0.03833551935953985500, -0.03915597573499259000, -0.03406137256449259100, -0.02519688042454758900, -0.01501637353452006700, -0.00579700480739567090, 
0.04840392594186646000, 0.03609894870243165300, 0.01925527371463065700, 0.00090109865948429684, -0.01600611060539921700, -0.02881893946869273600, -0.03564547676072194600, -0.03607764973645979900, -0.03047786293626618800, -0.02209966479773170900, -0.01265818986323956300, -0.00395261992167964850, 
0.04553102526542734300, 0.03399977412720953100, 0.01809716047719638800, 0.00075755611242983947, -0.01497118662655802200, -0.02706232047697430100, -0.03360381248455377600, -0.03413773716172944400, -0.02924845925482485300, -0.02117971104580899900, -0.01195323458185719400, -0.00352151950078988080, 
0.04432353760260716900, 0.03286851437949331300, 0.01720766333247981300, 0.00031620752049131399, -0.01477536716356515000, -0.02650354854888374600, -0.03294987068911548600, -0.03325695609415316900, -0.02840284395666408500, -0.02000331785879171100, -0.01051015233547162400, -0.00223943740220102590, 
0.04253636565211699900, 0.03157294104636131800, 0.01666188610479079500, 0.00035487100121604179, -0.01429238034550556900, -0.02551318500648037900, -0.03187091019695539200, -0.03272512020847989600, -0.02713718206112514600, -0.01892061863858124000, -0.00966078957646651290, -0.00163046961385152590, 
0.04285056301729997500, 0.03190277323379154400, 0.01689675264801790100, 0.00039609696292241950, -0.01444671657103435900, -0.02567841365488521600, -0.03196402309382517100, -0.03264633044888117000, -0.02691523362565774500, -0.01849006637185879300, -0.00904171481844272610, -0.00088569771514588561, 
0.04343219978977873300, 0.03243417852900019200, 0.01726625927396065500, 0.00077681851887060780, -0.01419485911668466100, -0.02571736398743711500, -0.03213880276045425600, -0.03266838847288919300, -0.02743243558925329000, -0.01879895664132266700, -0.00906862865614977560, -0.00066275620476198560, 
0.04122904839473944700, 0.03097053708340802600, 0.01679293397077034900, 0.00128590792056914110, -0.01289239285876780800, -0.02398340360465040600, -0.03032790711746312400, -0.03135480632751649200, -0.02659818514078617100, -0.01872385101017046800, -0.00963455564562487250, -0.00155785372372782930, 
0.03892485223782618500, 0.02938304586588557900, 0.01612202973151762700, 0.00157975954907947050, -0.01175483961524640500, -0.02230340980212122300, -0.02857426644410343900, -0.02968715175583221100, -0.02588393989705723600, -0.01876774368732571700, -0.01031476455017444500, -0.00261563046847236750, 
0.03768589035656035700, 0.02843984544885136400, 0.01562979134374843300, 0.00173917559615872130, -0.01126927225851672100, -0.02150345642967337000, -0.02755151114649951100, -0.02874914232565670100, -0.02514414765008694100, -0.01844324744447692300, -0.01043333137790034200, -0.00300748576995128100, 
0.03506635150414307000, 0.02653934728615672100, 0.01463733590928100400, 0.00155311530143044840, -0.01046438214181250600, -0.02000084865015215900, -0.02563822590774747500, -0.02686092380924723400, -0.02353946005143795600, -0.01733718591547599200, -0.00986320189077827610, -0.00306221535218621520, 
0.03253074049880882300, 0.02460729790930509300, 0.01361306533692694000, 0.00148940565610357610, -0.00957274823019712770, -0.01833382641217844200, -0.02365863252434619400, -0.02489239559519326400, -0.02192102272107569400, -0.01626089823541631400, -0.00934699051881109600, -0.00301790704453362790, 
0.03180341156010557700, 0.02385436260206021100, 0.01284369857772369200, 0.00092781678254051864, -0.01003240348025785100, -0.01850759335642634300, -0.02335485281087425900, -0.02429080901342615300, -0.02074123058225893100, -0.01475350444865426900, -0.00773519644486290840, -0.00142179486621694070, 
0.03057701907965478000, 0.02283888926625868300, 0.01214422702036719800, 0.00059791633481888408, -0.00979689734496998030, -0.01775535339541172600, -0.02226193268618175900, -0.02293252026897884800, -0.01961548520407661500, -0.01388617652561346600, -0.00722980008806776810, -0.00135859465259380260, 
0.02980004259768064700, 0.02209247755370828000, 0.01155026946461959100, 0.00028546140911065457, -0.00960618584481835040, -0.01711324183315398800, -0.02149699729320061000, -0.02201893774325394300, -0.01901252983201051300, -0.01356201892957195300, -0.00728439544004178770, -0.00189931305695483460, 
0.02946039484607682100, 0.02167522982277064400, 0.01118384714973826500, 0.00011433883323816224, -0.00966098911104124910, -0.01695854947296304400, -0.02114979352037481300, -0.02154933975832566700, -0.01828772153301744600, -0.01301819070715571100, -0.00708802280285647510, -0.00209551324133116450, 
0.02858752555228642400, 0.02106173477215898800, 0.01105692475909795900, 0.00040008619239569369, -0.00914430975708670210, -0.01618809653276765500, -0.01997826892996136900, -0.02043702791271372700, -0.01715697109857766000, -0.01261939139903241200, -0.00758963050382630530, -0.00340091300606758630, 
0.02826958110410287400, 0.02091285302197361900, 0.01107826183755788100, 0.00058846075343777123, -0.00866712445717761700, -0.01550633889096703800, -0.01919336912818596700, -0.02001439122491183900, -0.01728015623931232500, -0.01339226643728589800, -0.00882691568446053450, -0.00481191879303667380, 
0.02686732058200647800, 0.01996683948094348000, 0.01065673808082233000, 0.00090324510664718360, -0.00768318877910071590, -0.01414240623387205300, -0.01788184968530741700, -0.01898845734238387800, -0.01760511927933198000, -0.01436870151960747300, -0.01003489147100146400, -0.00550901495934956980, 
0.02408608476730284700, 0.01798327946976235500, 0.00980199022452085330, 0.00140865657161845300, -0.00580546620397417050, -0.01107404230454342400, -0.01407005396663451800, -0.01485336601567339100, -0.01398613146712890200, -0.01192369952872927700, -0.00933127946205476730, -0.00694256612229055950, 
0.02145473612455967400, 0.01588063394113205900, 0.00860678851992588770, 0.00139927413735864430, -0.00460965265183322080, -0.00874828196988017800, -0.01093904048660249700, -0.01138948714620341400, -0.01077463126710862700, -0.00966764978073697200, -0.00844076480647397260, -0.00747739495750827930, 
0.01888274942940725000, 0.01401057283674612600, 0.00768034184644573410, 0.00147438576525687390, -0.00359242087349489340, -0.00692503588344841550, -0.00862140873625371650, -0.00904856045766173900, -0.00879761691050989950, -0.00832974256338092460, -0.00794903263163320230, -0.00767432017547692910, 
0.01581091010486146400, 0.01181311745764520100, 0.00672429030473201390, 0.00182283449087692720, -0.00193517751853324060, -0.00433527022569770660, -0.00568440344029194890, -0.00649945706581905780, -0.00707602393863659800, -0.00748156604414643330, -0.00785869827661667820, -0.00806557078708466760, 
0.01242253939276407600, 0.00918046411651713720, 0.00523245576742057200, 0.00174290067138002790, -0.00063414638480767394, -0.00192175782385666110, -0.00279451099951325000, -0.00368147746957654290, -0.00472864249030735280, -0.00568192226129676710, -0.00648014081762466990, -0.00694615586809664130, 
0.01054487917467647800, 0.00716160844865205810, 0.00317755182687598240, 0.00007340442264378022, -0.00155625901216544090, -0.00161872259260277950, -0.00126874823020296140, -0.00105873213986899610, -0.00158175427901654560, -0.00265310233067580840, -0.00406657091491213590, -0.00533884554251224960, 
0.00829776688306809590, 0.00495636507640117440, 0.00108494456176516500, -0.00157826170092413220, -0.00241032055784546830, -0.00138038795107495470, 0.00027597835246262155, 0.00151663332649234150, 0.00147312967578442940, 0.00031777190267287753, -0.00173251677388102560, -0.00368971783948796860, 
0.00428060582838956940, 0.00244329092397448270, 0.00033939303079475125, -0.00089461473187218217, -0.00105044370326246700, -0.00022410017676700221, 0.00085148929071243913, 0.00158437205506054780, 0.00146230529410240510, 0.00068077245195793327, -0.00062456742066438573, -0.00171738026054763910, 
0.00172908228385169110, 0.00112148843346576750, 0.00041372354136740914, -0.00000501039215682730, -0.00010402490329479179, 0.00014472025809768784, 0.00045117645278797391, 0.00070021073278620307, 0.00067453596342202790, 0.00045674574075469586, 0.00006500023388884999, -0.00024027545069031084, 
0.00095487496154659406, 0.00088442671036919696, 0.00080500820039522164, 0.00074749963668172090, 0.00071751423378467992, 0.00071477919620727929, 0.00072110055408169699, 0.00072879022985393829, 0.00072401038627144970, 0.00070943825700940861, 0.00068189938402091633, 0.00066064967269611737, 
0.00288858109645420170, 0.00287077847162303230, 0.00285561258092083530, 0.00284465265045223770, 0.00283031411715865390, 0.00280763998461064060, 0.00277796920234388330, 0.00275018821076012960, 0.00272214536320272400, 0.00268974370896598670, 0.00265458207006550500, 0.00261581912780574010, 
0.00655040626388378280, 0.00654021013897262280, 0.00653525606245022350, 0.00654208874662089330, 0.00654139093507721210, 0.00652332900483040650, 0.00649714281667422220, 0.00647375151851186520, 0.00644877858360266670, 0.00641664997877732910, 0.00638520883982989910, 0.00634891293635105310, 
0.00615134651324425200, 0.00614144174231499340, 0.00612633959588595920, 0.00612908599846711480, 0.00612498895071635940, 0.00609962866874837980, 0.00606378516527655060, 0.00602382421371132520, 0.00598960591235787880, 0.00595881221814655370, 0.00593516850892065760, 0.00589683841406945470, 
0.00576495503938492460, 0.00570960831800311400, 0.00564755991027062440, 0.00559043560007669960, 0.00552930518078037760, 0.00544329380204595580, 0.00534888042406861910, 0.00523918307293160580, 0.00511502187998065860, 0.00500033351734225150, 0.00489485216994808670, 0.00478227005443936960, 
0.00545064899855725750, 0.00536866212422069600, 0.00530712698746973070, 0.00525289909741842330, 0.00522282077658607620, 0.00517506087458135050, 0.00513205343551388200, 0.00506183950610426640, 0.00495007488559776050, 0.00485943371506188800, 0.00478344006833176030, 0.00471720034664388150, 
0.00505254095591997370, 0.00499115286763407350, 0.00494422449779480680, 0.00490908658409813620, 0.00490097981720417390, 0.00487817362363061890, 0.00485204052994842390, 0.00480193676055943460, 0.00472640093530563890, 0.00467481608049763030, 0.00463802310482481100, 0.00462021393199860820, 
0.00396177404029787130, 0.00388463025773144560, 0.00380082449637610990, 0.00373441089825586300, 0.00366507642466794290, 0.00360041987845016040, 0.00352978489292803470, 0.00343660375710375670, 0.00331881318560841700, 0.00324262133091110340, 0.00318977593249903740, 0.00315396438610807560, 
0.00364984608544856360, 0.00352067276641500680, 0.00338469170403427450, 0.00329747415628368290, 0.00321637586974063890, 0.00311595449900565250, 0.00300545169277418800, 0.00284513267938791900, 0.00267404919979615740, 0.00254458121538332810, 0.00248880093905470400, 0.00244854159635039770, 
0.00322617319120518460, 0.00297281361414360270, 0.00275446350981935160, 0.00266701259707090340, 0.00262008459121502130, 0.00247679768547983410, 0.00224888042952884220, 0.00197600467810640690, 0.00176265285325359170, 0.00162540606245700730, 0.00153105085893861440, 0.00142498587312503660, 
0.00256341686291464750, 0.00212099305958319930, 0.00178699992039710470, 0.00172163733844471910, 0.00178885644211216020, 0.00169681713193885460, 0.00136371003632388220, 0.00090343476206578314, 0.00054276557897671820, 0.00036691900253718829, 0.00024472230817624088, 0.00011635553584935391, 
0.00245447691769608250, 0.00178288028459596800, 0.00131961746586580160, 0.00127823394894496570, 0.00154355834390191740, 0.00159181421551092530, 0.00122372231831109710, 0.00060933832236809333, 0.00005135383592703109, -0.00023137482441041139, -0.00025671579467996368, -0.00028055829991921813, 
0.00277798737317616660, 0.00175681104533345860, 0.00107210567281577650, 0.00097465538755824174, 0.00146323083261593440, 0.00167340796286630820, 0.00123555883925129640, 0.00050531086598417242, -0.00019394774039792326, -0.00060279629876236734, -0.00044240567162133774, -0.00030414292324439741, 
0.00302811044525524770, 0.00180520131541388730, 0.00104859443941840870, 0.00097993038357863213, 0.00156145071045700230, 0.00182300217919377200, 0.00139585804390638880, 0.00054461903612348732, -0.00026386447901805688, -0.00072648007508197031, -0.00049488765835927850, -0.00023131677714111708, 
0.00303295590362183880, 0.00178298340535701460, 0.00110949162948083140, 0.00119223431952579790, 0.00171845857194152150, 0.00192469310280135070, 0.00161188030050862470, 0.00077170429473155905, -0.00017169015787300631, -0.00072615123155354909, -0.00049699364197198310, -0.00012229166877400491, 
0.00307874344407899070, 0.00176172226488751020, 0.00103819596788871430, 0.00117522153637540280, 0.00170496127268511980, 0.00190062362054610400, 0.00152830555301735590, 0.00077016859650047770, -0.00014466354864435527, -0.00072529823734115712, -0.00056767766792372581, -0.00028686690113089792, 
0.00321736153099690630, 0.00176746862855073610, 0.00089043975224589299, 0.00109854407037903040, 0.00174424941761220810, 0.00201837143037666630, 0.00144489503626661910, 0.00055029031326060001, -0.00022212089516132210, -0.00061673093012751463, -0.00044629735363456208, -0.00033757511926446810, 
0.00311225201925483190, 0.00156336249507138280, 0.00082065923918519742, 0.00122826210623694100, 0.00191443029261221780, 0.00209484122823148460, 0.00142948793151390260, 0.00056369681528663478, -0.00008664778575294479, -0.00043438100745752582, -0.00030727897383655070, -0.00020567258299449353, 
0.00297682713135837650, 0.00157176369541290230, 0.00087638394404097463, 0.00117547412616066820, 0.00174481760362222110, 0.00183669772397063080, 0.00132678831450862380, 0.00064125918780475832, 0.00002401399847145119, -0.00036263053692960686, -0.00035307983458060082, -0.00017615620570331643, 
0.00322006171976695410, 0.00187290214404228860, 0.00111993755253915450, 0.00126213761488373900, 0.00174692514681338600, 0.00194082338226444940, 0.00143991991209586240, 0.00074031242480785526, -0.00006988323190359307, -0.00065374238839170109, -0.00056347544004785809, -0.00029973953634017701, 
0.00317238479692751860, 0.00188226044733893060, 0.00125941169607630210, 0.00138650846585662330, 0.00182966126232471470, 0.00204699653198726990, 0.00145534656018982440, 0.00071168061874592051, -0.00018306573094140072, -0.00081508233588476668, -0.00062033808997997422, -0.00034389178025298308, 
0.00332063149315240660, 0.00188343082217101420, 0.00112469679064387320, 0.00126109571136456580, 0.00180992964082142900, 0.00211598812683296090, 0.00153951198360730320, 0.00066393851078256890, -0.00028030032291430839, -0.00091435528273095057, -0.00066994750865582953, -0.00035204650713817267, 
0.00304601585750447800, 0.00162850767436111310, 0.00088777598667448944, 0.00110001755131312670, 0.00169303778217626330, 0.00192515367625311580, 0.00144113788373079650, 0.00058451116981217269, -0.00024629021680422965, -0.00075262836061550445, -0.00044264874970795725, -0.00005528651694670048, 
0.00296413087640286450, 0.00168498119907606300, 0.00106788492912991370, 0.00116719100704289330, 0.00160116613500452300, 0.00184699145329050220, 0.00145242842858638120, 0.00063537017422386776, -0.00014872237013244878, -0.00076240687416837319, -0.00058737280483077544, -0.00023034306931628989, 
0.00263340547793171730, 0.00131381478946856770, 0.00071252101661643059, 0.00083276072387595862, 0.00145119078346146130, 0.00176718022649352980, 0.00136341180869767560, 0.00062932777292610555, -0.00017806880875468906, -0.00081815821622516292, -0.00059545543266072240, -0.00021704215990210967, 
0.00236623419447306880, 0.00095787987448017254, 0.00038640116734614495, 0.00059744722213858246, 0.00135627937760913570, 0.00168729156259410530, 0.00125000596055258190, 0.00056152810968925762, -0.00022303875873366978, -0.00078528691554509043, -0.00046813280310412916, -0.00009507058844265597, 
0.00224416964554936640, 0.00088895767117862234, 0.00036848751149994095, 0.00060868727471888979, 0.00130596770037535350, 0.00160439134478908720, 0.00121373985641772750, 0.00056778588226105752, -0.00014881822500362985, -0.00070828224124674249, -0.00040973405748191862, -0.00005532035001257564, 
0.00220244792282092100, 0.00094548888866356523, 0.00041049998961557529, 0.00063763161512016265, 0.00129069770125466710, 0.00157071499971970040, 0.00115575007403525740, 0.00051438083702393003, -0.00017197221460269423, -0.00066292010267086107, -0.00038880985979378570, -0.00009425233139223778, 
0.00212765447385582840, 0.00086477900209933599, 0.00033892243479929977, 0.00056280830178836961, 0.00124738372690516290, 0.00153495878002833520, 0.00112152195759202660, 0.00047751415309477564, -0.00024396894472431628, -0.00075477515207197519, -0.00044526622922877115, -0.00009882493583365218, 
0.00201561641890011250, 0.00066339302986840687, 0.00012191871747532127, 0.00040695282571275954, 0.00127494961952722800, 0.00166102546322924490, 0.00117057409770712230, 0.00036918549354241875, -0.00037072671164815803, -0.00081587303021129771, -0.00033571593549657489, 0.00010778046600912157, 
0.00194408595991170910, 0.00067227770243164474, 0.00014086268424024607, 0.00042566125448147780, 0.00124340729847197150, 0.00156344087827999810, 0.00114459969478226350, 0.00042466389711739847, -0.00027647715263292601, -0.00072093684525340734, -0.00031193861832178027, 0.00008747806712548818, 
0.00207719181300187580, 0.00105116076635048310, 0.00053414825256356102, 0.00076349664477635124, 0.00122686983912471920, 0.00136653011508200030, 0.00096488067331055205, 0.00039041073928192761, -0.00017971222659314310, -0.00045058016400247492, -0.00025292859914383359, -0.00013863631701269757, 
0.00218832452768111640, 0.00129783545080589570, 0.00088764857351992046, 0.00103504131954111510, 0.00120679604030955690, 0.00124746208809193300, 0.00092457637189734395, 0.00038459538938863006, -0.00011273806345163265, -0.00047038448854673075, -0.00037225312722814871, -0.00032447714745423122, 
0.00212337576246528080, 0.00117620031968554310, 0.00083840966078176917, 0.00097470705367933594, 0.00117972932782862190, 0.00125555808346396570, 0.00095531874048544838, 0.00043054349389759749, -0.00009191255552248127, -0.00058495226648182393, -0.00039879492475116291, -0.00023515153077507660, 
0.00193089230027797310, 0.00098647645672726432, 0.00067973669351729352, 0.00087144572103185650, 0.00122131183016468490, 0.00133012671440975820, 0.00091312464544526578, 0.00039379534365223428, -0.00013309697340864942, -0.00055277254029773742, -0.00024396616817002673, -0.00005416161715528585, 
0.00185595568337035450, 0.00097223036358819453, 0.00071432265738643466, 0.00093943946774200380, 0.00118295488342176320, 0.00120339375870265140, 0.00079727153428800740, 0.00035819001897174365, -0.00015530621001866790, -0.00054953262742794709, -0.00033230468926020632, -0.00021415010279176040, 
0.00181545857644740500, 0.00104710942747689900, 0.00073795464976988794, 0.00097385481716874491, 0.00114663550103187030, 0.00112101976852607700, 0.00072920859683386300, 0.00031661953081387666, -0.00017120540056504948, -0.00053205377999881673, -0.00039911722310433611, -0.00035692907460855303, 
0.00171857666236664360, 0.00095719556165230495, 0.00069993797441027141, 0.00092590225476960292, 0.00113683287120920480, 0.00106968328516042440, 0.00062105150001260452, 0.00014391306623390580, -0.00022960748113824432, -0.00038047880967803324, -0.00030658874556361177, -0.00043827375999807547, 
0.00166796875034313690, 0.00085289895122563878, 0.00062033625252178742, 0.00087232236620185240, 0.00116293469293876780, 0.00104156782130649930, 0.00047183144613025760, -0.00009963433991112201, -0.00035378742970460544, -0.00026362048388343668, -0.00019649067777273796, -0.00051274918914732590, 
0.00164029395692219700, 0.00087985894892311789, 0.00058241017918333159, 0.00086776162740745931, 0.00113907222307477230, 0.00097990349009356562, 0.00039658662104572221, -0.00015278277520629086, -0.00038475453183370778, -0.00027992409590092216, -0.00021792587240021652, -0.00046795955253380983, 
0.00154716454373696750, 0.00086439824067405138, 0.00060983090969048105, 0.00084575831813134739, 0.00104448660305862460, 0.00087766202162807853, 0.00041555474277375927, -0.00002484875355018908, -0.00034896762252752442, -0.00032846461844469079, -0.00023343335846123673, -0.00038677837586211520, 
0.00146313327230553960, 0.00082433658899172947, 0.00063157769369824666, 0.00077602305612345162, 0.00092656138708433324, 0.00082605916523146227, 0.00044577889654282650, 0.00007539218659740444, -0.00027459089582922743, -0.00037226350940084915, -0.00028298198428511865, -0.00036596173657632602, 
0.00138480854699631800, 0.00078561159637589298, 0.00060965984974394624, 0.00077986651022049947, 0.00092788482103384228, 0.00078866794223856490, 0.00035306852820533613, -0.00003465902345932551, -0.00026571932831019222, -0.00024452911638006320, -0.00023593220653589787, -0.00045249532738281072, 
0.00128926120104993500, 0.00075259066511492313, 0.00056131869298161794, 0.00072754961892600232, 0.00085113254501687711, 0.00072655774150314368, 0.00032802661199303170, -0.00000486776602162827, -0.00021317066469877415, -0.00024112036902913551, -0.00025591273776368224, -0.00041350358237564235, 
0.00124207769260160740, 0.00073290006486998458, 0.00053922715126150612, 0.00066850478834654624, 0.00079315985766577443, 0.00067895467429635265, 0.00030827478919608683, -0.00001232544784482218, -0.00021574700133614552, -0.00023045375153960161, -0.00021694810066254458, -0.00033062679138786533, 
0.00121270444704358830, 0.00074200606575556150, 0.00054787360782583452, 0.00064618712090723279, 0.00076338746467029641, 0.00062305418354835279, 0.00028729052849309634, -0.00000679355546332966, -0.00019699163164890710, -0.00016015573257237056, -0.00015118328656119171, -0.00031307863228240737, 
0.00118211144622732680, 0.00072337533004856016, 0.00055573919666562755, 0.00061744283167638504, 0.00068514249122096182, 0.00055071084619282820, 0.00022300179781324696, -0.00006746180283548310, -0.00017932605864729784, -0.00016488341054071817, -0.00019599670345260198, -0.00033854247715219145, 
0.00107314795256498930, 0.00066105628012686651, 0.00051299216735988212, 0.00053948744152932542, 0.00057591421447075026, 0.00046277445937900852, 0.00018837608232148562, -0.00010896676780478210, -0.00023864414106896767, -0.00022590613321069329, -0.00017936374605348322, -0.00024883662349059336, 
0.00104008276246806040, 0.00079757897964916481, 0.00064973749247547821, 0.00057926131745502578, 0.00046525076146121196, 0.00029873734718424000, 0.00014743379252620521, -0.00002958675815897884, -0.00018076127598714239, -0.00025592297166527895, -0.00026133596912314557, -0.00031239174475557993, 
