1.02956410465031320000, 0.61637146004692378000, 0.35041898798931054000, 0.32061076221615009000, 0.23461549372352244000, 0.13047279775124587000, 0.17766248812749896000, 0.13507566441161897000, 0.07153243357697108800, 0.07965000552997680800, 0.07643286046617008000, 0.02256287241483767600, 
0.23765930679713107000, 0.22568785058604221000, 0.21118290238599841000, 0.19531177359624588000, 0.17682777222934293000, 0.15613024201904535000, 0.13398556495827518000, 0.10950359454572471000, 0.08329126161788716300, 0.05548410097916477900, 0.02346404390328407600, -0.01303385592120158400, 
0.18399059885160796000, 0.17700273103522671000, 0.16834144321337347000, 0.15716832394086958000, 0.14399857908240044000, 0.12805450849037664000, 0.11030110469940343000, 0.09070598068090796100, 0.07031471056013813300, 0.04793155105422666800, 0.02288772736553430400, -0.00420418385441763410, 
0.16017410166222931000, 0.15385432570149135000, 0.14606617067003883000, 0.13611012559872043000, 0.12439340206630581000, 0.11026793292702033000, 0.09410411296082341100, 0.07587142136976751700, 0.05785454830035419200, 0.03774049696386429900, 0.01601642831799349200, -0.00682334584849477250, 
0.13912369470231337000, 0.13424346903423631000, 0.12758979691256545000, 0.11907510697135290000, 0.10907129069979100000, 0.09705202222379355500, 0.08280765047176341700, 0.06671858374110503600, 0.04972287593274898900, 0.03125563296023055300, 0.01136738592894549400, -0.00976894985011435640, 
0.12430867682552443000, 0.12007001931349238000, 0.11430772972783179000, 0.10702633529777655000, 0.09814300508659981600, 0.08745556669321363800, 0.07479153992497902800, 0.06042070887051269300, 0.04467479614244871500, 0.02789194876532123300, 0.01010682606424764500, -0.00873940306531554090, 
0.11259957595116171000, 0.10835320119976909000, 0.10290246121700355000, 0.09632517840314155900, 0.08831620493220704300, 0.07860123713179580100, 0.06718362826127000100, 0.05420796946238926700, 0.04008716379013904700, 0.02516703819128538600, 0.00959363668205013080, -0.00670535021037686060, 
0.10283588769304318000, 0.09927450640337234800, 0.09436111917184825100, 0.08829633338956263700, 0.08087345074409250900, 0.07203466766364737000, 0.06174346346541774400, 0.05007834365101775100, 0.03741283717505714700, 0.02384434241855786300, 0.00951943435635038170, -0.00547868371837572160, 
0.09470468530329483000, 0.09181851522605502500, 0.08756203355728828200, 0.08194408030032199200, 0.07496292816901928300, 0.06672150253810856000, 0.05732399412844573600, 0.04672313142692279700, 0.03502481974817590900, 0.02241947258041172800, 0.00903004012749610700, -0.00495465627423128870, 
0.08579094389997271600, 0.08319964993125532300, 0.07934204130546260200, 0.07409308226932982700, 0.06766726876412652900, 0.06002830211077279900, 0.05129275927673751500, 0.04156714517656298600, 0.03089725015626944300, 0.01946720128887766800, 0.00737515275162408700, -0.00517427232148454790, 
0.07630556308151871500, 0.07321648289677934500, 0.06848028575536051200, 0.06222165947322361900, 0.05479491352800577900, 0.04635439349952402000, 0.03703793198537275900, 0.02711003566483026500, 0.01681737150632834100, 0.00624890552387735110, -0.00441786312279213170, -0.01495137045818803500, 
0.08714831226165041500, 0.08135289611980275900, 0.07244357336593125500, 0.06108334388441439400, 0.04815667106303996000, 0.03429606669464268400, 0.02037640391259788000, 0.00700172336807196320, -0.00491360138420569510, -0.01528484788279239500, -0.02403748291268685600, -0.03066556508819111600, 
0.10115936978737529000, 0.09323433439599472500, 0.08137711799570765400, 0.06654550664969104100, 0.04954982410274808000, 0.03144623346809082000, 0.01373031945980807500, -0.00253599449002793810, -0.01639626383076422900, -0.02740160814415635800, -0.03585011775137985500, -0.04074773181729390800, 
0.11480515720197482000, 0.10474417318774722000, 0.09015149583371646900, 0.07222762344093790200, 0.05191071000879575500, 0.03071490737773472500, 0.01054559161571371400, -0.00723783060207209080, -0.02199909938190584500, -0.03296320412721346500, -0.04063287373830366800, -0.04431275777554047300, 
0.11916953034633518000, 0.10721757793430095000, 0.09036221560253444900, 0.07022872687962895800, 0.04782884369305415200, 0.02501897311729705000, 0.00453234041080557550, -0.01262712372335919900, -0.02601019942982594300, -0.03557305312148242200, -0.04127731878843011300, -0.04288362310079629800, 
0.11615240412917369000, 0.10346394688574884000, 0.08683623976462907800, 0.06767788945849954900, 0.04579328459305766900, 0.02302100702726534900, 0.00297921701736846190, -0.01327442388481446900, -0.02557789990151761900, -0.03503525366517294000, -0.04064762315792603400, -0.04105012110661138100, 
0.11519104993181790000, 0.09970375135981661400, 0.08203295917897969500, 0.06350221486203933000, 0.04215318092373663400, 0.01991684524837891700, 0.00118416983728989420, -0.01288676011870011300, -0.02410865997824710200, -0.03379557606239913500, -0.03981849821065871300, -0.04154142298635597800, 
0.11474725831126685000, 0.09540036621720270100, 0.07577657806014007100, 0.05792196906644868400, 0.03716442881919560700, 0.01448588769736458600, -0.00351447292812810850, -0.01536255196516615700, -0.02537914924717438900, -0.03607094247494264900, -0.04386020966629270600, -0.04720331127271663900, 
0.11219589213895317000, 0.09008112046748419100, 0.06940098459320205600, 0.05205207876275669300, 0.03152726949465822800, 0.00804694899639553370, -0.00997942107902957680, -0.02025825377351936700, -0.02848979863728850000, -0.03939424455620934400, -0.04839815116406675400, -0.05266730976522895900, 
0.10813456087387072000, 0.08658656949436953400, 0.06621831025481159100, 0.04857112368741577100, 0.02926693879400979500, 0.00768557807664460670, -0.01034171771393273300, -0.02251931982527769600, -0.03132402356529014700, -0.04144419937758962000, -0.05020301729907662700, -0.05641061693207324200, 
0.09956452301833748600, 0.08185914744765432300, 0.06403852830686676500, 0.04792160841385276200, 0.03036113438991812000, 0.01103363668941773900, -0.00567149302900107030, -0.01819331925585395600, -0.02852563216204795000, -0.03927883137471263600, -0.04851001592654116000, -0.05560895723578078400, 
0.08817707490502889300, 0.07500435661707714800, 0.06044952578881565600, 0.04655605136306455200, 0.03142760478397256500, 0.01483183276674479600, -0.00066095359953481734, -0.01383827203757041200, -0.02587990695896507200, -0.03749752514146657800, -0.04759965384002393100, -0.05574094573556513000, 
0.06019481278831531600, 0.05251559598995401300, 0.04319036505415271100, 0.03376330780078255800, 0.02389289276901649500, 0.01327092748409248300, 0.00269530595023825470, -0.00715636748886790130, -0.01614966241423209900, -0.02431927491562445300, -0.03150704462910988700, -0.03773749691925482000, 
0.02297128815655434200, 0.02065367427981950500, 0.01769941935235304000, 0.01462198715206802600, 0.01154002487174452100, 0.00827558776061222690, 0.00506504891926704350, 0.00193170096968015190, -0.00089292974569734316, -0.00341168862256888530, -0.00565437036686431900, -0.00765873214078802760, 
0.01532476917277036600, 0.01423913705922998300, 0.01274492418284843600, 0.01109446952193097200, 0.00945677735343702920, 0.00774237672040516910, 0.00607111301362726460, 0.00442946558454985430, 0.00287565001026301220, 0.00140743490676511110, 0.00001202705606012333, -0.00133199670914427000, 
0.02282033716409987600, 0.01978224774950383300, 0.01593001630743029800, 0.01207561798854049300, 0.00861594841830636700, 0.00547821818555089410, 0.00278267651535372760, 0.00076157878075012141, -0.00091993841675932966, -0.00226486549544856280, -0.00358155579284802310, -0.00496622514715787910, 
0.05272128903598198600, 0.04305836401984696600, 0.03198188627517249000, 0.02168802545144869800, 0.01243747317092182600, 0.00417063807871589050, -0.00256614352538296060, -0.00730357313138074290, -0.01067551288235822300, -0.01326111766263237000, -0.01596942087538753800, -0.01946991137232614200, 
0.08902517279883753700, 0.07096208100027046100, 0.05028247119802118500, 0.03121915311266326400, 0.01417795196264395900, -0.00092145174757529875, -0.01268824873947381500, -0.02034375912628940900, -0.02528851556692408200, -0.02927026542770792100, -0.03417551959895934900, -0.04114395397406187000, 
0.10518405436619804000, 0.08340353751535353700, 0.05770804000597459100, 0.03365650320014580700, 0.01239730852696703500, -0.00597934824015125110, -0.01940819049353029500, -0.02729313435958398400, -0.03213577961080937200, -0.03656530254185619300, -0.04309641900334033900, -0.05276490129938150900, 
0.09984635607267304500, 0.07789278790751323600, 0.05174186881377410700, 0.02716822974194248200, 0.00593788859232640290, -0.01105386628458818700, -0.02142958049694813900, -0.02557599939217887800, -0.02713080690368136300, -0.02959593339070234300, -0.03546398860951856200, -0.04570912094102285600, 
0.09428413604459183500, 0.07160034918371258100, 0.04526219376138988800, 0.02116688565911430100, 0.00069201970665289363, -0.01475155480297107300, -0.02293261302237058200, -0.02415059488943553700, -0.02289146374748188300, -0.02309096633924445300, -0.02743376825347801400, -0.03691147545757423500, 
0.09568507412548697700, 0.07479587495006519100, 0.05024729557440122500, 0.02748219516734205800, 0.00689539778160013980, -0.00993123495345004520, -0.02147763266379512300, -0.02627039960518963400, -0.02763972532755367900, -0.02995118899382996600, -0.03636359486918503600, -0.04708895832188388100, 
0.08694512579608482100, 0.06993119243192751100, 0.04970701153759916200, 0.03041200703416240000, 0.01197943978067194000, -0.00482937011823400720, -0.01786464197615508100, -0.02527994726872729100, -0.02928963569873113000, -0.03364287662486515500, -0.04069098810073580600, -0.05022266611919154500, 
0.07343061628540704900, 0.05854923749870424900, 0.04209264316643911200, 0.02714800321358344600, 0.01206130245119295400, -0.00340971414838822040, -0.01595403171202308700, -0.02304270524638014200, -0.02659291679535858900, -0.03052854914478133800, -0.03621585888624205600, -0.04297701757122650300, 
0.06851994316654806700, 0.05320218933256496600, 0.03800441788928953000, 0.02547352577631343400, 0.01178511657889499800, -0.00404301965943721940, -0.01749891059040993900, -0.02450064854398086000, -0.02728343329241967100, -0.03054162219911537400, -0.03578655566909365300, -0.04104119223389959100, 
0.06809837524838764600, 0.05273671083160014200, 0.03798643286909884900, 0.02603786953741785100, 0.01237145511218441100, -0.00429145147391017490, -0.01880198763919159100, -0.02658952275946784400, -0.02981769575577963200, -0.03339854997562335900, -0.03880064881181850100, -0.04349076675514171300, 
0.06735993389505913500, 0.05268462262464501000, 0.03809099793511657600, 0.02564955565295314700, 0.01160342223517034000, -0.00485982501681732610, -0.01877247584584580700, -0.02635099572166411600, -0.02985032377993746000, -0.03381183108857208100, -0.03900331037364842400, -0.04298792792744125100, 
0.06295510665903571200, 0.04871796233147824400, 0.03423003191281218800, 0.02185595326437935600, 0.00848442256505339140, -0.00647973572442191000, -0.01871092818497382600, -0.02472605023866405700, -0.02682186763753823700, -0.02946926588355507800, -0.03379066248973015800, -0.03742884808357026200, 
0.05842616378814956300, 0.04446834256748271500, 0.03034852710251428900, 0.01859357425666981900, 0.00632543332508160760, -0.00726236064193009400, -0.01822011840060906400, -0.02315807294879147800, -0.02399251096544515600, -0.02538581913237070900, -0.02906973516884738000, -0.03262780823268286000, 
0.05571807831742008100, 0.04282732803931715800, 0.02899613941289760900, 0.01727055850985369200, 0.00557573885928724230, -0.00684469790709557080, -0.01728479839930744900, -0.02250194946797961000, -0.02370554420151866100, -0.02442694458297866800, -0.02781009140930188600, -0.03133829457310849400, 
0.05436850609312977900, 0.04234590965884699900, 0.02895601346670428200, 0.01760589620301281100, 0.00634658107466619380, -0.00533659012104967330, -0.01543038494864345400, -0.02112843035015248000, -0.02338946594699968500, -0.02489326578832165600, -0.02876291661393711900, -0.03264041090853730300, 
0.04771061121113190400, 0.03698927279747595000, 0.02549141257104903900, 0.01610395581912439600, 0.00653082972426400140, -0.00367155354185777880, -0.01224748894166766100, -0.01719858096216073100, -0.01962574889482030000, -0.02235161375780395400, -0.02613079548863497800, -0.02955725511262333900, 
0.04099891259674926700, 0.03221309438219746600, 0.02220988836278126000, 0.01336377189475034300, 0.00512915255706479590, -0.00265858341920943530, -0.00891656525478569040, -0.01287239812532944000, -0.01535212454558353700, -0.01798582862546637900, -0.02102103612455727800, -0.02367591747578121400, 
0.03941551292360381100, 0.03058411869531154800, 0.02029186926498415700, 0.01114539879182140400, 0.00341659361594147130, -0.00304472493218898780, -0.00771637992654874030, -0.01022621599673371500, -0.01157374937464789600, -0.01349376601599295400, -0.01680877948326016400, -0.02058756924617106600, 
0.03285878504729626600, 0.02536807111016524000, 0.01642268270695901300, 0.00847280903010684540, 0.00228690530718846620, -0.00214494477433628930, -0.00484419660964095000, -0.00605727870831292060, -0.00680072850899989410, -0.00841934002168395060, -0.01158816386044997200, -0.01539531465632870300, 
0.02339808940547309600, 0.01846591337411788000, 0.01232047656395246100, 0.00674613780243417910, 0.00260179220279622330, 0.00010028497911214086, -0.00102101013423064060, -0.00129447991321244300, -0.00154580459380933550, -0.00266871025576693270, -0.00510925129671614770, -0.00830519038382619350, 
0.01694982924090045900, 0.01404284317458205100, 0.01037397720146750900, 0.00701995259061338230, 0.00447526249012989660, 0.00283692779380083450, 0.00188892657515001870, 0.00131727637549407640, 0.00067966439715246192, -0.00054424569758185497, -0.00258387686556365820, -0.00511967957596784400, 
0.01293940040813652500, 0.01115664911365906100, 0.00899188982192317650, 0.00704549449264622610, 0.00545395137541339600, 0.00415471576238768060, 0.00298907687474963880, 0.00186210274308883460, 0.00062460922448483863, -0.00088782932984348621, -0.00267609618331233380, -0.00445606056793099950, 
0.00782646724599589220, 0.00682644598536540170, 0.00558975258353682290, 0.00445206197104718120, 0.00351822359012719540, 0.00271330426133481680, 0.00192686971258375880, 0.00104500198061626510, 0.00006626195742711613, -0.00094457814025513450, -0.00188018803763270000, -0.00258557413803924730, 
0.00300136012552642060, 0.00256394702581542620, 0.00201866070850215870, 0.00154497445652412600, 0.00119913059103747120, 0.00097745363215416678, 0.00082140172924662048, 0.00060902807726061106, 0.00032143077104891947, -0.00002554391391120233, -0.00034255862153014611, -0.00055062973442085721, 
0.00108359883650618280, 0.00092000657866812808, 0.00072288714201185331, 0.00055762530951878090, 0.00044730783789038243, 0.00039558531794939473, 0.00038098140917205010, 0.00035485842535101802, 0.00029810190600535543, 0.00020011854564180699, 0.00010051561106076023, 0.00002455522905125329, 
0.00058891228791509446, 0.00050719443022370517, 0.00041757695716091901, 0.00033300366706988583, 0.00027136017698308292, 0.00023336761354548038, 0.00020537334156232856, 0.00018446321134377584, 0.00015745625743082212, 0.00011970580817407814, 0.00008264132124990324, 0.00005287429688445702, 
0.00050141637380031793, 0.00041094466890431432, 0.00032148951655351535, 0.00023963999302568985, 0.00017463711512130436, 0.00013001072562056142, 0.00009581686513502126, 0.00008665587596442429, 0.00008126383861110430, 0.00007067620507712062, 0.00005931305533801981, 0.00005748397476329874, 
0.00063660271094806258, 0.00050670664120371198, 0.00040782652449477294, 0.00033468049377653443, 0.00025685737358389742, 0.00016674228150592572, 0.00009507008249610314, 0.00006415576381525583, 0.00005919572622629876, 0.00006461050498951439, 0.00007288941944361154, 0.00007550198681189006, 
0.00115476416733247250, 0.00101562332525731700, 0.00095873243012673762, 0.00093846962443511802, 0.00087745801695898957, 0.00077545450856948478, 0.00069052928171532343, 0.00064118238786932185, 0.00060666356527113276, 0.00058511451516576028, 0.00055491551189398446, 0.00050857349403299475, 
0.00533965131605389740, 0.00510176551217632420, 0.00483657868152722290, 0.00458701183399775480, 0.00432587147442562230, 0.00400607677847363700, 0.00362304617467486050, 0.00315660635526536330, 0.00263406243683008460, 0.00211363820618152080, 0.00160999888336471110, 0.00112732655143964770, 
0.01267645941968253800, 0.01191134619985368200, 0.01112806158017741100, 0.01044620568575872900, 0.00972325468691417200, 0.00878018392623012080, 0.00758980036288841970, 0.00610589999604746470, 0.00448788519384939450, 0.00295791683210550960, 0.00158335590096662170, 0.00026599753726286920, 
0.01316399164723997200, 0.01203915266166568000, 0.01119231610666271600, 0.01070292025321251800, 0.01011736971461927600, 0.00923957405089965120, 0.00811804964700713410, 0.00656752060863210940, 0.00470812404908854850, 0.00300792441794660000, 0.00175786092993225140, 0.00064828284796246264, 
0.01352942323048140400, 0.01206836133492920400, 0.01110637294145993600, 0.01071540943017599400, 0.01026030738740342200, 0.00949843274896938410, 0.00840949649604815810, 0.00670518803203658600, 0.00457435023569119880, 0.00280209683804123450, 0.00167169391403404870, 0.00069835362166537291, 
0.01388225789315143000, 0.01195672480684203800, 0.01093372596484595000, 0.01072960955399062400, 0.01040985487550952200, 0.00963750770398196130, 0.00836576815867017160, 0.00630433541338245620, 0.00390408256884011190, 0.00239858232413844370, 0.00155136491989206090, 0.00059272099415584470, 
0.01397110516020908500, 0.01093618789128908100, 0.00973639768948120380, 0.01018005422009972200, 0.01042613232330599100, 0.00991335176121948410, 0.00886402837665391930, 0.00658436706205482290, 0.00346729597492938330, 0.00151176948864099230, 0.00134557449205785430, 0.00136672250393372360, 
0.01455355841782233200, 0.01074412445408720100, 0.00924694279024381070, 0.01002652818819361300, 0.01079775479517831900, 0.01066394075835549500, 0.00986061696593204880, 0.00734092180610814140, 0.00363155316036837700, 0.00111272726902074770, 0.00134756020301493060, 0.00220182621416360010, 
0.01498947214382340500, 0.01072434970743757100, 0.00916329601750804670, 0.01008883607479853400, 0.01111139994023574400, 0.01113703059812899500, 0.01046290162437015300, 0.00799015595977590160, 0.00388874806881263360, 0.00100330568647890570, 0.00130380608479609010, 0.00258567982315641630, 
0.01490374601746189000, 0.00969545915300582850, 0.00815299789624518780, 0.00957820608661913950, 0.01103345577829060300, 0.01117101293969256800, 0.01065506621545298000, 0.00827027960866781770, 0.00344757263070253910, 0.00023684141543110619, 0.00105015613183680650, 0.00307472630495710540, 
0.01441621332566715900, 0.00836301626461791870, 0.00707860251425741080, 0.00940546056575649290, 0.01074704514942355000, 0.01061519305613290200, 0.01042740123994282200, 0.00814689208311135910, 0.00289266252236571430, -0.00057862658573079259, 0.00100921948443169530, 0.00386582506594593520, 
0.01391574639979617800, 0.00804645400526094770, 0.00704031259481876710, 0.00949032316681807170, 0.01049831962241140800, 0.01026428185244324600, 0.01024426525417164300, 0.00810873033623611680, 0.00310158448045110180, -0.00020540601097624871, 0.00147714499285147260, 0.00426574818172860150, 
0.01362254140820964900, 0.00774927792525143510, 0.00687005060001441400, 0.00939508880510733950, 0.01041265614396578700, 0.01016796641370809100, 0.01022848086814286800, 0.00771398393916219830, 0.00290349813610041740, 0.00019354943054169702, 0.00214422605730030420, 0.00466637426381878980, 
0.01279118446991490100, 0.00713196511374011070, 0.00608429037519997610, 0.00853149386437178880, 0.00991068342954616770, 0.00991021315794128610, 0.00969078430982951540, 0.00723630945982104560, 0.00282756059681743030, 0.00047111489006087317, 0.00247568396679500110, 0.00494593690990497400, 
0.01217319349266800900, 0.00677958251999929980, 0.00583665820378069440, 0.00825106991645184130, 0.00944922702193708510, 0.00924264276715945280, 0.00897865349384414230, 0.00710103766269050160, 0.00295316147885831990, 0.00038722102664654032, 0.00216125674887901900, 0.00464343867820558950, 
0.01156229448457869200, 0.00655613142614692650, 0.00553474811258547820, 0.00766997986311598270, 0.00889938091916435070, 0.00882500436888154250, 0.00852567836535474830, 0.00663779666030789310, 0.00268310476387522170, 0.00022786106465584182, 0.00179893953327545490, 0.00419385406188855970, 
0.01100124339946294600, 0.00661251103884899410, 0.00576473557133231220, 0.00755974342731635660, 0.00846446515321928190, 0.00827412778667228900, 0.00801232249761019320, 0.00621063871983320880, 0.00252984351797808180, 0.00032308042842127144, 0.00176384533011601740, 0.00379261257593176400, 
0.00979293952655766950, 0.00592902467943703330, 0.00528522073229092860, 0.00692242035937664850, 0.00768009224261814120, 0.00756842953732943680, 0.00732961427122274210, 0.00533847256497707940, 0.00219559039777415120, 0.00078866159011869508, 0.00239472879914503930, 0.00380151901485784780, 
0.00794185304017054960, 0.00433745747840063190, 0.00376558541615957000, 0.00542513234226159150, 0.00645608732466186260, 0.00667188049119993820, 0.00643595719231229970, 0.00456398873089381570, 0.00183775866798634020, 0.00103987080764275870, 0.00293165027716048990, 0.00432986457368004020, 
0.00683273316605859540, 0.00379071385964291480, 0.00323643256672653900, 0.00468671702238054960, 0.00584547467165943360, 0.00613738553277952750, 0.00568284146216865680, 0.00402144179163541150, 0.00185230849127072720, 0.00154133657178518360, 0.00327091887343644060, 0.00438555131149481050, 
0.00638780570435854270, 0.00377529075857893070, 0.00324572862053338400, 0.00451064688623684530, 0.00562990059145614290, 0.00584582513819780200, 0.00530042199736080810, 0.00377066945515559410, 0.00200675023336241170, 0.00195341610718974220, 0.00346589595644579590, 0.00427885706994367810, 
0.00593002334386333930, 0.00376017502812832840, 0.00333112477759217120, 0.00432510658277528420, 0.00518238120008935630, 0.00530208983807209900, 0.00476510869425769610, 0.00337178857196175150, 0.00204120795768312310, 0.00220819544386011670, 0.00331234224586587780, 0.00353103860939360740, 
0.00540727996971103290, 0.00366419786612663970, 0.00347637686477750760, 0.00423674161848510470, 0.00471203412105074530, 0.00468755588225157420, 0.00424702655477947850, 0.00312985941391527580, 0.00208265062134220650, 0.00220222651068216390, 0.00290608411360713860, 0.00277186088046190660, 
0.00483855944541259490, 0.00370122643615119220, 0.00354645711639534280, 0.00398800817268073900, 0.00419954962047489320, 0.00411040824085133140, 0.00384802477233717970, 0.00308244679841330250, 0.00216340288429700670, 0.00194075011739518640, 0.00244044386619114270, 0.00245170844397812500, 
0.00436141772834902370, 0.00373899983227519780, 0.00353804729544357140, 0.00369888812587901600, 0.00379713227337636320, 0.00372110710834549140, 0.00348233372226124500, 0.00291210650087967780, 0.00224186626326413310, 0.00195571662196980220, 0.00217849398712793980, 0.00215508930782908150, 
0.00377430134482447440, 0.00348524874301317030, 0.00332179840276455120, 0.00333874298006513630, 0.00333780928555812460, 0.00325659460379712020, 0.00302139450734376440, 0.00264051954883901030, 0.00225043309788937460, 0.00203071651397602770, 0.00197401474289169140, 0.00182027155615137020, 
0.00331918044568478910, 0.00320671058720142660, 0.00310464618739965220, 0.00304525019148516950, 0.00296726947494054370, 0.00284977875637612610, 0.00266151773185847960, 0.00242352518254449230, 0.00218313325743564510, 0.00197737075169494200, 0.00179091997059500430, 0.00157284381096557740, 
0.00306536938989902810, 0.00300541114576046920, 0.00292802928744413100, 0.00284069493599420350, 0.00273418478540248370, 0.00260009604328828150, 0.00243590316514508390, 0.00224854005660981220, 0.00204748791809970490, 0.00183927006779883410, 0.00162487863314157990, 0.00139837211851608490, 
0.00242144454697110080, 0.00237963977924926560, 0.00232181503512383660, 0.00224912007247105290, 0.00215980796049129250, 0.00205060977044991880, 0.00192517604109081110, 0.00178148741293241440, 0.00162435108205521510, 0.00145853851543031750, 0.00128822694041996450, 0.00111076751525367150, 
0.00171234811955766390, 0.00167967282591021620, 0.00163640088800658440, 0.00158269930490283290, 0.00151810787518688230, 0.00143903699344232890, 0.00134923618321998750, 0.00124454234338897690, 0.00113101540192183540, 0.00101223888430269200, 0.00088910183008465715, 0.00076092234338064383, 
0.00102210941833806210, 0.00099675337156484743, 0.00096754658220540651, 0.00093076892658213318, 0.00088678478892255733, 0.00083405940184718720, 0.00077566120968981561, 0.00070826517717707826, 0.00063532192402609533, 0.00056022277307539795, 0.00048276225407743956, 0.00040171795440441423, 
0.00046518264892411585, 0.00044326976941323022, 0.00041924328198929901, 0.00039156586544688199, 0.00036166645818826930, 0.00032649534428777743, 0.00029161964469749538, 0.00025360291376891954, 0.00021314169785531287, 0.00017157719408928578, 0.00013339790795500241, 0.00009903679417202912, 
0.00027416125553837581, 0.00025730620584977820, 0.00023908459801812336, 0.00021918865506326713, 0.00019952370616975370, 0.00017841971059593667, 0.00015863787169397874, 0.00013798866078309989, 0.00011729079051437955, 0.00009612926347142311, 0.00008031249030155604, 0.00006938008607084124, 
0.00032182870678415212, 0.00031589251051225353, 0.00031013152367071638, 0.00030374485084610283, 0.00029718747028312670, 0.00029035273377066263, 0.00028412551687989981, 0.00027756164090890592, 0.00027076587099167447, 0.00026375610495784100, 0.00025794856266290745, 0.00025281588265996691, 
0.00031589023985857640, 0.00031326901985928904, 0.00031074894674281448, 0.00030806294360658448, 0.00030512987747284429, 0.00030195903093962979, 0.00029875380078171288, 0.00029560584829933356, 0.00029217879668582054, 0.00028873488537575759, 0.00028517331511379839, 0.00028193207212724286, 
0.00024792940540497904, 0.00024540256580461663, 0.00024288959190636093, 0.00024035380878552242, 0.00023784742532958553, 0.00023520276647987079, 0.00023240124933768228, 0.00022964950437710728, 0.00022665972854345266, 0.00022370215175846584, 0.00022054155728738628, 0.00021771617890406025, 
