0.99096173880603466000, 0.63206860537732379000, 0.44162388953300413000, 0.32254460012557129000, 0.21750837450901778000, 0.06849392610590507300, 0.07744602279934045800, -0.06784167313188105300, 0.00845573786966323520, -0.00642432418210733130, -0.03944567410293549300, -0.06387357028193135800, 
0.25759489341164277000, 0.23380966548253426000, 0.20469857475020437000, 0.17164821438239808000, 0.13555712448102533000, 0.10090675210741984000, 0.06764084499406473900, 0.03723490614095434400, 0.00884875652882354670, -0.01835319480312735600, -0.04458950895967051000, -0.06869651822391185900, 
0.19136314832561582000, 0.17799318845358317000, 0.16036793969801277000, 0.13926895775550505000, 0.11506272099887183000, 0.08880689432064317600, 0.06018429007430119200, 0.03425426621008654400, 0.00784736906013383530, -0.01852132503270499000, -0.04483746618621491100, -0.06978385337637313400, 
0.16591140751273795000, 0.15834902848075383000, 0.14625919515288582000, 0.13059336946872022000, 0.11143982043514328000, 0.08936428607384173900, 0.06462828056756149400, 0.03866686096950017900, 0.01108541448953205600, -0.01739301410322658900, -0.04655210776637491000, -0.07568464827905147000, 
0.14708833230147353000, 0.14189545521373198000, 0.13242996068195947000, 0.11965400503252281000, 0.10336856700336861000, 0.08438056106135899400, 0.06280752257749813700, 0.03927963418109008100, 0.01405654459591970700, -0.01229838485052211400, -0.03925642616558263500, -0.06623234787695579700, 
0.12875118215650144000, 0.12411815021454228000, 0.11593207937327404000, 0.10498938068468223000, 0.09107749394859461500, 0.07440309047252984000, 0.05547330586352668800, 0.03508717020458390600, 0.01350719459017677600, -0.00923664847454513240, -0.03255910385061564600, -0.05566938468431183200, 
0.11604619888504056000, 0.11130063390198637000, 0.10356253122053266000, 0.09348662180684312600, 0.08083086652963664100, 0.06564932262924147400, 0.04868411037967675800, 0.03070164922803087600, 0.01196931673265258500, -0.00769230497639416220, -0.02766876844732763000, -0.04731219535555941700, 
0.10396187389400827000, 0.09950668551009953000, 0.09248015650799321100, 0.08314399801154739900, 0.07144135135427594200, 0.05773345117648485300, 0.04277790969804183600, 0.02702888942264470800, 0.01071127489688537800, -0.00605780366108957420, -0.02267381301802692100, -0.03862649300751258600, 
0.09612409843369104600, 0.09205166116133110800, 0.08559902748706137200, 0.07679702370026660100, 0.06573514941802560700, 0.05288078190200407000, 0.03901377554739979300, 0.02444866037109018300, 0.00930934694342136840, -0.00607361206921385420, -0.02109055745807039700, -0.03517069373185569000, 
0.09307396310954163500, 0.08914811360340846300, 0.08288239103443347000, 0.07432379614944924200, 0.06364077414025616500, 0.05115933718141235700, 0.03763711818642659400, 0.02339703443956182200, 0.00869376613905952990, -0.00627619838884396760, -0.02090635627803202200, -0.03471113108245132300, 
0.08858121480581313000, 0.08501928088356812400, 0.07920276981065230100, 0.07122328935961229300, 0.06128060530059800700, 0.04961789950671308100, 0.03687425352645487500, 0.02335965225956460800, 0.00942083805066408310, -0.00483968739268128380, -0.01885289211122703800, -0.03227246284105937700, 
0.08598044228465133400, 0.08267673476972031700, 0.07713080474197048200, 0.06952660412020408900, 0.05996851132183786400, 0.04880754094326038300, 0.03646207478138895100, 0.02336506595382476000, 0.00974116713641987390, -0.00415633782787313070, -0.01794190537938720700, -0.03120029653753395700, 
0.08318169663930916100, 0.08006409128019444100, 0.07476197236221697500, 0.06751006544773879800, 0.05831933594708303000, 0.04759532691782015400, 0.03568227206154518000, 0.02307470247093854100, 0.00991093840362964640, -0.00350832910568084010, -0.01685513741604797300, -0.02968757612469797100, 
0.08132250508109435700, 0.07813320519993445500, 0.07280612369572647700, 0.06552662842334236500, 0.05638829024160679100, 0.04576131435638274000, 0.03407618956038752800, 0.02172444599786782900, 0.00891357011223196760, -0.00411160014559110170, -0.01704249527300100500, -0.02943149079518962400, 
0.07818878748500646100, 0.07511253659561811800, 0.06991799097545828300, 0.06284341708482824000, 0.05403924741362471600, 0.04384860584033445400, 0.03264323533759606200, 0.02079925537231438300, 0.00857156413185542090, -0.00383755275063088830, -0.01611673517209030400, -0.02794336930505038000, 
0.07590737519197055000, 0.07299395466859179300, 0.06801621559904066900, 0.06125775411411672100, 0.05285544261813429600, 0.04314160808280375500, 0.03238472872780601800, 0.02100284614842596500, 0.00924191373096028970, -0.00269689818533288150, -0.01454499708504876700, -0.02605326622583384300, 
0.07389063033389206600, 0.07103914484779029500, 0.06616449019483638900, 0.05954623854091073400, 0.05138537739469351000, 0.04198215077453787400, 0.03157958136226476200, 0.02056723776209650600, 0.00922687508365455790, -0.00222216337303274890, -0.01358312613297166900, -0.02465359466462725700, 
0.07198295397689143100, 0.06913257622991181300, 0.06426846724567275600, 0.05769234463275063600, 0.04965151280813281900, 0.04045671305119191700, 0.03030598599618265400, 0.01956757899214300200, 0.00855443133749873850, -0.00247148381989165720, -0.01338526183538783600, -0.02402219881332769800, 
0.07084188788138176500, 0.06809251691933103400, 0.06341609152776475600, 0.05706721474196493200, 0.04928648195426049700, 0.04030325751838053500, 0.03035226007401031100, 0.01971944869674720200, 0.00876671061168852320, -0.00228347126487433650, -0.01327716410947101500, -0.02405287941820158000, 
0.06876110859973892700, 0.06617360546990515300, 0.06177788348653971700, 0.05577203037833865200, 0.04836979578093937600, 0.03974698715041868900, 0.03014979270626686300, 0.01982948183925052600, 0.00910318630387757160, -0.00184970134820333900, -0.01282833487397800100, -0.02366391382785790200, 
0.06626229141052288100, 0.06382858009126322900, 0.05970557281888910800, 0.05408613458003362600, 0.04713498235169430500, 0.03902564113934676300, 0.02997024131852699100, 0.02021182828383645200, 0.00999682493722177030, -0.00050277220603623871, -0.01111283053474268800, -0.02164545888340149700, 
0.06445138852027690300, 0.06202601294034367600, 0.05796479519432382000, 0.05247982531072752100, 0.04571799443020235800, 0.03783768095614530700, 0.02901276693942442900, 0.01950459129310012200, 0.00953902448233060270, -0.00068657668391329616, -0.01105050558905201400, -0.02137757327297882100, 
0.06262619924731489800, 0.06009236110839463700, 0.05589557035389680600, 0.05034325618617282300, 0.04365808704414443600, 0.03603888875762634900, 0.02759909445284881200, 0.01858108997926900100, 0.00916282408632871150, -0.00045880403010000858, -0.01019971607578308900, -0.01998864670934654200, 
0.06104073721496954000, 0.05823176067854403400, 0.05373340572489787600, 0.04795753615753820000, 0.04125609113049953600, 0.03389160946490374400, 0.02601775277144621100, 0.01782474878683092100, 0.00945168661452882450, 0.00100515075532625790, -0.00752072640332487970, -0.01618798877268714400, 
0.06047979321912114900, 0.05705433349391363800, 0.05185043130961741000, 0.04547870042019777600, 0.03848029490367406400, 0.03121902828466500300, 0.02393368674634258800, 0.01679542115798056100, 0.00986936031486333050, 0.00309328214468508780, -0.00372674168640167460, -0.01082734877555197600, 
0.05805855821210850100, 0.05441003137700344000, 0.04894486335933377600, 0.04237542146327211900, 0.03533459915101657600, 0.02825126974490031100, 0.02139545613464269000, 0.01490061109114204600, 0.00875577027453407900, 0.00281295207110785840, -0.00317827266889896680, -0.00950520644723549380, 
0.04985919908963031700, 0.04726398616931023300, 0.04324183741183160200, 0.03816980603700685600, 0.03242774834570535900, 0.02628237577447856100, 0.01991719921437414300, 0.01344065350458655700, 0.00689497536243962460, 0.00027252685981925782, -0.00643387135693593990, -0.01323072267037174300, 
0.03303747922955380100, 0.03130353064042915000, 0.02865175695462389100, 0.02533844024716830300, 0.02161524203140584600, 0.01764887711429923700, 0.01353584046139021500, 0.00932432466176461720, 0.00504156943241492950, 0.00069716335897140826, -0.00365993022385310150, -0.00801088666798492440, 
0.01427316533782801500, 0.01343928126020546000, 0.01222022103552352800, 0.01077167247235647100, 0.00923105880456818150, 0.00767501166841155330, 0.00614058230206867340, 0.00460800682305663890, 0.00308587949068067640, 0.00153809991676949000, 0.00000158085602058601, -0.00152010770636100170, 
0.00691730159783604790, 0.00653161400531459750, 0.00601793162624002930, 0.00545662809987536130, 0.00491269730530739540, 0.00441845604580769650, 0.00397819524045371460, 0.00353687772824702160, 0.00307365704012641130, 0.00252766243886589580, 0.00189445046404330050, 0.00118791934316287740, 
0.00677779439951796320, 0.00649781440566353420, 0.00612962963392185270, 0.00570332791586163940, 0.00523516461134032000, 0.00474406634055390010, 0.00422906661035181690, 0.00368011046519211690, 0.00309062077414486110, 0.00244882972752610360, 0.00175494420214894300, 0.00101763982373519580, 
0.00712985172008445000, 0.00685419912531843280, 0.00650256143846915030, 0.00609882347805067520, 0.00563993608549569380, 0.00512081129802555160, 0.00453640799539140740, 0.00389917099743843130, 0.00322174010944396370, 0.00252191610006665500, 0.00180129303598264750, 0.00105638103265407140, 
0.01080535993278053000, 0.01004082285322234700, 0.00919505603539021340, 0.00849438031936501980, 0.00784148605597523130, 0.00708672897669454780, 0.00614124546429967250, 0.00500984053368825220, 0.00379475655360487310, 0.00255556667420552690, 0.00131501346342470210, 0.00003390174769433852, 
0.03120177580831150200, 0.02868831816580882200, 0.02593610812145311100, 0.02356182116688520400, 0.02111443572243169200, 0.01827996150258196600, 0.01489730153181527200, 0.01094519585877755400, 0.00651231668718152760, 0.00181224830938977920, -0.00285956030185380340, -0.00742835236785897600, 
0.05241436248197689500, 0.04845816803061323700, 0.04434600217781778400, 0.04079610663333772800, 0.03688514826107321800, 0.03190582923891882600, 0.02571056491230601400, 0.01840718765959182400, 0.01025693102776608000, 0.00192036700254216450, -0.00610724687634032780, -0.01394826297307095500, 
0.05600722695518143400, 0.05219849920451797400, 0.04819971647468390700, 0.04470326027695451600, 0.04082850483227321000, 0.03552241656876343300, 0.02859383391001775500, 0.02024583192243410000, 0.01113065231604461200, 0.00208980836276420390, -0.00644417229716735560, -0.01475266734206645600, 
0.04967451150023895200, 0.04633374006709326700, 0.04279342359950175100, 0.03970151269445814500, 0.03627322681816853900, 0.03155874935898091100, 0.02536292130472708000, 0.01784877086903741100, 0.00967395412616318950, 0.00178759147785938170, -0.00544124496275256300, -0.01247050571490474100, 
0.03771968112033617600, 0.03467004610427285700, 0.03186343571814796700, 0.02997238813363914700, 0.02806753914778360000, 0.02515391154047822600, 0.02083240546622572000, 0.01507486672702670400, 0.00854194679317314340, 0.00255861048923295210, -0.00208727581619008560, -0.00613501961867638380, 
0.02985502467884333000, 0.02716201931534133200, 0.02481916636764992800, 0.02346901078161163800, 0.02216587833306376800, 0.02000738497122754600, 0.01667106141684673900, 0.01212828379534712500, 0.00703236584934123670, 0.00252183363340855670, -0.00078244318489350336, -0.00363471395832613800, 
0.02557012415287951100, 0.02330532680220517800, 0.02144409346915027900, 0.02039824930314210200, 0.01919907313307574200, 0.01713872830561583400, 0.01419598353417412700, 0.01042278625265349500, 0.00637379668823468550, 0.00285521577575204150, 0.00016096515281804262, -0.00243094975390113120, 
0.02247117277617875800, 0.02023404686797725500, 0.01864713198616280200, 0.01802200830935114800, 0.01731046629698849600, 0.01557587466387203200, 0.01288489792084406700, 0.00947443115809943480, 0.00601713671336206320, 0.00319680436141933380, 0.00116373077678564270, -0.00088854263665911549, 
0.02056190135645957100, 0.01839738836107893100, 0.01695573314636423700, 0.01644963541836502400, 0.01582149386269533800, 0.01411178565545423100, 0.01152224611753809500, 0.00845253683777592340, 0.00542116801048788190, 0.00295858412130626300, 0.00108994675515811820, -0.00089478775687119210, 
0.01933353960464372800, 0.01728872466556231900, 0.01590907694322810800, 0.01535477737125020900, 0.01468837875410129500, 0.01307440051569470000, 0.01076787393612436600, 0.00807068220333807820, 0.00516526104391300170, 0.00263139448669080620, 0.00075773108350879286, -0.00090163787583167428, 
0.01808922119431371000, 0.01646088607773365700, 0.01521906845494558000, 0.01448529498279578500, 0.01356522993313611200, 0.01190761806629658100, 0.00977388605815336130, 0.00741008455993154460, 0.00484699287220600840, 0.00244824996498196850, 0.00046057170558394642, -0.00126042968628108250, 
0.01720886863286924900, 0.01573478723383005300, 0.01456515647936151000, 0.01380833806258981300, 0.01278829810126615200, 0.01109742038637153700, 0.00908606290298978780, 0.00694479781338287320, 0.00458680998521033240, 0.00227080467507153810, 0.00024895235492579561, -0.00136446899527892540, 
0.01620650703396304600, 0.01471457078433371700, 0.01358654151607872700, 0.01292123662773647000, 0.01198451789407284700, 0.01039441095551545500, 0.00851031390661305740, 0.00650565051204482320, 0.00425836788275983210, 0.00199548740157793130, 0.00013870221764496091, -0.00128721978178060100, 
0.01521001698161932900, 0.01374816604706282300, 0.01265685429057634500, 0.01207208754410089200, 0.01128323395250480600, 0.00983617675211657760, 0.00803685480187355150, 0.00606602083660754110, 0.00390835795415900470, 0.00183878284041856260, 0.00022617502253612255, -0.00101487676273354000, 
0.01430207005350916600, 0.01288481382405132000, 0.01186508268492957400, 0.01134484558071309100, 0.01059719072247257400, 0.00922818875672654260, 0.00757848867125849190, 0.00578967234551554680, 0.00377665943775904250, 0.00180907860461780370, 0.00021837015788028354, -0.00091124628505561637, 
0.01345529310386673800, 0.01213527087793850100, 0.01120271571713534300, 0.01073439646513496900, 0.01002008509507005400, 0.00874985217424418750, 0.00719558424857793830, 0.00551428042208270110, 0.00366023512173638480, 0.00186039829727899400, 0.00041114028450467372, -0.00069891305044873287, 
0.01328859919073818400, 0.01201580001739560100, 0.01106055150630904500, 0.01060973788757188000, 0.00993484273971234620, 0.00870564599485449190, 0.00708186830857522160, 0.00534063183356782870, 0.00354708125805711830, 0.00192284651460696050, 0.00060286236078680865, -0.00056841190405321641, 
0.01307189852738821700, 0.01180025306366457700, 0.01081630673011291900, 0.01037385484991856300, 0.00975467566468717590, 0.00856704076682603990, 0.00691208071899358530, 0.00515254999359136740, 0.00343487819251203290, 0.00188403464918129830, 0.00058177881852263446, -0.00069188213049410619, 
0.01355394007667007400, 0.01227457965256836500, 0.01125429113959010800, 0.01071206759199603600, 0.01008289023313883300, 0.00890454996621795580, 0.00722739645459906200, 0.00533844708502738930, 0.00350515098066679460, 0.00183594599461118380, 0.00048043529562225506, -0.00090603997614457932, 
0.01430767550188299400, 0.01296258891126838100, 0.01191489145580588600, 0.01135907095032574900, 0.01071292106505310600, 0.00948689218486183090, 0.00771836418760796920, 0.00562219773048116320, 0.00354937175980201810, 0.00175776848656070260, 0.00034620370648426769, -0.00113192315800352390, 
0.01489061850911953100, 0.01356625972114375800, 0.01251232933158661300, 0.01194994563751132300, 0.01127414401763017700, 0.00998992779656070540, 0.00810805800999506860, 0.00583913300913009670, 0.00364094128293992360, 0.00181584761938626560, 0.00033025634116808534, -0.00133575946950121710, 
0.01550731374440464600, 0.01428405724240143000, 0.01324659965631975200, 0.01265105923341699300, 0.01193449561594834600, 0.01063113050696149100, 0.00870984498070023930, 0.00640584505701965320, 0.00416063603162074130, 0.00228877394689703820, 0.00069271996384054487, -0.00108663909539873290, 
0.01625584417930606800, 0.01503256082819009500, 0.01395729364391253000, 0.01322916685636293100, 0.01232803197544356100, 0.01080880000579656000, 0.00873048595983299050, 0.00641078885370049980, 0.00413966429253651790, 0.00211782616322051320, 0.00018537460435468823, -0.00188314397883505610, 
0.01756098387279994600, 0.01633382764002119400, 0.01506694652530569900, 0.01400963685498218300, 0.01276688616716423500, 0.01098556822743703400, 0.00873263289444357360, 0.00627315754998949980, 0.00378179494633753760, 0.00131937407911916120, -0.00117860884861161140, -0.00362286648880945230, 
0.02016557919276359300, 0.01879674333407660800, 0.01727550787714986600, 0.01588837575049056200, 0.01434728725720606700, 0.01227833391435117000, 0.00967959134578500430, 0.00669036039646064490, 0.00363619019128672530, 0.00065352051840552011, -0.00224427123121467150, -0.00502746150927064600, 
0.02199082900905326800, 0.02044826252301466800, 0.01876952328919732600, 0.01738227722745688800, 0.01595251782104148100, 0.01387751043599482600, 0.01102836019416429700, 0.00757496724018788450, 0.00411436499215579910, 0.00094430057930732024, -0.00193052296714559070, -0.00471538939710378770, 
0.02300057155682026800, 0.02133022639252617200, 0.01954710019992785000, 0.01826207140206918800, 0.01699467388289658400, 0.01503787573948394700, 0.01209494810056938200, 0.00838394802524968300, 0.00460994061140823640, 0.00124643736343079870, -0.00161100859635520430, -0.00436886911261495910, 
0.02528740750108031700, 0.02354933480081500300, 0.02168817296727574800, 0.02026005551277960900, 0.01880846497205585300, 0.01664522261470448300, 0.01351949233922094900, 0.00954056219984275070, 0.00534854037052316480, 0.00154983368636230690, -0.00167175957037203250, -0.00475990399540819710, 
0.02866325623576799300, 0.02666300150057167000, 0.02456719786743504600, 0.02283997769151374600, 0.02100209043302602900, 0.01828665086869599900, 0.01462100465532185600, 0.01013238601119508100, 0.00538118763769526460, 0.00099324465449859931, -0.00293746786543939210, -0.00671547066225950270, 
0.03134979576513197100, 0.02904851591765384600, 0.02672035169513897100, 0.02483969915725008800, 0.02275564412801873000, 0.01955900007318073900, 0.01543806825277565000, 0.01053634974652974500, 0.00535463130669941100, 0.00049446926018705331, -0.00399346414453376470, -0.00834701600974301590, 
0.03117642833121523500, 0.02861237661188342800, 0.02614569323354686400, 0.02430109352968733500, 0.02240485858256602600, 0.01955321259578544600, 0.01569754838640633600, 0.01069209734775845700, 0.00510628178223779260, -0.00006219249278823402, -0.00434826293022132220, -0.00821278009002344640, 
0.02695158723144810600, 0.02425346993383673000, 0.02183824894547990400, 0.02019481893687838400, 0.01879655603864280300, 0.01681786228568294500, 0.01383396868677693300, 0.00953910864508885140, 0.00436552185408618090, -0.00042017856577105371, -0.00401983751787109500, -0.00687284102962687670, 
0.02154352554916516200, 0.01898330773924700500, 0.01680034649340309300, 0.01547077283881166300, 0.01453429006106872100, 0.01314514963691752900, 0.01090138623843455900, 0.00752559055199368730, 0.00329353914479211260, -0.00062460033323700570, -0.00343873064110843810, -0.00545959694929817880, 
0.01857215394512398400, 0.01614437271020827100, 0.01397838462787615600, 0.01268987053120502500, 0.01182492823434565800, 0.01056065580015249300, 0.00850572418276662220, 0.00543507741276244050, 0.00176371206386153780, -0.00156264222197926820, -0.00391967792861831750, -0.00567646054251711750, 
0.01696985008386410500, 0.01462770049868584000, 0.01250721955609097000, 0.01118039598815815700, 0.01021037857198928100, 0.00891153306043237360, 0.00692440877186259030, 0.00409783949353267550, 0.00079568428296666611, -0.00220101252139181430, -0.00440888262021830930, -0.00610109020460752190, 
0.01633464203858382000, 0.01386735089681629500, 0.01156567751749304300, 0.01006817532579949900, 0.00896078386061244580, 0.00764242946179245500, 0.00565939924907908010, 0.00289679845081444120, -0.00036977409340667358, -0.00337562343463804460, -0.00566165073396281920, -0.00726847051109382090, 
0.01694315358091250100, 0.01437615685235976700, 0.01183273969713752100, 0.00992528156088332180, 0.00838664352279388030, 0.00691026836259375780, 0.00497979950875444310, 0.00240021207845949070, -0.00080245533611006956, -0.00405642920764353110, -0.00677899055361832080, -0.00873097922772587100, 
0.01934246825483003400, 0.01647094125491465800, 0.01324847515690842500, 0.01048695573466603000, 0.00822940991924359790, 0.00633460122665367370, 0.00418561596802241850, 0.00142781828112262560, -0.00206959712409082640, -0.00594796364751870240, -0.00946809497718488840, -0.01209473029349048700, 
0.02118560912173111900, 0.01832634303345391200, 0.01484806568487759100, 0.01151639563211394800, 0.00846727386024179180, 0.00558650769984996800, 0.00250796742987997910, -0.00107153093438132280, -0.00512158528679167600, -0.00926002648004723390, -0.01287178846393338700, -0.01545485545218052000, 
0.02383102902659099700, 0.02093560872173438200, 0.01720718591771881100, 0.01322615737927657600, 0.00909980005856533130, 0.00488290863260399870, 0.00054246032954810585, -0.00408489749011560570, -0.00877204137505615750, -0.01315631103501407500, -0.01669905593436592900, -0.01910720124402223000, 
0.02478283974629350000, 0.02163835706968492800, 0.01741473952515700700, 0.01297265003976063300, 0.00866244719153206300, 0.00450171644136908990, 0.00034472679001875458, -0.00401409692023248050, -0.00851359053666770820, -0.01296576683615417600, -0.01692675021649633600, -0.02002322558638421400, 
0.02180589187749332200, 0.01872184896264131300, 0.01455755590129682500, 0.01028478079396480700, 0.00644153545894368080, 0.00312986978092669910, 0.00007530150020425806, -0.00304209480550347070, -0.00647275092354391780, -0.01022851604030743100, -0.01385359331739293900, -0.01694781097011749400, 
0.01533591846934211800, 0.01283213958507223500, 0.00951136317383043800, 0.00623138111575355280, 0.00351274183380297440, 0.00143747908039154300, -0.00026894426570197097, -0.00193214740530291470, -0.00378455840066518890, -0.00601700124174968900, -0.00812054276832242100, -0.00996883669097742980, 
0.01015745997602019200, 0.00817904219083319220, 0.00572941426769985140, 0.00338379640165745960, 0.00163791134800941110, 0.00043812395431999754, -0.00043749705275340951, -0.00129327483893562980, -0.00219233265739453200, -0.00335232212087387690, -0.00432275211733536540, -0.00508625604059367770, 
0.00915638610812236940, 0.00723462863703838370, 0.00485888836942384790, 0.00260193281905780590, 0.00097257153397768887, -0.00011227064225157403, -0.00073453160913107378, -0.00128708791206964220, -0.00180707932602064350, -0.00241037995561316050, -0.00299337688027796630, -0.00346698981959686540, 
0.01013063560817598200, 0.00782896711397032890, 0.00494685778848628040, 0.00217063549538437350, 0.00015000093139771724, -0.00120011233288455320, -0.00187539814780789020, -0.00226599616426140930, -0.00263019167131254210, -0.00301064285805494610, -0.00339381230032230040, -0.00370960049496431430, 
0.00982108397781411920, 0.00748737115491214180, 0.00455602260328005680, 0.00179249837004649540, -0.00021524093459332174, -0.00142954850671549450, -0.00193751832112216100, -0.00212555246963188480, -0.00235415686787672450, -0.00275997874512647590, -0.00327506072661971990, -0.00381950120054833170, 
0.00858715186030035470, 0.00647491030006976890, 0.00386110723344464110, 0.00148633878263451170, -0.00024007948809629085, -0.00115914572966449780, -0.00149595924128219800, -0.00158106502340052560, -0.00175066514444557510, -0.00216535224209005560, -0.00267338114680972520, -0.00323689180556813910, 
0.00843321160454875600, 0.00621046623857664320, 0.00349198956632547920, 0.00105720732892313100, -0.00068672833666267165, -0.00162371797866872200, -0.00200429853799649050, -0.00217601276102279100, -0.00244466960260705240, -0.00283254497596061290, -0.00303295428081127440, -0.00295989316939302810, 
0.00815717857508406470, 0.00598437703834923860, 0.00324181267687995420, 0.00082041980472469353, -0.00086647265855801419, -0.00174509950999338950, -0.00201775866343603110, -0.00213405599224799660, -0.00234184392880957890, -0.00269931596279441920, -0.00293531763566829300, -0.00287622172271059270, 
0.00718295560547610890, 0.00546192541429854630, 0.00323206972222554690, 0.00123445174890459990, -0.00023174386252346020, -0.00108514515112233320, -0.00143349002083639920, -0.00161813276961466150, -0.00185836825173474870, -0.00218099496392526720, -0.00248703391483456620, -0.00261938135465589240, 
0.00663892158609279570, 0.00517259360459657900, 0.00325707721324723990, 0.00151714422611130390, 0.00019464333244326512, -0.00062417515611082656, -0.00103598042954309290, -0.00127333407914632540, -0.00148804811933571260, -0.00177156944996973920, -0.00200177005849317940, -0.00211913166266034220, 
0.00595946865203171500, 0.00480366538319527970, 0.00318621240064426290, 0.00163507695200032390, 0.00033164744667117413, -0.00053796105384033778, -0.00101033242362413240, -0.00119832714637643040, -0.00120452322031860920, -0.00117914085188869600, -0.00108921908417044790, -0.00099268510482694041, 
0.00503109414213114870, 0.00424003958588106080, 0.00303061722741328240, 0.00176830953616732240, 0.00059200323180970827, -0.00032831429192145398, -0.00093687552415765911, -0.00125516999652080310, -0.00126272835987383850, -0.00112683720265763820, -0.00085743446522786851, -0.00056370157157116995, 
0.00415862430937611470, 0.00359968662113650070, 0.00273500718547188460, 0.00178439146052578280, 0.00085612451273925458, 0.00003593548820370740, -0.00059374555746269928, -0.00103609150844023460, -0.00122998525715759150, -0.00130965525271034790, -0.00123369788509519240, -0.00109710045770068590, 
0.00326047713142807620, 0.00283477349516049770, 0.00223521955398160810, 0.00154611305465686370, 0.00088385436200214722, 0.00028583453391929815, -0.00023224429284776318, -0.00060082023268539207, -0.00083944673613446023, -0.00094281209344840332, -0.00095511063824570142, -0.00088998010696756703, 
0.00234836829764395850, 0.00204777279473966710, 0.00164574200359727780, 0.00120283978575752400, 0.00079525770224609792, 0.00045516526592681708, 0.00016393173351484863, -0.00004074969566839912, -0.00019037049628213096, -0.00025323436830928273, -0.00027757458410541746, -0.00023986227777972433, 
0.00166687247826086840, 0.00147320507987332820, 0.00124581712552309800, 0.00100264211708588940, 0.00077359874704600656, 0.00057616977336116218, 0.00040449324986024173, 0.00026410046167435442, 0.00017256618578697909, 0.00011280989715769404, 0.00006183643958252200, 0.00003295614175464678, 
0.00137334085452925490, 0.00125259563163914070, 0.00111489144307250430, 0.00097006877878294540, 0.00082404203995800607, 0.00066044384089988307, 0.00049773155578199536, 0.00033636432674200012, 0.00020644492256606729, 0.00010800245160601970, 0.00001435001488500872, -0.00006892672782756666, 
