0.99532826967639809000, 0.67051541061291875000, 0.44257101105409025000, 0.38922737528932788000, 0.15391270358891773000, 0.04537446017612173400, -0.09546888408158540900, -0.04166723837829289200, -0.02750828627171154900, -0.05008533550740328100, -0.01981713815547075200, -0.08594537168126915900, 
0.28562785588561207000, 0.25960298417482158000, 0.22058251790310096000, 0.18147936127046507000, 0.13328693722041762000, 0.08927595092531562200, 0.04923847187644414500, 0.01817682994582073300, -0.00833445481857517790, -0.03139113081697420000, -0.05639782502543293200, -0.08250488877877482100, 
0.23504632397790365000, 0.21977714137838988000, 0.19429042275238728000, 0.16462616067439456000, 0.12875816259626402000, 0.09274696194094778100, 0.05734916268013134900, 0.02282457003067654400, -0.01012504308402027700, -0.04168498062470103700, -0.07245718471672391000, -0.10429385588505910000, 
0.19566999800587279000, 0.18534942639164667000, 0.16858233265570258000, 0.14507809853852119000, 0.11778649236021410000, 0.08739212676378313400, 0.05662075877311771600, 0.02375195471344032600, -0.00822743295955298550, -0.04120279884759176600, -0.07222235165835810800, -0.10333906154127230000, 
0.18199414247789661000, 0.17308817989447858000, 0.15827876718285450000, 0.13768118081365321000, 0.11290204461002844000, 0.08525242532884155800, 0.05608732878646190100, 0.02603936220748450500, -0.00411319419618357690, -0.03415826143386241400, -0.06343648598326916100, -0.09200454158322447800, 
0.16251554543843444000, 0.15428649717047471000, 0.14032075445853118000, 0.12175136702091245000, 0.09963123437015880500, 0.07543170218954319000, 0.04994012324018673500, 0.02431987063459153200, -0.00111861149231789330, -0.02597005165157248100, -0.05017642352043433200, -0.07350642485643303600, 
0.14458465014931715000, 0.13704417291071849000, 0.12414579495689179000, 0.10771628338799080000, 0.08826890782071027100, 0.06760206942256648300, 0.04602849277873984100, 0.02476671470132939300, 0.00368121143267072240, -0.01679064296544058300, -0.03674128409460344900, -0.05624882722611328900, 
0.12664259840911846000, 0.12068091277890879000, 0.11056862845572415000, 0.09719615415319804400, 0.08113246290756441500, 0.06360504454903509500, 0.04507265594787530200, 0.02622692655650328600, 0.00717836201004549280, -0.01176888673156625100, -0.03057922704503468500, -0.04912330667230657000, 
0.11654618049826121000, 0.11106320953894579000, 0.10173094684579292000, 0.08943325931398743400, 0.07465927247505328700, 0.05853383165613611200, 0.04153378078713813900, 0.02436175798915743400, 0.00729234747586006080, -0.00935649698633838310, -0.02550756858000337600, -0.04105146245396199700, 
0.11247819077398354000, 0.10637011083393461000, 0.09649432640967137200, 0.08371969835984435800, 0.06875993927662854600, 0.05262954852027431500, 0.03606520113539130700, 0.01981637473892673700, 0.00425138306305572650, -0.01032680110472297200, -0.02398552052578356900, -0.03681703492535782400, 
0.10749513022265961000, 0.10112934391940465000, 0.09104091268159297800, 0.07792512661726214200, 0.06294728367897485500, 0.04699786947176910800, 0.03100653954343471400, 0.01558942554957934300, 0.00113429479715065370, -0.01209973548556979700, -0.02431462751090238500, -0.03576954295565103200, 
0.09862279003594832900, 0.09287153836125697200, 0.08376709743705870700, 0.07209440235674174900, 0.05862191664731605800, 0.04411554405214791800, 0.02940066273500948800, 0.01516956288099979500, 0.00177948171800592150, -0.01055096817016726300, -0.02195338530482536500, -0.03262362527140556100, 
0.09238513628658562300, 0.08681980475723577500, 0.07791703109095661500, 0.06680192836823131700, 0.05400630133156644800, 0.04047959830993421600, 0.02681536011236103400, 0.01384261613052031200, 0.00179929263625991030, -0.00916703924451918800, -0.01931535006663558800, -0.02875808210640380700, 
0.08912100625817480400, 0.08261402172498713600, 0.07266734408454542100, 0.06058000192992556200, 0.04716916332552643200, 0.03362735653507990800, 0.02062059308003597400, 0.00920113748380891810, -0.00052914585639256533, -0.00856823059844382880, -0.01580181551237730100, -0.02223173594316514200, 
0.08783358600080880300, 0.08019240385094754400, 0.06881309598748360000, 0.05536435070372008900, 0.04094173041143360500, 0.02707890172604301300, 0.01466975418303155900, 0.00486171291647602510, -0.00237993509340273750, -0.00733851696086984790, -0.01134878442295108100, -0.01463774086077911300, 
0.08689509899574217300, 0.07860332478220581600, 0.06624852239266308700, 0.05172012570011357000, 0.03658294280310868400, 0.02247649282538451100, 0.01058472336887019200, 0.00177784368902316260, -0.00395237880861036040, -0.00723268850392313340, -0.00934133378846504700, -0.01120843847250715300, 
0.08346748779865478800, 0.07496067697399073900, 0.06246326018301753100, 0.04788356794307149800, 0.03303128578681664700, 0.01944866565274247500, 0.00828536714252454780, 0.00018118206532985025, -0.00495047243649310120, -0.00784151963326812880, -0.00976928681684584130, -0.01199660817754166800, 
0.07008653047654468700, 0.06354862518136048000, 0.05397157337167046700, 0.04271500223999067500, 0.03115751386569621400, 0.02045234660361968900, 0.01144600836395650400, 0.00452561796793931290, -0.00040264635710919421, -0.00380988397475646830, -0.00659762743199444630, -0.00967352371885607690, 
0.05584293995005659700, 0.05183566040119688000, 0.04593282628718360600, 0.03892656676221617500, 0.03150184894231580100, 0.02417647779838452000, 0.01733219415651850500, 0.01112934393234844100, 0.00558430232228340240, 0.00051623388252697170, -0.00436073907881105210, -0.00935983320641513470, 
0.04853999153548299600, 0.04497389313959495500, 0.03984407537607607300, 0.03400526023976185200, 0.02801953192236559000, 0.02223838779396466300, 0.01681859578879223500, 0.01180563089137286900, 0.00713557331818663250, 0.00260807551108998330, -0.00201477811517852300, -0.00697534002873701360, 
0.04257667477655855500, 0.03929263324730444800, 0.03462853776984399500, 0.02941162776981032600, 0.02415440493818383400, 0.01917026294267001200, 0.01449775385302884600, 0.01007598529748899800, 0.00572119244555174390, 0.00121239033374851220, -0.00350360779672324960, -0.00848641509574473740, 
0.02629215725015117800, 0.02439323758490452200, 0.02174403428110261600, 0.01882766527563772800, 0.01588519607957072200, 0.01304932038250677200, 0.01032921367248466400, 0.00773113751485227960, 0.00519426856849646360, 0.00259349304079709410, -0.00005660433663294898, -0.00282950553833865180, 
0.01181392993113894800, 0.01098098796338665300, 0.00987662161091987060, 0.00875816117308819700, 0.00777459236448754640, 0.00694432600700575430, 0.00625953106126742480, 0.00560840346175918260, 0.00489103968785905160, 0.00400503728994993420, 0.00293743678352399770, 0.00172758380561108540, 
0.00726532763045960230, 0.00692773847958945590, 0.00648392977721328700, 0.00603813308841029060, 0.00563095276595312630, 0.00526792870505955400, 0.00494097233184405320, 0.00461194279001443580, 0.00425645730241444930, 0.00382619501233618860, 0.00330795059207842060, 0.00269875332376048970, 
0.00716292703107447750, 0.00688157645766317850, 0.00648984651975159470, 0.00606968968987896700, 0.00563572183691343500, 0.00520916166323800050, 0.00477793883381311640, 0.00433352136362252960, 0.00385942537937613350, 0.00333868151864952220, 0.00276334915187219670, 0.00213153799610928510, 
0.00749044307907651300, 0.00724239164673723570, 0.00688702816319089560, 0.00646622961289329210, 0.00598352074487835780, 0.00544325935059974000, 0.00484074236433260170, 0.00419022805849230720, 0.00348943085261079180, 0.00276394239512238630, 0.00201753961516492080, 0.00127479925878335120, 
0.00840536609805212120, 0.00790689205750089510, 0.00748048103311419780, 0.00712846257673483990, 0.00668464989533507600, 0.00613208129279149950, 0.00553830888477097480, 0.00486569423422097880, 0.00404706213297010250, 0.00322102928883545840, 0.00242425270138955450, 0.00160604966915892880, 
0.01864151545072104800, 0.01646311295781496500, 0.01544902150596664700, 0.01540147828441128600, 0.01483077003515975000, 0.01337651841219843900, 0.01164702789874038000, 0.00981330191936647180, 0.00776910818569900500, 0.00595702500627934460, 0.00429799240443745970, 0.00233405279064968040, 
0.03089798056781994200, 0.02681534311884025600, 0.02495691665774054200, 0.02506847714185039500, 0.02420818679596948100, 0.02122771281843779300, 0.01731724536115153800, 0.01347000641772289400, 0.00985382986235479320, 0.00663993607064894410, 0.00351443144423689220, -0.00026751627230994172, 
0.02908116869946167000, 0.02496150932893384500, 0.02302720211104236300, 0.02337115408278362900, 0.02325947157569935300, 0.02093895941905128000, 0.01705810230896628900, 0.01295976081019349800, 0.00953457311473776720, 0.00702486008765794080, 0.00492169512436903870, 0.00182121864155773300, 
0.02670396975642270000, 0.02305556370624277400, 0.02113971293314625300, 0.02146170811314171100, 0.02183142553077182700, 0.02035019655877229000, 0.01700848929677461700, 0.01298494221779548100, 0.00942534497235219750, 0.00713781867478208070, 0.00603256836819883800, 0.00427751646321925670, 
0.02656630552266737300, 0.02356953115313942600, 0.02188385314860783600, 0.02193758710840976200, 0.02164315478296398300, 0.02003378298812344800, 0.01696518158765723800, 0.01337515131940301500, 0.00998714103141107310, 0.00767631938098103230, 0.00616810655518857440, 0.00421100130681053600, 
0.02462015751267128100, 0.02164950233124108100, 0.02008566060902279600, 0.02029116010006538200, 0.02024051260621910800, 0.01880334353203142900, 0.01588748569453945000, 0.01246283877106494700, 0.00941603468873559310, 0.00757127217042299210, 0.00647607356334072450, 0.00458116942484121210, 
0.02130797848927006000, 0.01846679086707010000, 0.01708041324625256300, 0.01761419681787091500, 0.01796519326960282700, 0.01676700813746846400, 0.01407381403255121000, 0.01105289735951718100, 0.00857512403367026790, 0.00728072482049773460, 0.00670263767813017270, 0.00510826230978092540, 
0.01877476576623063000, 0.01571823610419629700, 0.01451258206081920500, 0.01538157209162730100, 0.01606049641898048600, 0.01498345727032302300, 0.01253560168548130600, 0.00982290326092552690, 0.00750606382165153190, 0.00636753306722265610, 0.00618996220294205920, 0.00509571657764920460, 
0.01764866195246188700, 0.01471316740060225500, 0.01352702332749190100, 0.01428351841999982700, 0.01498990709079307500, 0.01400921327221370200, 0.01159912677900716400, 0.00910372524516738470, 0.00686452360433169230, 0.00552044283003278420, 0.00534651481358263110, 0.00431210979636313580, 
0.01669329186246268700, 0.01386437011112885200, 0.01269565592542626200, 0.01337565579165033700, 0.01390879935464863100, 0.01291821570705916500, 0.01064212124679840600, 0.00826204149891048360, 0.00607310437473747820, 0.00465098141230613650, 0.00432192290465422890, 0.00341206018369526400, 
0.01661484078094683400, 0.01362190021292890600, 0.01230904055530437600, 0.01304148724640447800, 0.01352858384941902000, 0.01242049894040044900, 0.01003830630008085100, 0.00737300239673637210, 0.00501907252953521980, 0.00367542985776046510, 0.00327012033179941830, 0.00240970027882934490, 
0.01752870678247816400, 0.01487163962643469100, 0.01363519775571167500, 0.01394432479193268700, 0.01392307358163173000, 0.01248810725084591900, 0.01015402621765739600, 0.00754979507422050190, 0.00507643371753722580, 0.00341332539069930370, 0.00248025814496913000, 0.00115216330646058080, 
0.01911918236427335300, 0.01694778877681723400, 0.01583542550120803000, 0.01551773161050133500, 0.01478586432677649700, 0.01287680043633955000, 0.01063842665301366000, 0.00815366047937742850, 0.00548404364960875140, 0.00332544358231073260, 0.00158099034028878780, -0.00054237879824893997, 
0.02122634422945227100, 0.01865970960248111000, 0.01734988141902410500, 0.01715692445642011400, 0.01657375261612741000, 0.01457501438535383800, 0.01195402832218648800, 0.00896920357043006450, 0.00582333717518481240, 0.00329666323835458650, 0.00146419564074210970, -0.00070093625731807655, 
0.02329145916886611900, 0.01982734258461355000, 0.01814687402181588300, 0.01854474621415488600, 0.01838657602273985000, 0.01634514388345130800, 0.01302563549614764100, 0.00927610379940698070, 0.00565596046562381970, 0.00294388741107723920, 0.00132727300726616910, -0.00069962164219226734, 
0.02573522781167547600, 0.02147652517700627700, 0.01929892518751341600, 0.01994686915009370700, 0.02003711027779815600, 0.01786039616269755400, 0.01388100599230296000, 0.00935400012894446220, 0.00524328447796791170, 0.00243452284407558780, 0.00074691240092032523, -0.00164132339948810260, 
0.02681617965543057300, 0.02138302690744464700, 0.01865093830129376000, 0.01964933454393093900, 0.02080212476326390900, 0.01883699145502028300, 0.01430056014138773500, 0.00882926258080041040, 0.00416041148617486700, 0.00149502840891378590, 0.00012233835312007229, -0.00210364081317471590, 
0.02555851216741992000, 0.01905924820768758700, 0.01603633540992480500, 0.01750285114972004200, 0.01985909846472224500, 0.01800330801264359000, 0.01317209869039851600, 0.00734301426624544600, 0.00266667729055948240, 0.00047148442959018947, -0.00039169505175440107, -0.00215161488514143890, 
0.02200885692983260700, 0.01611974336370353500, 0.01325008136064318900, 0.01428220188228985500, 0.01648296659043507100, 0.01534757174822568700, 0.01068383843597922300, 0.00533185097154592270, 0.00174756238317820340, 0.00053839785041884453, -0.00017851280994524740, -0.00244869105338106370, 
0.01872737735552896700, 0.01345990079680505100, 0.01083013745387570600, 0.01194181147643187500, 0.01377479580902164800, 0.01263813028365296500, 0.00834234784832243310, 0.00363333744224545370, 0.00091519813606738261, 0.00026565830905765316, -0.00034661834167142144, -0.00271432101121424440, 
0.01935909573631858600, 0.01379937829800395800, 0.01058818526894133800, 0.01113243135384946400, 0.01269110416680264500, 0.01175952019759027100, 0.00788499360992602620, 0.00294999818149592560, -0.00064600392446091995, -0.00224624592813522800, -0.00310555582307942960, -0.00482895839024338920, 
0.02096775774154761900, 0.01572065251431589000, 0.01210963748766437000, 0.01165060299007397200, 0.01227893738216282200, 0.01104217640254560200, 0.00720886867374219070, 0.00201482121620908710, -0.00227764508424330160, -0.00470231019233660190, -0.00611893251649950170, -0.00785578344964977040, 
0.02185974777907505000, 0.01760680453443948600, 0.01425883224560817300, 0.01280724440323528800, 0.01180625084122486500, 0.00949005114816810210, 0.00550954092344756000, 0.00067276359242133524, -0.00371261961317436190, -0.00676731775113783870, -0.00902100490205420130, -0.01143868006656657500, 
0.02214612815326869000, 0.01804862174483073300, 0.01429757807800349800, 0.01202714106032629200, 0.01038632662052436900, 0.00806550749157839210, 0.00455832266815752500, 0.00026786649067528031, -0.00404417551366594280, -0.00773424014326856530, -0.01087720634377511500, -0.01384302622847470100, 
0.01883820860801449200, 0.01499757113935417200, 0.01119709828713994300, 0.00881722543167939160, 0.00734550379232893050, 0.00570359628610930380, 0.00320948728418022750, 0.00003766320836000667, -0.00328631054262942070, -0.00651776393650864950, -0.00959225714046720890, -0.01234877684330398400, 
0.01379217292150281200, 0.01049698863970708500, 0.00725445932886754390, 0.00516636617374521650, 0.00408419407028796920, 0.00336025052898102860, 0.00239507217195302590, 0.00100028560180590290, -0.00086050368138577017, -0.00312542500064059160, -0.00551750929442588940, -0.00751709997773715620, 
0.01088653900006948000, 0.00726864757020022780, 0.00377605278518569360, 0.00170120157079770760, 0.00119456853462784090, 0.00152877238399318430, 0.00201378733791783130, 0.00206311067510300250, 0.00134544390184625330, -0.00024651029506468180, -0.00249121586082974920, -0.00479106808981780410, 
0.01180547384362090600, 0.00704437607215554260, 0.00206520234931978220, -0.00094212905492246381, -0.00155002721848759920, -0.00020219000711747294, 0.00178887943054282050, 0.00322235329916422450, 0.00314664494579124880, 0.00142014828287936550, -0.00171541843830475860, -0.00539521861408379450, 
0.01188894564054168200, 0.00738747715410455110, 0.00245011505725922310, -0.00078966786517363865, -0.00174422856259979770, -0.00048294612661426919, 0.00158154432438250120, 0.00312168051558329300, 0.00282626258641082650, 0.00086171773681053534, -0.00242508176628731260, -0.00595665662738356120, 
0.01068361158542803000, 0.00724167721643861110, 0.00340556569541096330, 0.00064154980585313102, -0.00041622950137311761, -0.00017402018017943348, 0.00077372683191740820, 0.00134056900464067480, 0.00085510215134404998, -0.00064906630898075950, -0.00291549041405119330, -0.00516451161792807950, 
0.01042349905106798900, 0.00688774269781793760, 0.00286482112296518880, -0.00005801383049124078, -0.00124119749186164200, -0.00103410855991362260, 0.00000647700433149199, 0.00089123960698086677, 0.00117634574921308490, 0.00055901015701029569, -0.00101633585912761430, -0.00308239001479018080, 
0.01092845637930579600, 0.00708992703544956020, 0.00261606271907707150, -0.00086403382873648303, -0.00243101315350651140, -0.00209495584205733570, -0.00068027644900219117, 0.00091750901887225245, 0.00179414250178730560, 0.00150616728019388840, 0.00015676753617466064, -0.00186907360560628450, 
0.01072123719800641100, 0.00719181779910961150, 0.00296835763753402170, -0.00062152961136898225, -0.00245300148072262210, -0.00238117295001612690, -0.00112776599936165440, 0.00051073235017759793, 0.00151791886168029230, 0.00132084716797506570, 0.00008905674719360139, -0.00186847858308818260, 
0.00970615237303436990, 0.00688895612568151980, 0.00335996818887198020, 0.00024828411752938134, -0.00159484083420424450, -0.00201069498441565570, -0.00142853675432821040, -0.00040554451052838273, 0.00026967985652166392, 0.00009497207891546869, -0.00062309988172143849, -0.00191468288268758840, 
0.00925210492740557130, 0.00682857033214340560, 0.00368309395283327990, 0.00081914666789393849, -0.00119173833663606550, -0.00201164908328732180, -0.00186082592072367440, -0.00112316762208919660, -0.00047845295005146559, -0.00033662352494316395, -0.00053023517413026478, -0.00127399266236537220, 
0.00923160352586111480, 0.00694537474312686890, 0.00400091520392667050, 0.00117769664904060420, -0.00087719961020382394, -0.00184973830883961980, -0.00187287141593496780, -0.00126879888548224180, -0.00064694166227285597, -0.00033597953357824531, -0.00041444131794605770, -0.00092572513055083280, 
0.00882699458316483360, 0.00677232091345388290, 0.00410290340034088610, 0.00146312739917653540, -0.00051705215596500442, -0.00152163711547306660, -0.00167354593328113320, -0.00122035513867038720, -0.00066396072385832040, -0.00038280251833869321, -0.00049047046694974017, -0.00098960035105991333, 
0.00807869623442094250, 0.00637648458549252510, 0.00407643144441024230, 0.00181378715403232170, 0.00000515303545949418, -0.00103891410764826630, -0.00136137360340445310, -0.00120394984157920470, -0.00083217127396246625, -0.00069171755795210575, -0.00083484083468642186, -0.00131923006662693120, 
0.00752349966675194570, 0.00609215351067719530, 0.00411846233259742420, 0.00225305246662642130, 0.00070443897531331041, -0.00028875944887590154, -0.00079519628565565220, -0.00099149943231897301, -0.00100014289366982140, -0.00118085513457852060, -0.00145448479495607150, -0.00191424373549707400, 
0.00714241522506589830, 0.00600462354285361340, 0.00440004142115085070, 0.00281366872283869870, 0.00136430949524137460, 0.00026674594155844599, -0.00049826125330769714, -0.00102849754840084960, -0.00134334226274092360, -0.00159363734388945680, -0.00173151630342809710, -0.00187502196422016700, 
0.00693397862368190250, 0.00608186524143430620, 0.00483660941554822120, 0.00346552243361062910, 0.00207814858863606020, 0.00083926417434319433, -0.00014190269579678058, -0.00088788369277356747, -0.00134730885503234460, -0.00156661531961287000, -0.00156361145400667440, -0.00147378687727322990, 
0.00789424468130954520, 0.00728907387822287470, 0.00638298807813902740, 0.00530282764554891330, 0.00417484400947671420, 0.00305827923188540940, 0.00210836501174810340, 0.00133784749702169150, 0.00077502323320545908, 0.00041897147359105783, 0.00024642135203362749, 0.00019727049475968701, 
0.00607311103732756110, 0.00573970584719206250, 0.00523658670311607810, 0.00456005722871818520, 0.00390422083028972450, 0.00323344742465082750, 0.00264561702455729530, 0.00213538859222974330, 0.00172430194663426980, 0.00140669450536894480, 0.00117494216601412930, 0.00102047918761488470, 
0.00343310717771411680, 0.00326742982113042200, 0.00302832651892940640, 0.00266602097989773750, 0.00237978972421898450, 0.00207100070508982720, 0.00180227021054254010, 0.00152702303477813980, 0.00129928403485071950, 0.00106609246769608180, 0.00084773680559305405, 0.00063174045360089772, 
0.00293509154919854290, 0.00280555935076532350, 0.00261596168393093790, 0.00236623908516062770, 0.00216934680384291320, 0.00193120134830643020, 0.00171398350914702650, 0.00147945401327038660, 0.00125212806099925720, 0.00101734004064117600, 0.00079111765777197570, 0.00056706734886044486, 
0.00260048762935640970, 0.00248830394196927070, 0.00231309599711887950, 0.00208362510342454930, 0.00187442501828005400, 0.00160986743742121630, 0.00135626234954328990, 0.00108964800901528870, 0.00082477233942514271, 0.00058246734083154835, 0.00035190739050851760, 0.00014242579717503953, 
0.00214261786921520490, 0.00204179427648824760, 0.00189593265845313240, 0.00171195338138115190, 0.00152071284705467490, 0.00129675830249619570, 0.00107017526043708970, 0.00084333940107992039, 0.00061409249353220870, 0.00040515554847386976, 0.00019579769823054150, 0.00000783410885000706, 
0.00199005958069724870, 0.00189768124262095420, 0.00176983742144527950, 0.00161782762794259190, 0.00144384627980177590, 0.00124960184205887330, 0.00104116822998183490, 0.00082370477809062446, 0.00059818041080415200, 0.00036758701567147611, 0.00013659051789059021, -0.00008671193634764503, 
0.00175040835598936510, 0.00166671146974279500, 0.00155201360131375800, 0.00141197454995096250, 0.00125177895750690610, 0.00107393337278313940, 0.00088006681542039894, 0.00067748179787293955, 0.00046887086403689485, 0.00025239140764777424, 0.00003966523262421457, -0.00016844560703786713, 
