0.89288766267377628000, 0.51429725334319887000, 0.32660546869147150000, 0.18409365161742788000, -0.00699383513396226180, -0.07380897610233186400, 0.01315128395230248700, -0.00932137137434015630, -0.01709061549979794300, -0.06946768005081258000, -0.19976337405782219000, -0.07763387919673776800, 
0.26605748787203970000, 0.22558940594912050000, 0.18335734890259650000, 0.13874820000294313000, 0.09526126843202233100, 0.05856845420644508200, 0.02608620564866990000, -0.00486024292441122880, -0.03469306055713104000, -0.06987946921978530100, -0.09871743260477769400, -0.12810130369113382000, 
0.20737099194097894000, 0.18536030808969944000, 0.15923162450995376000, 0.12981319333447183000, 0.09797473505095762000, 0.06579370313067303700, 0.03422388003947725300, 0.00400992285340497080, -0.02586183738394167600, -0.05809912809794076600, -0.08346419786702503900, -0.11482232170873816000, 
0.18353459976025574000, 0.16780460298629640000, 0.14700489740298417000, 0.12216578478778599000, 0.09503253399951935900, 0.06661044790638284700, 0.03868197463927243500, 0.01137276463497639500, -0.01534150137451778200, -0.04271128332490082400, -0.07003593588380331600, -0.09956176363102498000, 
0.16590770258375734000, 0.15129483255768048000, 0.13122776850825374000, 0.10756438967489854000, 0.08227680423223852900, 0.05649578462238362400, 0.03192677811839356200, 0.00889622618111278290, -0.01255872453890633000, -0.03347970694975084500, -0.05598182879990600000, -0.07645669166942956100, 
0.15675525736863732000, 0.14167604352876603000, 0.12041902762533734000, 0.09605951398899717500, 0.07072524061000012900, 0.04618556674584675000, 0.02365084931259771300, 0.00394891551674992830, -0.01324795825176259900, -0.02940152657379333300, -0.04489438992783165200, -0.06032051231715929900, 
0.15007623254187902000, 0.13411915087731113000, 0.11146601462248507000, 0.08573382019380193500, 0.05968626126308759100, 0.03573502279830369200, 0.01540954158746503200, -0.00072130079068940568, -0.01381820755829545400, -0.02382516983115533600, -0.03305343760356950500, -0.04499930489798093000, 
0.13860611039207707000, 0.12290293719382593000, 0.10042274460733215000, 0.07464655766738675900, 0.04864397891356905800, 0.02560101092069929500, 0.00737629366513801580, -0.00536589332124067130, -0.01429592227401622200, -0.01846402434463644300, -0.02290828622920578600, -0.02997342049243573900, 
0.13909040616469448000, 0.12224367608577043000, 0.09839634852258590000, 0.07135336453238092000, 0.04441911715694179400, 0.02069471557119715400, 0.00239951106515942470, -0.01019297718197291300, -0.01860999496288531100, -0.02331875029490824600, -0.02862780358761874600, -0.03611293484403795000, 
0.13449749968276811000, 0.11737780757372616000, 0.09357596880151025600, 0.06757360119056368700, 0.04290179850491196400, 0.02202095683347166400, 0.00667645568649276670, -0.00406293661709859930, -0.01189494497005618900, -0.01957811507339543600, -0.03052776792604188300, -0.04531792014902839800, 
0.10970100837303239000, 0.09691761748107148600, 0.07876891749861772400, 0.05857820835091898100, 0.03936549562647462900, 0.02277570047018904300, 0.00992893856561475640, 0.00046111888034015402, -0.00677306319128249090, -0.01379752396579740800, -0.02234809705301927400, -0.03267853466164841200, 
0.08111830765831817800, 0.07398686121631653500, 0.06337705479613223200, 0.05068751950698106200, 0.03732749041003334500, 0.02426397694540361300, 0.01237053413796323000, 0.00213173898007453820, -0.00642360562248439280, -0.01314248704440204900, -0.01894155072617825100, -0.02321311465548875700, 
0.06623128373838248200, 0.06097687147939897400, 0.05330357366057142400, 0.04406438785992374700, 0.03393508087334592300, 0.02353174783180023200, 0.01333128780392257500, 0.00380443063272378760, -0.00442457804521282930, -0.01108246171770932300, -0.01644206451978746900, -0.02000613928092149400, 
0.04600436821780074000, 0.04213455196926187800, 0.03697346100004295800, 0.03123976244500870400, 0.02522361829524391600, 0.01939974556759490500, 0.01335327380841247100, 0.00736096311378680360, 0.00198181443135968210, -0.00289230839481834090, -0.00714471859018846190, -0.01081352870965240200, 
0.02599541912800441800, 0.02356703304736150500, 0.02076732514008387100, 0.01812311998542668800, 0.01564256246907846900, 0.01327924606755965200, 0.01046162019844509500, 0.00742558065972012860, 0.00450873790915783030, 0.00194496904223871640, -0.00033407012819877582, -0.00255360885388145360, 
0.01956499836654158900, 0.01792915291659389100, 0.01603976752392690900, 0.01407495568857748500, 0.01211523769259870200, 0.01009840907750050200, 0.00799182735740894270, 0.00587104848502088480, 0.00380965872602250740, 0.00181429032950962820, -0.00017480271893441238, -0.00225575862896167530, 
0.02066041746572940300, 0.01889475464241421200, 0.01683610037415457500, 0.01461684992034663000, 0.01227377214433742600, 0.00990643701935200490, 0.00758143793702520210, 0.00524022638809827720, 0.00276249838745921010, 0.00024147175922030901, -0.00227358492725017460, -0.00474658791127448130, 
0.03973147492449775200, 0.03566268921832017200, 0.03243073920800775700, 0.02987591969974402400, 0.02666003021152398700, 0.02262737496382097300, 0.01891414558793922900, 0.01487193363094712100, 0.00977371166316032960, 0.00444743679283281230, -0.00035232062503927179, -0.00483100529093303390, 
0.06086657292151184000, 0.05303013346557456500, 0.04871617371213495700, 0.04681558024721307900, 0.04292520141608166500, 0.03614570007219682100, 0.02938362354765048200, 0.02234868079817689200, 0.01363735990724053100, 0.00468107622462689360, -0.00312470735447517400, -0.01051187721171717300, 
0.05774541202337164100, 0.05007790509235129900, 0.04533021673818354200, 0.04351897061550851600, 0.04043520543814237100, 0.03462729713893973600, 0.02741898314066461300, 0.01988920710410057800, 0.01210222958614335900, 0.00440016744154035810, -0.00255863831425594270, -0.00921786267076530640, 
0.05164228702738851000, 0.04584927661889274400, 0.04187542569652003700, 0.03994882172162193100, 0.03712444796250270700, 0.03184294838664909800, 0.02578599632721678700, 0.01994067814682020500, 0.01445079999235370300, 0.00888802623476848960, 0.00347485193531407110, -0.00194274925127908270, 
0.04743641061638000800, 0.04221099044786048200, 0.03861759498279798700, 0.03691360167141497600, 0.03494331557130372900, 0.03099641990209652300, 0.02613778480833945200, 0.02085540775801756500, 0.01508630784572951300, 0.00960296576012612330, 0.00536927681339976170, 0.00172802155884835120, 
0.04139319588545164300, 0.03637385098999197000, 0.03323370218016091800, 0.03234274861967698800, 0.03099347560591629200, 0.02801897409129496000, 0.02396300793876180900, 0.01930040705268678800, 0.01381974069098942400, 0.00855315378914514940, 0.00458546623183698780, 0.00162124740570037710, 
0.03385953255905690300, 0.02986996288634489700, 0.02773272966178667200, 0.02758456674281867200, 0.02632613131813759200, 0.02334085060059031300, 0.01973548749240762500, 0.01656569967823987700, 0.01286024505083261300, 0.00883554485178318460, 0.00512753694794692950, 0.00189585333821693500, 
0.02852309572868779900, 0.02504034837077706600, 0.02378228724534653700, 0.02425269001032225000, 0.02314335571154790100, 0.01989339850807371100, 0.01659324035622258500, 0.01447256313315700000, 0.01199092553304125800, 0.00899341284679294920, 0.00581644659855649720, 0.00257087726936040990, 
0.02536522230665597800, 0.02192273209203525100, 0.02094078964907205400, 0.02200196187926688200, 0.02088835340453265900, 0.01756715433813061500, 0.01474124604944179900, 0.01367011912005374400, 0.01214453333846544700, 0.00903899493671716030, 0.00561931792425845920, 0.00328807561357918240, 
0.02515176496591125400, 0.02192230176846167100, 0.02080506042032620100, 0.02170882194724303000, 0.02047943040280267000, 0.01739052147150896600, 0.01487418687038496100, 0.01390461435627187900, 0.01234006497245688400, 0.00907032851843005140, 0.00570603570591252110, 0.00366524182832730530, 
0.02674310365099506400, 0.02309877332912912600, 0.02152590687100253800, 0.02201479958828480400, 0.02056280516249344200, 0.01739912883830758300, 0.01493439460237034800, 0.01380613174874095700, 0.01163922028415620400, 0.00773517078499677460, 0.00423753954213314760, 0.00244623749713661960, 
0.02893515094745855600, 0.02480396099924674100, 0.02284667340080608800, 0.02298509794793132700, 0.02138577889308778200, 0.01781552287332413900, 0.01477919550496270000, 0.01309186310608840600, 0.01067375872382511100, 0.00671140680892525110, 0.00301628136069451590, 0.00089718014501392884, 
0.03283664750164924000, 0.02807023024559829300, 0.02557432716008413100, 0.02509216117446607200, 0.02344211284008970700, 0.01956131425239184000, 0.01537882803516477800, 0.01183734977887636800, 0.00831781426622646080, 0.00455083027456267950, 0.00117425735424088810, -0.00192867456741293740, 
0.03768255698350988400, 0.03323025165994032000, 0.03041675313442684600, 0.02924378374534015000, 0.02733163263585863800, 0.02322981596184027200, 0.01802333933708824900, 0.01244444562381211500, 0.00714724172359220560, 0.00269343776879706150, -0.00109347251292754120, -0.00546538147530112920, 
0.04631301419063146900, 0.04168862459363491300, 0.03818999562668552700, 0.03625900768350142500, 0.03367696610820970800, 0.02872455095000894500, 0.02235135484102456300, 0.01522386973055803300, 0.00798828534286715600, 0.00105913818726925940, -0.00493884192157275670, -0.01097176097263465400, 
0.05721168603126614700, 0.05172262027577802200, 0.04734099266569891800, 0.04472270627080547600, 0.04096573158696344100, 0.03431781409760928400, 0.02616575194178592100, 0.01766276820431330100, 0.00894178538183264610, -0.00046698803482741851, -0.00993241551333260560, -0.01904943732615457800, 
0.06251685202824759600, 0.05643796293528975700, 0.05138536392024280900, 0.04862389920083885100, 0.04509081865053617100, 0.03837116004568563700, 0.02907724562458843500, 0.01858537602194595300, 0.00821383096872198990, -0.00160527172011834530, -0.01080918291017116500, -0.02040766241933175300, 
0.05582040150051727200, 0.04865027995654022700, 0.04316472300394794800, 0.04133736750370542400, 0.03987865561459472800, 0.03478204978767583000, 0.02620789102978563300, 0.01555515642458948600, 0.00550651964365300730, -0.00254976627114176110, -0.00897348522437072140, -0.01562459298735288500, 
0.03973320360809740000, 0.03338964683473535200, 0.02883192900082664000, 0.02838331658307714100, 0.02820963094436489100, 0.02460344618222281100, 0.01833580790356065900, 0.01081261126961806000, 0.00405155310503582150, -0.00101633484808148070, -0.00529960677109146420, -0.00929031405190631180, 
0.02770319974700218400, 0.02273318452899305800, 0.01949211889197050000, 0.01942654074156007300, 0.01876009019239568300, 0.01573485772438425200, 0.01161385575103837700, 0.00751047641855748760, 0.00327289538107101290, -0.00059812307419698893, -0.00415387425545826580, -0.00674790034823041000, 
0.02592960079545234000, 0.02068712539956908000, 0.01755809217077257700, 0.01719133982955543100, 0.01614518737926923600, 0.01298509829834315100, 0.00897811942884413000, 0.00534777934042384490, 0.00157148097916591820, -0.00211219106967717660, -0.00518680194744692950, -0.00750527451882931820, 
0.02875391824499648500, 0.02320080208569074200, 0.01962285113650130000, 0.01864555854990713000, 0.01723468952030411700, 0.01356917602795471400, 0.00842529407897017050, 0.00354035556235054480, -0.00084694430409032017, -0.00438054215176116040, -0.00725195562774912090, -0.01038429413450673800, 
0.03362414217307399500, 0.02819894411591353600, 0.02395930448813539700, 0.02170848595238504900, 0.01930139973015305600, 0.01516668366933464000, 0.00947718315784004330, 0.00337281180221931120, -0.00232712176319115670, -0.00671651801754717580, -0.01029179784372481600, -0.01450619421323415600, 
0.03952548955017221700, 0.03395746841003281800, 0.02840527399020328900, 0.02383390584245131600, 0.01904758474139511100, 0.01336163390780676800, 0.00673639015045878610, -0.00041739523431044961, -0.00748932021324144000, -0.01350193680630965200, -0.01821235591842199100, -0.02251562582615778900, 
0.04635018152617292200, 0.04068885234495731000, 0.03341981999675890100, 0.02547965094287651900, 0.01676748570664154900, 0.00743321471252576800, -0.00194275879428199080, -0.01101958464094144800, -0.01936381094404650300, -0.02652489235597535500, -0.03133630236733921100, -0.03398775574347993900, 
0.04917048589510916700, 0.04394577309187072700, 0.03666190403377312500, 0.02825412519665448200, 0.01906761027577429100, 0.00941079081111749830, -0.00010817263965713165, -0.00945755314011952580, -0.01846068564590395600, -0.02696374405905813500, -0.03402673990547330800, -0.03925061586575500500, 
0.04623937682752443700, 0.04141856556260305200, 0.03449521601104911500, 0.02668246060141612300, 0.01860009900163056600, 0.01050480765916380800, 0.00251949642911802580, -0.00561932483144667130, -0.01395468275084358500, -0.02240359683011590400, -0.03055223843613361100, -0.03744395674401523900, 
0.03898584359283553700, 0.03461184686204691500, 0.02838117859773005600, 0.02141894882668136600, 0.01446381570405520600, 0.00778707761441195350, 0.00148708702575402980, -0.00471579664069342670, -0.01093191985148744700, -0.01723538445178031700, -0.02357418355572318500, -0.02906945028536138700, 
0.03223494716927488600, 0.02769288832880820200, 0.02152001542484782000, 0.01479229133954159900, 0.00845877018246299520, 0.00289841436388081890, -0.00198303192798046730, -0.00625552884805948350, -0.01014487132555158700, -0.01364433154892448100, -0.01698232143272871600, -0.01958046800166402300, 
0.02621906488781462100, 0.02204891582726534500, 0.01642865253704925400, 0.01051153185069437200, 0.00530946287542223990, 0.00121936078898937910, -0.00237040552753840440, -0.00541831260423476010, -0.00817760064811886770, -0.01069588646890666000, -0.01297468337427834200, -0.01421611125403477900, 
0.02173024344794778300, 0.01764296527491958400, 0.01242500396728466800, 0.00729576042772621910, 0.00340775070611608770, 0.00084078567525961660, -0.00108644945251425370, -0.00235845754250746130, -0.00376240486125607510, -0.00556272873236612900, -0.00772528831495125630, -0.00990287119558483710, 
0.01971914206991881200, 0.01558524547405654200, 0.01048849412349478800, 0.00532025822328684610, 0.00186360124772201490, -0.00026673649885491804, -0.00145518359559498380, -0.00171936383517600610, -0.00232848423809503720, -0.00363318200915366130, -0.00535536956716706550, -0.00782741251525132140, 
0.02006811453842428200, 0.01592694062933884500, 0.01080455923437216900, 0.00537818525417995550, 0.00174984659284134310, -0.00052050788335290289, -0.00153096805110421460, -0.00149538196197610800, -0.00187972052850156310, -0.00299716176261143960, -0.00455420939941049780, -0.00682346877798006930, 
0.02102380942756984500, 0.01662727753345834600, 0.01110374227301889200, 0.00543732804597717080, 0.00127346824015772990, -0.00135552513632724550, -0.00239690160421062670, -0.00248246164888108220, -0.00281521607835355510, -0.00373281746937485870, -0.00526295504535969400, -0.00727673811059871380, 
0.02091096628330144800, 0.01679039498589213900, 0.01136162257491138900, 0.00581039606513397790, 0.00135529365173497590, -0.00166173182833026900, -0.00314367762257989750, -0.00380816961883055940, -0.00427321749847115690, -0.00509890422408111180, -0.00633120298166144160, -0.00806996180758929630, 
0.02078118637491250400, 0.01712838506565060600, 0.01197849635311808000, 0.00657417111620257990, 0.00196740644752881920, -0.00140488705319186550, -0.00336750524199024930, -0.00467615291613337520, -0.00527259367814585360, -0.00618660593336479990, -0.00742563580530073830, -0.00894901237738544850, 
0.02085711815730888600, 0.01747664324867922700, 0.01258889953462400500, 0.00741734337239423080, 0.00282919082998663590, -0.00078132226066531126, -0.00313765341127363600, -0.00488608600526130830, -0.00574572568193598180, -0.00675481441104766510, -0.00795719908732031400, -0.00925608563952541420, 
0.02023412466910832700, 0.01707758182913476900, 0.01258998070037121100, 0.00777762650518482640, 0.00332432710050986230, -0.00030454096544185337, -0.00294228920379093450, -0.00487379271155796100, -0.00605720280484763150, -0.00720973358773024840, -0.00838415390140251870, -0.00950913148510017930, 
0.01911191011786989700, 0.01641575249224222800, 0.01254781976607223200, 0.00817385879180999340, 0.00385844577896006250, 0.00007367973441410985, -0.00296701699550560180, -0.00525488624494531000, -0.00692296044191444920, -0.00800019655430605010, -0.00874006981205100760, -0.00914117682601936490, 
0.01636875538467876700, 0.01411548944428374000, 0.01083445002258632400, 0.00701586558485647620, 0.00312824446297389320, -0.00042636362084043616, -0.00339096181962695620, -0.00565279793232281290, -0.00719771725253837410, -0.00783411348154527950, -0.00791550440211625200, -0.00745582566802069620, 
0.01228659293173962200, 0.01053601485253081500, 0.00805250379645169010, 0.00515584576775538450, 0.00221638750607786820, -0.00048568546933140064, -0.00276816956179137040, -0.00454991073131625220, -0.00571971164561987500, -0.00636487999360914320, -0.00654933302416557240, -0.00625490670313605910, 
0.00853035737161190850, 0.00730544542947249820, 0.00562674011992436280, 0.00366870216233482680, 0.00169902226678564820, -0.00009898270615280682, -0.00163137760579061450, -0.00283727590436501060, -0.00364131872101883940, -0.00411004420967528250, -0.00422126642825280860, -0.00406186955633029440, 
0.00679050668238213690, 0.00593515635796551100, 0.00476520872699074970, 0.00340355843284989880, 0.00206329922636521450, 0.00083804675288524954, -0.00024331332472484125, -0.00109843129693014990, -0.00171878044534668820, -0.00213431574110816740, -0.00242560409068096410, -0.00257054207268589750, 
0.00586217780373122970, 0.00522525127510788200, 0.00438095621599310370, 0.00341228742169784720, 0.00247518694393350160, 0.00160674592260663550, 0.00083243442648301379, 0.00018076148975801429, -0.00037990458210299197, -0.00085252105143566960, -0.00127305449273371260, -0.00162885053425330850, 
0.00530533024863962760, 0.00493747915371024490, 0.00451451429011255280, 0.00403230300234459250, 0.00360991316312897580, 0.00320231175047186240, 0.00283365242188433380, 0.00250579646807998780, 0.00220984478387803090, 0.00194477274519649540, 0.00171650430411977100, 0.00152151474242318750, 
0.00490350001955842330, 0.00473015590679062410, 0.00454727661453386940, 0.00432106677212032700, 0.00416926814600542420, 0.00399682421078010210, 0.00381601780056315100, 0.00364278472821520610, 0.00345574862899221490, 0.00327137712503280200, 0.00309740206625621920, 0.00292983721080654650, 
-0.00579367680880184600, -0.00398704993723918420, 0.02746098673728149900, -0.00415405339013497340, 0.00572483672522344600, 0.01527229370357751500, -0.00115143141595902880, 0.00851555130281518750, 0.00829175764347548330, 0.00272316240590189750, 0.00703964679551970400, 0.00613211110975453960, 
-0.12831473358464576000, -0.11221102023890969000, 0.22881393511992099000, -0.09134010767956773900, 0.01744249143327977100, 0.07733927569871160100, -0.04492690816462627200, 0.03392928088967964200, 0.01664600639515922300, -0.00048058618316479743, 0.01248272627379852200, 0.01991948443052020400, 
-0.14477585538964818000, -0.11382450272233210000, 0.21782793350564811000, -0.10075798499076047000, 0.01504546709720974400, 0.06468700883812084100, -0.04617013321300890400, 0.02221713982878457600, 0.01432016076778341200, -0.00548669796999663030, 0.00500597782162910240, 0.02984093606177207900, 
-0.03737319706893362700, -0.02434715667623644700, 0.05418491623763641000, -0.02799504775455491700, 0.00205108826423043260, 0.02092631328468558300, -0.01404856832698842900, 0.00390723860901288740, 0.01058380477368599200, -0.00479609556364835560, 0.00088012253480756000, 0.01527852989518712800, 
0.00145071918385109910, 0.00176353903062646100, 0.00352402476464606490, 0.00163572549832892980, 0.00227941076897214280, 0.00280043505795309410, 0.00189513556745468050, 0.00234139549903304150, 0.00257643667025561540, 0.00206327119964773210, 0.00224121554868542130, 0.00268497090082027300, 
0.00158230261842616860, 0.00157423663573806710, 0.00156864928095038460, 0.00155461795410069400, 0.00155463605670252640, 0.00154989745477565310, 0.00153472596797284430, 0.00153211263510066080, 0.00152085554516384290, 0.00150904518708036190, 0.00150483823866413480, 0.00149447099871226900, 
