1.000631E-066 4.880947E-067 1.082012E-067 9.075600E-069 3.140256E-146 
1.317672E-066 9.933684E-067 3.274071E-067 3.643737E-068 3.140256E-126 
4.216551E-085 1.347859E-066 8.806331E-067 1.462914E-067 3.140256E-106 
1.349296E-103 4.313148E-085 1.776506E-066 5.873413E-067 3.140256E-086 
1.079437E-122 1.380207E-103 5.684819E-085 2.358100E-066 3.140256E-066 
8.635496E-122 1.104166E-102 1.819142E-083 7.545921E-065 1.004882E-064 
6.908396E-121 8.833327E-102 1.455314E-082 2.414695E-063 3.215622E-063 
5.526717E-120 7.066661E-101 1.164251E-081 1.931756E-062 2.572498E-062 
8.842747E-119 5.653329E-100 9.314007E-081 1.545405E-061 2.057998E-061 
1.414840E-117 9.045326E-099 7.451206E-080 1.236324E-060 1.646399E-060 
1.509162E-116 1.447252E-097 1.192193E-078 9.890589E-060 1.317119E-059 
2.414660E-115 1.543736E-096 1.907509E-077 1.582494E-058 2.107390E-058 
3.863455E-114 2.469977E-095 2.034676E-076 2.531991E-057 3.371824E-057 
4.121019E-113 3.951963E-094 3.255481E-075 2.700790E-056 3.596613E-056 
3.296815E-112 4.215428E-093 5.208770E-074 4.321264E-055 5.754580E-055 
2.637452E-111 3.372342E-092 5.556022E-073 6.914023E-054 9.207328E-054 
2.109962E-110 2.697874E-091 4.444817E-072 7.374958E-053 9.821150E-053 
1.687969E-109 2.158299E-090 3.555854E-071 5.899966E-052 7.856920E-052 
2.700751E-108 1.726639E-089 2.844683E-070 4.719973E-051 6.285536E-051 
4.321202E-107 2.762623E-088 2.275746E-069 3.775978E-050 5.028429E-050 
6.913923E-106 4.420196E-087 3.641194E-068 3.020783E-049 4.022743E-049 
7.374851E-105 7.072314E-086 5.825911E-067 4.833252E-048 6.436389E-048 
7.866507E-104 7.543802E-085 9.321457E-066 7.733204E-047 1.029822E-046 
8.390941E-103 8.046722E-084 9.942888E-065 1.237313E-045 1.647716E-045 
8.950337E-102 8.583170E-083 1.060575E-063 1.319800E-044 1.757563E-044 
9.547027E-101 9.155381E-082 1.131280E-062 1.407787E-043 1.874734E-043 
1.018349E-099 9.765740E-081 1.206698E-061 1.501639E-042 1.999716E-042 
8.146796E-099 1.041679E-079 1.287145E-060 1.601749E-041 2.133031E-041 
6.517437E-098 8.333431E-079 1.372955E-059 1.708532E-040 2.275233E-040 
1.042790E-096 6.666745E-078 1.098364E-058 1.822434E-039 2.426915E-039 
1.668464E-095 1.066679E-076 8.786909E-058 1.457947E-038 1.941532E-038 
1.334771E-094 1.706687E-075 1.405905E-056 1.166358E-037 1.553226E-037 
1.067817E-093 1.365349E-074 2.249449E-055 1.866172E-036 2.485161E-036 
1.139005E-092 1.092280E-073 1.799559E-054 2.985876E-035 3.976258E-035 
1.214938E-091 1.165098E-072 1.439647E-053 2.388701E-034 3.181006E-034 
1.295934E-090 1.242771E-071 1.535624E-052 1.910960E-033 2.544805E-033 
1.382330E-089 1.325623E-070 1.637999E-051 2.038358E-032 2.714459E-032 
2.948970E-088 1.413998E-069 1.747198E-050 2.174248E-031 2.895423E-031 
2.359176E-087 3.016528E-068 1.863678E-049 2.319198E-030 3.088451E-030 
1.887341E-086 2.413223E-067 3.975847E-048 2.473811E-029 3.294347E-029 
1.509873E-085 1.930578E-066 3.180678E-047 5.277464E-028 7.027941E-028 
1.207898E-084 1.544462E-065 2.544542E-046 4.221971E-027 5.622353E-027 
2.576849E-083 1.235570E-064 2.035634E-045 3.377577E-026 4.497882E-026 
5.497279E-082 2.635883E-063 1.628507E-044 2.702062E-025 3.598306E-025 
2.931882E-081 5.623216E-062 3.474148E-043 2.161649E-024 2.878645E-024 
1.563670E-080 2.999049E-061 7.411516E-042 4.611519E-023 6.141109E-023 
8.339576E-080 1.599493E-060 3.952809E-041 9.837907E-022 1.310103E-021 
4.447774E-079 8.530627E-060 2.108165E-040 5.246884E-021 6.987217E-021 
2.372146E-078 4.549668E-059 1.124354E-039 2.798338E-020 3.726516E-020 
1.265145E-077 2.426490E-058 5.996557E-039 1.492447E-019 1.987475E-019 
6.747437E-077 1.294128E-057 3.198164E-038 7.959717E-019 1.059987E-018 
3.598633E-076 6.902015E-057 1.705687E-037 4.245182E-018 5.653262E-018 
1.919271E-075 3.681075E-056 9.096999E-037 2.264097E-017 3.015073E-017 
1.023611E-074 1.963240E-055 4.851733E-036 1.207518E-016 1.608039E-016 
5.459260E-074 1.047061E-054 2.587591E-035 6.440099E-016 8.576209E-016 
2.911605E-073 5.584326E-054 1.380049E-034 3.434719E-015 4.573978E-015 
3.726855E-072 2.978307E-053 7.360259E-034 1.831850E-014 2.439455E-014 
4.770374E-071 3.812234E-052 3.925471E-033 9.769868E-014 1.301043E-013 
1.526520E-069 4.879659E-051 5.024603E-032 5.210596E-013 6.938894E-013 
4.884863E-068 1.561491E-049 6.431492E-031 6.669563E-012 8.881784E-012 
7.815781E-067 4.996771E-048 2.058078E-029 8.537041E-011 1.136868E-010 
1.250525E-065 7.994833E-047 6.585848E-028 2.731853E-009 3.637979E-009 
2.000840E-064 1.279173E-045 1.053736E-026 8.741930E-008 1.164153E-007 
2.561075E-063 2.046677E-044 1.685977E-025 1.398709E-006 1.862645E-006 
3.278176E-062 2.619747E-043 2.697563E-024 2.237934E-005 2.980232E-005 
1.000000E-060 3.353276E-042 3.452881E-023 3.580695E-004 4.768372E-004 
1.000000E-040 1.000000E-040 4.419688E-022 4.583289E-003 6.103516E-003 
1.000000E-020 1.000000E-020 1.000000E-020 5.866610E-002 7.812500E-002 
1.000000E+000 1.000000E+000 1.000000E+000 1.000000E+000 1.000000E+000 
