851
851
1022
1092
979
901
994
994
1228
1557
1879
2122
2278
2473
2617
2454
2342
2164
1824
1469
1093
-1529
-1529
-2738
-3089
-2757
-2483
-2380
-1542
1238
1238
1482
1750
1610
1166
-868
-868
-1569
-2002
-2272
-2487
-2393
-1839
-1121
1157
1157
1659
1648
1411
962
-1069
-1069
-1945
-2085
-1886
-2049
-2357
-2364
-2275
-2517
-2711
-2629
-2646
-2582
-2185
-1478
-879
-879
-1562
-1976
-2013
-1999
-1787
-1169
983
983
1075
1471
1955
2437
2735
2843
2955
3025
3077
3125
3138
2922
2532
2264
2198
2043
1935
2078
2267
2367
2142
1625
1139
-1242
-1242
-2745
-2770
-2101
-1832
-1556
1126
1126
2300
2573
2326
2115
1758
-1303
-1303
-1812
-2131
-2306
-2203
-1597
-929
1057
1057
1688
2031
1946
1485
849
-861
-861
-1065
-1251
-1115
-864
-864
-925
-1096
-1001
1254
1254
1853
2026
1689
1238
-957
-957
-1191
-1192
-1246
-1531
-1563
-1332
-1971
-3435
-4496
-4179
-3497
-3436
-2922
-1269
898
898
890
-1199
-1199
-2385
-2850
-3285
-3699
-3884
-3300
-2281
-1504
-1356
-1447
-1205
-921
-887
-945
1054
1054
1569
2049
1880
1376
1233
1356
1182
1079
1557
2235
2750
3230
3957
4419
4264
3925
3514
2958
2092
1431
1055
1067
1610
1991
2127
2393
2739
2685
2355
-2220
-2220
-4321
-4192
-2955
-2934
-3024
-1198
1703
3347
3172
3103
3175
2201
-963
-963
-934
-867
-1233
-1575
897
897
-1371
-1371
-1679
-2112
-2965
-3122
-2429
-1417
1101
1101
2582
3383
3240
2690
1819
-1204
-1204
-1814
-2233
-1770
-1087
-1087
-1148
-1347
-1249
-1720
-2384
-2478
-2498
-3073
-3479
-3100
-2842
-2471
-1924
-976
-1111
-1111
-1770
-2122
-2810
-2997
-2765
-2634
-2200
-1300
1215
1215
1037
1270
1787
1694
1710
2237
2883
3166
3410
4045
4610
5101
5355
5480
5667
5418
4662
3823
3059
2295
1609
1134
-1437
-1437
-2639
-4788
-6097
-5039
-3150
-2417
-1836
3948
3948
5648
5997
6211
5936
4803
3157
1566
-1215
-1215
-2096
-2465
-1853
-1526
-2538
-3652
-3447
-2830
-2857
-2884
-1742
1176
1176
2683
4062
4652
4299
3679
2714
1283
-1636
-1636
-2755
-3509
-3618
-3251
-2607
-2230
-2007
-1527
-834
1118
1118
1675
2315
2724
2772
2142
-2129
-2129
-4613
-7708
-10013
-9803
-8516
-7406
-5956
-3097
2093
2093
3444
3937
3101
1471
-1238
-1238
-2580
-3963
-4901
-4930
-4592
-3776
-3220
-3388
-2691
-1119
1666
1666
2760
3230
3860
4237
4013
3116
2264
2293
2432
2714
3399
4027
5289
6823
7431
7195
6803
5746
3862
2081
1422
1233
-2689
-2689
-3247
-4238
-5833
-6813
-5437
-4290
-3568
-1660
3754
3754
5624
6618
6835
6517
6062
4781
2636
-1194
-1194
-2696
-3300
-3100
-3109
-3955
-4246
-3553
-3015
-2737
-2436
-1028
2037
2037
3203
4254
4958
4844
4266
3204
1749
-2018
-2018
-3135
-4027
-4634
-4540
-4094
-3481
-2961
-1967
-892
1456
1456
1982
2503
2800
2688
1885
868
-2206
-2206
-6004
-9677
-11241
-11278
-11165
-9858
-6809
-3414
3405
3405
5776
5843
4437
3256
1405
-1289
-3589
-4916
-6139
-6490
-5344
-4279
-4146
-3556
-1798
1591
1591
2444
3325
4215
5303
5698
5216
4636
4224
4377
4572
4666
4697
5542
7022
7856
7991
8170
7794
6433
4471
2939
-3454
-3454
-5723
-8195
-10408
-10981
-8535
-5610
-4214
-1029
3081
6502
8086
8242
8473
7055
5779
4573
3015
1225
-1109
-1109
-2046
-2484
-3286
-4859
-6442
-6069
-5392
-4580
-3591
-1440
1689
4087
5923
6969
7216
6569
5039
3336
1332
-2640
-2640
-3565
-3990
-4271
-3793
-3410
-3205
-3044
-2451
-1656
-1410
-858
1604
1604
2898
4086
4937
5037
4020
2728
-2803
-2803
-6574
-10233
-12253
-13132
-12736
-10743
-7666
-4087
3099
3099
5546
6076
5479
4301
2490
-2206
-2206
-3880
-5175
-6078
-6120
-5467
-5220
-4554
-3176
-1602
1623
1623
3142
4312
5604
6243
6175
5777
5155
4578
4237
4420
4431
4805
5976
7525
8560
9020
9735
9712
8570
7364
5279
2120
-3123
-6287
-8145
-11314
-13536
-13003
-8867
-5411
-2989
1286
5186
8432
9340
9726
9115
7425
6319
4660
2905
1634
1522
-1663
-1663
-2561
-3195
-4455
-7091
-8182
-7375
-6668
-5399
-3471
3483
3483
5793
7745
8913
8902
7179
5017
3074
-1691
-1691
-3306
-4126
-4878
-4609
-3952
-3766
-3691
-3556
-2938
-2570
-2108
-1014
1808
1808
3486
5031
5390
4341
3415
1300
-3139
-8090
-11710
-13729
-14955
-14163
-11486
-8200
-4353
3743
3743
5368
5469
4911
3326
1338
-2253
-2253
-4268
-5304
-5328
-5424
-5817
-5805
-5098
-4081
-2476
1072
1072
2657
4348
5892
6743
7189
7007
5983
5655
5907
5850
5548
6028
7320
8254
8807
9727
10262
9899
9354
7794
4612
-1320
-6421
-9438
-13752
-16535
-16205
-12257
-7944
-4473
1480
6892
10401
11420
11395
10526
8211
6461
4245
2199
1118
1590
1363
-1260
-1260
-2420
-4512
-7799
-10007
-9891
-9712
-8466
-5809
-1238
3535
6850
9545
11221
11411
9519
6653
3899
-2160
-2160
-3975
-4641
-5032
-4716
-3982
-3812
-3767
-3899
-3989
-4116
-4132
-2975
-1198
917
3313
5729
6790
5681
3897
1371
-2213
-7867
-13275
-15431
-14989
-14030
-12469
-8145
-3261
3481
3481
5748
5461
3700
2864
1804
-1930
-1930
-2943
-3728
-4591
-4637
-4647
-5644
-6006
-4494
-2294
-992
3249
3249
5506
6887
7618
8361
8176
7560
7293
7142
7519
7591
7658
8817
10444
11179
10478
10587
11124
9897
7125
1592
-5046
-9630
-13660
-16707
-18011
-15251
-10464
-6063
5769
5769
10381
12097
11591
10754
9107
7176
4642
2870
2139
2638
3153
1941
-1143
-1143
-3762
-7294
-10441
-11652
-12304
-11295
-8314
-3708
1592
6022
9403
11420
12177
10921
8242
5308
2189
-2185
-2185
-2644
-2817
-2949
-2872
-3121
-3747
-4920
-6081
-6890
-6934
-5771
-3594
2702
2702
5879
7966
7974
6066
3150
-976
-5723
-9976
-12948
-13944
-13615
-11867
-9243
-6217
-3201
-1027
1732
1732
1841
1767
1909
1685
1146
-2070
-2070
-3673
-5124
-6294
-7203
-6947
-5536
-3464
-1031
1665
4256
6021
6986
7530
8054
8041
7738
7492
7518
8169
8802
9495
10196
10832
10216
9592
10475
11157
10888
8775
4769
-1497
-6496
-10504
-15052
-17484
-16584
-13051
-9327
-3981
2743
7262
9820
10395
10889
9888
7451
5509
3905
3580
3818
4644
4405
2860
1098
-1665
-5255
-9081
-11432
-12945
-13334
-10859
-6841
-2216
2040
5941
8814
9931
9731
8114
6079
3815
2012
1017
-1202
-1202
-2850
-4956
-7161
-8840
-9853
-9217
-7174
-4489
-1052
2404
5455
6441
5993
2428
-2626
-5644
-8985
-12412
-13548
-11119
-8789
-6968
-3347
-1317
-1202
-951
-1415
-1415
-1880
-998
855
855
-2978
-2978
-4416
-6140
-7230
-7720
-6613
-3752
-1084
1648
4489
6468
6915
7444
8146
7824
6851
7298
8572
8856
9563
10677
11327
11385
11066
10947
10548
10818
11085
10073
7336
1458
-4853
-10726
-14781
-16811
-17332
-15145
-11927
-6146
5561
5561
8607
9411
9618
8993
7840
6473
5391
5590
5800
6596
7050
6346
3679
-4325
-4325
-8422
-11601
-13873
-14517
-12743
-9410
-4791
3041
3041
5395
6561
6792
6290
5463
4138
3544
3892
4460
5021
4674
3706
1897
-3915
-3915
-7085
-9503
-11101
-11037
-9270
-6600
-3467
-1008
1511
1511
-3017
-3017
-4234
-5680
-7998
-7982
-5371
-3810
-3174
-1553
-1255
-2558
-3157
-3596
-4816
-4928
-3520
-2385
-1499
-1044
-1044
-2542
-3381
-4805
-5895
-5998
-5030
-2869
1144
1144
2903
4415
4833
5111
6076
6712
6607
8016
10141
10399
10476
11679
11776
10450
9858
9909
8786
8629
10602
12056
12509
11570
6239
-2461
-9705
-13443
-15676
-18092
-17917
-14252
-7718
3776
3776
6238
7206
6743
5879
5230
4673
4321
4748
6692
9451
10860
10155
7359
3235
-968
-5472
-9883
-12774
-13872
-13145
-10574
-6664
-2901
1490
1490
2023
1797
1432
1483
2594
4237
6121
7559
7878
6952
5072
2486
-4011
-4011
-6909
-8703
-9390
-8770
-7732
-7098
-7679
-8269
-8601
-9011
-9494
-9210
-7654
-5314
-2497
2012
2012
2448
1870
1043
-2220
-2220
-3862
-4508
-4670
-4250
-3594
-3405
-3716
-3892
-4116
-4326
-4581
-4122
-3172
-1958
1116
1116
2090
2395
2448
2729
3292
4003
4840
5923
7515
8925
9782
10673
11252
11504
11403
11137
11110
10440
9737
9243
9022
9080
8211
7683
7025
3889
-2845
-9959
-12292
-11410
-11547
-12479
-10036
-5103
-1021
1263
2962
3710
2986
2296
2541
4017
5156
5722
6752
8427
9189
7401
4947
2295
-1183
-4701
-6592
-7164
-7741
-7803
-6372
-4656
-3948
-3768
-3106
-2541
-2719
-2857
-1443
2147
2147
3370
4581
5328
5117
4059
3300
2085
-2385
-2385
-3576
-3456
-4015
-5918
-7628
-7956
-8349
-10083
-11052
-10256
-9274
-8317
-5913
-3021
-1641
1444
1444
-1073
-1073
-1506
-1895
-2311
-2605
-2784
-3182
-3772
-4003
-4022
-3968
-3405
-1778
1973
1973
2229
1792
2115
2501
2420
3094
4703
5549
6083
7477
8835
9351
9415
9679
9820
9827
9734
9782
9558
9377
9223
9199
9197
8777
8474
7987
6112
843
-5127
-7286
-7001
-8877
-10249
-7069
-3711
-2969
-1654
-1418
-1418
-1027
1416
1416
1806
3221
5007
6480
7072
6157
4735
3186
1317
-1025
-1753
-1634
-2564
-3384
-2218
-1175
-2444
-3556
-3201
-3498
-4910
-4524
-2750
-2303
-2176
984
984
-1374
-1374
-1921
-1238
-1305
-2660
-2898
-2430
-3463
-5121
-5425
-5357
-6077
-5952
-4959
-4299
-3962
-3117
-2082
-2009
-2016
-1969
-1888
-1954
-2051
-1777
-1584
-1479
-1309
-1230
-1390
-1760
-1987
-1567
-1072
1417
1417
1777
1878
1744
2101
1483
1581
1581
937
2130
2130
2855
2609
3456
4767
3884
5088
4984
5326
6940
5048
5973
7328
6759
5735
6666
7210
6421
5717
5475
6349
5873
4156
5062
6039
4040
2384
1238
-2469
-2469
-3028
-2553
-2300
-1949
-1253
-926
-926
-838
-838
-903
-1548
-1457
1117
1117
-1031
-1031
-877
-877
-1414
-1849
-1909
-1655
-2213
-2044
-971
-1321
-1599
-1401
-1102
-1720
-2421
-2305
-2399
-2674
-3076
-2446
-1837
-2022
-2434
-1294
-867
-3011
-1402
-1293
-2164
-1400
-1400
-835
-1877
-1877
-2541
-2541
-2043
-2043
-1812
-1812
2502
-1319
1316
-985
-985
-1393
-1393
2826
-2575
1798
1798
1044
1044
1047
1047
1604
1604
889
-1262
4832
2016
2016
2194
2922
5738
5738
1203
1203
5659
-1898
3368
2464
-1226
2737
4397
-3894
3251
4181
-5472
5134
1166
-2820
4719
2137
-3105
6731
1351
-1359
7134
2003
2003
4054
2542
3000
2406
919
3649
-836
-1985
-1985
941
941
-1869
-1869
-1689
-1689
-2358
-982
-982
-1563
1382
1159
1159
-2490
-2490
1319
-1428
-1436
-1729
-1729
-1666
1014
-3983
-1474
-1474
-3077
-3447
-3447
1543
-3182
-3182
-3911
-3911
-1152
-1152
-5274
4458
-3961
-2600
4614
-4735
2320
2320
-3424
-2303
-2303
-3239
-3239
3431
-7079
2417
3520
-9283
7238
-2816
-2816
4071
4071
-5625
5521
5521
-9449
6915
-1328
-2743
5807
-3308
1799
3454
3454
-2006
6456
6456
-7632
4884
2197
-9870
9834
-3956
-5705
6038
-978
-6124
4248
-931
-2929
1274
1729
1729
-1246
2602
2602
1640
-4573
4878
3098
-5898
3742
3694
-5501
1478
6047
-5370
4263
4263
-3857
-3857
3209
4521
-7734
1396
7149
-7457
7818
7818
-5860
1218
5339
-4055
5728
-2003
8117
8117
-6341
3509
4003
-3072
1058
2897
-1380
1227
1227
-4223
1389
1430
-3892
1066
1348
-2817
1085
-1679
1312
1312
-5524
3128
-1796
-3544
1504
-3191
-3191
1706
1706
-4962
-1628
3239
-4292
-4986
3596
-3853
-5485
3428
-4901
-1519
-3031
-3031
-1200
2989
-7503
4124
-6339
-6339
6488
-3040
-5389
6640
-1643
-7069
9255
-4364
-3434
5758
-5399
1893
-1982
2066
-2425
-2781
4617
-5593
-1142
2544
-3014
-2090
2452
-4031
2073
2073
-5877
2954
-5967
-5967
5444
-914
-3441
4434
4434
-6931
8310
8310
-12208
6817
-4381
-4381
4528
-5369
3396
-1950
2561
-4048
1657
1083
-5107
2243
2526
-6686
5932
-1444
-3189
6837
-8045
7266
-2733
-2572
5566
-5628
4031
-1896
1494
1494
873
-1707
2129
2129
-3500
876
-1420
-1420
1342
-2686
3779
-4556
2112
2112
-5833
2428
-4565
-4565
2368
2344
-7893
6892
-3906
-905
2376
-4944
5760
-5415
-1479
4321
-5660
-2032
2757
-3178
-2212
-1381
-1381
-1400
-1400
-925
2170
-2234
2623
-4623
3936
-1722
-3268
4997
-7691
6864
-2794
-5971
11060
-9238
6317
6317
-6847
1275
1275
-4508
-4508
2815
-4782
-4782
4154
-1651
-4695
3976
945
-9403
11043
-6404
-1758
4229
-1888
-1356
1840
1840
-6787
5959
-3664
-3433
6065
-5081
-1275
4104
-4283
-1396
3474
-2279
-2544
3076
-1802
-3313
2131
-3797
-3797
3049
2392
-3811
1681
3535
-3471
2120
-2114
2614
-3013
-3013
2811
1963
-3733
1749
1103
-1719
1609
-2555
3881
-2310
913
-1804
1029
2288
-4327
1440
1275
-1389
-2046
1776
1220
-6722
7200
-3580
-3127
2264
2966
-7413
4326
4895
-11011
7529
3042
-9437
7678
-7294
-7294
6766
-2470
-4672
5621
-2683
-4184
8076
-5090
5547
5547
-4156
884
4776
-1175
-1412
3182
2173
-4757
4823
2614
-5944
6506
-2941
-2941
3081
-1175
-1175
842
1379
-2530
1426
-1934
-1934
2255
-3439
-3439
5907
-4016
-3608
11780
-12914
6909
-1147
-1147
-2463
5964
-3120
-1750
5318
-6107
944
2183
-1696
-2472
5189
5189
-9326
5275
-834
-2537
2163
-2484
2761
-917
2912
2912
-3985
-3985
7939
-5308
2883
-1212
897
2706
-5278
5030
-4286
-4286
2756
-2640
-2640
5327
-5476
1024
5113
-7472
2589
5542
-7888
7160
7160
-8277
1775
1733
-4272
-4272
3919
-5565
-5565
8221
-6907
5754
5754
-6827
2187
1621
-4273
1990
1246
-5079
6773
-7829
2322
3225
-6015
5099
-3864
1660
1660
-2627
-3862
7135
-1918
-7250
12227
-7486
3838
3838
-1517
-1728
3253
-4283
-4283
6864
-6176
900
4647
-7683
6291
-2681
-1456
2962
-2052
-861
1588
-3263
2197
-3067
1361
-3790
-3790
5723
-6690
2669
1935
-4076
2981
-1275
1742
-5959
8399
-6828
1692
2877
-7990
8694
-6768
-1875
6324
-7913
1684
3572
-5800
2749
-1036
3288
3288
-3626
2974
1074
-2364
2783
1678
-5563
8251
-5541
2514
2514
-2027
-1220
-1220
4102
-5507
4346
-2396
2169
-1410
1136
-3503
-3503
4585
-4001
3925
-3887
3958
3958
-6919
5339
-3285
3520
-2429
3872
3872
-6118
4987
-1017
-2778
1003
-941
-941
-1598
4188
-3566
2112
-2493
-2493
5592
-6431
2825
2960
-5421
5568
-2741
2135
-2418
-2418
5063
-6755
-6755
12302
-7489
-2698
13278
-10805
3093
5310
-4704
3606
-3727
5832
-5446
1451
5555
-7900
8631
-3550
2525
2525
-2375
-2375
1519
1793
-6860
7619
-2272
-2986
3538
-2511
-2511
6486
-4527
4384
4384
-3567
1993
2025
-3153
3189
-1154
-2271
6645
-8195
6190
-5204
-5204
8001
-2832
-3642
10371
-6486
6447
6447
-3167
-1209
7271
-7077
5121
2580
-6089
7193
-2391
1979
1979
-873
3801
3801
-3404
4442
2584
2584
-1605
1031
861
861
-912
1774
1774
-1202
-1202
2458
1893
-5120
6627
-2518
2952
2952
-2346
-2346
6919
-3585
-849
5266
-2250
-1290
4324
-2483
1022
2658
-2539
2719
2057
-4088
6476
-2449
4283
4283
-4622
5826
-1053
-2473
6748
-3457
-1378
6728
-6807
4972
-5731
-5731
11598
-9515
2598
8045
-9185
5958
-2162
-2162
1899
1909
-4979
3801
-1114
-2985
-2985
4678
-1425
-1819
5094
-3210
1236
1504
1504
-1042
-1872
5400
-5342
1454
4200
-4533
1806
3267
-5145
4677
-3423
3687
3687
-2788
3390
-1381
2172
-3233
2579
-2941
-2941
862
1408
-2028
2986
2986
-1725
-2633
3886
-1802
-3551
5958
-1886
-4555
5400
-5791
-5791
6142
-1924
-5223
6576
-4861
-1223
5608
-7746
4234
-2913
-2913
2398
2398
-3424
950
950
-2718
-2718
3241
-1621
-1804
3325
-4867
3032
-1626
-1626
1190
1190
-2597
-2597
1949
3936
-9180
9937
-6297
2718
2718
-7681
9151
-3448
-6657
11354
-6210
-5346
11401
-9500
2973
2973
-2865
-1291
-1291
2836
-2233
-1775
5710
-6425
4158
4158
-3717
-2468
6879
-8433
2606
1488
-9879
10956
-11274
3238
-1681
-1681
-4088
4423
-2982
-5876
7320
-10021
3823
1959
-10660
8833
-1653
-8252
8120
-4340
-3127
2087
-1640
-4299
4323
-7048
3526
3526
-10601
6194
-11957
-11957
10356
-7677
-3767
6970
-8625
1225
1225
-5485
1023
1825
-9045
6212
-1388
-6583
5273
-3472
-2881
-3383
-3383
-1437
-1437
-5637
5697
-4175
-5411
7952
-8147
-1651
6422
-9839
2794
3346
-10957
5090
-6882
-6882
4557
-4743
-2008
-2008
-1490
1792
-4448
2222
1126
-5843
6948
-7570
1752
2873
-8790
3708
2096
-9830
7038
-1294
-6462
3946
-3629
-3241
1401
-3349
-1981
1169
-1061
-4127
1501
-2503
-2294
-2294
-1833
-1833
-2737
-2737
863
-2555
-5256
2161
-2522
-5139
-1222
-1222
-4542
-1682
-6088
-6088
-1667
-1667
-3442
-1355
-2630
-3411
-3411
-1375
-3239
-3239
-1612
-5197
-5197
-4355
-4355
-2298
-2298
-1279
-1359
-5058
1245
-5567
-5567
1653
2281
-5909
-1422
3600
-5964
-1011
2087
-1757
-1668
-946
-946
-1440
-1586
-1586
-875
-875
1695
1695
1921
1921
-837
1963
1963
1272
3707
3707
2265
2265
3966
1866
2776
3496
3535
2612
1096
1085
-1301
-1301
-1978
-1922
-2295
-2209
-1197
-2150
-2379
-1591
-3318
-4017
-2825
-3697
-4166
-3491
-2426
-1956
-2039
-1732
-1132
-2783
-2889
-3233
-3977
-4350
-4225
-4092
-4127
-3636
-3766
-5237
-4729
-4409
-5320
-4894
-4802
-4170
-4536
-3298
-3226
-3598
-3040
-3641
-2990
-3517
-3649
-3371
-3017
-2524
-2202
-1408
-2470
-1142
-1388
-915
1494
1494
1700
1700
1549
1760
2286
3548
4028
4956
5551
5984
7195
6024
7580
7932
7702
8540
9401
9810
9745
9936
6638
2100
-880
-880
-2639
-6420
-6006
-5324
-4713
-4838
-4189
-3299
-5395
-6094
-5874
-5243
-4866
-5013
-2701
1962
1962
2674
4380
4606
3332
3494
3399
2419
2319
2073
2324
3405
2767
2697
987
-1856
-1856
-3729
-5445
-6697
-8032
-8706
-8054
-7984
-8248
-8174
-7837
-7278
-7489
-7401
-6534
-5764
-5033
-3548
-2359
-1960
-2091
-1680
-1030
-2017
-2364
-2374
-2653
-2548
-2202
-1868
-1531
-1892
-1672
-941
-941
1169
1169
1299
1827
3131
3205
3818
5810
6251
7032
8386
9333
10337
11846
12631
14403
15298
15958
16420
17535
15369
14483
11424
3428
-1979
-5223
-4323
-10053
-11742
-9165
-7697
-5715
-6380
-4654
-5066
-6075
-6911
-5040
-1491
-2026
841
5638
9077
11098
11673
11607
10506
9034
6727
6324
4011
3005
2604
2236
1479
-1864
-1864
-4718
-6648
-8742
-9884
-10645
-10505
-8842
-8118
-6081
-4335
-3739
-2577
-3119
-2106
-2246
-2328
-2773
-2361
-1656
-2485
-2238
-2925
-3434
-3809
-5038
-4623
-5220
-5685
-5312
-4395
-3765
-3535
-2982
-2345
-2224
-1765
-1543
-976
1378
1378
2759
4161
4806
6296
7431
8233
9409
10606
10530
12068
12925
13386
14778
15352
15744
16965
17310
17561
16076
14910
6752
-4167
-8876
-9998
-10297
-17787
-16434
-11719
-7556
-5677
-5304
-2520
-3107
-4933
-4884
2589
2589
2080
5622
11199
16127
16075
14239
13827
10443
6474
3595
1834
-1373
-3040
-4315
-3991
-4445
-6103
-9132
-11816
-12853
-12923
-12535
-11873
-9276
-6057
-2706
-1189
-1189
-2425
-2708
-4097
-4749
-4021
-3718
-4727
-5463
-5812
-7645
-7948
-7734
-8314
-8109
-7001
-6024
-4227
-3170
-2653
-2248
-1621
-1635
-1328
-1219
1434
1434
4407
5621
6824
7941
10060
10694
11445
11487
11314
12092
11784
13692
13874
14557
15345
16344
17999
16006
9501
-3015
-11149
-14038
-13472
-18362
-21064
-15489
-9805
-4016
-2998
-1057
-1911
-1911
-3503
-862
3938
4153
4700
10076
15802
18821
15983
13852
10437
5412
1058
-2618
-5566
-9000
-11074
-11308
-9075
-8817
-10144
-11196
-11956
-10350
-9589
-8679
-6545
-3757
3012
3012
5209
4506
3832
1745
-2363
-2363
-5300
-7364
-8369
-8077
-8333
-8750
-9386
-9560
-10117
-10024
-9504
-9073
-8644
-6907
-4729
-2888
-2135
-2020
-1529
-1531
-2239
-2552
-2783
-1976
1319
1319
3917
5424
6569
7639
8713
9321
8853
8317
8555
9704
9777
10061
11900
12102
14392
15179
16763
16343
12470
1926
-11212
-14691
-13618
-14003
-20960
-18129
-9999
-3187
-1028
-1111
2161
1480
-1216
-1433
3555
6372
4516
7039
12625
18048
17584
13825
10455
5944
1479
-3922
-7442
-10938
-12260
-12877
-10509
-6876
-5117
-6960
-8276
-6484
-4880
-4288
-4464
-1999
1260
4807
7346
6771
5024
1758
-3436
-3436
-6331
-9587
-12128
-12132
-11224
-9318
-9495
-9261
-8663
-6843
-6040
-4904
-4446
-4081
-2209
-1089
-1472
-1472
-956
-1616
-1616
-835
2007
2007
4019
6156
7850
8530
9715
9664
11153
11565
11396
11108
11374
13756
14008
14982
16799
19154
20644
17638
8107
-6402
-14424
-14268
-13828
-19942
-22335
-13824
-4595
3317
3317
5479
2699
2980
2980
7379
6313
6243
11225
18599
20821
16961
12108
7889
2547
-3550
-8681
-12434
-13506
-14313
-12378
-7074
-3716
-3620
-3940
-2669
-1782
-1550
-1436
2288
2288
5237
8975
11529
11599
6462
-6857
-6857
-9694
-13443
-18667
-20702
-18423
-13081
-9833
-6537
-4851
-3433
-2822
-1693
-1156
-1877
-2529
-2185
2013
2013
-1937
-1937
-3013
-3496
-4233
-4784
-4222
-1946
4183
4183
8368
10272
10394
10254
11127
11674
10556
8969
9569
11221
13243
15373
17620
19848
21115
20974
15537
1868
-12900
-17346
-16254
-19150
-23995
-20309
-7646
971
3705
5122
9455
9370
4325
1985
4997
7954
5749
6475
13385
19618
19191
13362
7481
2841
-3594
-11355
-16420
-18064
-18342
-16230
-10911
-4343
1669
1669
3428
3799
2946
2172
2787
5087
8043
11300
12090
10692
4604
-3165
-8274
-11467
-17258
-24159
-23281
-19532
-14429
-10251
-6058
-2481
2096
2096
2350
2367
-1084
-1084
-990
-1318
-1318
-3035
-3458
-3340
-4106
-4859
-4237
-1440
1587
4000
7309
9522
10580
10090
11596
12166
11207
10014
11020
13321
14010
15856
18064
21873
24155
23026
13253
-3074
-14614
-14493
-15725
-23314
-26812
-17615
-4474
1569
3597
7719
12589
10544
5187
4031
7153
6739
3712
5778
14477
19593
17385
11285
7205
4302
-2891
-12573
-18241
-19551
-19526
-17472
-12096
-5200
1655
1655
4334
6608
6471
4873
2560
2286
3816
6526
9257
9626
9235
7350
-8275
-8275
-14011
-17657
-23991
-27749
-24222
-17659
-12653
-7196
-917
3432
5695
5676
3926
2048
-2107
-2107
-3114
-2281
-2142
-3045
-3571
-3486
-2927
-3412
-4281
-2683
1945
1945
4148
7201
10204
10836
11870
13115
13156
12500
12493
13825
14638
16766
18961
21497
23886
20161
7633
-7377
-12365
-11597
-17887
-26428
-25557
-13631
-4445
-1350
1567
8269
12461
8971
5064
5752
7227
4857
2128
5014
12797
16211
13331
9512
8754
5891
-2020
-10650
-15153
-17339
-19189
-17843
-13933
-8940
-3850
3123
3123
5250
6078
5707
4034
2346
3001
5021
6157
6328
5859
4742
1159
-3849
-8791
-13219
-18258
-21983
-22047
-19559
-15875
-11919
-7110
-2065
1904
3530
3574
2610
1536
-2236
-2236
-3108
-3727
-3793
-3976
-3701
-2563
-1639
-1490
-1097
1516
1516
2682
3984
5514
7426
8649
10300
11418
12627
13099
13686
14694
16205
17634
18098
19838
17623
9085
-2066
-6861
-6284
-10768
-17916
-19713
-12498
-6309
-4610
-3506
1418
6219
4939
2108
2448
4457
3523
1008
1008
6449
10233
9452
7643
8139
8071
4380
-4577
-4577
-7511
-10501
-12137
-11918
-10758
-8570
-5914
-3446
-1626
2005
2005
2135
896
896
1876
1895
985
-2472
-2472
-4737
-7520
-9974
-11754
-12691
-12393
-11905
-10913
-9004
-6215
-3580
-1979
-1603
-1296
-1150
-1215
-2289
-2979
-3282
-3463
-2875
-1984
1255
1255
2059
2923
3909
4372
4540
5275
6638
7716
8861
9780
10920
12179
12878
13596
14651
15282
15245
12678
7306
2097
-1791
-1791
-4935
-7726
-8268
-5224
-3198
-2403
-1802
2152
2152
1582
-967
-967
-1992
-1678
1087
3106
3493
3533
4661
5120
4737
2974
1135
-2220
-2220
-3451
-4449
-4780
-4390
-3435
-2704
-2071
-1134
-919
-919
-1722
-1723
-1487
-1738
-2383
-2629
-2944
-3391
-3424
-3836
-5012
-6106
-6274
-6370
-6464
-6504
-6174
-5814
-4722
-3684
-2947
-2520
-2308
-2123
-2254
-2476
-2395
-2679
-3306
-2994
-2117
-1301
938
938
1737
2550
3076
3285
3821
4707
5539
6229
7207
7978
8985
9855
10826
11956
12168
12291
10351
7477
4588
3472
1877
1272
1272
1353
1569
1490
2795
2539
1916
-1280
-1280
-2308
-2774
-2708
-1681
-1188
-1185
-896
-893
-893
-1101
-1101
-1361
-1542
-1458
-1176
-915
-878
-878
-1527
-2228
-2494
-2776
-3197
-3518
-4063
-4507
-4929
-4578
-4346
-3947
-3721
-3484
-3285
-3147
-2709
-3080
-3250
-3554
-3501
-3992
-4201
-4330
-4725
-5020
-4693
-4408
-3662
-2937
-2355
-1689
841
841
1386
2205
2993
3799
4922
6196
7362
8270
9394
9998
9992
9437
8116
6206
4675
4280
4549
4678
5622
6232
7344
7216
6610
5964
5730
5908
4716
3511
1680
1176
-860
-860
-1055
-1317
-2120
-2512
-2831
-2912
-3106
-3510
-4042
-3955
-3621
-3467
-3558
-3521
-3323
-2944
-2580
-2287
-2035
-1785
-1500
-1284
-1190
-863
-932
-1022
-1282
-1383
-1372
-1299
-1573
-2167
-2221
-2264
-2118
-2169
-2236
-2468
-2820
-3230
-3567
-3825
-4137
-4675
-4883
-5165
-5150
-5117
-5479
-5513
-5468
-5173
-4810
-4473
-4030
-3487
-2907
-1919
-1245
912
912
1480
2416
3530
4265
5453
6306
6986
7572
7819
8125
8224
8157
7650
7279
6817
6617
7219
8159
9128
9653
9029
8356
7538
7550
6924
5583
3488
1663
856
-875
-875
-1490
-2299
-2821
-3138
-3498
-4409
-5384
-5617
-5492
-5208
-4875
-4831
-4583
-3969
-3428
-3103
-2753
-2671
-2944
-2792
-2246
-1912
-1633
-1727
-1671
-1589
-1416
-1124
-965
-1089
-1502
-1494
-1539
-1488
-1737
-2104
-2597
-2886
-3316
-3670
-4102
-4378
-4694
-4898
-4840
-4914
-4953
-5194
-5348
-5259
-5086
-4827
-4400
-3958
-3244
-2258
-1399
-871
1189
1189
1733
2370
3074
3915
4455
5281
6221
7159
7941
8509
8900
8525
7792
6913
7036
7692
8820
9568
9954
9300
8616
7837
7706
7176
5553
3482
1598
-1235
-1235
-1909
-2775
-3285
-3529
-4232
-5403
-6191
-6390
-6088
-5655
-5353
-5098
-4740
-4029
-3402
-2731
-2507
-2775
-2979
-2613
-1958
-1738
-1267
-1481
-1668
-1886
-1775
-1444
-1097
-1106
-1426
-1371
-1196
-1408
-1953
-2259
-3045
-3276
-3702
-4172
-4190
-4255
-4462
-4418
-4426
-4596
-5016
-5464
-5548
-5523
-5318
-5318
-4803
-4178
-3375
-2390
-1232
843
843
1439
2065
2680
3363
4098
4992
5929
7109
7993
8832
8953
8499
7395
6916
7068
7925
8472
8971
9264
8486
7969
7243
7031
6247
4757
2927
1502
-886
-886
-1589
-2225
-3172
-3785
-3917
-4393
-5684
-6332
-6237
-5922
-5475
-5278
-5178
-4849
-4225
-3509
-2764
-2541
-2699
-2709
-2280
-1663
-1360
-1225
-1425
-1614
-1944
-1786
-1384
-1155
-1456
-1644
-1342
-1171
-1307
-1610
-1845
-2517
-3224
-3723
-4195
-4326
-4456
-4567
-4469
-4333
-4310
-4548
-5017
-5062
-5190
-5511
-5605
-5304
-4583
-3627
-2732
-1373
1425
1425
2189
2874
3353
4183
4585
5248
6173
7349
8081
8831
9122
8609
7309
7025
7233
8207
8347
8495
8142
7755
7058
6789
6711
5540
4156
2302
1311
986
-1553
-1553
-2446
-3425
-3921
-4227
-4856
-5835
-6484
-6308
-5854
-5427
-5315
-5099
-4517
-3966
-3278
-2515
-2154
-2370
-2375
-1759
-1076
-992
-992
-1129
-1146
-1122
-1328
-1820
-2200
-2191
-1709
-1612
-1817
-1993
-2447
-3281
-3759
-4453
-4577
-4753
-4863
-4710
-4515
-4255
-4325
-4425
-4468
-4424
-4466
-4733
-4743
-4455
-3930
-2792
-1896
1324
1324
2324
3313
4172
4763
5410
6000
6856
7810
8942
9356
9366
8414
8067
7950
8668
9132
9219
8969
7741
6961
6104
6297
5745
4420
2563
1121
-1673
-1673
-2359
-3350
-4065
-4142
-4594
-5371
-6244
-6248
-5827
-5367
-5026
-4920
-4717
-4459
-3776
-2835
-2331
-2214
-2349
-1955
-1111
-1032
-1032
-1494
-1494
-2134
-2215
-2266
-2098
-2329
-2442
-3007
-3449
-3875
-3845
-3950
-4461
-4533
-4674
-4707
-4788
-4860
-4782
-4677
-4493
-4325
-4166
-3823
-3639
-3245
-2535
-1843
-1101
1770
1770
3027
4295
5227
6086
6584
7621
8528
9349
9479
9204
8161
7661
7950
8951
9588
9782
9440
8263
7345
6423
6236
5422
4013
1931
-1768
-1768
-2690
-3906
-4409
-4571
-5089
-5797
-6848
-6907
-6193
-5267
-4931
-4787
-4533
-4135
-3604
-2906
-2280
-2227
-2471
-2086
-1279
-936
-936
-1228
-949
-1373
-1373
-1790
-2446
-2497
-2487
-2301
-2575
-2930
-3418
-4182
-4395
-4323
-4040
-4195
-4521
-4627
-4527
-4375
-4340
-4443
-4399
-4353
-4133
-4010
-3457
-2916
-2473
-1848
-1268
1306
1306
2384
3374
4441
5725
6723
7784
8770
9984
10548
10410
9310
8333
8044
8153
9089
9353
9658
8692
7711
6671
6722
6314
5032
2856
-950
-950
-1185
-1196
-1689
-2647
-3286
-4055
-4009
-4174
-4695
-5828
-6851
-6909
-6226
-5396
-5025
-4686
-4478
-4233
-3440
-2598
-2140
-2089
-2139
-1866
-1359
-1272
-1272
-1021
-2539
-2539
-3600
-2694
-3377
-3158
-2315
-2246
-2639
-3776
-4910
-4870
-4541
-4724
-4979
-4815
-4563
-4437
-4496
-4140
-3630
-3345
-3618
-3760
-3114
-2178
-1771
-1078
1893
1893
3024
4121
5515
7157
8385
9165
9891
12595
13153
12247
10495
8172
8152
9418
8344
6086
5104
6286
5756
4156
3662
4857
5812
3168
-1390
-1390
-1293
-2652
-4481
-5127
-3954
-3036
-3301
-4013
-3366
-2388
-3113
-4380
-5107
-4246
-4230
-4796
-5144
-5322
-4400
-2885
-2311
-2638
-1893
-1037
-1037
-1258
-1124
-1124
-2766
-2488
-1210
-1080
-2739
-3557
-2876
-3242
-4804
-5971
-5546
-4730
-4832
-5734
-5636
-4899
-4804
-5039
-4994
-4154
-3533
-4224
-5314
-4865
-3535
-3032
-3508
-3023
-1273
884
884
2218
3461
4135
4825
6215
8231
9403
9936
11131
13341
15038
15935
16579
15540
11332
6570
5990
7902
7008
4422
2726
3863
2575
-1087
-1087
920
1582
-1972
-4996
-4964
-3343
-4254
-5969
-5399
-2419
-1502
-2467
-2703
-1560
-1979
-4657
-5148
-4022
-2395
-1927
-1844
-1793
-2071
-1876
-1559
-1304
-1659
-1746
-1299
1064
1064
-1322
-1322
-1191
-2864
-2864
-4672
-4406
-4951
-6303
-7428
-6125
-5566
-6141
-6580
-6562
-6463
-7220
-7871
-7606
-6328
-5353
-5681
-6607
-5651
-4342
-3941
-4059
-2811
-859
1318
1318
3558
4637
5198
6655
8739
10641
11623
12065
13666
15450
16372
16386
18403
19681
15248
7189
3816
8107
10258
6780
3104
2850
2540
-2049
-4618
-1688
2543
-5522
-5522
-7865
-5047
-3725
-5905
-6695
-3471
-2353
-2353
-3545
-2601
-1615
-3946
-6125
-4990
-2246
-1456
-1456
-3048
-3256
-2260
-1459
-950
-1749
-1749
-1407
950
2469
1128
-1564
-2166
-3457
-3457
-5652
-5502
-5498
-6652
-6396
-5060
-5371
-7428
-8374
-7260
-6285
-6643
-7645
-7860
-6684
-5532
-5907
-6475
-5766
-4574
-4387
-3516
2367
2367
5662
7222
7836
9082
10491
11732
12474
14018
15784
17524
17838
18701
19500
14896
6854
3031
8963
12797
8386
3056
2415
1922
-4272
-6454
5251
5251
1610
-6364
-8960
-5983
-4764
-6975
-5932
-1051
1273
-3411
-5892
-3463
-1648
-4446
-6505
-2982
-1644
-1644
-2855
-3628
-3678
-2251
1207
1207
1244
-3059
-3059
-3557
-1876
1784
2715
-2116
-2116
-3558
-2373
-3378
-4292
-4468
-4050
-5202
-7017
-5691
-5599
-7215
-8402
-6805
-5160
-5218
-6315
-7504
-8339
-7683
-6008
-5194
-4000
-4000
-4329
-5115
-2809
1129
1129
2387
5261
6456
7679
9147
9823
10759
12493
15397
16974
18157
17968
19617
18372
11459
3717
4305
14319
14988
6345
1617
1617
-6604
-6604
-4225
5584
8222
-2561
-11672
-10266
-4497
-4532
-6050
-3166
1358
-8218
-8218
-7966
-2373
-4655
-4655
-5175
-2273
-2273
-4971
-3989
-2871
-1610
1249
1249
-1218
-1218
-3684
-5358
-2705
1921
4628
1046
-3379
-5980
-5659
-3281
-2233
-1568
-2804
-4935
-7897
-8457
-6188
-5506
-6561
-6478
-5039
-5449
-7390
-8717
-8026
-7390
-5431
-3770
-3505
-4686
-6327
-6478
-4728
2618
2618
2341
1472
2768
4775
6283
8431
11262
12332
12177
13298
15059
18045
18480
20373
19765
12220
4442
3875
15231
17855
8504
-4749
-4749
-3471
6095
8867
-3019
-14464
-11964
-2488
-1467
-4864
-3390
-2076
-2076
-9523
-7464
1756
1756
-3754
-5981
-2508
-2508
-4596
-2958
-1050
-855
-855
-3018
-4348
-3999
3011
3011
3674
-5441
-5441
-6060
-4909
-1892
-1111
-1111
-3479
-7581
-8954
-7538
-4921
-4006
-5413
-5777
-6437
-7749
-8633
-8306
-6588
-5627
-4955
-4395
-5534
-6200
-6683
-5199
-1524
1522
2362
2325
2325
5046
7715
10856
11876
11361
10207
12713
15719
18382
19736
21870
19765
9117
1203
5779
19310
19376
7278
844
844
-5315
-5315
10712
10712
8949
-7263
-16644
-10274
-1378
-1699
-4725
-2200
-1019
-5821
-11369
-6059
1809
1624
-4438
-5330
-3528
-3528
-3877
-1100
1179
1179
1011
-2618
-2618
-3561
-3212
-2044
1351
3982
1586
-4577
-8684
-6261
-2196
-1049
-1049
-3529
-6717
-10162
-9537
-5021
-1893
-3288
-6787
-7707
-7611
-8269
-7729
-5824
-4753
-5368
-6193
-6010
-6389
-6346
-5135
-3058
1201
1201
-1679
-1679
5100
5100
7279
10165
10969
11014
9791
11873
16144
17908
18640
19479
21887
13490
3698
2456
14890
22752
12334
-1662
-1662
1888
-2429
-2909
7307
12339
-16282
-16282
-14836
-3033
1998
-3242
-3562
-2023
-4707
-11384
-10041
3739
3739
-1111
-6812
-4336
-1537
-2768
-3590
-1616
876
1346
-1436
-1436
-2441
-2463
-940
3063
3063
1760
-2983
-7640
-5291
-836
-1598
-1598
-4803
-7056
-9678
-9349
-5573
-2479
-4192
-8409
-10148
-8336
-7117
-6640
-5651
-5038
-6069
-8323
-7741
-6276
-5628
-5116
-4007
-1933
-1296
-2165
-2331
3532
3532
6407
7163
8857
8625
8813
10282
15157
18617
18439
17413
19196
20630
10913
3099
5825
20542
22142
7760
-1786
2317
2317
-2322
841
10777
9228
-7481
-19371
-12143
3461
3461
-2900
-4043
-4989
-8466
-12617
-6545
3836
3942
-3593
-8972
-5364
-2009
-1335
895
895
1137
-1378
-1378
-3357
-2369
1977
1977
954
954
2446
-4961
-4961
-6232
-1641
1247
-3636
-3636
-6705
-9283
-9807
-6518
-2086
-2534
-7266
-11241
-11291
-7841
-5580
-4673
-5179
-6887
-9227
-9659
-6452
-3532
-3600
-4528
-4353
-3469
-2897
-2477
2479
2479
4586
5748
6358
7987
8296
10643
12817
16741
18001
17255
16234
19594
19251
9357
4285
10840
23783
17916
2975
-2178
1967
2931
-951
4525
10781
3340
-13505
-18115
-6258
4530
1879
-5584
-6467
-7370
-9650
-10262
-1082
5576
-7937
-7937
-9717
-3805
-1493
-1493
-2192
2582
2582
1978
1528
1528
-1575
-4736
-2790
2099
939
-3679
-5621
-6402
-8054
-7863
-4150
-2068
-6530
-11173
-10903
-8273
-5814
-5360
-5222
-6989
-9302
-9744
-7887
-4274
-3274
-5031
-5698
-4642
-3456
-2803
-895
2422
3128
3257
4822
6616
7929
9210
12588
14755
16457
16773
16839
17220
21517
18544
7805
3701
13216
24532
15335
1622
4153
4153
2521
6593
6593
11112
-16210
-16210
-16109
-2429
5446
-7172
-7172
-6863
-7825
-10498
-9158
1168
4956
-2586
-9935
-8549
-1706
-1182
-1182
1676
1676
2966
1632
1758
1758
1618
-1993
-4904
-1299
4005
-6600
-6600
-7882
-5214
-5897
-6743
-3731
-3140
-9435
-13641
-9169
-4443
-4998
-7871
-7766
-8244
-9503
-8447
-5566
-3604
-5228
-7022
-6480
-3396
-2054
-2526
-1413
2308
3151
2919
4679
7998
8824
8822
12354
15676
16142
15528
16548
19503
21794
13597
4956
5441
18319
22900
9262
1086
1086
4171
888
888
9735
8366
-7040
-18115
-11538
1107
3688
-4182
-7569
-7847
-9154
-10761
-6136
3357
2683
-5638
-10784
-6820
-1544
-1544
2944
2944
3229
909
2812
2812
-4030
-4030
-4706
2069
4376
-2545
-8318
-6768
-4945
-7177
-6189
-2068
-4143
-12806
-13681
-6760
-3774
-6602
-8245
-7253
-8878
-10356
-8025
-3914
-3698
-6573
-7727
-5396
-2829
-2536
-2356
3465
3465
2184
2563
6067
9290
8760
9523
13367
15209
14461
15924
17794
19945
19955
11547
5454
6944
19353
21267
7955
-835
3472
3472
2767
2767
9609
5835
-8863
-16920
-9089
2462
3266
-5013
-7998
-8684
-8896
-9860
-4869
3322
1406
-6466
-10043
-5068
-859
-859
989
989
-1084
-1084
1277
3079
3519
1828
1602
2687
-3618
-3618
-2216
3511
2572
-5637
-8468
-5269
-4506
-6984
-5708
-3117
-7406
-13557
-10152
-4409
-5439
-9125
-9023
-7469
-9106
-9253
-6499
-4733
-6092
-7733
-6337
-3250
-2481
-3290
-2828
1083
3472
2319
3907
7227
8633
8045
10864
15236
15771
14088
16020
18108
21957
17253
7708
3864
11151
22777
16520
3477
2043
2043
1376
6204
6204
10723
-15093
-15093
-16270
-4539
4264
-6440
-6440
-7689
-9451
-10605
-9409
3797
3797
-2295
-9181
-9142
-3152
936
936
-1241
-1241
-1134
2099
3513
2656
1101
2746
1461
-3350
-4566
980
4027
-1662
-7599
-6321
-5048
-7704
-6668
-3253
-4183
-10774
-12647
-7343
-5775
-7827
-8497
-6937
-7807
-9905
-8538
-5332
-4857
-6238
-6478
-4189
-2654
-3719
-3127
3678
3678
3919
3320
6130
8324
8479
10768
13769
16717
15177
16468
17293
21590
17754
7392
4517
11616
23856
16669
2783
-1675
2156
2448
6290
6290
10209
-15988
-15988
-16312
-3673
4221
-7471
-7471
-7826
-10032
-10711
-8677
3120
3120
-2618
-8757
-8905
-3390
-956
-956
1220
1220
901
-1040
-1651
2188
3992
3322
1751
3197
1796
-3998
-5231
1268
4647
-1313
-7465
-6000
-5118
-8693
-6824
-1838
-3307
-11163
-13242
-7173
-6100
-8451
-7888
-5673
-7540
-10752
-9072
-4840
-4401
-5976
-5817
-3724
-2909
-4431
-2968
910
4283
3645
4213
7066
7960
7800
10548
15205
17139
15716
17707
17547
21047
14294
6362
6331
14835
24460
13472
-2130
-2130
1991
2331
1194
7705
8735
-4188
-18120
-14325
-1611
4608
-2348
-8165
-8293
-10749
-10730
-8128
2506
2506
-4182
-9219
-7825
-2487
-1092
-1092
2007
2007
2015
982
-1923
-1760
2263
3693
3442
2374
2525
-4907
-4907
-3449
1720
2374
-1818
-6324
-5722
-7260
-9024
-5023
-2714
-4806
-10483
-11376
-7725
-7954
-8048
-6557
-5868
-7835
-10051
-8372
-5537
-5345
-4904
-3891
-3069
-3417
-4380
-1610
1733
4022
5639
5510
7275
7360
9087
12512
15565
17532
17970
18039
20053
19296
7526
4662
10260
24215
21482
4825
-1228
1624
1624
5621
5621
12385
2639
-14181
-19153
-7933
2230
1353
-6079
-6491
-10000
-12669
-11189
-3976
3340
-1319
-6824
-7855
-5525
-1774
-2072
-1567
849
2766
2947
-3437
-3437
2484
2484
3317
3695
4597
4281
-4200
-6987
-1412
3601
1909
-4252
-4139
-5755
-10354
-9167
-3018
-1629
-7029
-10984
-8401
-7849
-10268
-7954
-4932
-4740
-8543
-9165
-6506
-6462
-5969
-4106
-859
-975
-4191
-3937
3030
3030
5096
6796
8779
8694
7142
9847
14713
17810
18267
19310
19972
21070
9050
3683
8207
20102
24289
9826
1543
-965
-965
2647
12046
7766
-7855
-17903
-12251
-3041
-3982
-3982
-4600
-6389
-11889
-12584
-9068
-4249
-4249
-5268
-5174
-2766
-3370
-3904
3635
3635
5047
3042
-2095
-2074
3249
3249
6417
7602
-7989
-7989
-4723
2136
2136
-1640
-2844
-3265
-9535
-11430
-5888
-2406
-4963
-9129
-7206
-6064
-10416
-10471
-6360
-4343
-5708
-7060
-4873
-6479
-8379
-6012
-1459
1354
-1096
-2340
-997
3084
3084
6600
9860
11157
8693
8835
12522
15655
17494
20248
20971
22981
9933
2673
6994
17646
24131
11855
4003
1392
-1588
-2209
9991
9991
8678
-4675
-15173
-12161
-5454
-2055
-5486
-4827
-3970
-9491
-11157
-10453
-3793
-1893
-5253
-3688
-2864
-1409
-3323
-6334
-3568
2120
5288
5463
-2056
-2056
6301
6301
9011
2407
-5825
-4022
-955
-1327
-2710
-1343
-7117
-7117
-10544
-6624
-6145
-8143
-8752
-4884
-3320
-9428
-11162
-8427
-7124
-6662
-4864
-2013
-4657
-9309
-8129
-3482
4386
4386
8029
10333
9150
10383
12752
13986
14973
19000
20166
22255
15082
5145
6190
11780
21608
16212
5766
3118
-1393
-1393
-2429
5054
9564
-11619
-11619
-12808
-6818
-4065
-6195
-6848
-3080
-7127
-10108
-10134
-6362
-3235
-6815
-5167
-2100
-1293
-1293
-5519
-5400
-1277
2547
5242
3994
1263
-2229
-2229
-1666
3178
7929
5888
-2041
-3466
-865
-865
-3754
-3687
-840
-3886
-8088
-6005
-4514
-9088
-11634
-7788
-2474
-5412
-9339
-8237
-8617
-9613
-7431
-1996
-1618
-6200
-7447
-4769
-2711
-2204
-1049
1271
1581
1315
3982
6148
7623
7726
9768
12834
14363
15114
17253
18348
19391
17966
7634
5574
9249
18845
18690
7182
3935
1805
-3240
-3240
1419
10164
4204
-7732
-12881
-7624
-5198
-6655
-7617
-2976
-4747
-9841
-10286
-7859
-4464
-6885
-6457
-2191
-1142
-3687
-3687
-5825
-3710
4344
4344
5001
3063
2917
-3091
-3091
6264
6264
8145
1404
-2133
-3464
-3464
-4487
-1956
-1956
-6687
-5803
-3469
-7457
-12157
-9985
-4402
-4691
-7728
-6451
-7025
-10331
-10061
-4395
-1404
-4526
-6049
-4306
-3410
-4185
-3003
1900
1900
1326
3270
6438
6411
5877
6849
11564
13594
13917
15741
17983
17365
18461
13338
6651
5949
11108
20216
13837
5255
4378
1253
-2150
-4535
5044
9568
-9411
-9411
-9199
-5716
-7353
-9025
-5482
-2021
-6782
-8808
-8327
-6741
-6871
-9246
-4975
-2130
-4065
-4065
-5685
-4335
3481
3481
3746
4421
4183
-3197
-3197
5306
5306
5252
1541
1541
2327
-3650
-3650
-4111
-1694
-4615
-5318
-1734
-3543
-8500
-12125
-9254
-5828
-6822
-5675
-4460
-7054
-10206
-8876
-4755
-3862
-5499
-3850
-2165
-3098
-4102
-3278
-920
1309
1309
5046
6939
5989
4621
6510
10023
10589
13353
15793
17211
15598
17713
15148
5885
4110
9128
18406
14121
6854
7648
3097
-2377
-5675
3393
8508
1461
-5413
-5838
-5148
-8942
-9412
-6861
-3606
-6079
-6273
-5686
-7005
-7724
-10046
-7974
-5193
-1506
1917
-1656
-5056
-5100
-2619
930
930
4531
6484
2132
-1796
3448
3448
2917
2703
2703
5097
1929
-1325
-2833
-2854
-5526
-6669
-1259
-1100
-5560
-8765
-9000
-7418
-9019
-6815
-3880
-5135
-7350
-7416
-5250
-5906
-7188
-5092
-2021
-2165
-2094
-1789
-1414
-2344
-2070
2496
4695
4546
5054
6597
6441
7489
8851
11215
14319
14600
14497
18646
12721
3637
3608
8846
14410
11289
8825
9426
3255
-2070
-3463
2544
4595
-2593
-2593
-2309
-4000
-7352
-8277
-8354
-6571
-6503
-4201
-4497
-5502
-6189
-10071
-10352
-7676
-2529
-1983
-1983
-3500
-2829
-3367
-3590
-1333
3140
4592
2067
924
3004
2962
2302
2302
3965
2281
1900
1772
-1443
-6110
-7126
-2862
-2422
-4937
-5063
-4853
-7014
-9525
-7928
-5507
-6747
-6801
-4098
-2845
-4907
-6421
-5145
-4355
-3818
-2282
-1917
-1917
-4557
-1760
2637
3274
3274
7556
5897
4593
7047
7168
9270
9613
10706
14682
16405
12428
6291
4764
4697
10124
11842
9171
9778
6167
2212
-2439
4916
4916
2152
-1855
-1855
-1132
-2802
-5936
-8076
-6016
-6515
-6383
-4724
-3228
-2853
-7643
-9845
-8522
-6348
-2570
-2585
-2477
-1959
-2888
-2545
-2332
1908
1908
1504
875
2659
4905
4111
1772
1772
2000
2320
2212
3283
-5485
-5485
-5230
-4070
-4603
-5943
-5569
-3462
-5516
-7451
-6607
-6083
-7976
-7401
-3368
-1130
-4004
-4160
-3658
-4283
-5675
-5205
-3873
-3873
-4110
-4110
1662
1662
-2512
-1416
3974
3025
4181
5233
9118
5772
6326
8496
9704
10312
13836
13088
6136
7017
4917
9522
11603
6042
8244
8248
4394
2457
2457
5102
-1741
-1741
955
955
-1368
-2895
-4804
-5089
-6833
-6507
-3978
-3746
-3672
-5246
-6653
-6934
-6920
-3651
-3756
-4782
-2691
-1512
-2049
-2049
1259
1259
2555
2555
5019
3847
1439
1381
2307
2107
2107
2172
-2832
-2832
-1968
-2646
-4936
-5647
-5352
-4529
-5604
-5585
-4343
-6105
-6559
-7018
-4539
-3141
-3038
-4501
-1264
-6550
-2803
-3164
-5500
-1688
-3195
-3078
-3573
3815
-4861
4485
4485
-967
-967
8601
3120
2614
9436
4894
5105
12210
6254
8904
17590
5722
4252
9749
6480
7083
8571
8139
6179
6443
4227
1529
4627
3237
2354
2354
-1895
-1895
-4574
-5035
-4598
-4101
-3842
-2448
-3245
-5371
-4865
-5925
-4210
-3643
-4951
-3000
-1857
-1244
-1419
3029
3029
3228
1844
1284
2000
890
890
-1346
-1346
-2036
-2246
-3750
-5273
-5718
-5104
-5483
-5062
-5293
-5645
-5308
-5898
-5550
-4200
-2883
-5314
-3602
-2623
-5437
-6143
-4225
-4225
-5993
-3223
-3150
-3150
-6750
7692
-1031
-5295
7634
3582
-4702
6807
4344
961
6908
8748
4790
8046
11023
8890
8151
8472
5403
3611
9838
7516
5366
9565
6176
4034
3498
3097
3991
3221
1928
1018
2217
992
-903
-2392
-1898
-3779
-4212
-2519
-2244
-1829
-3352
-4339
-4391
-5258
-3211
-3744
-3486
-2278
-1729
-921
-1599
-1041
-1041
2611
2611
2092
1288
1288
1927
-1481
-1481
-2186
-1576
-2670
-4289
-5116
-5531
-5672
-6203
-4757
-5048
-4952
-4529
-5418
-3474
-4158
-4764
-4111
-3382
-5879
-3376
-1377
-4588
-7197
1861
-5439
-4623
3968
-4408
-3977
7734
-6429
-6429
10507
3271
-7135
8775
8881
-5575
12212
10710
11104
11104
12102
4277
8656
8610
2949
6786
9773
6033
7607
8496
5816
3502
4842
5126
2693
3965
2725
1276
2331
1296
-845
-959
-2253
-3425
-2016
-2235
-2109
-1462
-3218
-4007
-4504
-3502
-3426
-3805
-2904
-2559
-1259
-1756
-1211
-969
-969
-1538
944
944
1135
840
840
-1038
-1038
-1061
-1432
-1762
-2612
-1134
-3585
-4432
-2578
-7389
-5933
-4260
-5646
-5643
-4087
-3132
-5228
-5399
-1893
-5903
-3413
-5678
-1701
-6154
-2392
-3193
-1847
-4842
-2057
1394
-8298
8425
-9551
6022
-3132
-3132
8630
-968
-1936
7434
4274
-4080
12633
3982
4416
7194
9673
7536
6982
10185
6952
3699
8591
7165
5907
9818
7186
5220
7430
4241
3656
5421
4084
2076
3175
2427
2039
1325
-1231
-1231
-1956
-2001
-2642
-2335
-1320
-2981
-3397
-3419
-3397
-3187
-4080
-3343
-3619
-2268
-2108
-1133
-976
-1182
-1455
-1464
-1284
-850
-1986
-1986
-980
-3350
-899
-4754
-3994
-6853
-6853
-3542
-3106
-6105
-5854
-5212
-4962
-4538
-5025
-2288
-6101
-855
-7760
1288
-10827
-1745
-1745
-9161
3690
-6089
1625
-6556
1909
1909
-6483
-879
6669
-9546
8237
2323
-6999
12941
-1796
-1146
6737
7268
8222
8222
8744
6012
4417
11126
8962
3577
10385
5315
4461
8160
8766
4695
6863
8174
3698
3758
5286
3024
1956
3320
2045
1134
2789
-1261
-1261
-1461
-2568
-2382
-2582
-2430
-2074
-2683
-3339
-4090
-3871
-4058
-4043
-4377
-2604
-1962
-2204
-1441
-2154
-1794
-2951
-1293
-2018
-1419
-1419
-2339
-2339
-3322
-3322
-4859
2119
-8215
-3370
-6381
-6381
-4803
-1117
-5599
-8043
-1167
-6757
-5764
-1950
-6483
-7992
-7992
-5602
-5602
-1303
-5368
-3857
-9823
-9823
6210
-6237
-3536
5275
-2168
-8886
12082
-4626
-7401
12020
1639
-7755
12608
1013
-1277
7043
2916
3677
5141
6244
6711
4915
9379
7441
5347
11908
5510
4089
7206
6615
5236
7078
6643
5910
4581
4647
2819
3272
3055
1015
1199
2474
1280
-1505
-1505
-2976
-2330
-3033
-2891
-2402
-2616
-3345
-3225
-3543
-3271
-3218
-4442
-3151
-2287
-2388
-920
-1773
-2349
-2349
-1733
-3763
-2945
-2945
912
-4663
-7477
-7477
2222
-6387
-3956
-3106
-2642
-5498
-3542
-2653
-4928
-7160
1099
-7679
-2606
-5412
1131
-9900
2811
-4661
-4936
3453
-9738
3424
3424
-8916
10348
10348
-14298
5484
9911
-13114
2905
13498
-12456
7453
5414
-880
6391
1582
3171
9386
-2215
9266
6348
1972
8178
7173
8225
4871
12359
5516
2152
8583
5146
3113
8897
5087
3767
5805
4137
1465
3067
1765
1776
1776
-1466
-1466
-3496
-2661
-3635
-3531
-2869
-2390
-3350
-2041
-2374
-3365
-3323
-3375
-3914
-2392
-863
-2180
-3339
-3339
-1123
-6250
-6250
-5942
-5942
1403
1403
-7959
835
-3476
-5324
-4961
-2140
-3485
-7234
2970
-8176
-1366
-1885
-7402
-2018
-4088
-2358
-4291
-873
-873
-7375
6353
-6713
-4347
6120
-7556
2911
2911
-2092
4262
-2500
1638
4839
-1687
-3047
11386
-4408
2341
9860
-3788
10346
-888
6268
3677
2079
9238
7712
7712
9052
2030
8009
9582
1361
5202
5521
1239
4874
5072
2207
5074
3287
1778
1857
1392
1392
-1889
1026
1026
-954
-954
-2718
-2718
-3332
-2656
-3457
-3562
-2880
-2611
-2749
-2624
-2424
-2450
-2684
-3057
-2920
-2070
-2037
-948
-1750
950
-2837
-1941
-4175
-4175
-1751
-3043
-2637
-5547
-5547
-1660
1581
-11596
1553
-2259
-8424
2659
-5184
-4173
3234
-7844
-3058
3782
-9278
-4598
-4598
2586
-4742
-2031
3626
-3943
-3000
3185
-1612
-5306
9791
-5064
-2535
13994
-8269
-1073
14208
-11325
4795
6119
-1654
-1654
6359
5558
-4005
7662
3344
2680
9577
9577
13750
13750
3049
3049
10692
2874
5442
5442
2312
4717
4717
3996
5416
5416
1581
-929
3001
-994
-994
-1081
-1081
-2987
-1712
-2576
-4074
-1302
-2447
-3077
-2791
-2791
-1379
-1080
-4109
-1828
-1374
-3134
-1252
-3660
-3660
-3714
-3714
-4569
-4569
-1174
-5530
-5530
-867
-867
-4270
-9206
-9206
5631
-4836
-4358
1117
-7762
-7762
5848
-7347
3757
-5318
1416
1416
-6121
8549
-10198
7538
-1056
-5358
5165
-5231
-5231
7080
-2612
-1588
7954
-2848
4986
4986
-1053
-1955
5500
-1157
3741
3741
2840
1878
1878
3261
2363
3901
3901
1754
3319
3281
1813
4908
5004
2823
2745
6449
865
865
5734
2119
2119
3723
2098
2292
2644
2644
-1350
-1350
1535
-1604
-1604
-906
-3480
-3480
-3015
-2856
-2856
-3240
-1093
-1959
-2379
-982
-2811
-2811
-2204
-3564
-3564
-900
-900
-2981
-2981
1367
-5116
-5116
3718
-4680
-2337
4175
-6704
3230
-4481
-4481
-4223
-4223
1064
-2661
2104
-5693
1562
2955
-10710
8126
-3277
-5948
4769
-2526
-2269
2213
-3070
1113
-5419
-5419
5016
-3376
-3050
7325
-6416
1289
6711
-10033
5286
2282
-5617
2238
2698
-2585
2451
-918
4547
-2731
-2731
7712
-2811
4851
4851
1338
7836
7836
-1335
7071
2886
3378
1553
3376
1217
2749
1942
3631
926
926
4788
-2192
1456
1223
-1860
-1375
1141
-1589
-1145
-1109
-1109
-2772
-1021
-1119
-3755
-1578
-2683
-2683
-1303
1316
-2597
-1126
-1126
-3308
2012
-1472
-1831
3779
-2808
1227
-1393
1603
-2453
-1271
1881
-1544
-2566
3362
-2153
-2731
1108
1108
-4329
-2708
3402
-6070
-2878
-2878
-4740
-4740
2782
-4634
-3692
3353
-5509
-1896
1876
-2420
-4404
1561
-2672
-5007
-5007
1106
3556
-9018
6888
-3796
-3796
2422
-1714
-1714
3236
2132
-2516
3615
5364
-5596
3259
6452
-5517
3491
8730
-6755
6471
7603
-6710
9437
5957
-5169
5350
7076
-6495
5278
5837
-2589
2284
4917
3424
3424
-883
1240
1240
1904
-1653
1604
1562
-1002
-1840
2952
-2430
-996
2696
-1273
2480
2480
1264
-2939
3196
-970
-1410
-1410
4084
-2376
1478
1964
1964
-4383
5205
-5743
3490
-1470
-3989
5349
-2183
-5423
2424
847
-7382
2516
-3449
-3749
-3749
-1959
-6149
-6149
1710
-1249
-8267
4077
-1861
-4783
-1203
2482
-4043
-1769
-2073
-2073
-3107
-3107
2374
-2772
1718
1718
-990
-1876
3011
-2703
-2703
5482
5482
-4210
3697
3697
1821
1821
3582
-2630
3810
867
2183
1777
4500
5333
5333
2871
2370
3879
4143
1603
4467
1333
3390
3237
2677
2456
2071
3958
1285
2354
2324
1284
2307
2383
2383
1682
2296
2296
2516
2516
-1187
-1187
4822
-3070
-1637
6471
-3810
-2962
5784
-2671
-4917
4841
-3009
-2222
-979
-979
-1286
-1867
1133
-5875
1234
1234
-7902
3329
-2809
-3910
1308
-7443
3348
-5141
-4083
1613
-2333
-5446
-5240
-5240
-1076
-894
-7832
-7832
7264
-8606
1899
-2379
862
-3514
-2051
3076
-6712
2085
-1472
-1110
-1110
2991
-1015
2914
2914
3318
-3800
4019
6029
-6151
7755
2425
2425
2887
1896
5862
1259
4281
3728
4275
3218
2306
6396
1280
4138
3395
3517
1156
5608
1215
2041
3858
1772
1433
2320
1961
1074
859
1567
1052
1495
1495
-1503
-1503
955
-3642
-3642
1257
-4512
-4512
-865
2718
-6460
-891
-891
-6252
-6252
3379
-3563
-4600
2864
-3105
-7458
4594
-1305
-9360
3197
-5132
-5132
-4680
3712
-2633
-9394
5768
-2448
-8196
1945
-952
-3565
-5307
1629
-2278
-3753
-2255
-1053
-1053
-6557
2145
-7773
-7773
2267
2774
-7561
1986
4002
-5508
4186
3008
3008
-1483
5322
5322
-1362
-1402
9191
-2525
960
8021
-4512
8188
-1406
2996
6555
-2395
5786
4492
3875
3875
6364
3047
3047
5217
2434
1781
3208
6221
8416
8416
-3109
1485
6486
-2936
1912
4564
-2083
2916
-970
-970
-1409
-1409
-1393
-2147
-2147
-2932
1278
-2412
-3724
1778
-4255
-3012
-5556
-5556
-969
-6154
-6154
923
-1330
-4020
-1584
-863
-2412
-5312
-5307
-5307
-1464
-1464
-3679
-4441
-4441
-921
912
-5115
-1869
4526
-6752
-1769
7194
-9600
5186
-836
-878
-1093
3334
-1981
-1981
3458
4253
-4184
3994
6165
-5689
5972
3521
-1008
8970
8970
-3894
1785
8192
-2756
9922
9922
-3897
3668
3997
2626
4571
4571
1939
1001
3461
1826
3937
3937
2013
3307
3307
5010
-1563
8220
8220
-3263
2185
3017
2261
-1190
2825
1101
1101
899
-1574
1485
-981
1441
1441
-3986
1220
1220
-3369
-1656
-1586
-1586
-2807
-4531
-4531
-3119
-3119
-3623
-5152
-5152
-1044
-1044
-3493
-1943
-1094
-3161
-1074
-2653
-1064
-889
-4225
1773
-3267
-3005
2920
-4802
-1683
878
-4660
-4660
2785
2170
-6669
4185
-3081
-3081
1733
926
-1780
-1780
1671
851
-1145
2514
2514
-1032
2457
-1099
2826
2016
-3550
5010
2372
-3602
4396
2577
-4529
6018
2832
2832
1379
1770
2231
2231
5692
-7699
5725
5275
-8272
9441
-5124
-5124
6525
2625
-6268
4591
3482
-2359
-2089
8311
-2768
-3956
6110
-4630
-4630
3261
3251
-6703
3197
1603
-3891
2503
2503
-4234
-1325
1419
-2514
-3979
3481
-4176
-3761
2556
-4542
-1428
-1317
-2239
-2287
-1750
-1750
-2734
-4207
-4207
1752
-1823
-4670
3485
-1621
-3626
1640
2355
-6122
1763
2652
-7022
1889
3181
-6451
2317
1237
-2041
-3724
4357
-7616
-7616
8208
-1749
-7232
8989
-1280
-8128
9280
-3402
-2465
3000
3000
-2523
-1259
5904
-5779
2962
1947
-3952
3742
1548
1548
871
871
1125
2358
2358
-2273
1553
3039
-3371
1423
2744
-1953
2143
2143
-1970
1873
-2915
-2915
3953
-2145
-2289
3628
-3402
-1443
-1443
-1748
-1748
-854
-1432
-1432
-892
1465
-3436
947
1522
-4868
1005
1846
-2639
-2429
3870
-1989
-3546
3373
-4518
-4518
3781
-1136
-3200
3072
-3754
-3754
2787
1531
-5348
2666
2630
-6285
2505
2620
-3896
3900
3900
-3595
-2300
5008
-3928
-1686
3141
-1592
-2951
4302
-2808
-1405
3573
-4140
1159
1159
-2499
1447
1447
-2725
2262
-1055
-888
1786
-1078
-2285
3946
-1414
-2224
1785
1450
-3307
2920
2920
-1711
-3694
4770
-6263
-6263
7137
-2934
-3109
4545
-3456
-1524
1981
-1228
-2496
1275
1742
-4648
1348
2410
-4207
2143
2143
-2693
-1618
3460
-2335
-2818
3382
-1158
-3791
2751
-4715
-4715
3288
-1261
-1261
1196
1196
-1039
909
1222
1222
-1055
3165
3165
-3885
2941
-2280
-2280
3176
-1357
-1357
2602
2790
2790
-2537
1529
1035
-961
1100
1100
-1657
-1657
2454
-1367
-2163
3294
-3532
1191
-1327
-1327
1906
1906
-3424
1575
1575
-2012
-2870
4290
-3837
-2120
2225
-1365
-3449
1830
1830
-5606
2522
1168
-5250
1582
4251
-8195
3335
1009
-4548
1170
1393
-4852
2464
-3117
-3117
1458
-1283
-1283
1441
-1034
-1307
2859
-1746
1213
1213
-1229
1039
1039
-887
1498
1498
-952
1169
2006
2006
-2723
2442
2991
-4092
3650
1741
1741
981
1616
1616
1158
1158
1803
2040
2040
1626
2428
2428
-1571
-1571
2616
1218
-1470
1615
1615
1040
-3297
3135
918
-2845
1763
-2157
-2157
1635
-1546
-1648
1375
-2008
-1909
1537
-4295
-4295
2641
-3803
-3803
3149
3149
-5673
1810
1810
-1654
-4165
1513
1640
-7443
3370
-4491
-4491
2410
2410
-3820
-1087
2102
-2288
-874
1502
-2222
911
-3689
-3689
3320
-4254
-4254
4139
-2993
-2993
3507
-2411
1430
1430
-2504
3411
3411
-4542
2855
2028
-3741
2641
2899
-4453
3253
3340
-3861
1965
4605
-3009
1417
3894
-1873
948
3476
4060
4060
2342
2342
1409
-1516
2829
925
3322
3322
1035
-3576
4635
-2272
-2272
933
2577
-1974
3472
3472
-1689
-1577
3214
-2799
-2799
2463
-1696
-1696
-1732
-1732
-1247
-1247
-957
-957
-875
-875
-1149
-2488
-2488
-972
-972
-1602
-1858
-1858
-1136
-1136
-1283
-1283
-2241
-2241
975
-2142
-2142
1390
-1874
-1874
1550
-1674
-1674
1466
-1231
-1231
975
1132
1132
-1492
2277
-1464
-1464
3196
851
-3179
4111
1633
-3616
4557
-890
-890
2538
1077
3195
3195
2696
2696
1465
1465
1562
1562
1932
1932
-858
1988
1988
-1798
1102
-1250
-1250
1457
-1194
-1194
-1320
-1320
1029
-850
-850
-2193
-2193
1235
-2361
-2361
1108
1108
-2919
-1008
-1008
-1458
-1390
-1390
-1106
-1106
1045
1045
-1737
1679
1679
-1959
834
834
1238
1238
1549
1549
1850
1850
1339
1339
997
997
1352
1352
1127
1127
-838
-838
1004
1004
-1049
-2331
-2331
-1768
-1768
992
992
-2101
-2254
-2254
-1446
-1446
-861
-861
-1613
-1613
1351
1351
890
890
1503
1503
1534
1534
2182
2182
1928
1928
1026
1026
945
945
944
944
-1789
-1789
891
891
-1937
1606
1606
-1607
1387
1387
-1226
-876
1026
-1633
-1633
1002
-1385
-1385
-1752
-1752
-1378
-1378
922
922
-932
-932
1113
-1231
-1231
906
-1539
-1539
-1145
-1145
834
834
-1002
-1002
-942
-942
-974
-974
-933
-933
-999
-999
-862
-862
-894
-894
-903
-903
-842
-842
-848
-848
-930
-930
-890
-893
-893
-944
-944
-942
-934
-949
-901
-851
-871
-837
-837
-873
-863
-893
-893
-923
-894
-915
-851
-954
-870
-876
876
876
845
845
-922
-922
-955
-886
-960
-1023
-1107
-1053
-1047
-1142
-1099
-1036
-1012
-1074
-1045
-1126
-1130
-993
-989
-1055
-1101
-1102
-1053
-1170
-1138
-1201
-1218
-1210
-1241
-1230
-1151
-1015
-1040
-1053
-992
-1108
-1128
-1112
-1001
-971
-988
-933
-1047
-968
-970
-1031
-1104
-1111
-947
-864
-899
-839
-867
-878
-848
-842
-842
