458
458
395
404
404
424
410
407
407
413
438
429
428
431
399
399
428
467
461
429
429
525
528
528
439
496
435
484
498
471
494
446
460
488
489
440
480
569
521
504
518
535
549
529
551
530
622
598
510
495
513
472
490
537
563
508
462
590
440
453
487
446
525
492
489
490
521
540
501
479
528
533
550
531
486
564
486
455
463
448
464
542
586
523
464
462
510
443
477
525
535
473
466
486
541
539
445
444
428
428
418
401
439
529
523
467
517
443
398
398
412
487
456
449
479
433
405
411
462
401
401
394
402
402
442
442
393
396
-424
-424
-420
-425
-399
-399
-412
-412
-395
-420
-420
-436
-461
-461
-546
-505
-559
-543
-447
-477
-481
-463
-395
-396
-396
-464
-469
-525
-530
-481
-462
-473
-488
-517
-535
-448
-493
-566
-494
-548
-514
-507
-511
-490
-529
-541
-594
-440
-510
-544
-589
-677
-671
-685
-611
-571
-573
-564
-553
-664
-664
-693
-701
-634
-665
-729
-768
-712
-734
-727
-723
-765
-782
-763
-797
-845
-775
-763
-759
-720
-736
-776
-720
-628
-642
-713
-706
-651
-625
-567
-621
-685
-632
-726
-756
-740
-733
-733
-764
-727
-724
-719
-654
-654
-673
-636
-617
-710
-647
-623
-685
-740
-706
-664
-733
-694
-736
-737
-658
-701
-764
-724
-696
-693
-780
-811
-701
-679
-686
-575
-593
-646
-571
-648
-603
-522
-571
-646
-730
-747
-611
-678
-659
-570
-636
-643
-677
-634
-682
-646
-608
-617
-622
-613
-635
-595
-517
-597
-528
-482
-441
-494
-517
-509
-516
-534
-527
-546
-474
-456
-424
-408
-439
-436
-428
-519
-501
-417
-417
-437
-437
-455
-448
-458
-447
-467
-475
-436
-439
-497
-470
-549
-583
-485
-552
-550
-500
-401
-430
-474
-434
-414
-465
-464
-474
-459
-410
-400
-424
-429
-400
-400
-459
-459
-479
-416
-413
-487
-493
-450
-449
-416
-429
-505
-505
-411
-442
-442
-399
-420
-420
-421
-394
-394
-425
-395
-395
-432
-432
-440
-481
-481
-439
-396
-443
-407
-431
-431
-442
-395
-395
-399
-399
-479
-522
-551
-476
-402
-430
-406
-425
-425
-396
-396
-425
401
401
401
415
415
397
397
409
409
404
418
418
408
408
420
420
407
419
414
414
404
404
406
426
418
418
421
411
431
476
453
394
394
470
548
507
421
454
518
517
495
564
509
553
533
410
397
438
438
394
409
510
521
472
469
432
535
476
463
463
465
464
441
425
425
464
471
444
490
454
460
438
446
446
465
500
408
413
491
445
468
454
470
424
441
405
422
422
437
434
408
399
408
492
430
430
400
400
-444
-444
-400
-400
-393
-393
-442
-500
-447
-414
-413
-440
-440
-413
-404
-454
-427
-427
-396
-397
-397
-437
-437
-394
-394
-480
-480
-396
-413
-413
488
488
406
406
474
464
435
435
508
497
423
508
515
502
458
481
411
461
507
401
421
431
451
451
421
416
452
518
428
443
527
501
411
402
440
445
416
403
403
434
434
403
403
403
403
460
451
511
511
538
462
403
460
439
416
416
475
480
522
473
430
478
509
424
412
412
404
424
424
448
397
411
484
463
467
455
462
457
513
430
412
464
393
393
-425
-425
-403
-397
-397
-440
-440
-421
-421
-448
-398
-398
-466
-408
-461
-461
-486
-449
-437
-437
-429
-429
-476
-423
-423
-492
-492
-409
-435
-435
-403
-403
412
412
434
434
432
432
430
429
465
430
430
420
400
404
404
442
413
413
454
423
415
411
524
526
514
567
525
519
457
466
437
447
480
497
561
512
522
432
546
637
613
547
557
544
549
613
652
674
627
651
672
701
769
736
561
549
502
583
608
600
595
605
591
575
547
571
608
561
706
721
716
710
673
650
731
745
736
769
682
795
753
825
894
804
849
863
886
834
848
918
888
831
887
858
785
797
741
834
788
757
857
801
864
813
742
855
927
890
830
822
931
974
920
938
935
931
955
994
961
912
1023
973
929
943
811
815
814
828
751
693
790
771
719
698
756
769
701
761
752
800
678
647
811
823
815
781
722
789
838
841
740
729
809
875
789
727
643
618
756
806
726
682
625
664
751
686
755
699
665
657
604
636
618
577
573
654
608
601
580
606
587
518
625
625
514
541
513
463
576
584
561
560
480
534
623
600
624
573
618
641
613
531
495
512
483
488
467
408
432
432
422
422
422
422
433
412
412
427
427
470
415
445
445
398
398
412
412
411
411
406
406
407
468
468
447
447
421
409
409
395
395
434
468
468
401
399
399
394
394
-393
-393
-424
-424
-457
-457
-428
-428
-435
-435
-419
-419
-498
-451
-456
-458
-437
-506
-400
-434
-434
-422
-416
-435
-434
-433
-433
-486
-454
-469
-469
-484
-438
-436
-497
-494
-506
-445
-444
-444
-426
-488
-507
-472
-453
-424
-480
-401
-408
-534
-560
-551
-542
-582
-580
-639
-593
-570
-601
-649
-639
-559
-524
-573
-556
-560
-578
-601
-576
-439
-581
-554
-460
-494
-470
-534
-453
-419
-477
-481
-449
-449
-477
-459
-525
-470
-589
-524
-421
-400
-400
-431
-431
-404
-412
-435
-394
-394
-399
-399
-406
-429
-429
-425
-425
418
418
414
414
398
403
506
399
397
419
433
433
404
404
439
430
445
467
490
453
424
438
468
460
439
426
426
418
476
476
419
426
417
397
408
408
450
442
442
428
437
437
428
415
415
421
420
420
411
411
452
452
463
456
444
413
467
467
508
477
410
410
437
445
518
520
470
419
419
456
460
457
488
484
529
551
466
450
454
515
416
395
433
427
539
516
572
575
514
494
534
547
458
470
524
507
511
525
613
598
509
593
544
441
475
513
558
533
455
459
459
562
590
638
566
515
516
577
578
507
570
553
566
612
602
575
553
578
606
615
596
681
712
620
552
597
552
491
587
614
554
501
601
655
589
585
612
569
559
522
440
435
414
459
443
505
522
560
598
603
665
638
660
648
709
575
518
517
518
601
667
600
542
548
524
659
599
624
627
550
608
460
562
654
647
624
595
535
493
507
471
575
638
562
557
573
554
513
448
486
526
624
670
594
551
532
525
548
556
556
552
592
508
419
395
395
436
399
456
436
440
440
432
466
473
405
491
452
474
474
555
468
436
443
439
458
469
394
394
405
414
414
415
415
-398
-398
-401
-401
-444
-444
-468
-411
-411
-402
-413
-413
-397
-404
-418
-418
-434
-522
-511
-496
-404
-440
-440
-460
-474
-484
-549
-598
-605
-562
-523
-543
-399
-428
-413
-406
-462
-511
-510
-433
-399
-463
-444
-444
-430
-509
-469
-467
-625
-643
-664
-537
-587
-550
-518
-459
-500
-518
-446
-549
-614
-564
-467
-561
-637
-562
-572
-571
-470
-427
-440
-446
-446
-548
-532
-415
-454
-476
-545
-555
-459
-438
-486
-440
-431
-432
-432
-469
-425
-425
-395
-395
-393
-393
-411
-411
-440
-440
-414
-414
-428
-428
-407
-407
-448
-420
-398
-398
-427
-427
-450
-450
-412
-412
-463
-406
-406
-502
-470
-498
-508
-478
-451
-418
-481
-580
-568
-464
-439
-439
-410
-441
-398
-398
-497
-533
-580
-516
-477
-419
-404
-436
-480
-480
-452
-432
-399
-486
-486
-470
-461
-469
-487
-483
-461
-469
-395
-396
-444
-435
-488
-579
-515
-413
-469
-484
-496
-449
-536
-617
-577
-572
-531
-628
-594
-471
-412
-399
-399
-423
-398
-400
-400
-418
-418
-410
-410
-546
-442
-419
-484
-450
-485
-427
-471
-527
-499
-430
-451
-455
-492
-471
-476
-505
-447
-420
-451
-474
-398
-398
393
393
396
396
404
429
429
432
432
458
420
486
430
445
437
437
460
457
498
471
471
477
425
486
431
419
415
416
416
520
554
647
522
408
490
523
588
569
517
533
585
559
597
593
478
551
565
578
659
689
724
766
730
697
682
625
679
611
644
672
625
595
559
544
582
613
556
568
466
488
571
457
439
522
483
426
485
560
507
514
549
548
588
444
477
512
519
468
413
400
442
570
575
550
564
554
569
540
469
459
512
463
417
459
459
497
402
474
403
403
393
393
408
408
410
410
402
402
457
412
412
424
453
453
431
431
454
463
463
404
412
412
441
441
399
399
449
449
410
410
408
408
398
398
460
462
411
441
450
420
458
505
420
416
496
473
416
416
436
393
393
410
410
-443
-443
-444
-444
-395
-428
-428
-440
-436
-398
-422
-422
-447
-491
-401
-422
-422
-483
-442
-471
-553
-535
-436
-422
-440
-409
-415
-415
-417
-398
-398
-456
-456
-439
-410
-477
-499
-419
-430
-411
-403
-403
-398
-398
-493
-493
-397
-397
-460
-460
-577
-504
-463
-498
-498
-418
-418
-432
-432
-458
-519
-499
-478
-521
-479
-590
-550
-563
-553
-438
-477
-489
-435
-446
-471
-510
-435
-478
-470
-490
-500
-419
-517
-525
-470
-533
-545
-499
-546
-474
-394
-428
-423
-400
-396
-437
-420
-436
-432
-487
-433
-405
-460
-404
-445
-471
-501
-547
-463
-444
-433
-494
-514
-476
-485
-543
-592
-580
-562
-583
-533
-552
-539
-549
-454
-493
-493
-479
-472
-433
-409
-414
-414
-488
-436
-468
-468
-537
-481
-540
-554
-590
-517
-479
-466
-495
-551
-533
-576
-437
-429
-515
-515
-449
-408
-404
-404
-393
-398
-398
-453
-490
-425
-423
418
418
402
402
441
434
408
408
432
448
414
432
420
420
429
429
409
401
436
436
450
415
417
417
454
496
401
418
418
423
483
415
461
461
410
410
429
435
426
408
408
400
400
437
437
424
460
481
415
403
403
398
398
426
426
440
440
436
436
503
548
421
448
485
480
396
442
442
401
404
482
482
400
400
405
405
443
443
437
437
450
436
436
417
443
423
409
409
437
437
414
414
437
437
393
438
421
421
450
450
393
393
411
411
396
396
-410
-410
-470
-470
-448
-448
-441
-485
-581
-495
-424
-451
-451
-399
-422
-422
-429
-424
-437
-454
-454
-433
-393
-393
-400
-463
-404
-444
-444
-439
-440
-440
-414
-419
-457
-517
-479
-419
-421
-442
-569
-566
-519
-504
-548
-547
-401
-401
-437
-437
-410
-410
424
424
447
468
409
408
408
426
426
410
410
410
414
414
415
395
395
-406
-406
-446
-446
-477
-398
-398
-415
-415
-400
-400
-410
-410
-440
-393
-428
-428
-403
-427
-427
-441
-435
-403
-417
-417
-462
-450
-450
-401
-437
-437
-407
-407
-428
-394
-394
-400
-400
-403
-414
-402
-402
-399
-408
-408
-418
-442
-442
-401
-405
-405
-430
-430
-413
-413
-454
-442
-442
406
406
408
408
451
451
500
442
424
424
494
476
472
403
462
462
461
472
432
458
491
416
464
511
525
500
509
445
407
511
448
459
481
444
449
440
529
475
491
445
437
517
480
500
489
498
519
504
422
407
430
479
487
488
478
564
623
549
470
483
442
410
456
406
440
463
413
424
405
405
406
521
501
461
461
427
429
429
418
398
398
417
417
417
417
428
428
469
410
410
400
400
395
395
395
393
393
452
477
441
426
438
422
447
460
426
431
431
396
396
468
396
433
405
405
394
400
403
403
422
475
475
487
445
445
440
444
444
439
439
425
419
429
429
498
393
402
402
400
422
395
449
398
398
397
403
437
437
401
421
396
410
414
399
399
414
414
448
394
416
483
483
461
402
417
394
394
409
409
434
448
512
564
502
489
494
457
476
560
548
498
505
571
630
651
623
536
635
637
637
579
536
664
600
540
643
688
602
527
573
563
509
553
646
639
620
635
598
601
628
627
571
634
673
638
589
556
551
644
577
627
654
575
638
687
672
585
540
514
599
619
701
673
619
556
455
552
645
721
732
692
644
693
551
549
613
587
630
589
568
581
595
706
674
657
696
731
689
620
700
744
711
663
614
525
552
575
568
576
643
653
614
618
574
602
648
645
677
667
571
541
575
522
543
520
507
573
550
511
518
603
587
478
602
454
458
490
424
458
440
427
468
489
426
463
410
417
404
404
-409
-409
-400
-401
-401
-486
-412
-412
-412
-413
-413
-429
-429
-436
-411
-411
-395
-395
-447
-447
-419
-452
-452
-450
-484
-418
-415
-408
-408
-472
-562
-551
-489
-397
-397
-470
-473
-421
-498
-407
-401
-401
-399
-399
-427
-519
-533
-394
-394
-412
-409
-400
-400
-424
-409
-409
-454
-412
-433
-448
-501
-527
-440
-440
-410
-480
-480
-427
-499
-466
-477
-529
-523
-499
-517
-501
-525
-591
-659
-599
-425
-459
-439
-459
-565
-627
-550
-452
-422
-506
-513
-492
-550
-430
-451
-560
-465
-422
-481
-525
-554
-560
-503
-489
-555
-649
-623
-554
-611
-614
-503
-465
-642
-608
-598
-609
-562
-514
-555
-646
-620
-616
-605
-681
-650
-722
-731
-727
-770
-770
-708
-621
-604
-615
-616
-636
-722
-689
-689
-636
-622
-676
-633
-687
-701
-725
-714
-634
-656
-621
-679
-684
-639
-602
-554
-574
-448
-455
-440
-474
-492
-517
-418
-483
-473
-413
-521
-487
-466
-475
-393
-393
-433
-433
-403
-398
-398
-465
-476
-403
449
449
416
414
414
457
457
529
421
397
396
467
422
422
431
431
398
409
409
394
394
434
434
439
439
400
466
466
416
429
473
436
414
431
415
415
519
505
444
418
412
444
444
457
399
399
420
417
417
411
411
427
427
444
444
464
448
448
423
438
438
421
465
465
451
435
435
438
508
506
443
418
480
471
502
489
430
432
460
399
481
481
558
522
455
487
497
501
493
469
396
428
434
423
437
437
523
577
553
524
562
560
432
504
504
397
471
471
427
416
416
450
487
450
399
399
409
409
422
497
516
405
398
398
423
458
400
-397
-397
-412
-412
-427
-427
-402
-402
-450
-398
-394
-394
-415
-460
-435
-415
-415
-461
-461
-400
-457
-457
-443
-415
-415
-409
-409
-400
-400
-433
-433
-452
-452
-610
-564
-595
-591
-563
-523
-472
-506
-527
-548
-543
-465
-427
-588
-512
-438
-579
-554
-464
-491
-522
-499
-527
-513
-486
-457
-437
-480
-511
-482
-449
-428
-528
-528
-652
-623
-514
-510
-559
-567
-640
-586
-483
-489
-407
-398
-439
-486
-493
-395
-481
-481
-568
-591
-462
-395
-395
-403
-412
-425
-425
-490
-418
-414
-419
-419
-447
-447
-394
-394
-400
-400
-425
-425
-402
-400
-403
-439
-439
-453
-426
-449
-449
-411
-411
444
444
473
403
403
399
393
393
428
428
419
416
443
560
421
429
429
480
548
485
436
455
503
588
518
441
443
443
475
520
504
459
432
412
491
411
418
401
427
473
415
427
474
483
562
557
516
549
485
397
395
461
508
552
520
536
593
623
606
540
550
534
596
595
491
502
578
521
527
545
605
662
687
656
601
614
584
502
452
452
506
526
563
479
409
467
486
477
572
494
425
422
500
531
604
620
574
574
554
597
593
429
477
528
507
451
487
487
501
435
492
492
511
429
467
404
410
461
394
394
406
406
407
430
453
413
396
396
443
443
449
433
436
436
418
418
-415
-415
-403
-403
-433
-487
-413
-454
-482
-479
-443
-421
-421
-418
-464
-427
-500
-457
-424
-424
-393
-426
-407
-425
-425
-424
-444
-483
-426
-460
-460
-453
-520
-542
-435
-456
-404
-404
-397
-397
-422
-456
-459
-442
-430
-408
-408
-408
-408
-393
-412
-412
397
397
398
398
406
425
404
467
480
421
393
393
406
447
447
416
416
428
472
402
402
476
428
415
399
399
402
402
468
448
408
408
413
413
432
436
419
419
440
510
451
397
409
409
423
423
395
395
440
485
407
407
494
494
578
444
429
429
460
416
406
406
398
398
418
418
419
450
450
441
465
481
419
407
407
-414
-414
-402
-402
-509
-472
-439
-439
-406
-406
-422
-422
-403
491
491
411
411
407
422
422
536
524
492
416
521
483
439
469
472
484
469
449
508
524
544
570
445
458
393
474
474
436
434
419
427
513
523
451
426
444
422
422
438
427
403
403
405
405
399
399
419
431
431
416
416
423
428
419
396
396
416
416
482
429
479
582
533
475
505
543
582
660
675
660
648
651
723
818
841
800
737
713
709
713
818
886
1128
1064
888
900
859
735
796
823
800
878
840
747
775
892
839
962
1029
1120
1229
1463
1799
2719
2012
1303
1465
1306
1545
1571
1829
1599
1497
1570
1590
1560
1354
1239
1219
1186
1235
1223
1129
1190
1206
1204
1232
1211
1113
1037
987
1042
1032
1036
1214
1269
1165
1226
1175
1046
1102
1076
1006
976
929
937
936
948
834
744
725
774
782
724
757
704
758
787
846
873
883
890
913
886
887
953
936
897
936
930
1132
1239
1349
1532
2666
4059
2424
1443
1453
1260
1313
1229
1391
1320
1180
1079
1016
1064
1047
1024
1088
1095
1118
930
954
1224
1681
1438
1385
1869
2066
1287
999
957
807
917
872
862
897
840
812
799
666
658
691
744
701
558
455
498
617
595
608
548
485
475
475
500
511
537
434
424
437
490
503
478
430
397
401
401
441
396
415
415
393
393
530
530
807
851
543
543
544
775
1064
1520
1764
3890
3626
518
518
841
841
1570
529
529
801
632
-466
-466
-451
-501
-416
-416
-413
-429
-429
-564
-488
-478
-417
-489
-581
-573
-582
-531
-460
-518
-575
-538
-600
-588
-524
-552
-556
-524
-495
-511
-574
-644
-677
-678
-562
-539
894
894
530
-975
-399
-568
-625
-443
-559
-546
-581
-466
-638
-907
-836
-772
-881
-775
-826
-798
-801
-796
-807
-849
-793
-764
-665
-698
-775
-834
-898
-898
-768
-787
-812
-784
-789
-789
-894
-867
-827
-851
-857
-909
-787
-829
-878
-871
-868
-777
-836
-813
-838
-808
-875
-775
-832
-846
-778
-780
-748
-763
-742
-772
-738
-657
-586
-628
-483
-666
-542
-501
1209
1209
930
3916
597
-1627
793
-1712
-542
-962
-879
-787
-1002
-887
-832
-895
-740
-831
-720
-649
-728
-668
-618
-520
-513
-612
-643
-492
-462
-447
-454
-454
-604
-406
-530
-495
-414
-541
-477
-498
-463
-464
-510
-454
-419
-431
-431
-461
497
497
-1590
-1590
-868
-1201
-1155
-1053
-1139
-973
-1027
-952
-971
-874
-906
-887
-913
-880
-822
-828
-776
-805
-928
-910
-849
-806
-862
-871
-821
-874
-872
-873
-888
-894
-905
-950
-912
-872
-922
-886
-896
-871
-923
-910
-816
-868
-942
-934
-902
-923
-934
-854
-887
-851
-706
-736
-713
-696
-629
-695
-748
-696
-691
-673
-723
-724
-756
-679
-630
-640
-747
-765
-526
-602
-526
-629
-601
-536
-440
1532
1532
-613
-613
-643
-643
-724
-777
-777
-950
-757
-778
-971
-1143
-911
-1090
-986
-859
-851
-921
-907
-858
-882
-928
-900
-863
-859
-864
-867
-866
-912
-907
-867
-957
-966
-925
-914
-849
-837
-820
-961
-1022
-1022
-1050
-1089
-1024
-1023
-968
-929
-845
-965
-937
-839
-722
-1023
-827
-772
-729
-636
-649
-426
-1068
-655
-835
-896
-680
-801
-664
-664
-1070
-882
-800
-1102
-1230
-1174
-1268
-1121
-1198
-1179
-1286
-1248
-1134
-1231
-1190
-1134
-1086
-1049
-1012
-1002
-1128
-1035
-1010
-1031
-1012
-1041
-939
-896
-832
-835
-879
-844
-907
-830
-748
-814
-806
-779
-703
-678
-711
-719
-553
-625
-506
-739
-739
-812
-851
-884
-836
-948
-923
-957
-929
-996
-881
-806
-878
-856
-847
-833
-764
-811
-682
-811
-796
-744
-829
-712
-680
-710
-743
-835
-798
-800
-787
-739
-781
-649
-731
-728
-604
-676
-689
-643
-658
-529
-579
-728
-637
-794
-686
-734
-599
-597
-433
-811
-811
-421
-597
-429
-451
-451
-439
-442
-736
-736
-720
-593
-858
-583
-818
-801
-805
-861
-795
-829
-735
-677
-790
-765
-749
-652
-655
-741
-679
-656
-689
-665
-631
-602
-586
-584
-619
-602
-574
-617
-525
-536
-552
-534
-490
-466
-519
-545
-688
-648
-629
-663
-696
-693
-684
-720
-663
-580
-643
-570
-542
-456
-463
-463
-416
-395
-485
-485
-404
-404
-479
-434
-410
-410
-442
1095
1095
1488
1488
1821
-883
-836
-836
-508
-508
-622
-625
-625
-528
-695
-857
-895
-1100
-1380
-1296
-1111
-2510
808
-1848
-1286
-2316
-2316
866
-1611
-524
-524
-780
-559
-559
-411
-411
-394
-394
-402
-402
536
536
403
395
395
482
482
933
933
1406
731
731
456
456
396
396
527
393
580
394
554
597
468
604
943
663
603
738
537
787
778
1321
2052
607
864
524
505
651
463
463
469
469
617
992
426
430
468
468
577
434
434
459
459
408
500
548
458
400
400
471
465
399
498
540
548
716
673
606
473
499
478
474
619
482
639
586
612
749
792
830
1019
957
1092
1086
1083
1231
1049
1124
1157
1240
1574
1944
1747
1767
1478
1722
1384
1447
1390
1168
1315
1566
1319
1039
1122
851
907
668
723
627
688
614
689
867
796
757
757
839
661
606
725
577
623
581
636
767
687
791
540
794
795
654
714
710
882
1032
933
866
979
910
797
899
922
805
845
821
743
868
935
723
712
727
723
696
710
650
678
694
621
702
762
911
862
895
736
668
819
653
822
696
729
850
932
830
820
898
850
849
783
1068
1203
1102
2410
1613
1103
1223
582
1056
503
798
728
684
705
904
1061
722
826
768
967
608
879
695
535
641
508
574
394
478
441
423
423
434
417
417
399
489
490
521
443
496
570
446
501
516
524
471
509
458
438
447
447
416
416
474
474
582
582
564
564
533
533
458
657
497
872
743
1211
2298
783
1268
549
613
612
406
406
551
551
1180
439
439
481
481
418
418
447
653
653
404
404
393
393
474
474
439
439
408
408
-465
-465
-465
-465
-407
-408
-450
-450
-452
-511
-423
-454
-454
-574
-643
-563
-506
-484
-484
-421
444
444
444
444
538
590
539
560
634
576
652
696
608
600
597
569
678
795
848
887
972
977
972
998
1142
948
837
651
469
469
582
599
521
588
544
410
399
399
441
418
418
527
638
646
686
667
547
539
580
588
572
398
476
476
451
451
476
476
575
649
575
649
622
578
651
699
664
612
730
689
712
867
931
824
703
666
766
725
656
627
654
735
844
755
859
879
831
830
812
806
809
755
597
538
-500
-500
-457
422
422
395
427
-415
-415
-440
-482
-424
457
457
568
677
572
514
400
400
489
458
411
-566
-566
-703
-669
-518
-401
-694
-450
-450
-585
-418
-419
-474
-598
-440
-404
-425
-397
-397
-445
-430
-572
-592
-426
-432
-463
-463
-466
-446
-471
-471
-618
-821
-1088
-1037
-1099
-1033
-1282
-1393
-1675
-1894
-2328
-2694
-2668
-3546
-3960
-4453
-5216
-5006
-5692
-6624
-6774
-7439
-7702
-7619
-7830
-7666
-7588
-7404
-7295
-7612
-7680
-7308
-7943
-7622
-8550
-7698
-8362
-8622
-8188
-8427
-6937
-7658
-7369
-7856
-8509
-6906
-7760
-7852
-6249
-8357
-5820
-7292
-6653
-6195
-6894
-5583
-6137
-6236
-5534
-5553
-5561
-5099
-6245
-4894
-6579
-4964
-5469
-4896
-4913
-5246
-4520
-5615
-3454
-3820
-4253
-3958
-5313
-4195
-4101
-3591
-4037
-3528
-4435
-5040
-3964
-5575
-3786
-3678
-5050
-4726
-5452
-4024
-4605
-3648
-2637
-3801
-1917
-3993
-2758
-3358
-2190
-2536
-2940
-1806
-3566
-2575
-2503
-1997
-1920
-2488
-995
-2913
-550
-2546
-2006
-410
-1741
-3055
-3055
1147
1147
-749
624
624
770
770
424
1904
1904
568
1781
1598
2436
647
656
1689
1439
1235
1254
1439
830
1732
1265
2905
1080
2057
-797
897
837
409
1064
632
869
972
1634
1533
2724
2037
2623
2203
2032
1207
1835
2284
1313
983
428
1334
1069
1464
1464
414
1555
734
586
500
1639
3460
2631
812
2698
2432
2009
3244
2049
2647
1434
2318
1391
1002
1765
628
1096
1531
1252
1730
2350
987
3069
2101
2097
3355
2452
3030
2361
3031
3405
1939
3243
2976
3272
2613
2770
3230
2212
2772
2396
2754
2514
3327
2911
3260
3793
4237
4263
5150
4243
5146
3984
4234
4584
3765
5065
3950
4264
4584
4302
5477
5169
5118
5304
5565
5906
5459
5501
5463
4703
5375
5337
5196
6062
4792
6376
5648
5969
6451
5094
6286
5523
5294
5891
5202
5319
5559
5332
5502
5534
5468
4840
5144
4581
4553
4196
4294
3099
3362
2280
2464
2432
2413
2599
2156
2926
2639
3866
2795
3515
2749
2296
2751
1502
1926
1692
1400
1590
1589
1477
1754
1272
1252
1164
1031
1001
538
828
828
433
803
1141
1137
1362
1444
1200
1055
1401
455
455
-512
-512
-574
-631
-950
-950
-852
-852
-493
-493
454
454
700
700
422
415
507
443
443
-744
-744
-841
-1402
-2300
-1773
-2634
-2236
-1850
-1519
-844
-1063
-995
-778
-1135
-1141
-1337
-1817
-1621
-1795
-1690
-1613
-1254
-1108
-1235
-993
-901
-966
-865
-783
-865
-439
-497
610
610
543
610
765
459
459
454
454
498
498
711
653
396
463
-1066
-1066
-872
-590
464
464
837
837
599
879
1480
948
1213
763
543
543
902
902
670
580
861
1043
647
-434
-434
-409
420
420
530
705
816
1260
898
862
1228
606
1001
583
561
561
573
582
1065
628
698
580
436
531
513
513
1145
1145
1013
1158
1416
999
1373
655
755
-602
-602
-1087
-1618
-1595
-1269
-986
-1622
-1021
678
678
675
858
502
-544
-544
-700
-718
-820
-587
-733
-414
-414
967
967
939
1128
1024
899
1112
943
899
1213
839
840
987
772
781
615
615
542
542
502
-1120
-1120
-1675
-2277
-1835
-1664
-2010
-1557
-1071
-509
-616
-616
-605
-642
-1014
-962
-996
-657
-549
-866
-1256
-1600
-1678
-1819
-1933
-1875
-1754
-1554
-1159
-816
-462
-462
-427
-662
-823
-1004
-1184
-1108
-1045
-946
-833
-919
-1047
-1130
-1348
-1409
-1569
-1462
-1516
-1426
-1230
-962
-643
-641
-543
-513
-624
-591
-998
-1802
-2805
-3580
-3587
-3248
-3171
-3136
-2392
-1470
-597
-409
-409
-471
-1086
-1276
-1285
-1511
-1532
-1676
-1616
-1492
-949
-966
-1331
-1495
-1619
-1293
-1139
-1128
-840
-666
-429
667
667
583
579
579
845
944
549
789
789
935
698
429
-912
-912
-1847
-2313
-2448
-2645
-2652
-2543
-1517
-756
-546
-537
-590
-543
-953
-1427
-1750
-1939
-2013
-1899
-1651
-1513
-1354
-1487
-1817
-2229
-2492
-2709
-3107
-3283
-3050
-2669
-2266
-1744
-1206
-748
-692
-682
-784
-1114
-1277
-1491
-1600
-1523
-1417
-1118
-1108
-993
-911
-905
-1087
-1338
-1594
-1756
-1744
-1635
-1332
-935
-441
-920
-920
-1412
-1936
-1909
-1684
-1278
-963
-552
651
651
502
459
616
616
673
979
1005
1200
1247
1120
923
686
517
458
732
1163
1592
1906
2353
2743
2894
2895
2782
2565
2560
2655
2819
2995
3054
3442
3705
3786
4066
3789
3579
3226
2900
2967
2868
3020
2885
2898
3166
3628
4031
3659
2972
1808
814
763
763
2280
2811
2826
2941
2622
2504
2088
2066
1913
1788
1868
2103
2727
2977
2934
2163
1345
958
638
-470
-470
979
979
1738
1972
2022
1963
1965
1933
1558
1314
1105
1206
1385
1563
1752
1638
1419
1047
589
-428
-428
447
447
812
908
731
665
607
-531
-531
-1254
-1374
-1233
-1029
-759
-484
503
503
468
394
394
395
-406
-406
-398
448
448
737
940
1227
1490
1553
1463
1467
1692
1964
2096
2060
2050
2142
2229
2373
2369
2467
2386
2256
2266
2331
2508
2347
2489
2478
2730
2803
2763
2811
2236
830
-499
-829
-559
-586
-1386
-1106
1017
1017
1358
1564
1716
1251
1213
678
1148
1193
1285
1335
1451
2152
2414
2333
1551
867
548
-667
-667
-658
-540
895
895
886
830
743
801
1012
911
1077
1038
1211
1626
1964
1941
1623
1479
1153
784
403
403
468
468
-741
-741
-898
-771
-478
518
518
871
1026
1278
1458
1540
1533
1518
1717
1618
1621
1856
1933
2084
1927
2264
2317
2400
2424
2298
2446
2082
2184
2129
2183
2288
2290
2610
2534
2749
2970
2780
2149
968
-574
-574
-952
-948
-1492
-1120
-694
603
603
690
882
476
476
596
605
936
1256
1650
1677
1644
1093
613
-552
-552
-558
-634
-857
-561
-554
-573
-573
-570
-751
-913
-696
-634
416
416
583
476
-459
-459
-540
-546
-945
-1097
-1368
-1492
-1890
-2042
-1945
-1982
-1819
-1705
-1205
-1220
-911
-966
-684
-623
-575
-440
-529
-447
-638
-548
-741
-772
-880
-969
-1150
-1174
-1032
-1022
-886
-786
-634
-703
-662
-568
-428
-424
-459
555
555
543
716
894
1124
1110
1167
1053
1145
1201
878
1176
982
1481
1166
1268
1385
1111
1609
1388
1782
1257
1428
905
-744
-744
-648
-1636
-1203
-1249
-744
-988
-950
-641
-952
-795
-1319
-796
-934
-721
-487
-449
-449
-593
-570
-753
-708
-859
-829
-957
-1287
-1159
-1303
-1319
-1489
-1173
-1190
-1162
-979
-1015
-595
-1049
-903
-1012
-1141
-1255
-1570
-1222
-1394
-1368
-1298
-1101
-1159
-1282
-1266
-1409
-1546
-1430
-1440
-1578
-1494
-1206
-1218
-1150
-924
-1220
-1075
-764
-1286
-1236
-834
-1114
-1053
-1106
-891
-891
-1204
-892
-892
-1189
-1045
-1045
-1024
-1319
-1319
-416
-956
-1337
-1337
-427
-915
-915
-1215
-598
-598
-1503
438
-1193
-787
-787
600
-586
563
563
-474
687
908
908
499
499
703
703
428
428
586
586
1105
1105
426
765
765
837
664
664
889
613
613
559
433
901
901
-432
-432
-453
-924
-924
-704
-704
-652
-652
-440
-466
-753
-753
-596
-624
-634
-843
-573
-1012
-841
-990
-990
-522
-723
-723
-579
-606
-606
-889
-1266
-1266
-640
-1545
-1545
-673
-673
-1612
581
-1282
-675
-1990
-1990
615
-1073
-1079
710
-2004
-1356
-1356
591
-1351
-2102
-2102
1044
-1613
-508
-508
-745
-1102
-1102
732
-1118
646
646
-1697
879
-824
-689
-1352
-1352
-753
-753
-572
-1692
-1692
397
397
-3045
1361
-1149
-1915
1449
-1705
-1202
2076
-3319
1658
-538
-994
-879
-879
882
-724
1108
1108
-1580
765
-994
-994
446
446
-706
720
720
1374
1374
-1602
2141
-2437
2741
-2136
530
530
-1795
898
-802
-802
-1182
-1182
1378
-886
-954
-954
634
-817
-817
748
-549
-775
1204
-1237
937
937
-2418
1550
-1814
-417
-1804
-1804
-1227
-1227
-836
-836
-1587
-1587
1218
-1901
1001
-1464
668
668
-3021
1990
-2940
574
-1128
-796
-471
-995
-478
-1388
-1351
-1351
-817
-1137
-1137
-719
-719
-1235
982
-1967
-1628
-1628
-1602
-1602
-1258
-1258
-959
-1466
-1466
-706
509
-1076
-1118
961
-1249
-849
632
-1601
-1586
-1586
915
-2399
1195
-1207
-1723
1681
-3117
1086
-1436
-443
-666
-665
-2577
-2577
2428
-3772
1350
-1044
-850
-679
494
494
-3037
4434
-4561
2752
-516
-2156
2006
-1297
-988
458
-489
-998
1023
-1608
1955
-2633
1810
-1521
-891
-891
-883
-883
-1623
988
-2533
826
-657
-1596
2094
-3264
2461
-2005
1034
1034
-1888
835
835
-1827
938
938
-2545
2008
-2259
930
-1881
-664
-664
-1661
700
-2112
550
-2249
1164
-2004
-726
-726
-1087
1004
-2504
764
-580
-1485
691
-1641
-786
-786
-561
-1712
-1712
1090
-1913
-835
1192
-2914
1774
-2269
1084
-1424
-484
1096
-3002
1700
-3257
-3257
3814
-3185
-481
3133
-4662
2479
584
-4214
5622
-4696
2814
-771
513
941
941
-1156
1611
-1038
1566
1566
-3104
3543
-2851
886
-1163
-1163
2167
-1650
1110
567
-2028
2923
-2127
727
1516
-1954
2059
-1699
-1699
3293
-1728
625
942
-807
779
702
702
-694
841
1211
1211
-1222
1757
-1243
-1243
3086
-3782
2968
-1134
-1273
2411
-2507
602
1564
-2860
2051
-929
-395
515
-618
408
-541
-541
785
-880
-880
2362
-3538
3618
-2655
489
489
-1387
-1256
-1256
1163
-2306
1517
-1548
997
997
-2294
1531
-1116
-463
-406
-406
-920
1223
-2486
1277
-560
-2575
2557
-3156
-1310
-1310
-823
-823
-1235
1566
-2954
1060
-1045
-631
-825
-1704
-1704
-1345
-1345
-1245
-1245
-2819
-2819
3093
-4839
3135
-1566
-1059
2035
-3137
3135
-2880
1610
1610
-4541
4450
-3777
579
679
-1913
652
-657
-657
436
-818
419
-2105
-2105
3753
-4161
2643
-849
-849
710
789
-1485
1930
-1091
817
-573
-573
1275
-1351
851
-490
-775
-775
499
-1304
-1304
1464
-1743
-1077
-1077
453
-1501
1100
-2072
650
748
-3072
2848
-1779
-805
1199
-1343
-469
-469
-1025
-1025
1126
-1130
419
-1393
2049
-3377
2382
-690
-2942
3650
-3466
1460
1460
-3115
1598
-1106
-1106
1057
-1012
633
633
-1500
1898
-1978
1100
-648
-475
-475
-1127
-1127
614
614
-2370
1741
-2450
1801
-3536
3140
-3749
1061
749
-2965
2132
-787
-1464
1445
-1094
-460
-990
-990
1054
-2279
2288
-2888
2291
-1353
1437
1437
-1885
1506
-1529
2746
-4737
4233
-1351
-2713
4461
-3407
2577
2577
-4110
3137
-1066
-680
1263
-1625
2072
-2500
1695
465
-2455
3249
-2511
2512
-2002
2211
-1226
613
1330
-2731
4017
-3032
1886
-882
1049
-1359
1029
-640
658
658
-2351
2399
-2671
1374
-1754
1398
-3073
3040
-3609
908
829
-3741
4254
-5013
3187
-2425
1178
-1984
1281
-1215
-964
-964
1582
-2882
4010
-5137
5484
-4844
3257
-1232
-1419
2820
-3695
2003
-2574
-2574
3139
-2356
1465
1465
-2219
1556
-1065
448
448
-1647
2395
-2379
1537
-945
-945
1876
-2864
3254
-4424
4309
-4144
1399
504
-3420
2502
-1947
-1277
2809
-4537
3654
-2259
-660
2446
-3858
2247
-2215
-2215
2113
-1067
-1409
2944
-3968
2557
-1034
-874
1103
-792
643
643
-792
879
-2012
3267
-2812
1333
1270
-2505
3297
-2303
1014
611
-415
1800
1800
-2744
2776
-1391
-437
1995
-1886
1450
394
-1281
2630
-2808
2467
-1991
-1991
3079
-1683
908
908
-403
-393
-393
-728
-728
1296
-1626
1409
-1530
-1530
1877
-1291
-902
1258
-1349
-597
-597
-796
-796
-675
637
-1121
-906
447
447
-2651
1953
-1560
-536
-536
-755
996
-1886
1543
-1888
967
-1394
-1394
2284
-4180
3769
-3300
736
-746
-746
-555
794
-1068
787
-1494
1331
-2200
1665
-1676
-1912
-1912
1086
-2002
1792
-3382
3024
-3915
2089
-2249
-950
-950
-844
-844
-577
724
-2324
2391
-3021
1541
-1527
-1527
1892
-1771
394
394
-1253
1039
-965
-614
-614
1089
-2302
2706
-2656
1139
-820
-820
674
-827
801
-1214
1258
-1224
937
-1058
747
-669
-439
-439
1271
1271
-3082
3191
-1661
-1262
2851
-2609
1877
1877
-2913
1639
-2122
-2122
2753
-2780
1160
-819
697
-2970
3798
-4346
2186
-2700
-2700
2891
-2567
777
-641
-641
1769
1769
-3942
3383
-1926
-755
1165
-619
-770
-1081
-1081
519
-1139
1440
-4008
4573
-4067
1570
-663
975
-2395
2486
-1771
-551
1551
-2857
2323
-3282
2754
-2717
748
-805
-2280
-2280
2275
-2365
532
532
-1835
1601
-2821
1491
-1703
418
418
-2007
1700
-2765
1600
-2180
-2682
-2682
2545
-3176
641
-599
-708
-2118
-2118
2118
-2230
-413
1629
-1668
-784
1321
-1174
-1403
1847
-1922
517
517
-650
-650
1132
1132
-1987
1400
1400
-2865
2588
-1359
450
450
-731
648
-804
541
-663
-663
872
-966
977
977
-1617
612
-1059
-1059
450
-1077
-1077
804
706
706
-1438
1762
-1301
700
700
-1884
1324
-1672
519
-1246
-1246
1117
-1167
-667
831
-749
-924
889
-657
-610
-610
-931
-931
462
-779
-441
-441
691
-610
554
554
-921
678
712
712
-506
689
-641
-641
475
-646
-646
533
-1033
459
-589
-589
-848
-848
-486
-486
-449
-449
-920
-946
-946
-423
-540
-540
729
729
505
505
685
685
576
576
-405
-405
-537
-537
-510
-510
-468
-961
-722
-677
-907
-864
-796
-994
-1127
-946
-1288
-1304
-1163
-1128
-1303
-1036
-1159
-1568
-874
-1228
-1318
-999
-1591
-1204
-1017
-1764
-964
-1248
-1907
-891
-1075
-1452
-920
-1194
-808
-993
-1066
-1154
-1154
-528
-528
396
396
836
836
725
725
974
1354
1529
1311
1886
1733
1615
2388
1898
2337
2557
2452
2721
2814
3262
3691
4170
2270
-2604
-2604
-2384
-2298
-1284
-1811
-1166
-2102
-2102
-2297
-3306
-1279
-1944
-2767
-1611
-1030
751
718
1244
1659
816
951
653
849
481
481
1118
891
-468
-468
-1051
-1558
-1857
-2728
-2686
-2759
-2533
-1929
-1308
-1333
-1631
-2019
-2569
-2477
-2895
-2697
-2372
-2259
-1187
-1011
-609
-609
-871
-1417
-1511
-1569
-2074
-1572
-1509
-1300
-1452
-577
-1426
-1535
-1596
-1634
-1223
-1613
-1074
-564
-449
412
412
473
829
1138
1773
2483
3347
3551
4144
4608
4146
4441
4830
5001
4905
4646
5054
4657
4752
1592
-1670
-3285
-3241
-2727
-6793
-4940
-5324
-3032
-2232
-3393
-805
-3391
-2559
-3331
-1604
-1017
-1017
877
1899
4813
5060
4219
4725
2818
2655
1123
867
649
-779
-625
-1249
-757
-1568
-2661
-4249
-4718
-5059
-4832
-5081
-3889
-2791
-1784
-529
1087
1087
578
657
656
579
815
-900
-900
-796
-1526
-961
-2730
-3363
-3393
-4492
-3462
-3497
-3249
-3069
-2809
-1537
-1670
-1074
-966
-1218
-589
-667
-724
-724
-803
532
532
609
1654
1521
1927
1994
2174
2458
2762
3320
3012
3578
3972
4271
4540
5232
5071
5551
6078
6437
5703
4510
-3001
-3001
-4555
-3622
-4677
-7718
-6144
-4685
-1060
-1950
-948
-918
-1696
-1852
-2074
549
1065
1055
2327
4695
7108
6691
5119
3696
2168
713
-937
-1524
-2475
-3277
-3255
-3056
-2387
-2857
-4281
-5341
-5729
-4765
-3965
-3557
-2242
-609
1075
2069
2390
1994
618
-872
-872
-1573
-1628
-2665
-2032
-2160
-1986
-1853
-3027
-3110
-4072
-3800
-3652
-3373
-2876
-2231
-974
-663
-809
-809
-746
-1325
-1694
-1376
-1210
-818
-425
423
1250
1402
1321
2073
1656
2124
1274
1773
2409
2324
3348
3599
4716
4350
4572
4636
5750
5876
6338
6871
6569
5437
548
-3805
-5352
-5006
-4859
-8956
-7725
-5178
-1269
-587
-1354
598
-954
-789
-1888
774
2325
1841
2497
4842
7420
7781
5277
3412
1743
-1810
-1810
-3499
-3854
-4631
-4574
-3848
-2575
-2403
-3152
-4491
-4225
-3659
-2181
-1932
-713
1177
2686
4449
4284
4206
2345
592
-684
-1751
-2760
-4710
-5678
-4722
-4320
-4110
-5127
-4423
-4285
-3612
-2952
-2620
-1456
-1107
1019
1019
1624
612
-1176
-1176
-1090
-1072
-1975
-1682
-1717
-644
870
1019
1598
1450
1969
2101
1998
2108
2217
2266
2849
4230
4360
5562
5217
6237
6958
6814
7661
8045
9136
6407
3303
-3350
-5629
-7375
-6376
-8132
-10741
-6804
-4071
1190
-807
432
474
474
2944
2944
3014
3920
4170
7935
9157
7734
4399
1714
-2664
-2664
-4138
-5961
-6191
-6317
-5569
-3803
-2824
-2323
-3397
-3755
-2901
-1555
1859
1859
3569
5424
6267
5849
4971
2577
956
-1262
-3024
-4514
-5608
-6464
-7471
-7510
-6439
-6027
-5855
-5245
-3691
-1965
-797
1154
1154
1838
2174
1890
1165
-635
-635
-1555
-1819
-1522
-1682
-1715
-1308
-511
633
1012
648
1103
1443
1780
1971
1676
2749
2851
3731
4830
5495
6768
6746
7642
7835
8938
10576
11086
9936
4960
-2824
-7421
-7502
-5756
-8873
-12886
-9446
-3349
1086
572
572
1394
1163
-988
-593
3388
4352
3815
4112
8846
11821
10525
6151
2988
-2076
-2076
-4221
-6674
-7185
-7829
-6701
-4829
-2608
-2030
-3309
-3863
-3281
-1614
-521
1314
1314
3209
5506
7507
7669
6369
4116
2402
-2176
-2176
-4680
-6277
-7834
-8884
-8716
-7734
-6550
-6764
-6040
-4445
-2423
-1008
604
604
1656
2192
2366
1551
903
-869
-869
-1673
-1566
-1921
-2363
-2235
-1142
1073
1073
1936
1875
1374
1648
2118
2978
3620
4970
5645
6442
7087
7938
8703
9351
9520
9971
10398
8377
1691
-6113
-8970
-7187
-6689
-11269
-12127
-7636
-1117
-1117
-1117
980
980
748
-1994
3366
3366
4431
3812
5281
9804
11323
9422
4765
2401
-1957
-1957
-4824
-7209
-7457
-7585
-6223
-4584
-2895
-2847
-3646
-3949
-3320
-1933
-1075
739
739
2890
5385
6819
6418
4928
3524
1160
-1374
-3647
-5368
-7124
-8343
-8188
-7064
-6023
-5525
-5504
-4532
-3814
-2891
-2253
-1601
-941
441
441
964
904
-1148
-1148
-1360
-1855
-1756
-1659
-1112
-439
1105
1105
1465
1864
1540
1743
1857
1926
2059
2467
3262
4360
5517
6178
7090
7494
8497
8735
9787
10871
10244
5870
-1771
-6044
-5610
-3973
-7268
-10536
-8717
-2342
1043
-393
-393
883
1464
-925
-1815
2370
2370
1993
1450
4571
8007
8990
5791
2973
1440
-2145
-2145
-5448
-6464
-6762
-5324
-4554
-2690
-1265
-983
-1272
-1807
-1332
-861
-607
-798
1412
1412
3708
4614
4088
3207
1940
-2060
-2060
-4103
-6023
-7239
-7842
-7177
-5849
-4533
-3433
-2898
-2441
-1921
-1470
-1785
-1910
-1761
-609
-845
-845
-1481
-2241
-2519
-2466
-2083
-1135
744
744
1489
1905
2455
2768
2656
2495
2781
3773
4524
5070
6132
7121
7999
8922
9373
9721
10188
8635
4502
-1052
-5001
-4089
-4007
-6823
-8621
-6576
-1600
1086
1086
1335
-728
-1982
-697
1096
1179
994
2587
5630
7117
5743
3739
2443
1519
-2792
-2792
-4485
-5059
-4782
-4225
-3186
-2546
-1718
-1491
-1774
-2185
-2473
-1787
-1866
-2162
-1303
1538
1538
2175
2065
1750
1215
-1564
-1564
-2933
-3925
-4655
-5226
-5226
-4223
-3116
-2701
-2468
-2257
-1782
-1631
-2320
-2226
-1718
-1513
-1183
-1113
-629
-971
-971
-1178
-1223
-1338
-1313
-1100
-418
971
971
1316
1835
2281
2372
2522
2631
3159
3322
3564
4187
5195
6340
6900
7667
7940
6886
3607
420
-767
-733
-2054
-4339
-4157
-1874
729
493
557
557
1354
620
-1673
-2747
-2207
-1798
-2261
-2115
-477
1557
1973
1354
1122
1128
453
-801
-2079
-2749
-2822
-2731
-2445
-1935
-1505
-735
-689
-829
-1162
-1658
-1599
-2094
-2283
-2725
-1996
-1210
-992
-892
-905
-552
-669
-1337
-2001
-2837
-2842
-3126
-3220
-2644
-2045
-1129
-972
-1087
-1024
-1104
-1795
-2376
-3008
-2945
-2746
-2927
-2758
-2340
-1713
-1214
-1472
-1802
-1844
-1384
-1315
-1527
-1641
-1090
-551
488
488
980
1253
1225
1609
2039
2384
2547
2971
3865
4608
4642
4322
3705
2589
2455
1863
2342
2030
2335
2587
3890
4202
3919
3625
3491
3851
2287
996
-799
-799
-719
-1049
-982
-737
-596
-837
-1475
-1526
-1590
-1979
-2920
-3506
-3336
-3112
-2839
-2498
-1887
-1531
-1382
-1208
-1198
-1409
-1872
-2394
-2441
-2372
-2184
-1575
-1618
-1365
-1075
-1111
-1112
-1468
-1656
-2169
-2559
-2675
-2489
-2200
-2341
-2229
-2000
-1863
-1776
-2019
-2426
-2411
-2653
-2896
-3089
-2943
-2603
-2486
-2334
-2067
-1438
-1501
-1529
-1516
-1037
-682
-641
-553
666
666
978
1253
1781
2192
2470
2640
2951
3173
3681
3954
4626
5509
5257
4979
3702
4287
4269
4692
4755
4872
4839
3654
3291
3379
4113
3352
2062
894
-646
-646
-861
-1097
-1389
-2046
-2805
-2854
-2737
-2894
-3719
-4179
-3915
-4071
-4102
-3865
-3336
-3068
-2753
-2084
-1468
-1429
-1605
-1444
-1470
-1412
-1301
-1336
-1329
-1502
-1229
-952
-396
-942
-942
-1522
-1466
-1760
-1780
-2049
-1908
-1910
-2001
-1707
-1319
-1149
-1227
-1730
-2281
-2331
-2470
-2603
-2882
-2605
-2081
-1744
-1577
-1241
-1016
-732
-1124
-914
-745
-655
-464
-463
565
565
1169
1732
1927
2209
2656
2646
3239
3285
3814
3881
4850
5237
4934
4305
3929
4485
4532
5009
4960
5581
4176
3291
2749
3140
3299
2201
1192
396
-682
-682
-1473
-2314
-2893
-2806
-3001
-3290
-3696
-3669
-3570
-3721
-3040
-2689
-2659
-3013
-2700
-1828
-1404
-1606
-1551
-1210
-1255
-1232
-1102
-877
-931
-1045
-1121
-1002
-454
-454
-1247
-1479
-1689
-1692
-1792
-2312
-2397
-2447
-2330
-2192
-1848
-1808
-1677
-1999
-2480
-2588
-2560
-2490
-2781
-2828
-2175
-1698
-1384
-1306
-887
-417
669
669
1371
1828
2491
2967
3245
3519
3699
4393
4639
5094
5266
4963
4374
3701
4377
4643
5396
5280
5647
5015
3996
3263
3494
3318
2076
932
-632
-632
-1677
-2779
-2941
-3064
-3598
-4120
-4360
-3840
-3703
-3183
-2433
-2246
-2254
-2303
-1824
-1983
-2019
-1902
-1643
-1629
-1701
-984
-457
-514
-718
-825
-543
-411
-411
-509
-604
-715
-951
-1154
-926
-907
-1025
-1327
-1547
-1496
-1443
-1306
-1270
-1405
-1752
-2040
-2142
-2143
-2372
-2708
-2697
-2746
-2310
-2030
-1714
-1331
-1330
-1099
-702
451
451
711
1112
1645
2220
2781
3246
3604
4048
4396
4937
5466
5924
6174
5811
5248
4367
4685
4602
5183
5308
5793
5391
4286
3411
3482
3611
2667
1513
687
555
-977
-977
-1806
-2110
-2292
-2962
-3503
-3853
-3898
-4072
-3594
-2553
-1995
-2171
-2168
-1661
-1214
-1497
-1610
-1249
-1067
-1283
-1027
-475
-396
-396
-480
-598
-478
-718
-890
-1125
-1137
-952
-810
-873
-1122
-1394
-1591
-1697
-1951
-2245
-2481
-2605
-2560
-2381
-1978
-1656
-1500
-1285
-911
418
418
616
981
1344
2021
2705
3287
3867
4182
4541
4977
5702
6288
6968
6373
5893
4922
5088
5131
5643
5673
5802
5659
4448
3555
3495
3918
3211
2214
953
759
532
532
-902
-902
-1649
-1919
-1704
-1879
-2068
-2790
-3212
-3523
-3320
-2551
-1879
-1845
-2127
-1951
-1368
-1327
-1324
-707
-551
-823
-1126
-740
-532
-532
-682
-635
-556
-542
-542
-808
-1201
-1051
-826
-837
-740
-972
-1133
-1330
-1194
-1279
-1397
-1773
-2134
-2394
-2587
-2170
-1894
-1502
-1327
-955
-592
466
466
1030
1383
1576
2026
2437
3100
3664
4114
4593
4962
5696
6180
6936
6989
6586
5446
4982
5409
5492
5825
5638
5817
4940
4191
3514
3963
3529
2648
1462
590
-841
-841
-1604
-2378
-2287
-2106
-1975
-2022
-2401
-2584
-2962
-2489
-1983
-1755
-2124
-2247
-2001
-1906
-1725
-1200
-663
-860
-1057
-865
-428
-678
-919
-886
-1157
-1040
-1017
-695
-674
-858
-851
-804
-817
-817
-904
-1142
-1461
-1517
-1502
-1367
-1110
-1158
-1242
-1431
-1356
-1263
-1540
-1710
-1888
-1947
-1944
-1900
-1581
-1244
-973
-619
805
805
1214
1790
2218
2551
3079
3499
3856
4267
4749
5310
5835
6725
6965
6617
5762
5304
5589
5697
6063
6098
6176
4841
3768
3364
4016
3859
2792
1410
512
-582
-582
-459
-1556
-1556
-2369
-2853
-2501
-2421
-2460
-2736
-3112
-2990
-3002
-2242
-1675
-1393
-1737
-1778
-1583
-1512
-1325
-987
-527
-844
-1063
-698
-514
-514
-658
-855
-977
-1020
-921
-977
-890
-1008
-899
-815
-990
-1301
-1506
-1650
-1656
-1619
-1832
-1771
-1856
-1829
-1706
-1610
-1740
-1749
-1935
-2012
-2099
-1972
-1577
-1236
-1190
-777
826
826
1196
1720
1922
2818
3120
3697
4225
4742
4984
5423
5973
6224
6506
6096
5579
5901
6592
5132
5190
5283
5897
4801
3542
3324
3970
3660
1804
-1143
-1143
-2119
-2561
-2375
-2574
-3143
-3345
-2994
-2645
-3075
-3347
-3892
-3653
-3400
-2985
-2898
-2788
-2042
-1201
-669
-747
-500
444
444
399
399
517
-700
-700
-990
-680
-584
-1222
-1863
-2097
-2015
-1927
-2562
-2689
-2276
-1982
-2465
-2386
-1871
-1386
-1475
-1869
-1953
-1734
-1500
-2117
-2546
-2394
-1824
-1664
-1962
-1759
-1137
-587
826
826
1598
1836
2215
3106
4225
4920
5369
5956
7227
8220
9031
9371
10302
10602
8056
3443
711
3016
5111
3742
1506
1506
-2296
-2296
-2242
595
595
-2672
-4765
-3292
-832
-1132
-3347
-3239
-742
676
428
428
-2048
-2048
-3411
-2979
-1373
-1385
-1385
-2055
-1375
-741
-1224
-2039
-1492
-441
-462
-462
1605
1605
2149
1225
416
1341
2366
2215
-1352
-1352
-1650
-2133
-2888
-3624
-3434
-3024
-3594
-4488
-4360
-3797
-3825
-5071
-5307
-4095
-2958
-2962
-3786
-3655
-3132
-2582
-2765
-2647
-2137
-1630
-1699
-1525
-517
639
693
459
1370
2754
3884
4113
4202
4459
5356
6232
6949
7657
8826
9376
9776
10126
11606
9382
4082
-478
1872
6190
5337
1167
-839
506
-1081
-4288
-4021
1566
1566
-2461
-6215
-4969
-1636
-1883
-4334
-4362
-1115
751
805
805
670
-1988
-3410
-1774
1028
2156
744
-1374
-2593
-2179
-920
-571
-545
665
665
-1208
-1208
1447
1447
1384
1383
1383
2029
-2240
-2240
-3167
-1868
-2173
-3204
-3679
-2745
-3065
-4658
-5216
-4051
-3158
-3731
-4914
-4604
-3081
-2860
-4067
-4931
-3586
-2298
-2382
-2369
-1419
-836
-1744
-2244
-705
1542
2324
1745
1370
2487
3786
4266
4590
5415
6461
6717
6773
8038
9697
10673
10202
10440
10663
6827
1433
6067
6067
8538
4113
-1685
-1480
-2471
-2471
-4531
-845
3243
-5882
-5882
-7115
-2934
-1200
-3455
-4961
-2224
909
-1842
-1842
-956
578
-822
-3133
-1627
1731
2543
574
-1849
-2976
-2533
-941
531
694
-1168
-1168
-2378
-1632
1277
2804
1573
1386
1386
435
-1272
-2365
-1834
-648
-1756
-2867
-3495
-3586
-4802
-5431
-3868
-1988
-2617
-4702
-5681
-4890
-3948
-3953
-3987
-3574
-2719
-2928
-3089
-2756
-1935
-1790
-1867
-506
1298
1708
986
948
1713
3182
3919
5123
5785
5843
5610
6073
7624
9297
9996
10499
10548
12225
10544
4454
2759
2759
10154
8959
2152
-2086
-1083
-1083
-4311
-2867
3478
4235
-3174
-9190
-6736
-1229
-1336
-3997
-3810
-3171
-3171
-3043
1172
1172
-1468
-2738
2967
2967
1705
-1436
-3424
-2492
-563
897
1140
-437
-437
-1816
-3431
-2409
1237
3925
2167
-882
-1543
714
714
-486
-790
-490
-426
-1823
-3435
-3291
-3286
-4366
-4686
-3064
-1457
-2479
-5156
-6219
-5246
-3617
-3152
-3287
-3472
-4213
-5019
-4960
-3061
-1466
-1212
-1482
-990
841
841
784
1703
2792
3723
4662
5329
6190
5746
6072
6549
8396
9875
10601
10795
10908
11602
5626
10289
10289
12951
4851
-3281
-2452
-2871
-2871
-2903
3336
6701
-1410
-10681
-9884
-2390
-3019
-3019
-4441
-2253
-1302
-5119
-5848
-1593
1511
-534
-3685
-1186
1993
1218
-1837
-3288
-1656
703
2200
1502
-1709
-1709
-2167
-3076
-1766
1665
4067
1819
-2505
-2922
-731
1090
436
949
909
-1268
-3993
-4286
-2064
-1095
-2238
-3348
-3040
-2887
-3656
-5397
-5071
-3424
-2754
-3671
-4413
-3966
-4713
-5862
-5125
-2281
-1220
-2772
-4071
-2980
-1266
761
761
2175
3123
3193
3063
3762
5554
6394
6436
7095
8503
9499
8948
9487
10532
12685
7977
1757
465
7836
12925
5973
-2369
-3154
670
-1304
-2560
2287
6331
-395
-10379
-10438
-2255
1845
-1880
-5041
-3994
-2635
-5252
-6157
-1726
1610
-4640
-4640
-3690
521
754
-1671
-2861
-1305
860
1622
746
-468
-1460
-1367
-1529
-636
2014
3474
954
-3120
-3113
979
2360
578
-1117
-437
-437
-3673
-3985
-1785
-2892
-2892
-3904
-2549
-2291
-3891
-4855
-3847
-2173
-2573
-4128
-5325
-5291
-4457
-4889
-4122
-2235
-2026
-4524
-5574
-3103
1142
1142
1289
1680
3850
5622
6514
5767
6046
7855
9106
9105
9506
10795
12624
10154
3399
1086
5044
12541
9313
1119
-2808
-640
-2371
-2371
611
5583
2589
-7125
-11021
-4718
1589
-4212
-4212
-4267
-2544
-3985
-6512
-3341
1221
664
-3351
-4437
-461
1018
-1519
-3040
-1906
906
1511
-894
-894
-1591
-1418
-1281
-493
1772
2863
742
-2804
-3258
841
3165
1796
-757
-984
-623
-2865
-2873
-1283
-2230
-2230
-4277
-3314
-2421
-3333
-4081
-3657
-2070
-1970
-3499
-4500
-4781
-4156
-4081
-3450
-2199
-2414
-4531
-5621
-3434
-596
-478
-478
-493
1096
1096
1403
3391
4881
5721
5031
5767
7575
9196
8998
9708
10970
12299
11143
4508
1486
4333
12793
11318
2069
-3073
-639
897
-1735
5709
5709
3642
-6549
-11364
-5220
2110
759
-3902
-4494
-2740
-3562
-6440
-3590
1687
1345
-2915
-4486
-625
1247
-1222
-2506
-807
1516
1728
-1683
-1683
-1968
-1519
-778
1597
1597
2098
-3096
-3096
-3112
1202
3018
1612
-744
-1398
-1792
-3802
-3019
-2523
-2523
-4396
-3833
-3326
-4103
-3292
-2174
-1763
-2608
-4228
-4664
-4139
-3427
-2950
-1948
-1292
-2702
-4744
-4349
-1628
878
792
445
445
1501
2836
4321
5702
5799
5224
5158
7305
9714
10028
9745
10795
12141
6822
1429
2755
11799
13651
4369
-2789
-1388
1878
-774
-824
4037
4996
-3920
-10872
-6852
1542
1872
-3436
-4783
-2743
-2630
-5579
-4438
1207
1207
-1576
-3615
-1359
683
-2027
-2027
-1298
1659
3495
1556
-1851
-2592
-1026
545
475
1209
2302
435
-3703
-4455
4246
4246
1959
-1466
-2139
-909
-2944
-3723
-642
1005
-1654
-5048
-4209
-2649
-3530
-4054
-2427
-1064
-1806
-3939
-4607
-4029
-3175
-2715
-2060
-1235
-2152
-4540
-4564
-1779
845
1178
582
1099
832
1445
3155
5418
6359
5581
5717
6443
7617
8370
9865
11220
11731
10513
4144
1562
4416
12268
11394
3144
-2038
-1102
708
1876
1876
5085
2327
-6135
-9775
-4698
1517
602
-3308
-4188
-3153
-3156
-4745
-2703
442
-473
-2570
-3018
-426
-1671
-1671
-2645
-1201
1601
3108
1405
-1393
-2617
-1892
1170
1170
2535
2341
-914
-3739
-3307
1574
3490
885
-1305
-1939
-1496
-3736
-2544
-790
-790
-3919
-4496
-2556
-2588
-4412
-3765
-2003
-1908
-2739
-3652
-3510
-3715
-3677
-2938
-1647
-728
-2853
-4401
-3108
-450
745
415
1085
1344
590
1277
4417
6705
6722
5109
5925
7143
8739
9065
9971
11275
11903
8884
1498
1759
7809
14595
7876
-521
-2366
667
-1538
-1538
2621
5542
-699
-9912
-9511
-1282
2057
-2457
-5169
-3156
-2405
-4692
-5430
-881
1089
-1548
-3412
-1689
1320
-2346
-2346
-2378
2813
2813
2539
-1406
-1406
-1338
-1076
1157
1157
2902
1479
-2414
-4147
-1299
2601
1669
-992
-1763
-836
-1923
-3963
-2477
-534
-1853
-4019
-3575
-2203
-3443
-5419
-3509
-1068
-1070
-2900
-4122
-3799
-3718
-3150
-1706
-513
-1207
-3835
-4587
-2225
567
1251
466
1117
1508
972
2114
4395
7035
6615
5888
6151
7583
9374
9912
10752
11986
11412
3546
523
5126
14493
10774
701
-2630
576
1097
-1989
1136
5337
1179
-8637
-10557
-3049
1921
-1921
-5745
-4363
-2563
-3959
-5757
-2112
458
-1553
-3284
-2351
1045
979
-1581
-2314
-635
2552
3618
1325
-1310
-1390
568
568
1095
2732
2395
-1156
-4040
-1866
3221
3836
-2881
-2881
-1940
-899
-2357
-2776
-1014
-1731
-4040
-4791
-2457
-2122
-4838
-4677
-2032
-880
-2226
-3498
-3240
-3608
-3947
-2167
-430
-430
-2999
-4558
-2903
-533
633
1090
1090
1190
801
861
3623
5384
6204
5361
6314
6557
7678
8953
10686
10964
11222
7436
1946
2707
8669
14009
6219
-562
-1644
1124
-700
-700
2726
3578
-3528
-9958
-7266
-472
-4715
-4715
-5459
-3431
-2970
-4945
-4642
-850
-862
-2773
-2684
1555
1555
-522
-2244
-1314
1066
3539
2994
-1306
-1306
-1272
952
952
2081
3108
644
-2906
-3433
3207
3207
1724
-1467
-1859
-1657
-1532
-1956
-1304
-1848
-4387
-4273
-2705
-1881
-3883
-5701
-4232
-2618
-1851
-2192
-3538
-4066
-4677
-3664
-1510
-667
-1550
-3811
-3723
-1860
-404
448
538
848
1192
1229
2957
3516
5035
5270
6175
6746
7007
8347
9066
10392
10031
11102
6320
2667
3184
9816
11672
3898
-920
-477
1232
-888
3692
3692
2634
-5464
-9437
-5508
-1743
-1743
-5278
-4632
-3368
-3915
-5360
-3410
-773
-1929
-2939
-1836
538
840
-1181
-1876
-892
1441
3388
2622
-1095
-1095
-1156
702
702
2182
2727
-3090
-3090
-2745
982
2415
-2053
-2053
-1431
-1650
-1987
-2893
-1547
-2381
-4073
-3783
-2630
-2174
-4449
-5167
-3350
-2053
-1844
-2500
-3298
-4010
-4832
-3007
-1061
-907
-2084
-3519
-2501
-1665
-510
540
897
1324
1107
1709
3355
4330
5060
4872
6137
7695
8479
8440
9396
9696
11783
7683
2088
2449
7986
13140
5299
-647
-572
1354
-834
-1732
3124
4805
-3228
-9427
-6831
-704
-704
-5338
-4501
-2771
-3324
-5638
-5022
-1000
-1777
-3395
-2509
1536
1536
-939
-3081
-1898
698
3416
2979
-484
-484
-808
-655
1602
1602
3653
612
-3285
-3614
2129
2129
-477
-2151
-1334
-1382
-2617
-3486
-2096
-2910
-5614
-4355
-2247
-2012
-4852
-5818
-3499
-2599
-2262
-1819
-2103
-3334
-5083
-3889
-1324
-1053
-1996
-3270
-2186
-1649
-1205
621
621
1100
647
1666
2944
3560
3835
4708
5663
6667
7387
8564
9610
9175
10538
9156
3300
2012
5809
12859
7704
-962
-962
1008
-2396
-2396
1263
4734
-1461
-8664
-8088
-1955
-807
-5033
-4882
-3022
-2963
-5035
-5526
-2343
-2498
-3526
-2334
-589
1032
-2780
-2780
-2550
-582
2896
3858
1076
-659
-659
-488
930
930
3741
2231
-1671
-3002
1781
1781
-469
-1721
-601
-1148
-2885
-3845
-1571
-2270
-5845
-4966
-2542
-2284
-4994
-6035
-3647
-3717
-3738
-2128
-1171
-2445
-4895
-3906
-1334
-1140
-2110
-2604
-1399
-1449
-2217
-827
774
774
1423
1423
3146
2958
2696
3722
5140
5831
6377
7438
8698
8690
9470
10471
4726
1821
3424
10939
10480
2457
677
677
-2918
-2918
-646
4729
1074
-6759
-8535
-4221
-1713
-5551
-5600
-3186
-3218
-4702
-5663
-3040
-2985
-4645
-2916
-440
1169
483
-2005
-2719
-2022
977
3819
2694
1046
-454
-454
-888
2957
2957
3271
-2140
-2140
-562
1678
-1543
-1543
-1622
-1622
-3383
-1519
-1403
-5069
-6477
-3885
-1698
-3613
-6202
-4414
-3726
-5043
-4265
-1411
-1001
-3927
-4506
-2205
-1064
-2602
-3019
-1526
-711
-1766
-1231
524
524
3271
3271
3548
2927
3177
4578
5192
4616
6243
8492
8354
8128
9225
10763
4923
1247
3549
10349
9992
2970
1272
1568
-628
-3238
-609
4341
1284
-5539
-6936
-4053
-3006
-5827
-5327
-3551
-3339
-4270
-4760
-3640
-4209
-4623
-3294
-1495
562
1292
-896
-3025
-2508
804
3379
2232
1657
2095
940
-952
-455
3013
3529
-1137
-1137
1116
2333
-1525
-1525
-1071
-1071
-1953
-403
-981
-4892
-6202
-3919
-2183
-3584
-4927
-3696
-3888
-5562
-4551
-1798
-1715
-4034
-3678
-1230
-1450
-3284
-3179
-1519
-1308
-1585
-642
500
-1325
-1325
-482
2271
3069
2864
3366
4390
4083
3907
5299
7387
7378
7753
9215
10617
6605
1696
2767
7231
10109
5534
3224
2536
-2464
-2464
-1803
2366
2455
-2787
-5080
-4176
-2775
-4755
-6199
-4893
-3997
-3453
-3959
-3692
-3730
-4956
-5067
-3720
-901
1712
521
-2076
-2671
-836
1374
1160
1325
2513
1740
-577
-577
1687
2464
-1041
-1041
889
2604
1292
-912
-477
-828
-1642
-1653
-547
-3104
-3104
-4892
-4504
-4000
-4107
-4877
-3909
-3472
-4651
-4480
-3662
-3225
-4308
-3920
-1720
-1240
-2098
-3104
-2646
-2270
-2289
-985
-565
-565
-530
879
1470
1990
2996
3666
4117
3934
4752
5548
5634
6563
8121
9000
9140
5558
2647
3060
6497
8696
5073
2973
2117
710
-1059
-904
1809
790
-3067
-4317
-3103
-1423
-4070
-6073
-5473
-4681
-3666
-3534
-2406
-2477
-4979
-5584
-3907
-1055
948
-1410
-1410
-1322
1092
1092
1149
1483
1890
1436
1162
1497
2716
2078
-415
-647
1132
2822
1723
-395
-395
-1458
-901
-400
-1242
-3342
-3886
-2523
-3652
-4479
-4988
-4471
-3968
-4242
-2830
-2713
-3664
-4252
-3929
-1827
-2046
-2340
-2330
-2214
-1587
-2325
-1351
-558
-774
-554
1445
1445
1684
1588
2322
2376
3339
4053
4416
5410
5105
5591
6786
6353
8055
8416
4349
2520
3833
7698
7026
3070
2536
2163
1163
-1038
-444
2280
-3485
-3485
-3719
-877
-1100
-5225
-5677
-4817
-3777
-3331
-3246
-2288
-3581
-4879
-4179
-2598
-514
-918
-918
-1369
-695
1204
1491
422
695
1488
1835
1552
2198
3340
1352
-891
1716
1716
2519
732
594
996
-831
-831
-807
-1803
-1803
-3570
-2785
-1702
-2691
-4826
-4597
-4174
-4303
-3825
-2837
-2269
-3710
-3985
-2675
-1874
-2587
-3161
-2204
-2091
-2079
-1686
-1038
-1083
-2122
-1079
1173
1885
1132
2105
2105
2553
1644
3858
3648
3975
3958
4165
5656
6355
5941
6597
6436
3798
2450
3846
6586
4636
2274
2843
2232
-753
-753
696
696
-1296
-2360
-2070
-1133
-2517
-4396
-4107
-4381
-4099
-3464
-2945
-2823
-3297
-3757
-3722
-3257
-1733
-471
-919
-1152
1055
1055
460
1341
1341
1236
1174
2196
2655
725
-495
444
1486
1363
407
811
805
-2171
-2171
-3003
-2406
-1963
-2645
-3842
-3501
-4005
-4544
-3960
-3042
-2883
-3831
-2799
-2011
-2353
-2646
-2614
-2091
-2518
-2022
-1724
-1060
-1250
-1387
-632
428
428
-1083
3220
1641
1215
3497
1259
3273
2990
1705
5282
4476
3818
5949
5039
6129
5624
3233
2648
3078
4107
4831
2619
2703
1903
454
-479
-664
417
-1170
-1170
-2017
-803
-905
-3383
-4244
-3705
-3128
-2992
-2977
-2336
-2196
-3337
-3819
-2360
-1216
-1125
-1298
-1062
504
504
550
432
432
407
574
1230
1470
1991
1365
452
602
873
990
479
472
716
562
-1338
-1338
-3066
-2918
-2057
-2073
-3130
-3209
-3064
-4213
-4729
-3958
-3268
-3253
-3402
-1875
-1828
-2715
-2576
-2635
-2526
-1856
-1213
-919
-637
-1067
-1199
805
805
-834
1694
1509
1700
1374
2858
1989
978
3925
2656
2472
4930
4195
2563
5496
4510
4080
3318
2182
2012
2884
3645
1606
2483
2476
1382
1079
1079
-798
-823
-1427
-2382
-2382
-2708
-2624
-2710
-3210
-2287
-1179
-1761
-2108
-2257
-2260
-1741
-1465
-1370
-1085
-582
565
565
-394
442
442
929
2001
1382
499
759
1263
1223
738
738
913
690
690
474
479
-689
-1907
-1995
-2127
-2369
-2937
-2992
-2952
-3474
-3553
-3741
-3865
-3966
-3811
-2453
-2121
-2414
-1972
-1790
-1968
-1925
-1379
-830
-646
-1132
665
665
654
-524
1019
452
1336
401
1558
3032
3350
3350
783
2583
2456
1061
4120
2805
3729
3714
3360
4131
1293
1697
2597
3445
1865
2973
2521
1827
1440
719
1155
466
-516
-481
-481
-887
-887
-1343
-1422
-2868
-2254
-2529
-2317
-2019
-2434
-1700
-2106
-2013
-1738
-2411
-2297
-1890
-673
-417
-417
944
944
988
970
1327
1093
1074
466
398
398
564
564
509
-623
-623
-1931
-1881
-2334
-3020
-2907
-3164
-3154
-3078
-3817
-3658
-3667
-4119
-3625
-2707
-2195
-2176
-1089
-1853
-992
-2297
-1087
-1349
-2540
1372
-2272
913
-768
906
-2175
1026
585
-840
3446
3446
-2075
1647
3977
-2251
2537
2024
1745
5837
5837
1435
3194
4752
3040
1407
3353
2490
2089
3007
3669
2735
2518
3045
404
1331
1485
583
583
-1077
-1077
-654
-1374
-2318
-1415
-2969
-2537
-1987
-2487
-2303
-1936
-2099
-2328
-2264
-2364
-1635
-1134
-876
497
497
666
496
1235
831
995
855
-511
-511
-953
-953
-2116
-1921
-2449
-3462
-3233
-3369
-3443
-3765
-3127
-3143
-3060
-3372
-3040
-3007
-2238
-1751
-1872
-951
-1372
-591
-3975
412
-1539
-2218
-2001
-2001
633
434
-1105
-463
2350
-2442
1253
2561
-1361
3065
3243
3243
4929
4929
-460
4982
2505
2302
5497
2393
3069
3309
1657
2675
2877
2706
3336
2140
2751
1476
1268
1017
-863
-863
-654
-654
-2550
-1442
-2554
-2382
-1946
-2268
-1886
-1703
-1394
-2040
-1201
-1715
-1785
-716
-884
601
601
504
543
1220
412
1041
941
638
851
650
-1027
-1027
-1546
-1176
-1750
-2245
-2365
-2365
-3089
-2934
-2830
-3617
-2262
-2985
-1449
-2756
-1298
-2532
-1537
-1970
-1319
-912
-3407
2147
-4459
1760
-2736
809
-402
-538
-719
1708
-639
-1125
3983
-706
-1599
6308
-1990
5321
5321
-1254
2869
3176
1814
3159
3034
2516
4068
2905
3694
2801
2069
2435
3155
1733
3344
1653
1558
2220
578
1455
1071
554
-989
-989
-1404
-1404
-1363
-961
-2253
-1383
-1505
-1564
-1470
-1083
-1069
-1025
-664
-1442
-682
424
424
491
491
527
875
875
632
437
718
557
557
-430
-430
-1266
-1993
-1993
-2420
-418
-2562
-2691
-1869
-2725
-2599
-2428
-3485
-2569
-1652
-2747
-2552
-901
-2509
-1915
-1320
-543
-5009
3321
-4950
823
823
-3634
2959
-866
-1862
2123
-1366
-1366
2081
1670
1670
778
1981
1092
1309
986
3851
-754
3689
3577
751
3071
3827
940
4165
3212
2628
1883
2982
1254
2437
3101
1905
1667
2400
988
1217
1437
599
599
-626
-626
-809
-701
-1206
-1213
-899
-891
-1184
-932
-668
-783
-648
-832
-833
-481
523
523
840
840
435
435
395
-661
-661
-1226
-1226
-1806
-501
-2575
-1377
-1855
-1718
-3028
-1350
-2336
-3340
-1806
-2178
-2532
-1504
-1432
-2332
-635
-1980
-3365
-3365
906
-845
-2767
2326
-1070
-1065
3015
3015
-3754
2600
2818
-3261
2751
1108
1968
1968
1954
519
3152
-475
2153
3677
-708
3414
3928
2803
2803
3941
2242
1866
4243
1228
1176
2751
2204
1265
2123
1964
1458
1026
1361
903
713
713
519
519
-559
-559
-956
-956
-933
-1247
-1247
-1229
-753
-753
-613
-645
-645
-842
-399
-831
-441
-430
-430
445
445
-1444
-1444
1826
-2949
-2822
-2822
-820
-1175
-1778
-3282
-3184
-3184
-2235
-3034
-3034
-2216
595
-4283
-955
-955
-1632
-683
-637
-903
-1690
2074
-3527
911
-1176
2015
-4062
3452
609
-2181
3441
-1546
2714
-804
-804
5073
-3312
4062
1099
755
2106
1495
2097
-780
5567
-829
3150
2787
1898
2936
2595
3280
2169
1094
2262
1426
2309
1723
1302
2116
1582
1306
535
2074
-582
-582
1371
428
600
455
-403
-403
-1045
-972
-972
-934
-550
-550
-511
-689
-689
-1002
-519
-519
450
450
-1091
-1091
-555
-555
-1346
1074
-1762
-844
-556
-1140
-2817
595
-1977
-2668
516
-2279
-648
-2094
-1908
-1908
-595
-1689
443
-1720
-1675
2106
-3335
454
1892
-5394
3487
-1413
-2715
3593
-2935
2057
-1956
2464
833
-3479
3959
-3479
-3479
5857
-2316
822
3956
-2072
2762
539
2480
-947
2927
2636
3983
3983
467
3575
1631
2838
2500
642
2559
1044
2025
1559
2692
511
2641
1537
660
1987
603
1489
1489
741
692
539
422
-846
-846
-607
-607
-425
-425
-658
-756
-756
-404
-404
-902
-458
-716
-716
-1358
-1358
478
-1081
-1081
-607
-1309
-1309
-1174
-1586
-1586
-971
-627
-481
-1092
-1081
-1918
-1918
-1561
-1561
-545
-545
-1201
-1551
-1551
-714
-714
-1300
1358
-2220
615
-1022
-1022
-1475
-1475
2579
-3468
2829
-2318
3397
-4622
4459
-2590
-2590
3341
559
-1089
892
2654
-774
3483
3483
705
-1691
5614
-2589
3974
-1348
4945
1884
1884
2989
2234
2032
1421
2953
-513
3323
2282
2640
2640
2090
1081
2008
1189
2032
1570
1570
1208
1208
583
1146
1146
-407
-1077
-1077
-1078
-1078
-417
-433
-433
-516
-1568
-1568
-1170
-1170
-674
1229
-1533
-651
1813
-3776
1170
-1210
-844
-1568
-1568
-2652
-2652
1137
421
-4068
2512
-3266
-3266
1585
1139
-4333
3293
-1153
-1252
1289
1289
-3113
2136
-3616
-3616
5058
-4209
742
758
758
-3289
-3289
3341
-784
-1595
2523
-1082
2478
2478
-1845
1378
1848
-1742
1958
1710
-2434
4669
-1684
2869
3281
3281
1155
508
4283
1294
5637
5637
1329
1004
4353
1058
814
3580
1856
906
2428
2564
2171
2171
1967
1567
1567
676
676
1002
585
585
-741
-741
-515
-515
569
-1277
710
-461
-813
461
-1002
-1002
887
-1830
-1830
1024
-943
-1344
-1344
1672
-1875
1013
-1732
1810
-1203
-1831
3535
-3512
1053
914
-1070
632
632
-1396
1874
-1105
-717
2217
-2774
1437
-628
-628
-1132
3397
-3849
863
2723
-4008
3141
-3025
4045
-3024
545
2367
-2679
1889
-663
2605
-3688
4800
-1523
-1523
3599
571
1066
4455
4455
-670
2907
1622
2576
1274
3053
1703
2974
1409
2065
1607
1504
2137
2601
2601
976
830
1720
560
397
397
466
466
-995
-995
971
455
455
-1085
803
803
-2651
2202
-1242
-1881
3294
-2349
-874
2073
-1352
-2178
3045
-1535
-1971
4009
-2899
1089
478
478
-1550
1059
1021
-3014
3053
-660
-1433
1416
-590
-590
-1208
2596
-3017
831
1740
-4875
4393
-2646
-833
2032
-1686
-441
-441
1384
-2820
3772
-2657
1380
-597
2396
-2298
3521
-1775
2661
1673
1673
639
1089
3202
-781
2984
2237
2292
2292
3986
-1901
4180
2350
2515
2515
3428
-1233
3089
1146
1456
2406
2406
1362
2207
2207
795
795
1251
1251
-499
915
631
631
419
419
408
-695
-1350
-1350
778
-809
670
670
-1909
1136
-1786
-1786
1477
-1884
1199
-701
-874
2084
-2367
1287
-728
-528
1130
-981
632
632
-948
-948
2559
-2492
2403
2403
-3717
2994
-1416
-747
1633
-1592
-587
2092
-3260
1648
-3734
-3734
4968
-4923
2343
530
-3305
3447
-1694
-815
2249
-744
1094
1094
1438
-2054
2409
2813
-2900
2678
2390
457
457
4926
-3399
4640
1163
-1212
3745
863
2747
2747
1540
706
2703
4183
4183
-1262
2221
3020
1179
1179
3274
-871
1348
2384
2302
2302
431
431
869
882
-407
764
513
-479
-479
711
711
-1842
474
474
-1398
-414
525
-1390
458
458
-1431
805
-1642
-1642
2393
-1447
-1220
3401
-2762
774
1735
-1931
1364
-1003
-1003
2188
-1255
2354
2354
-2992
2320
-821
-1016
-1016
1314
-624
-1822
3019
-2324
-1202
-1202
1545
-1412
-857
1622
1622
-2021
-1495
4685
-5354
2501
940
-1518
1645
-496
1256
1004
1004
-1081
3325
-982
1204
1032
999
549
627
1906
-487
2522
1152
1152
844
586
2089
1095
1095
2684
-426
941
2378
576
447
2148
1448
676
676
2568
-851
1386
876
641
465
465
1207
-1526
1355
-1289
-1289
1169
-1356
-1356
920
-1037
-497
-399
-2315
-2315
845
-475
-1632
544
-1790
-1790
2239
-1856
-537
1359
-964
777
777
-1474
744
-1877
-1877
1707
-701
-1791
2171
-1763
-972
452
-2352
-2352
1759
-2685
609
-1640
-1640
-628
-628
-678
-2491
-2491
3031
-3597
-1155
3937
-4450
473
1092
-1155
-1118
954
-1439
1222
-454
-724
1173
-1159
-1159
1540
-492
913
913
688
688
-910
2824
-895
-957
3450
-1018
1892
1892
528
1420
1420
2099
2099
-1003
1757
711
1505
1505
884
884
1523
-2172
3244
-1499
1287
1287
-1107
-810
-810
518
-484
-906
861
-1165
-1375
-1375
646
646
-1976
507
-931
-931
-412
-412
-542
-542
-657
-657
626
626
-1130
-799
-799
577
-1066
456
456
-829
-1508
-1508
834
-1050
971
-1443
613
-1090
-1090
965
-1570
-435
846
-1992
735
735
-2345
1003
-707
-732
-595
1239
-2155
980
825
-1511
699
1317
-1528
1703
1703
-1574
919
1678
-1300
2160
902
902
776
776
693
582
1779
1779
-1067
-1067
2702
-845
503
503
789
-621
761
854
854
-1723
1570
-405
-1206
1010
-729
-729
657
657
-1016
554
554
-1494
-1494
1788
-1583
-597
-597
-714
-714
-614
-614
-478
-478
401
-1703
875
-651
-992
-452
966
-1498
-828
1213
-772
-1628
959
-1562
-1562
1789
1789
-2963
736
-1711
-1711
-531
-531
-1439
1380
-2441
646
-848
-2075
641
-820
-2262
435
-753
-1763
-1915
-1915
-1342
-1342
-1361
-1361
467
-629
-547
401
-944
1222
-1337
498
-611
-611
1747
-1721
1188
-458
-458
497
1008
-1581
1789
-395
-395
995
-602
-1094
1658
-1463
-805
-805
-400
-400
-425
-1107
-1107
-623
-623
-634
-634
-582
-582
-721
-721
-664
-664
-1198
-1198
577
-1029
-510
-408
-1869
-1869
692
-630
-1311
-2300
-2300
-2165
-2165
-1625
-1625
-1745
782
-2328
-803
-1283
-2195
-2195
-1229
-1987
-1987
-478
-1575
-523
-604
-1282
-408
-1644
820
-1447
-1407
1896
-2393
-1122
2720
-3493
1026
-875
-875
-708
-708
461
-751
-1024
-1024
1109
-1104
-681
749
-1495
-626
-626
-544
-1304
-1304
-635
-635
-1018
671
-1224
491
-1192
502
-552
-467
-402
-402
-488
-608
-608
-478
-478
-443
-443
-640
-640
-816
-816
1104
-1765
1132
-725
-550
875
-1404
694
-1022
775
-1177
640
-593
-763
893
-1679
1307
-1806
454
-1107
-1107
-441
500
-1201
-687
561
-1382
-787
-879
-879
-1237
-809
-458
-727
-1374
-754
-754
-1637
-1110
-1110
-1072
-829
-829
-930
411
-1302
-651
805
-1806
848
-506
456
-1162
1320
-1361
548
-573
-573
402
-635
-1162
-1162
1226
-1321
546
546
-655
-418
-418
-542
-542
-835
-835
479
-407
-1026
1168
-564
-838
-818
-818
708
708
-952
588
588
-701
-417
569
-731
734
734
-625
-790
-790
973
628
628
-467
-467
609
-508
-463
-463
537
-1465
-1320
-1320
-399
-399
-1574
-610
-610
-1563
-1487
-1487
-1700
-1700
-1446
-1446
-812
-1071
-1071
-742
-411
-1575
-1575
575
575
-2390
1381
-1042
-446
-424
-425
-425
-860
608
-1455
-781
-781
-851
-851
809
-856
-669
1572
-1577
517
517
-1036
490
-573
-573
662
-418
-418
701
701
413
413
473
473
446
446
725
725
932
932
-778
591
742
742
491
491
637
637
-804
438
487
-682
398
-748
-748
-1221
-1221
486
-919
-919
533
533
-1503
-621
-621
-446
-985
-985
-720
-720
-662
-662
-556
-556
-651
-991
-991
563
-854
-952
-952
573
573
-765
-705
-705
432
-448
483
483
609
609
-554
911
520
520
867
867
736
736
1005
-1288
1900
-674
-674
1612
1075
-885
1675
1010
-457
1022
1084
1592
1592
508
1919
1919
679
679
799
923
1557
1557
951
951
1374
435
435
1666
437
437
1170
940
940
1179
1179
821
821
465
465
550
761
631
631
455
591
537
537
1040
1190
1190
464
464
1128
1128
1228
1228
478
478
713
713
885
885
461
461
-697
957
-650
-650
1225
1225
-1299
888
973
973
-659
-659
1303
479
479
980
980
1278
1278
502
502
591
417
953
953
594
594
671
990
990
678
669
669
1351
-439
1548
568
1397
1397
528
705
1111
807
458
1458
433
1156
741
756
1478
1037
1037
1173
814
511
1603
565
565
1386
635
635
1020
415
1515
1515
560
560
954
659
659
733
1256
1256
990
990
645
645
514
514
763
1034
1034
1047
1047
514
-745
915
557
-752
592
430
461
461
653
653
991
991
752
752
802
802
486
486
655
655
496
496
608
644
801
801
957
927
927
650
411
595
508
1078
528
528
909
731
551
550
1272
939
939
1243
407
1193
904
513
1385
680
683
1187
774
732
769
794
514
435
406
603
427
531
688
754
754
766
766
402
666
666
522
450
761
761
538
1043
1043
469
815
815
534
855
855
580
708
708
399
399
433
433
395
395
601
601
882
882
395
395
873
853
853
445
776
776
642
599
599
642
440
584
811
457
848
824
422
758
795
632
819
766
498
864
836
505
973
555
420
986
636
541
933
688
588
588
641
413
481
722
558
455
613
714
502
588
690
451
453
682
690
690
422
506
694
542
542
456
460
460
531
531
415
415
460
460
446
446
512
426
426
619
489
435
664
521
436
410
412
412
393
393
-406
-406
-459
-459
-441
-441
-431
-424
-424
-434
-434
-433
-434
-434
-440
-440
-424
-424
-451
-451
-421
-421
-420
-420
-545
-545
-443
-443
-437
-423
-495
-434
-434
-434
-430
-430
-407
-407
-426
-408
-408
-428
-428
-435
-506
-482
-484
-472
-452
-540
-551
-498
-494
-461
-564
-486
-511
-515
-448
-547
-492
-654
-683
-584
-509
-491
-485
-398
-451
-461
-461
-440
-440
-480
-406
-431
-431
-498
-399
-399
-495
-435
-469
-544
-498
-494
-572
-482
-536
-473
-394
-424
-422
-440
-502
-531
-467
-439
-483
-622
-551
-560
-528
-541
-529
-567
-583
-477
-492
-508
-541
-504
-529
-487
-403
-423
-423
-394
-393
-393
-433
-433
-400
-400
-478
-478
-463
-463
-436
-424
-450
-462
-533
-489
-521
-511
-573
-611
-581
-589
-606
-662
-677
-687
-606
-587
-576
-512
-591
-510
-515
-510
-566
-707
-628
-641
-495
-544
-601
-625
-572
-566
-637
-552
-660
-513
-520
-438
-435
-592
-563
-563
-538
-515
-472
-456
-420
-420
-508
-420
-478
-448
-575
-575
-506
-462
-416
-416
-483
-412
-405
-442
-407
-407
-499
-401
-401
-417
-466
-466
-453
-454
-397
-397
-436
-436
-418
-418
-443
-396
-432
-520
-443
-518
-507
-505
-505
-540
-645
-605
-602
-625
-583
-534
-562
-520
-508
-531
-532
-455
-405
-405
-440
-537
-547
-503
-426
-486
-432
-470
-524
-552
-569
-594
-553
-590
-581
-635
-569
-535
-600
-610
-516
-500
-471
-434
-431
-395
-395
-396
-396
-403
-403
-424
-424
-419
-419
-408
-493
-493
-396
-421
-421
-420
-420
-431
-434
-393
-458
-430
-397
-397
-402
-402
-406
-406
-443
-573
-573
-475
-513
-599
-705
-716
-660
-708
-600
-576
-638
-687
-687
-729
-621
-747
-643
-608
-732
-732
-638
-546
-628
-661
-677
-638
-572
-610
-593
-568
-569
-553
-454
-512
-598
-552
-576
-500
-471
-446
-581
-540
-509
-550
-605
-546
-535
-556
-513
-633
-615
-518
-568
-612
-514
-494
-519
-504
-460
-472
-484
-484
-471
-409
-409
-421
-421
-396
-396
-443
-443
-397
-397
-414
-414
-478
-518
-515
-471
-465
-399
-399
-477
-411
-512
-541
-511
-637
-613
-546
-609
-645
-578
-642
-564
-560
-539
-529
-552
-570
-566
-543
-666
-632
-552
-613
-570
-623
-552
-556
-609
-569
-567
-613
-631
-658
-667
-557
-617
-573
-547
-617
-568
-479
-459
-500
-561
-499
-461
-616
-549
-557
-574
-454
-461
-463
-559
-461
-545
-530
-479
-479
-435
-435
-448
-448
-436
-415
-399
-417
-417
-426
-426
-486
-486
-420
-420
-412
-463
-463
-426
-426
-401
-401
-403
-403
-401
