-297
-297
-303
-228
248
248
349
359
310
225
-216
-216
-220
-251
-251
-276
-221
-265
-265
-371
-384
-303
280
280
323
290
214
221
221
214
-215
-215
-225
-225
-230
-230
226
226
257
277
295
325
379
442
571
739
793
600
-348
-348
-653
-694
-627
-495
-327
296
296
425
539
505
266
-239
-239
-227
-309
-309
-413
-347
306
306
400
413
371
271
-241
-241
-428
-555
-567
-491
-460
-455
-452
-369
-268
-260
-260
-355
-367
-308
268
268
354
456
547
640
740
844
994
1154
1369
1190
454
-653
-1440
-1685
-1675
-1621
-1186
-345
392
736
977
1385
1476
904
-440
-440
-568
-620
-754
-538
-235
-230
-230
-275
-275
-539
-525
-252
503
503
833
1005
1009
828
539
-458
-458
-807
-1077
-1018
-745
-441
217
217
286
-281
-281
-387
-444
-517
-606
-606
-524
-410
-295
237
237
301
227
-265
-265
-332
-334
-220
223
223
378
444
422
354
334
375
437
555
696
911
1098
1397
1374
836
-263
-1198
-1651
-1737
-1770
-1451
-653
664
664
955
1469
1763
1385
553
-329
-329
-585
-484
-242
-286
-286
-330
-307
-307
-597
-656
-455
244
244
648
909
983
868
657
408
-501
-501
-866
-989
-874
-673
-483
-272
-226
-226
-223
-246
-298
-362
-368
-371
-368
-321
229
229
361
361
550
735
937
1054
1206
1340
1612
1710
1183
-1244
-1244
-1904
-2064
-2038
-1829
-1020
569
569
792
1215
1637
1504
652
-394
-394
-406
-509
-432
-227
-227
-219
-335
-335
-767
-972
-848
-399
687
687
1115
1283
1140
831
482
-554
-554
-940
-1146
-985
-686
-355
-284
-284
-303
-280
-338
-363
-343
-302
-331
-404
-416
-378
-317
-249
232
232
252
262
262
424
526
658
741
798
813
915
1097
1390
1641
1342
425
-832
-1657
-1993
-2038
-1929
-1323
-487
554
554
1008
1537
1629
1049
310
-256
-256
-349
-361
-268
-268
-293
-284
-284
-630
-913
-893
-509
587
587
1015
1192
1094
814
494
-397
-397
-786
-1024
-943
-680
-421
-274
-385
-385
-598
-623
-446
-226
-316
-316
-403
-473
-478
-332
221
221
328
277
222
222
372
501
646
865
1122
1362
1540
1778
1979
1559
327
-1233
-2205
-2491
-2450
-2246
-1446
-341
540
918
1319
1834
1884
1108
-483
-483
-600
-593
-545
-309
-309
-228
-282
-704
-1084
-1123
-693
555
555
1101
1389
1304
926
525
-221
-221
-640
-1006
-1198
-1025
-660
-234
-366
-366
-698
-840
-743
-499
-275
218
218
-268
-268
-294
-246
230
230
464
500
355
-223
-223
-268
510
510
863
1158
1440
1665
1918
2072
2340
2346
1480
-279
-2090
-2945
-3000
-2863
-2515
-1403
759
759
931
1467
2043
1918
751
-237
-473
-251
-267
426
426
663
288
-329
-456
-426
-764
-1432
-1668
-1339
-556
257
1176
1843
2093
1744
1181
677
297
-592
-592
-1058
-1288
-1107
-721
-292
-239
-239
-532
-766
-764
-563
-355
-268
-260
-260
-360
-412
-347
356
356
240
-265
-265
-317
-274
479
479
728
931
1112
1202
1239
1250
1433
1686
2085
2188
1455
-1714
-1714
-2580
-2791
-2776
-2517
-1544
-446
341
638
1303
1903
1890
1002
250
478
478
429
-499
-499
-666
-811
-1029
-1423
-1580
-1416
-712
1046
1046
1484
1623
1422
1025
574
313
-564
-564
-877
-785
-588
-466
-556
-697
-958
-1237
-1393
-1165
-711
-215
433
433
568
587
430
-231
-231
-528
-615
-511
-289
-278
-278
-372
-315
288
288
617
907
1135
1319
1471
1564
1663
1757
1992
2269
1794
413
-1401
-2527
-2861
-2860
-2741
-1894
-780
426
426
1027
1770
1933
1253
465
318
318
823
717
-337
-337
-486
-797
-1229
-1591
-1635
-1649
-1324
-372
885
1556
1535
1362
1233
928
399
-582
-582
-743
-526
-311
-557
-946
-1325
-1695
-1993
-1792
-1021
414
414
743
965
970
681
264
-308
-308
-528
-536
-267
222
222
-378
-378
-603
-605
-352
417
417
707
971
1247
1419
1549
1618
1707
1809
2003
2341
1950
614
-1260
-2505
-2962
-3062
-3030
-2142
-989
772
772
1643
1814
1082
416
362
309
234
486
1260
1253
469
-333
-464
-730
-1413
-2051
-2003
-1747
-1439
-686
614
1622
1680
1306
1085
983
619
380
350
340
-302
-302
-247
-422
-422
-1148
-1826
-2197
-2306
-2023
-1227
555
555
864
990
1007
841
420
-287
-287
-292
245
245
-434
-434
-695
-739
-610
-292
559
559
822
1001
1158
1344
1371
1377
1391
1613
1908
2364
2691
2097
486
-1433
-2678
-3089
-3295
-3102
-2087
-960
1019
1019
1863
1777
927
375
345
455
473
929
1666
1531
705
-439
-439
-771
-1540
-2224
-2301
-2073
-1545
-726
473
1384
1456
1111
857
809
740
610
569
593
368
-387
-387
-953
-1852
-2587
-2839
-2569
-1763
-782
915
915
1083
1012
776
552
306
336
336
314
-214
-214
-661
-916
-930
-650
501
501
781
1003
1203
1266
1311
1399
1487
1686
2007
2607
2665
1531
-328
-1961
-2709
-2995
-3192
-2620
-1652
-858
-443
967
967
1439
1121
568
317
357
645
1112
1785
1825
1325
704
-556
-556
-1229
-1694
-2013
-2399
-2300
-1387
-277
504
687
785
728
411
256
516
873
923
657
458
-288
-288
-782
-1261
-1731
-2326
-2512
-2079
-1311
-522
550
550
675
491
342
383
432
396
307
356
434
387
322
-586
-586
-859
-774
-465
256
256
575
810
947
1065
1273
1461
1534
1691
1929
2451
2685
2005
565
-1045
-2064
-2544
-2802
-2362
-1576
-1106
-992
-786
565
565
335
348
348
480
903
1890
2322
1786
1109
638
-641
-641
-1284
-1395
-1574
-1928
-1756
-999
-232
-232
531
531
1081
1050
802
660
378
-826
-826
-1211
-1618
-2021
-2072
-1571
-839
-351
443
443
585
608
673
676
521
243
-257
-257
-550
-674
-467
261
261
499
728
903
976
1045
1262
1514
1732
1854
2231
2372
1680
448
-775
-1439
-1926
-2365
-2057
-1431
-1110
-1187
-1064
-377
-449
-449
-452
219
219
360
853
1807
2075
1649
1305
1102
718
-692
-692
-749
-979
-1323
-1221
-745
-366
-562
-702
-573
-595
-697
-615
381
381
419
435
554
471
-378
-378
-543
-650
-926
-1002
-803
-494
-415
-527
-451
-444
-558
-543
-303
383
383
492
694
788
713
534
382
317
294
294
486
631
853
1068
1105
1141
1287
1489
1588
1672
1604
1108
244
-546
-884
-1133
-1397
-1314
-1013
-793
-982
-1006
-715
-638
-817
-783
-324
358
358
681
1291
1481
1257
1009
1002
827
286
-237
-237
-334
-536
-598
-447
-387
-691
-936
-971
-937
-978
-894
-533
280
280
334
-314
-314
-469
-543
-626
-683
-552
-349
-338
-395
-341
-331
-382
-485
-361
230
230
373
458
404
218
229
229
224
230
325
524
651
728
904
1108
1218
1258
1355
1570
1802
1954
1626
812
-844
-844
-1131
-1361
-1373
-1037
-773
-760
-916
-802
-691
-933
-1192
-1067
-693
-353
618
618
1145
1145
1046
1085
1171
975
573
364
-266
-266
-222
-288
-288
-682
-948
-1096
-1214
-1300
-1156
-822
-610
-474
-267
-328
-328
-341
-354
-377
-307
-273
-273
-353
-371
290
290
308
231
231
445
582
707
878
981
1060
1051
1028
1055
1099
1342
1482
1276
808
219
-529
-529
-861
-967
-958
-911
-934
-940
-794
-755
-887
-945
-904
-707
-492
272
272
595
749
828
948
1053
934
689
514
296
-220
-220
-426
-590
-709
-838
-1007
-1062
-1000
-967
-886
-729
-503
-300
-257
-234
-221
-247
-268
-235
293
293
432
549
629
738
837
976
1111
1288
1577
1782
1736
1367
863
421
-483
-483
-764
-887
-923
-1029
-1057
-919
-811
-839
-908
-865
-747
-632
-407
265
265
422
520
681
852
861
797
748
618
431
294
305
342
-368
-368
-574
-772
-840
-863
-967
-1013
-926
-753
-663
-648
-590
-522
-493
-448
-257
296
296
424
454
417
406
413
348
246
244
292
268
-258
-258
-334
-269
286
286
341
485
650
882
1143
1355
1540
1556
1413
1075
684
333
-374
-374
-447
-511
-543
-565
-614
-672
-792
-903
-935
-843
-661
-485
-292
251
251
314
360
401
390
306
-246
-246
-339
-406
-462
-536
-585
-578
-553
-559
-624
-636
-576
-491
-382
269
269
328
363
259
236
236
267
267
272
238
395
-245
-245
-216
-226
256
256
375
464
620
643
685
821
871
936
859
692
623
426
261
-249
-249
-231
-220
-244
-311
-390
-439
-547
-598
-533
-506
-481
-428
-342
-226
-241
-241
-283
-364
-418
-376
-386
-381
-295
-299
-271
282
282
238
238
288
288
-303
-303
219
219
316
332
332
305
270
390
340
284
401
349
346
346
320
353
233
263
250
-242
-242
-258
-258
-350
-343
-299
-341
-446
-373
-300
-214
-233
-250
-250
-321
-321
272
272
276
327
358
344
440
326
360
247
344
-237
-237
-266
-266
-286
-286
258
258
241
241
340
242
242
-252
-252
-244
-370
-421
-307
-307
-294
-300
-300
314
314
473
473
325
325
305
-280
-280
-383
-383
-263
-263
-216
-216
264
264
228
228
216
-272
-272
-395
-395
-325
-455
-455
-228
-319
-364
-331
-331
264
264
319
319
233
233
245
245
-223
-223
-225
-225
-332
-332
-260
-260
-306
-306
239
249
249
397
397
215
215
-315
-315
-283
-283
-254
-329
-329
-244
-244
262
262
281
281
247
247
234
234
250
250
-284
-284
-220
-220
-239
-239
-305
-305
-374
-374
-384
-384
368
368
362
362
272
272
-303
-303
-260
-260
248
248
325
325
228
228
253
253
-400
242
-267
-466
-466
-275
-275
225
225
262
262
-237
-237
245
245
-282
-282
286
286
223
223
221
221
223
223
-233
-233
287
287
297
297
304
304
378
378
248
248
-222
-222
237
237
257
257
-219
-219
333
-261
333
276
276
290
290
215
215
-253
-253
-309
-309
317
317
-253
-253
-294
-294
-260
-260
-324
-324
-256
-256
-313
-313
-412
-412
330
330
-226
289
289
289
-302
300
-249
-385
-385
-252
-252
-440
-440
-277
-277
-246
-246
245
245
-319
-319
-242
-242
-227
-227
335
335
-240
307
294
294
344
344
-226
-226
-256
-256
-251
-251
267
267
274
274
341
341
-258
-264
-264
-370
-370
-284
-284
-377
-377
-238
-238
255
-255
-255
375
-322
219
-336
-336
-240
-240
-235
-235
234
234
-280
-280
237
-482
-319
-319
-223
-223
309
309
-244
-269
-269
218
-394
-355
-355
-225
-225
-219
-219
-260
-260
231
231
-298
-298
-221
-221
268
251
251
-388
373
-275
-457
-457
224
-350
-297
-297
-331
-331
249
-257
-257
358
-321
247
-247
-247
-233
-233
-243
-243
-277
-277
-367
-367
-221
-221
-322
-322
234
-255
306
306
-480
436
399
399
-365
294
-221
-221
347
-335
-391
-391
267
-406
-493
-493
267
-287
285
285
-224
284
224
224
-398
-252
-252
-415
-415
-358
-358
321
-353
237
237
-219
-219
284
284
-525
361
-217
400
400
-556
344
-311
-311
-274
-274
-389
-389
267
-400
218
409
409
-369
359
-258
-258
-287
-287
-233
-233
384
-293
-291
-291
471
-331
-254
-254
-397
-397
-330
-330
358
-391
216
-242
-242
-371
-371
262
-367
-360
-360
314
-294
271
271
-228
-228
-340
-340
-590
-590
-275
-275
-217
-379
-379
292
232
232
301
301
415
415
233
233
258
258
-279
-247
-247
-323
-323
-288
-288
350
350
-228
-228
254
254
-221
-221
-361
-361
-511
-511
-258
-446
-446
223
223
-352
-230
-230
-248
-248
-259
-259
-266
-266
-471
-471
-321
-321
232
232
-358
254
-334
-334
-294
-294
-259
-259
227
227
-232
-232
-221
-221
-220
-220
-281
-281
247
247
281
281
319
334
374
411
534
545
547
597
526
500
367
237
-264
-264
-340
-319
-438
-441
-538
-542
-508
-539
-457
-427
-354
-319
-316
-266
-266
-279
-258
-276
-216
-216
291
291
346
448
533
529
704
702
785
890
884
1106
1190
1270
1246
1002
715
377
-218
-218
-395
-478
-476
-524
-493
-384
-486
-474
-562
-707
-657
-716
-523
-326
284
284
346
364
352
362
255
-262
-262
-436
-543
-664
-764
-763
-902
-853
-845
-784
-624
-566
-479
-409
-395
-288
-226
312
312
343
388
395
388
350
318
232
273
236
279
319
225
228
231
231
287
450
685
850
1140
1418
1652
1702
1389
865
368
-362
-362
-522
-451
-292
-240
-327
-327
-537
-785
-917
-922
-772
-467
215
215
402
505
566
648
592
562
469
357
225
-273
-273
-501
-811
-957
-1035
-1046
-1048
-1020
-903
-718
-636
-600
-598
-609
-580
-485
-269
230
230
366
332
267
290
290
279
342
401
304
304
573
858
1074
1336
1592
1899
2063
1857
1169
339
-299
-731
-936
-1002
-707
-505
-424
-441
-389
-300
-592
-871
-1132
-1055
-892
-574
489
489
758
740
798
927
976
893
728
528
280
-268
-268
-506
-760
-906
-1032
-1157
-1153
-1108
-1070
-975
-733
-427
-237
-264
-326
-387
-370
-254
328
328
282
273
273
316
236
443
443
723
1054
1343
1577
1947
2274
2500
2139
1277
-588
-588
-1092
-1380
-1369
-1064
-696
-553
-519
-405
-311
-502
-928
-1105
-1023
-741
-356
214
825
1118
1125
1120
1228
1286
1108
738
381
-417
-417
-576
-546
-439
-559
-804
-1024
-1135
-1162
-1152
-1076
-942
-810
-676
-418
-240
-240
-280
-223
-225
-225
-231
397
397
450
389
337
337
665
1027
1358
1711
2012
2332
2667
2708
1847
525
-704
-1530
-1927
-2060
-1737
-1070
-535
-444
-436
-285
-273
-658
-1031
-1034
-768
-372
758
758
1348
1531
1429
1355
1346
1148
665
-405
-405
-916
-1146
-1126
-949
-713
-803
-1008
-1116
-1030
-979
-816
-646
-407
-277
263
263
366
-314
-314
-407
-434
-363
-262
-290
-290
-463
-474
-477
-408
-318
-218
270
270
486
628
657
507
267
231
231
518
873
1233
1638
1918
2208
2435
2648
2360
1305
-1349
-1349
-2016
-2304
-2168
-1616
-772
-298
-458
-458
-697
-698
-407
343
343
974
1533
1702
1528
1370
1116
720
-628
-628
-1109
-1416
-1527
-1430
-1107
-876
-798
-861
-799
-683
-595
-469
-397
237
237
-353
-353
-595
-688
-719
-721
-615
-543
-599
-571
-609
-460
-334
-242
312
312
441
550
506
424
241
284
284
563
825
1166
1448
1763
1945
2098
2264
2182
1491
290
-951
-1779
-2138
-2183
-1812
-1021
-367
-389
-389
-483
-426
-216
449
449
1096
1508
1513
1282
983
523
-793
-793
-1291
-1548
-1632
-1570
-1259
-848
-469
-319
-252
-218
-218
-300
-231
-277
-277
-525
-711
-931
-1005
-1057
-867
-663
-447
-267
240
240
379
437
456
389
327
229
233
233
435
627
900
1191
1499
1718
1921
2004
2127
2126
1570
564
-601
-1425
-1911
-1989
-1765
-1067
-398
-291
-291
-503
-449
-327
253
253
804
1334
1349
1156
803
364
-826
-826
-1238
-1463
-1435
-1401
-1029
-587
-229
-229
-448
-593
-897
-1002
-1182
-1101
-1106
-820
-536
-293
268
268
253
323
340
339
279
399
399
515
815
1044
1389
1655
1777
1919
1912
2123
1817
1175
-1072
-1072
-1802
-2202
-2149
-1755
-817
-349
-256
-256
-412
-243
-345
321
321
941
1170
1137
917
516
-613
-613
-1028
-1493
-1506
-1533
-1256
-812
-298
225
225
370
232
244
-218
-218
-247
-354
-275
-356
-348
-604
-809
-1102
-1228
-1269
-1168
-844
-519
232
232
266
317
241
219
226
220
247
262
262
245
296
258
313
424
550
772
1021
1320
1525
1700
1782
1935
2149
1928
1213
-1102
-1102
-1904
-2332
-2267
-1787
-869
-395
221
221
-229
-229
-221
-370
788
788
1018
1049
885
566
-473
-473
-868
-1295
-1372
-1430
-1239
-827
-326
300
300
458
361
301
-318
-318
-425
-531
-644
-588
-627
-607
-805
-924
-1106
-1180
-1182
-977
-599
-259
239
239
360
336
340
260
240
229
229
313
290
335
378
524
723
1008
1309
1571
1773
1946
2071
2324
2098
1388
-1092
-1092
-1935
-2463
-2405
-2001
-1078
-536
264
264
-272
-272
-341
-583
-375
643
643
1035
1203
1157
840
529
-583
-583
-1144
-1363
-1540
-1460
-1053
-531
352
352
602
478
432
-382
-382
-565
-658
-813
-677
-632
-436
-513
-563
-835
-942
-1044
-918
-599
-263
255
255
473
428
523
410
343
244
232
232
239
372
327
417
450
590
747
1015
1298
1530
1724
1778
1925
2045
2212
1743
836
-494
-1524
-2302
-2556
-2353
-1705
-885
-499
358
358
337
281
-334
-334
-469
251
251
915
1085
1281
1040
743
241
-406
-884
-1441
-1600
-1781
-1450
-1099
-426
499
499
655
494
341
-264
-264
-618
-637
-774
-692
-599
-459
-338
-405
-456
-773
-830
-955
-694
-445
329
329
403
335
371
281
296
264
264
394
455
513
556
666
844
1090
1282
1471
1614
1699
1827
2058
1892
1336
-1156
-1156
-2101
-2680
-2673
-2366
-1464
-865
-360
432
432
502
409
-367
-367
-283
515
515
872
1086
1155
868
553
-536
-536
-1151
-1507
-1817
-1801
-1448
-984
-259
668
668
685
714
447
214
-411
-411
-603
-851
-763
-748
-477
-456
-376
-596
-744
-867
-868
-663
-473
236
236
419
460
531
459
339
224
296
296
346
481
531
656
812
991
1150
1292
1369
1452
1529
1727
1951
1720
1035
-276
-1276
-2215
-2520
-2537
-2037
-1276
-745
-250
482
482
636
755
511
269
-317
-317
507
507
706
949
866
647
290
-234
-669
-1271
-1544
-1828
-1624
-1300
-667
530
530
942
942
935
488
-398
-398
-745
-1085
-1211
-1088
-879
-529
-404
-240
-443
-527
-738
-740
-717
-560
-363
254
254
489
560
644
518
428
244
267
267
440
557
745
868
1051
1174
1300
1424
1576
1676
1922
1937
1526
561
-693
-1587
-2304
-2400
-2355
-1657
-1069
-500
537
537
644
714
410
-277
-277
442
442
618
824
666
517
-683
-683
-1093
-1348
-1499
-1248
-981
-344
629
629
767
823
700
355
-482
-482
-741
-1112
-1084
-1100
-820
-628
-475
-385
-471
-443
-528
-419
-389
-239
375
375
559
673
687
541
385
257
257
425
585
786
975
1185
1338
1446
1575
1663
1823
1969
1749
1134
-1107
-1107
-1992
-2301
-2356
-1977
-1275
-774
-271
372
372
547
746
567
297
-313
-313
-266
399
399
674
698
574
387
-246
-246
-772
-1019
-1311
-1224
-1025
-589
337
337
720
708
723
370
-379
-379
-735
-1038
-1200
-1115
-1025
-698
-563
-368
-447
-433
-497
-468
-432
-329
253
253
501
584
624
494
382
218
300
300
493
710
925
1112
1262
1443
1526
1628
1660
1766
1779
1414
670
-531
-1333
-2074
-2221
-2237
-1733
-1123
-614
498
498
626
772
539
305
-240
-240
-223
214
214
344
554
502
413
-321
-321
-718
-934
-1197
-1097
-980
-557
239
239
540
622
699
429
251
-237
-548
-971
-1157
-1185
-1100
-827
-639
-357
-311
-228
-228
325
325
470
484
443
336
221
259
259
398
585
787
1021
1231
1391
1514
1594
1656
1663
1736
1469
977
-1129
-1129
-1886
-2257
-2168
-1948
-1198
-797
-269
383
383
549
480
218
-294
-294
284
284
446
492
350
253
-545
-545
-776
-1026
-1083
-988
-819
-446
273
273
454
366
243
-427
-427
-740
-1078
-1108
-1153
-874
-701
-441
-349
-268
-235
-253
-269
-269
-267
-356
-324
-259
420
420
548
609
565
479
370
306
270
306
379
508
710
951
1232
1437
1604
1672
1715
1655
1660
1398
938
-1031
-1031
-1759
-2152
-2039
-1827
-1158
-731
-251
360
360
466
488
-284
-284
-267
225
225
344
452
370
321
-273
-273
-547
-784
-952
-879
-827
-505
-265
329
329
493
512
357
-273
-273
-562
-932
-1016
-1109
-941
-765
-571
-411
-374
-302
-320
-272
-326
-302
-338
-269
264
264
489
678
766
784
672
590
458
433
429
512
607
781
986
1200
1397
1537
1590
1623
1586
1582
1388
994
-788
-788
-1487
-1869
-1803
-1619
-1056
-684
-288
316
316
323
-353
-353
-356
-267
224
224
338
291
254
-436
-436
-652
-820
-779
-744
-487
-276
245
245
390
469
371
-477
-477
-872
-1005
-1092
-993
-864
-751
-618
-569
-466
-442
-346
-327
-299
-315
-253
282
282
504
682
751
786
742
681
631
569
545
565
604
709
848
1050
1227
1391
1460
1503
1487
1535
1401
1115
344
-513
-1167
-1646
-1614
-1557
-1080
-812
-505
-428
-266
-430
-430
-404
-302
322
322
320
335
273
227
-231
-231
-459
-674
-684
-694
-525
-374
-290
-290
-522
-826
-945
-974
-882
-768
-724
-631
-615
-529
-511
-422
-373
-329
-317
-240
331
331
523
689
765
792
767
716
695
633
587
577
596
689
811
1005
1165
1339
1411
1439
1494
1556
1460
1126
387
-379
-1009
-1368
-1415
-1359
-1020
-888
-711
-676
-498
-277
-297
-297
-343
-543
-434
-272
302
302
320
444
389
403
-319
-319
-493
-514
-566
-468
-506
-384
-351
-342
-342
-533
-806
-867
-893
-791
-746
-704
-657
-624
-527
-503
-379
-380
-358
-341
-248
293
293
464
624
687
724
731
735
695
634
604
593
632
735
874
1040
1175
1315
1381
1423
1453
1521
1475
1257
671
-606
-606
-1003
-1101
-1161
-981
-885
-815
-779
-673
-415
-329
-264
-361
-393
-496
-473
-259
330
330
406
540
545
490
333
-322
-322
-347
-461
-450
-449
-373
-303
-295
-295
-468
-654
-675
-661
-552
-495
-478
-461
-468
-433
-388
-378
-387
-385
-371
-263
364
364
466
525
588
597
613
610
613
582
599
655
742
823
934
1029
1081
1174
1215
1268
1298
1386
1354
1166
609
-484
-484
-758
-825
-871
-754
-739
-689
-659
-484
-322
-333
-378
-537
-518
-556
-398
283
283
310
387
250
-312
-312
-425
-420
-350
-387
-333
-306
-226
-313
-313
-438
-461
-508
-450
-394
-356
-344
-399
-450
-490
-524
-553
-501
-496
-447
-352
-240
293
293
330
397
462
510
552
583
603
655
691
745
814
863
919
972
1015
1077
1157
1233
1279
1260
944
440
-358
-358
-366
-395
-345
-296
-276
-284
-261
-226
-226
-325
-539
-632
-683
-656
-515
-356
-320
-320
-512
-541
-565
-461
-390
-319
-288
-220
-233
-233
-342
-377
-395
-335
-254
-233
-233
-277
-346
-381
-415
-418
-430
-427
-412
-351
-267
249
249
335
417
453
505
540
613
670
729
753
783
835
873
952
980
1074
1094
1137
863
575
286
258
258
253
330
320
336
304
327
294
-303
-303
-445
-584
-625
-593
-517
-462
-473
-430
-414
-389
-462
-535
-666
-863
-908
-932
-859
-792
-733
-648
-560
-481
-437
-383
-401
-355
-388
-341
-312
-247
214
214
299
408
500
556
622
687
770
845
870
897
923
946
999
1044
1160
1162
909
669
415
437
460
442
446
401
361
304
309
231
-391
-391
-549
-698
-707
-651
-591
-585
-559
-498
-430
-387
-416
-445
-579
-722
-813
-829
-775
-742
-662
-591
-469
-374
-258
-225
-225
-278
-335
-368
-414
-363
-305
236
236
304
363
414
498
575
688
795
881
954
988
1004
1032
1087
1195
1123
861
620
453
559
608
612
556
508
414
343
301
-303
-303
-538
-692
-786
-778
-692
-676
-673
-665
-611
-554
-565
-582
-631
-736
-863
-873
-862
-787
-745
-691
-612
-472
-361
-259
-215
-215
-253
-312
-330
-374
-372
-365
-304
-254
272
272
317
367
382
386
454
531
621
723
815
926
1013
1080
1159
1220
1286
1194
881
615
455
532
594
632
635
622
554
462
378
245
-259
-259
-513
-719
-833
-837
-747
-718
-708
-683
-612
-550
-574
-650
-742
-831
-949
-940
-894
-807
-748
-655
-591
-475
-363
-268
-214
-225
-275
-360
-355
-383
-335
-318
-271
-240
289
289
367
390
405
409
436
477
535
640
742
849
979
1061
1167
1246
1329
1279
985
721
521
538
577
574
600
641
609
516
419
297
-223
-223
-503
-713
-818
-865
-812
-793
-812
-784
-697
-585
-625
-703
-832
-882
-975
-969
-908
-824
-732
-637
-531
-455
-360
-315
-258
-292
-338
-393
-386
-371
-323
-273
218
218
258
298
332
392
432
456
458
486
532
597
665
750
854
942
1035
1135
1222
1333
1268
993
759
598
648
683
663
643
655
619
557
501
390
216
-385
-385
-605
-710
-729
-697
-745
-826
-820
-756
-664
-696
-783
-864
-919
-958
-921
-827
-741
-663
-587
-464
-358
-262
-278
-278
-352
-387
-384
-347
-306
-228
238
238
293
337
379
409
436
435
452
516
611
691
789
863
947
1033
1127
1229
1326
1384
1176
952
734
667
726
671
612
610
597
513
438
360
296
-425
-425
-591
-690
-694
-686
-764
-784
-809
-744
-725
-811
-919
-992
-1034
-1036
-965
-841
-709
-641
-560
-446
-332
-237
-245
-245
-306
-370
-394
-341
-299
-253
-216
-216
245
245
328
396
409
437
405
409
435
530
634
758
884
978
1090
1165
1256
1327
1429
1418
1193
985
814
819
857
798
699
672
596
492
398
316
242
-229
-229
-465
-560
-617
-601
-629
-748
-806
-827
-739
-760
-859
-979
-1046
-1124
-1106
-1008
-881
-748
-703
-607
-505
-377
-291
-261
-282
-355
-404
-395
-352
-318
-257
264
264
324
363
397
393
415
448
537
640
755
901
1014
1159
1234
1333
1398
1480
1343
1108
913
800
873
846
783
713
659
522
404
277
-447
-447
-623
-657
-651
-592
-653
-749
-816
-788
-723
-789
-887
-996
-1054
-1146
-1128
-1013
-892
-787
-750
-643
-517
-373
-302
-277
-316
-364
-364
-344
-272
-237
276
276
343
394
434
445
510
590
696
795
921
1065
1187
1317
1425
1526
1639
1560
1307
1089
939
951
948
872
820
761
622
506
369
260
-454
-454
-678
-749
-737
-654
-661
-752
-791
-789
-698
-705
-814
-903
-997
-1092
-1086
-975
-833
-743
-738
-675
-563
-443
-338
-280
-312
-394
-404
-374
-290
229
229
268
295
319
319
345
421
540
666
787
903
1037
1158
1301
1398
1575
1528
1333
1123
956
967
968
917
852
792
631
503
358
286
-465
-465
-744
-861
-893
-825
-814
-893
-921
-915
-801
-749
-819
-898
-998
-1110
-1132
-1048
-900
-783
-780
-762
-725
-621
-479
-415
-383
-465
-490
-471
-410
-316
-265
-219
217
217
267
287
294
287
310
377
477
596
719
875
1000
1128
1268
1408
1538
1462
1303
1094
978
1007
976
945
888
806
658
523
403
352
-356
-356
-661
-798
-886
-888
-897
-1010
-1069
-1039
-957
-894
-909
-969
-1037
-1127
-1122
-1060
-964
-876
-836
-799
-743
-618
-520
-463
-466
-532
-557
-512
-428
-310
-275
-235
-214
247
247
301
348
370
372
426
485
568
683
811
933
1088
1227
1414
1435
1308
1152
970
965
959
947
916
870
731
629
494
456
418
-440
-440
-634
-721
-787
-804
-898
-1031
-1112
-1068
-1025
-955
-991
-1055
-1131
-1203
-1117
-1000
-857
-813
-803
-795
-731
-622
-539
-474
-515
-566
-584
-536
-438
-339
-274
-234
-233
-222
220
220
275
340
391
423
453
507
599
712
816
930
1020
1103
1210
1368
1419
1347
1212
1024
984
978
975
974
908
768
609
451
399
405
-256
-256
-504
-587
-665
-650
-721
-859
-969
-1007
-1015
-987
-1000
-1044
-1131
-1242
-1197
-1103
-955
-862
-828
-805
-745
-637
-546
-501
-524
-564
-604
-583
-504
-410
-335
-292
-315
-320
-252
235
235
270
329
391
421
439
488
562
689
794
935
1060
1177
1307
1448
1447
1315
1142
936
911
889
896
922
852
666
504
361
345
338
-381
-381
-569
-630
-673
-638
-723
-876
-983
-1009
-1006
-950
-996
-1059
-1193
-1330
-1296
-1214
-1086
-1021
-1014
-995
-932
-829
-692
-565
-537
-569
-604
-595
-493
-417
-353
-337
-382
-373
-328
-232
277
277
338
433
489
495
512
533
620
738
874
1007
1137
1232
1397
1475
1389
1295
1075
1027
991
962
961
910
750
566
420
333
348
-341
-341
-561
-598
-655
-657
-691
-811
-930
-935
-923
-849
-856
-972
-1097
-1231
-1200
-1092
-1005
-954
-990
-1030
-1005
-919
-836
-744
-735
-818
-854
-780
-596
-422
-332
-293
-298
-322
-266
220
220
275
275
351
438
548
588
638
728
863
1016
1198
1343
1487
1591
1629
1435
1144
1040
1099
1229
1155
955
799
761
469
305
265
366
369
-491
-491
-696
-720
-762
-916
-954
-880
-907
-976
-915
-866
-806
-984
-1146
-1123
-1018
-855
-847
-851
-862
-830
-737
-630
-483
-429
-469
-628
-761
-743
-580
-438
-382
-380
-335
-280
-291
-221
-235
-235
-292
-263
223
223
238
238
361
514
617
568
553
628
797
967
1155
1303
1470
1578
1522
1284
1116
1317
1562
1429
930
516
578
884
805
718
595
460
-423
-423
-367
-542
-542
-1085
-1146
-866
-739
-754
-723
-803
-955
-1201
-1107
-778
-616
-736
-1027
-1040
-870
-662
-572
-537
-488
-594
-699
-718
-595
-429
-449
-602
-711
-687
-518
-424
-384
-265
-222
-227
-280
-269
243
243
341
533
660
661
583
614
838
1090
1241
1281
1331
1537
1585
1408
1199
1340
1671
1592
1014
482
581
1142
1119
635
305
-271
-271
-214
-214
-749
-1292
-1100
-451
-315
-790
-1118
-1108
-894
-870
-920
-803
-883
-1120
-1306
-1013
-513
-402
-660
-882
-766
-552
-519
-578
-604
-613
-673
-723
-618
-374
-285
-401
-571
-503
-300
-284
-343
-407
-349
-283
-232
258
258
238
389
389
659
759
719
676
811
1024
1142
1301
1458
1716
1731
1420
1216
1362
1749
1588
883
403
600
1301
1218
502
454
454
-371
-371
-826
-1143
-866
-338
-413
-1063
-1173
-798
-448
-640
-974
-879
-812
-920
-1083
-876
-498
-550
-821
-852
-534
-345
-498
-638
-593
-549
-669
-764
-654
-403
-420
-578
-657
-487
-251
-289
-345
-415
-389
-357
-292
445
445
699
678
620
715
972
1198
1250
1344
1515
1789
1727
1441
1375
1687
1900
1419
658
489
1074
1585
945
483
483
608
-284
-284
-234
-476
-965
-1132
-677
-354
-817
-1355
-1062
-555
-483
-908
-999
-662
-647
-985
-1131
-642
-259
-469
-793
-691
-320
-277
-480
-497
-431
-595
-834
-780
-442
-291
-578
-804
-672
-322
-220
-387
-463
-455
-425
-427
-298
243
243
570
648
530
589
767
972
1027
1104
1295
1531
1737
1571
1413
1499
1858
1879
1254
656
676
1331
1505
585
646
646
515
-317
-317
-220
-467
-922
-992
-495
-344
-945
-1270
-844
-465
-620
-1030
-851
-496
-679
-1097
-1048
-378
-587
-587
-858
-598
-246
-246
-444
-378
-389
-599
-735
-533
-323
-323
-728
-805
-568
-285
-395
-548
-494
-473
-497
-508
-289
290
290
536
498
534
728
923
1041
1092
1336
1595
1790
1581
1352
1417
1764
1825
1228
670
687
1324
1640
804
321
321
745
693
-367
-367
-245
-429
-924
-1130
-724
-418
-872
-1289
-939
-554
-626
-1021
-906
-557
-747
-1202
-1190
-471
-562
-562
-874
-617
-433
-433
-333
-268
-472
-738
-592
-615
-615
-729
-501
-215
-385
-581
-499
-470
-566
-679
-499
-329
-329
-231
417
417
399
394
596
813
909
966
1204
1538
1747
1557
1407
1521
1906
1887
1231
767
845
1447
1552
578
316
316
784
660
-346
-346
-278
-278
-759
-985
-609
-359
-900
-1336
-995
-590
-634
-1015
-889
-619
-781
-1138
-1019
-283
-627
-627
-939
-559
-409
-409
-339
-395
-395
-612
-426
-637
-637
-726
-430
-307
-307
-508
-428
-409
-515
-569
-316
-327
-327
431
431
360
381
612
823
887
969
1228
1607
1728
1404
1320
1597
2032
1753
960
687
1122
1795
1404
283
654
654
985
395
-403
-257
-539
-539
-1118
-1088
-496
-464
-1190
-1359
-839
-490
-734
-1078
-755
-605
-974
-1287
-877
-340
-340
-962
-949
-315
-220
-220
-497
-278
-456
-456
-624
-314
-279
-279
-664
-529
-381
-381
-475
-329
-378
-540
-568
-268
-273
-273
-368
315
315
374
231
343
646
828
829
938
1224
1628
1444
1226
1393
1809
1914
1121
641
896
1545
1721
579
468
468
952
784
-375
-375
-858
-858
-1160
-694
-250
-831
-1478
-1144
-600
-482
-977
-1020
-720
-832
-1139
-1088
-374
-678
-678
-990
-576
-471
-471
-448
-273
-273
-551
-488
-471
-471
-605
-329
-346
-346
-318
-261
-308
-413
-291
-293
-293
395
395
325
282
542
778
864
896
1056
1525
1392
1156
1279
1711
1916
1104
580
927
1632
1763
476
475
475
1004
723
-344
-489
-879
-879
-1204
-673
-824
-824
-1583
-1246
-620
-467
-1025
-1137
-806
-882
-1161
-1118
-411
-797
-797
-1141
-688
-445
-445
-469
-216
-216
-383
-337
-458
-458
-530
-263
-293
-293
-224
-224
-289
-299
-268
-268
343
343
413
305
331
705
814
861
870
1211
1485
1129
1050
1337
1775
1338
505
538
1228
1817
1030
889
889
977
-607
-607
-649
-649
-1242
-956
-249
-410
-1430
-1548
-880
-506
-811
-1193
-871
-801
-1130
-1253
-720
-508
-508
-1081
-876
-297
-297
-474
-436
-436
-479
-247
-247
-582
-307
-218
-218
-321
-321
262
262
280
280
601
510
271
580
940
1058
934
1086
1486
1293
1117
1259
1712
1417
563
413
1097
1832
1128
806
806
1033
-626
-626
-586
-586
-1336
-1056
-252
-252
-1360
-1644
-923
-414
-760
-1259
-981
-737
-1050
-1386
-954
-380
-380
-1065
-1106
-395
-581
-581
-391
-369
-369
-452
-217
-513
-513
-370
231
231
296
296
300
300
603
693
521
661
891
1050
1031
1232
1430
1223
1169
1346
1679
1178
494
554
1168
1635
618
-312
880
880
789
-338
-752
-882
-882
-1540
-1009
-515
-515
-1599
-1569
-782
-381
-909
-1271
-865
-764
-1112
-1338
-741
-592
-592
-1134
-911
-372
-372
-503
-224
-224
-512
-492
-273
-273
-579
-305
-269
-269
324
324
328
486
486
786
699
562
901
1192
1204
1141
1370
1397
1357
1337
1677
1526
752
522
933
1778
1336
-259
-259
582
1089
216
-919
-484
-349
-349
-1378
-1443
-443
-1285
-1285
-1900
-1221
-423
-677
-1408
-1162
-728
-883
-1386
-1172
-248
-267
-1053
-1217
-551
-724
-724
-451
-341
-341
-619
-380
-590
-590
-535
-331
-331
-244
-244
445
445
245
330
330
755
934
740
818
1101
1329
1300
1455
1389
1386
1405
1643
1680
877
578
854
1600
1558
-281
-281
448
979
443
-754
-598
-268
-268
-1294
-1556
-663
-1114
-1114
-1971
-1443
-569
-568
-1422
-1358
-802
-836
-1358
-1420
-489
-917
-917
-1352
-831
-651
-651
-606
-258
-320
-576
-493
-543
-543
-630
229
229
-332
-332
432
432
363
398
398
815
1004
874
893
1296
1501
1483
1545
1458
1661
1691
1833
1583
917
859
1150
1797
1407
615
615
1061
326
-806
-531
-387
-387
-1320
-1456
-523
-1300
-1300
-1944
-1325
-460
-582
-1462
-1325
-828
-828
-1340
-1274
-360
-230
-1012
-1362
-727
-749
-749
-662
-293
-315
-569
-494
-629
-629
-601
-407
-407
-230
396
396
333
426
426
816
966
928
992
1426
1581
1708
1459
1460
1802
1950
1924
1055
768
1082
1663
1845
545
459
459
1000
768
-455
-796
-1046
-1046
-1669
-1101
-724
-724
-1900
-1792
-876
-399
-1175
-1664
-1162
-812
-1060
-1525
-925
-622
-622
-1254
-1170
-225
-542
-542
-910
-577
-278
-469
-744
-451
-365
-365
-711
-534
-347
-347
-419
-238
286
286
295
295
709
987
961
827
1274
1590
1820
1498
1283
1788
2095
2137
1234
813
1214
1792
1978
707
518
518
1054
862
-298
-706
-961
-961
-1596
-1168
-287
-722
-1906
-1853
-996
-436
-1105
-1644
-1172
-851
-1115
-1550
-982
-568
-568
-1277
-1272
-317
235
-360
-848
-663
-374
-445
-613
-380
-473
-473
-764
-527
-357
-357
-414
-245
-245
297
297
551
551
942
995
887
1277
1565
1801
1272
1383
1889
2215
1852
839
955
1549
2163
1726
344
281
929
1220
569
-451
-369
-243
-243
-1095
-1342
-691
-1093
-1093
-1890
-1548
-776
-628
-1450
-1560
-1201
-1023
-1365
-1495
-691
-290
-920
-1402
-1034
-593
-593
-770
-515
-331
-476
-503
-570
-570
-735
-343
224
-420
-420
-382
321
321
387
262
262
637
1107
970
945
1211
1713
1528
1058
1413
2010
2186
1051
533
1129
2024
2123
595
781
781
1382
971
-248
-441
223
-785
-785
-1255
-737
-677
-677
-1670
-1514
-813
-494
-1179
-1527
-1182
-982
-1247
-1527
-945
-348
-800
-1318
-1203
-439
-586
-586
-818
-611
-460
-514
-624
-305
-411
-411
-664
-451
-316
-316
-326
271
271
445
284
365
632
1039
1098
1024
1219
1645
1510
1173
1355
1904
2111
1076
544
917
1867
2099
592
553
553
1219
964
-292
-521
-738
-738
-1278
-671
-567
-567
-1595
-1455
-667
-304
-1109
-1441
-1070
-847
-1175
-1537
-890
-230
-761
-1428
-1307
-404
-649
-649
-971
-686
-423
-572
-698
-342
-452
-452
-801
-532
-385
-385
-456
240
240
499
360
334
591
1068
1190
1081
1288
1699
1362
1266
1455
2067
1857
716
517
1118
2066
1606
773
773
1250
426
-724
-446
-295
-295
-1170
-1324
-482
-1127
-1127
-1712
-1254
-476
-506
-1399
-1320
-987
-862
-1260
-1368
-551
-312
-957
-1362
-995
-726
-726
-882
-671
-427
-541
-597
-254
-564
-564
-733
-455
-329
-329
-412
-239
308
308
437
519
630
839
1177
1371
1410
1735
1364
1376
1566
2021
2056
1001
663
964
1883
1960
450
495
495
1127
792
-414
-565
-949
-949
-1364
-731
-791
-791
-1656
-1485
-719
-376
-1129
-1366
-1056
-931
-1202
-1386
-639
-764
-764
-1313
-1117
-547
-547
-845
-649
-435
-533
-616
-229
-460
-460
-740
-486
-327
-327
-415
-220
352
352
475
397
476
836
1238
1360
1267
1704
1431
1344
1402
1902
2160
1115
632
858
1919
2118
525
575
575
1280
838
-486
-580
-1002
-1002
-1468
-734
-825
-825
-1728
-1489
-656
-439
-1340
-1485
-1024
-867
-1345
-1612
-722
-738
-738
-1402
-1150
-625
-625
-910
-598
-324
-481
-698
-271
-406
-406
-699
-493
-319
-319
-414
302
302
581
427
491
772
1333
1418
1407
1549
1301
1531
1522
1922
1711
984
806
1078
1982
1590
319
715
715
1227
529
-539
-436
-318
-318
-1074
-1300
-505
-1139
-1139
-1632
-1291
-465
-616
-1370
-1373
-1040
-936
-1390
-1328
-459
-328
-1036
-1366
-872
-780
-780
-848
-526
-227
-511
-580
-469
-469
-676
-336
301
-337
-337
-438
381
381
526
517
601
933
1459
1425
1554
1175
1253
1592
1795
1835
1009
748
934
1614
1802
613
509
509
1029
793
-265
-495
-890
-890
-1341
-841
-679
-679
-1572
-1504
-782
-409
-1169
-1446
-1112
-871
-1311
-1600
-870
-745
-745
-1403
-1256
-284
-579
-579
-950
-707
-334
-390
-684
-380
-322
-322
-626
-500
-347
-347
344
344
636
475
504
706
1362
1451
1488
1271
1119
1539
1654
1795
1147
786
865
1317
1778
882
402
402
878
924
-523
-523
-564
-564
-1134
-1019
-240
-420
-1272
-1409
-888
-306
-854
-1328
-1162
-803
-976
-1439
-1099
-336
-535
-1209
-1322
-597
-348
-348
-917
-839
-426
-280
-628
-557
-515
-515
-597
358
358
-247
-247
318
318
249
249
613
703
705
682
1214
1544
1685
1328
1040
1486
1754
1803
1007
688
874
1363
1635
674
385
385
831
741
-516
-516
-244
-683
-683
-1121
-997
-374
-569
-1307
-1362
-891
-386
-872
-1254
-1117
-856
-1021
-1397
-976
-313
-539
-1161
-1288
-545
-282
-282
-849
-849
-445
-280
-545
-460
-215
-255
-505
-508
281
281
-260
-260
276
276
343
295
295
735
776
748
725
1297
1647
1730
1336
1085
1565
1832
1792
965
660
874
1314
1522
556
325
325
692
620
-218
-592
-371
-333
-853
-1224
-1053
-437
-670
-1390
-1435
-966
-422
-934
-1321
-1213
-871
-1016
-1402
-985
-305
-508
-1108
-1230
-532
-246
-246
-791
-807
-355
-528
-528
-503
-430
-430
-541
351
351
-249
-249
-223
251
431
271
320
657
821
932
866
1339
1685
1878
1427
1172
1613
1983
1888
1006
657
928
1557
1592
455
361
361
877
602
-329
-626
-353
-309
-951
-1330
-1073
-445
-795
-1509
-1489
-951
-479
-1002
-1362
-1254
-1001
-1188
-1385
-933
-405
-759
-1206
-1156
-365
-446
-446
-876
-808
-332
-284
-543
-473
-241
-275
-530
-421
305
305
-250
-250
381
381
430
306
480
799
853
864
1010
1570
1838
1776
1182
1338
1832
2147
1676
824
803
1125
1752
1379
315
228
495
872
374
-390
-518
-334
-540
-1097
-1297
-944
-573
-1142
-1533
-1409
-891
-730
-1225
-1300
-1193
-1106
-1418
-1395
-759
-520
-1053
-1354
-1103
-221
-728
-728
-966
-812
-358
-481
-665
-482
-316
-374
-602
-372
214
214
-263
-263
435
435
431
331
566
860
994
960
1173
1646
1998
1834
1254
1493
1946
2239
1533
845
906
1409
1926
1152
256
337
731
963
-432
-432
-457
-287
-635
-1127
-1147
-741
-630
-1317
-1503
-1242
-706
-842
-1341
-1328
-1161
-1123
-1427
-1287
-703
-664
-1146
-1356
-987
-257
-257
-791
-994
-829
-367
-519
-563
-439
-367
-465
-600
-248
-263
-263
363
363
390
397
648
857
979
976
1368
1752
2070
1627
1312
1717
2207
2222
1276
911
1147
1796
1888
802
351
605
999
819
-311
-311
-250
-250
-795
-1099
-905
-517
-810
-1419
-1363
-1042
-711
-1094
-1345
-1270
-1206
-1413
-1545
-1066
-577
-977
-1426
-1381
-689
-557
-557
-950
-1020
-660
-440
-639
-508
-438
-450
-633
-557
-260
-260
215
215
304
274
423
730
852
849
989
1487
1898
2005
1392
1358
1837
2295
2004
1113
920
1228
1927
1724
627
429
691
1125
741
-781
-781
-944
-701
-364
-845
-1301
-1144
-812
-625
-1123
-1224
-1119
-1148
-1485
-1522
-869
-574
-1109
-1518
-1376
-539
-220
-783
-1106
-1110
-642
-592
-755
-577
-511
-526
-709
-515
-327
-327
337
337
322
247
438
775
924
857
1029
1479
1929
1820
1190
1377
1895
2273
1624
872
901
1420
1998
1304
414
470
809
1102
413
-366
-366
-830
-755
-460
-393
-1009
-1153
-902
-567
-662
-1120
-1086
-965
-1101
-1437
-1249
-637
-686
-1260
-1467
-1093
-312
-390
-961
-1214
-1068
-631
-723
-791
-710
-669
-701
-754
-395
-315
-315
-377
325
325
262
265
501
809
939
894
1198
1556
1979
1596
1183
1524
1986
2154
1284
789
932
1535
1867
881
306
499
831
866
-218
-218
-667
-923
-669
-368
-587
-1175
-1034
-719
-434
-796
-1063
-902
-838
-1108
-1287
-868
-408
-785
-1272
-1238
-692
-614
-614
-1003
-1044
-816
-571
-868
-754
-622
-679
-779
-795
-313
-261
-261
-437
-338
217
217
305
305
631
851
887
940
1397
1746
1991
1413
1312
1754
2194
2052
1129
877
1111
1781
1770
667
373
558
994
779
-228
-228
-247
-758
-888
-653
-366
-719
-1187
-999
-684
-437
-852
-1000
-849
-820
-1189
-1190
-675
-290
-810
-1248
-1095
-435
-571
-571
-945
-956
-635
-484
-765
-636
-599
-658
-784
-684
-299
-299
-516
-264
255
255
629
847
835
951
1411
1795
1885
1211
1342
1759
2195
1790
936
857
1158
1829
1492
473
410
562
975
530
-243
-243
-359
-875
-835
-596
-433
-919
-1205
-975
-653
-567
-1010
-1060
-894
-960
-1262
-1147
-602
-395
-958
-1228
-1036
-301
-665
-665
-928
-973
-558
-480
-699
-555
-650
-677
-759
-563
-300
-300
-482
219
219
323
636
804
864
1087
1499
1804
1812
1224
1432
1794
2184
1712
942
865
1157
1800
1387
505
382
515
885
451
-275
-275
-409
-858
-781
-592
-428
-905
-1151
-958
-681
-582
-959
-1026
-934
-1026
-1235
-1091
-655
-529
-1005
-1169
-1003
-363
-216
-709
-898
-942
-557
-560
-720
-576
-629
-612
-725
-539
-288
-288
-437
340
340
679
841
870
1096
1507
1808
1828
1226
1522
1843
2215
1680
938
914
1216
1813
1329
458
390
509
891
423
-241
-241
-330
-436
-864
-787
-649
-508
-951
-1160
-992
-727
-618
-975
-1055
-974
-1094
-1213
-1109
-663
-591
-1073
-1202
-1044
-383
-275
-773
-985
-1021
-607
-595
-731
-613
-703
-673
-761
-530
-355
-355
-485
217
217
362
362
710
871
851
1121
1536
1840
1778
1205
1584
1926
2229
1651
971
1007
1322
1841
1346
532
461
500
861
444
-234
-234
-386
-477
-795
-700
-639
-551
-962
-1113
-950
-712
-612
-947
-1020
-969
-1099
-1178
-1033
-602
-565
-1083
-1181
-1013
-332
-225
-770
-1017
-1073
-608
-559
-694
-659
-788
-729
-747
-499
-385
-385
-472
250
250
235
242
383
724
926
946
1227
1567
1892
1811
1301
1658
1996
2325
1682
1054
1060
1418
1934
1379
623
544
614
937
481
-326
-326
-453
-741
-605
-551
-542
-970
-1086
-853
-641
-608
-941
-1008
-959
-1097
-1152
-1010
-575
-593
-1062
-1148
-973
-320
-281
-748
-1010
-1084
-641
-628
-697
-720
-854
-825
-834
-575
-338
-338
-505
-577
-257
292
292
583
805
870
1203
1503
1804
1688
1244
1661
1962
2253
1613
1041
1072
1438
1897
1319
595
536
593
903
424
-327
-327
-486
-781
-600
-553
-583
-1018
-1113
-868
-669
-651
-963
-1007
-973
-1099
-1151
-963
-560
-616
-1066
-1127
-903
-318
-314
-747
-974
-986
-621
-602
-659
-701
-815
-832
-797
-555
-229
-391
-497
-562
-255
270
270
552
757
832
1181
1439
1775
1610
1230
1637
1919
2241
1571
1040
1060
1466
1932
1270
590
536
635
942
397
-304
-304
-492
-768
-566
-497
-552
-1040
-1083
-817
-591
-661
-995
-981
-897
-1052
-1128
-916
-472
-537
-1008
-1091
-842
-247
-247
-701
-933
-937
-553
-530
-569
-601
-779
-807
-780
-463
-367
-367
-509
-614
255
255
529
723
810
1166
1432
1741
1479
1195
1624
1916
2148
1438
1019
1053
1445
1836
1184
628
552
605
859
346
-354
-354
-555
-773
-508
-530
-616
-1080
-1062
-791
-615
-687
-1002
-951
-893
-1069
-1089
-929
-487
-583
-946
-1009
-792
-246
-246
-640
-851
-879
-510
-520
-539
-569
-751
-735
-751
-422
-369
-369
-469
-581
279
279
537
709
812
1169
1410
1696
1416
1177
1584
1903
2107
1366
987
1020
1462
1801
1085
602
519
622
819
300
-329
-329
-560
-756
-471
-521
-632
-1118
-1073
-771
-634
-724
-1028
-946
-919
-1088
-1097
-891
-457
-606
-976
-1016
-704
-238
-238
-607
-800
-752
-409
-437
-441
-482
-638
-651
-648
-299
-299
-299
-401
-500
339
339
606
746
854
1202
1426
1702
1430
1208
1610
1863
2091
1407
1043
1009
1374
1750
1178
685
500
542
817
402
-357
-357
-544
-721
-486
-556
-632
-1102
-1099
-856
-680
-730
-1071
-1030
-1003
-1097
-1157
-1049
-574
-645
-958
-1116
-867
-248
-250
-579
-854
-845
-475
-459
-434
-497
-638
-654
-689
-325
-214
-214
-367
-510
215
215
241
220
312
581
766
874
1191
1403
1669
1382
1133
1544
1852
2052
1360
973
960
1335
1687
1115
661
491
515
761
364
232
-338
-338
-566
-722
-444
-513
-608
-1093
-1076
-829
-672
-708
-1046
-1014
-1007
-1117
-1150
-1059
-632
-728
-1008
-1120
-906
-335
-364
-630
-831
-833
-518
-520
-485
-482
-596
-593
-658
-325
-261
-261
-411
259
259
296
393
626
757
892
1233
1453
1697
1433
1182
1545
1806
2067
1432
1066
953
1274
1656
1155
718
482
467
718
366
261
-314
-314
-507
-691
-425
-500
-554
-1046
-1069
-840
-685
-665
-994
-998
-1003
-1089
-1128
-1056
-676
-761
-1025
-1128
-969
-450
-433
-655
-873
-908
-628
-617
-542
-542
-645
-671
-732
-416
-252
-252
-449
267
267
329
356
558
715
913
1243
1452
1650
1514
1221
1567
1762
2053
1539
1114
983
1197
1631
1272
790
519
422
657
378
221
-340
-340
-527
-774
-503
-493
-507
-978
-1113
-890
-705
-614
-915
-959
-954
-1058
-1080
-1031
-637
-679
-980
-1086
-988
-471
-426
-652
-816
-904
-687
-673
-619
-532
-627
-706
-793
-512
-270
-270
-467
325
325
363
543
650
843
1203
1464
1622
1547
1223
1547
1746
2063
1678
1226
1063
1132
1607
1402
951
648
441
668
471
331
-233
-233
-404
-752
-523
-469
-390
-816
-1087
-919
-726
-514
-801
-902
-939
-1022
-1004
-977
-632
-607
-873
-971
-947
-462
-360
-547
-689
-817
-617
-604
-577
-510
-558
-623
-754
-589
-214
-214
-406
-228
307
307
333
495
596
777
1115
1400
1553
1603
1244
1446
1640
1976
1788
1302
1068
1013
1463
1446
1037
738
461
594
465
313
-327
-327
-775
-638
-490
-385
-704
-1103
-1002
-852
-603
-775
-925
-934
-1077
-1073
-1085
-740
-610
-867
-979
-1022
-590
-429
-537
-649
-790
-657
-659
-627
-532
-528
-639
-790
-704
-339
-229
-271
-409
-343
264
264
402
521
609
920
1232
1439
1558
1196
1294
1507
1821
1797
1324
1109
944
1287
1377
1060
836
499
517
410
278
284
-274
-274
-752
-708
-519
-418
-596
-1011
-998
-908
-648
-685
-846
-864
-1046
-1069
-1054
-765
-572
-824
-894
-1001
-649
-444
-512
-579
-744
-660
-654
-631
-542
-525
-594
-723
-714
-407
-262
-248
-344
-318
264
264
391
494
596
835
1148
1333
1542
1249
1259
1449
1685
1815
1383
1167
935
1183
1340
1083
899
590
525
404
285
285
-705
-705
-816
-597
-476
-501
-937
-986
-931
-705
-660
-793
-774
-952
-1025
-1057
-850
-538
-719
-753
-933
-710
-475
-495
-460
-624
-618
-637
-669
-549
-472
-497
-615
-697
-467
-303
-215
-248
-283
244
244
386
532
599
794
1030
1242
1519
1324
1252
1375
1553
1788
1453
1237
971
1116
1294
1102
968
690
564
405
303
303
-554
-554
-807
-599
-521
-414
-814
-910
-928
-747
-658
-731
-661
-831
-959
-1053
-883
-537
-650
-675
-859
-716
-467
-484
-428
-563
-545
-579
-654
-568
-494
-448
-534
-610
-448
-279
-218
-218
249
249
408
590
691
828
1048
1232
1515
1348
1262
1418
1527
1779
1464
1246
1054
1093
1268
1093
991
786
605
412
310
310
-433
-433
-769
-601
-584
-413
-720
-854
-897
-859
-720
-746
-629
-755
-920
-1052
-933
-572
-641
-601
-774
-708
-503
-533
-410
-512
-489
-517
-655
-626
-565
-475
-511
-585
-513
-388
-311
-286
-238
258
258
471
654
792
964
1104
1390
1365
1228
1391
1431
1721
1515
1251
1084
1006
1209
1094
975
829
613
428
-358
-358
-808
-702
-723
-516
-709
-873
-903
-962
-892
-891
-745
-722
-901
-1088
-1104
-757
-705
-620
-722
-759
-565
-637
-508
-518
-474
-442
-616
-679
-635
-525
-481
-518
-502
-408
-374
-335
-273
365
365
545
736
925
1066
1280
1334
1184
1360
1401
1650
1602
1308
1198
1003
1157
1148
1046
965
738
504
224
224
-656
-656
-694
-761
-619
-603
-816
-803
-941
-939
-936
-842
-679
-779
-954
-1104
-879
-777
-661
-603
-681
-495
-622
-551
-510
-459
-305
-441
-562
-618
-539
-458
-451
-419
-333
-312
-365
-315
275
275
446
664
838
1020
1197
1324
1171
1228
1333
1493
1650
1372
1265
1035
1012
1085
1007
1008
879
598
305
-398
-398
-641
-730
-797
-623
-760
-716
-783
-917
-957
-973
-758
-699
-797
-966
-965
-853
-787
-607
-633
-489
-548
-612
-544
-537
-348
-368
-481
-561
-581
-515
-490
-431
-319
-239
-319
-316
-263
243
243
376
519
713
896
1129
1266
1274
1147
1248
1289
1544
1524
1388
1214
995
1000
1002
989
1026
818
552
-477
-477
-591
-815
-742
-732
-787
-672
-814
-898
-997
-942
-742
-737
-831
-926
-864
-827
-707
-619
-558
-428
-535
-516
-516
-427
-324
-396
-451
-491
-456
-455
-431
-347
-220
-220
-231
235
235
379
443
593
719
974
1127
1290
1243
1172
1233
1267
1499
1478
1408
1190
975
959
957
984
962
765
500
-454
-454
-616
-859
-749
-832
-778
-716
-865
-910
-1033
-947
-793
-798
-867
-937
-868
-805
-652
-650
-570
-479
-542
-470
-509
-411
-354
-429
-455
-485
-443
-420
-416
-345
-266
-242
-240
227
227
329
419
562
690
896
1049
1190
1192
1087
1107
1158
1344
1397
1266
1061
876
836
855
795
794
662
433
-242
-242
-497
-665
-842
-791
-851
-858
-804
-878
-909
-1003
-939
-804
-819
-904
-970
-851
-764
-644
-686
-615
-508
-542
-461
-513
-377
-345
-392
-449
-472
-375
-358
-333
-324
-218
270
270
330
441
555
664
880
1039
1167
1197
1034
1084
1103
1295
1378
1262
1110
975
846
833
741
785
732
538
257
-468
-468
-541
-706
-716
-763
-907
-794
-845
-859
-917
-908
-796
-804
-871
-930
-802
-728
-621
-621
-610
-477
-505
-484
-482
-376
-279
-326
-430
-405
-351
-302
-291
-307
252
252
354
434
510
591
757
974
1024
1142
1080
1065
1105
1087
1223
1250
1198
1106
885
785
789
713
725
597
408
-333
-333
-460
-537
-718
-692
-827
-863
-820
-912
-883
-936
-889
-813
-814
-891
-893
-839
-754
-612
-642
-526
-500
-520
-451
-452
-311
-293
-292
-319
-282
-241
-236
238
238
319
397
455
512
583
716
826
879
1066
1056
1016
975
910
1129
1211
1125
1037
862
824
767
599
630
578
483
237
-276
-276
-442
-534
-683
-600
-776
-828
-810
-898
-903
-1005
-919
-787
-773
-887
-932
-862
-768
-624
-689
-555
-485
-510
-449
-521
-359
-273
-275
-254
-237
215
215
273
381
457
444
458
586
729
819
867
936
897
924
851
886
1017
1010
1000
882
711
703
545
521
473
349
295
-248
-248
-413
-492
-627
-630
-645
-812
-774
-911
-920
-947
-1020
-830
-809
-809
-874
-902
-864
-763
-702
-634
-500
-544
-487
-499
-437
-284
-308
-226
250
250
289
324
365
372
489
555
570
667
709
892
897
789
756
757
859
911
789
788
697
586
484
321
416
395
310
-359
-359
-470
-526
-609
-587
-747
-752
-764
-871
-900
-957
-818
-712
-743
-833
-818
-736
-689
-614
-620
-432
-379
-353
-309
-288
247
247
263
263
291
242
242
319
353
370
329
357
502
536
542
589
617
773
713
614
592
580
672
683
601
633
539
416
337
287
287
258
-255
-255
-393
-492
-513
-624
-617
-737
-718
-689
-795
-870
-946
-832
-724
-672
-728
-724
-685
-653
-551
-520
-339
-265
-253
-219
-215
275
275
236
236
248
302
266
256
248
307
312
289
357
360
434
418
409
489
517
606
509
446
427
442
564
518
510
482
344
303
-254
-254
-410
-455
-527
-546
-552
-654
-621
-646
-722
-757
-779
-662
-556
-574
-571
-532
-493
-403
-398
-338
232
232
256
258
240
243
281
283
238
238
284
262
305
226
234
228
228
298
298
250
242
220
251
350
363
373
302
273
264
277
346
357
318
-249
-249
-320
-417
-489
-511
-517
-489
-488
-490
-531
-562
-590
-526
-420
-368
-359
-354
-316
-252
227
227
272
227
309
309
223
215
215
-231
-231
-224
-276
-275
-352
-407
-352
-324
-311
-290
-295
-324
-315
-298
-233
220
220
-236
-236
-237
-237
-219
-219
-236
-236
218
218
267
267
322
322
389
352
351
352
347
343
387
365
358
353
351
275
287
277
-216
-216
-247
-237
-266
-297
-247
-270
-249
-253
-234
-282
-290
-271
-291
-277
-277
-229
-263
-258
-302
-302
-266
-266
-230
-223
-223
288
288
281
323
332
361
392
407
468
442
467
464
467
439
459
424
365
351
299
312
264
231
-258
-258
-270
-312
-331
-340
-350
-342
-373
-362
-390
-388
-378
-348
-315
-347
-321
-368
-364
-275
-351
-289
-313
-392
-214
-376
-261
-228
-243
-250
-250
229
229
284
284
216
314
388
322
419
408
418
404
402
436
382
425
440
385
384
331
344
255
291
-216
-216
-249
-249
-253
-262
-259
-275
-304
-305
-362
-324
-334
-346
-359
-387
-360
-397
-354
-374
-388
-308
-383
-322
-297
-253
-232
-241
227
227
247
247
345
221
394
284
357
384
339
489
296
404
391
393
393
257
262
259
-265
-265
-230
-282
-319
-267
-344
-338
-371
-395
-407
-389
-377
-405
-378
-370
-387
-304
-326
-296
-271
-251
-242
-216
287
287
279
279
310
323
323
294
256
286
279
243
249
257
226
226
-260
-260
-241
-260
-271
-278
-303
-272
-281
-284
-262
-295
-254
-235
-257
256
256
-230
-230
-225
-234
-234
-232
-243
-228
-245
-261
-261
-236
-236
-269
-269
-253
-253
-234
-286
-286
-239
-239
233
233
258
258
221
221
-251
-251
-245
-245
-242
-248
-237
-260
-260
-246
-246
255
255
-251
-251
-300
-300
-251
-354
-354
-230
-252
-300
-325
-325
-246
-246
-246
-325
-325
230
230
-219
-219
-268
-268
-227
-227
228
228
-231
-231
-218
-218
-248
-248
-287
-287
