160
160
-185
-185
-210
-215
-185
-179
-179
-201
-186
-161
159
159
162
166
163
163
168
189
235
285
348
371
288
-300
-300
-423
-485
-477
-386
-232
233
233
312
313
226
-159
-159
-182
-182
-227
-261
-239
-167
-199
-199
-258
-284
-272
-245
-217
-177
-160
-160
-161
167
167
197
226
276
317
355
400
441
407
264
-217
-217
-399
-526
-571
-532
-405
-227
220
220
273
248
-170
-170
-205
-247
-285
-274
-207
-201
-201
-251
-260
-244
-218
-202
-193
-178
-166
233
233
333
428
526
617
715
692
485
-261
-261
-575
-804
-897
-820
-582
-288
264
264
486
596
536
351
164
-207
-207
-312
-403
-404
-314
164
164
268
299
251
167
-180
-180
-297
-361
-378
-366
-348
-333
-309
-286
-262
-230
-180
-172
-172
219
219
268
283
234
248
248
409
563
694
814
946
1099
1066
673
-784
-784
-1156
-1247
-1165
-936
-510
359
359
618
831
911
718
292
-216
-216
-330
-510
-697
-692
-421
347
347
578
680
672
552
378
189
-277
-277
-531
-673
-657
-592
-655
-736
-758
-616
-344
177
177
369
451
406
235
-172
-172
-431
-628
-678
-522
-271
159
159
291
369
359
274
176
291
291
393
455
507
587
655
707
768
811
888
929
685
-960
-960
-1499
-1481
-1167
-826
-428
471
471
638
647
636
544
197
-280
-441
-206
204
204
168
-310
-310
-500
-597
-661
-764
-763
-490
494
494
714
678
536
331
-202
-202
-299
-418
-514
-507
-404
-330
-360
-428
-420
-325
-195
-202
-202
-286
-355
-350
-237
212
212
243
241
207
-195
-195
-230
-183
294
294
450
545
594
675
772
837
887
999
1181
1414
1503
1084
-1060
-1060
-1801
-2032
-1968
-1690
-1148
-473
556
556
913
1192
1170
769
327
242
242
282
205
-166
-166
-403
-550
-639
-818
-1040
-1105
-840
-312
181
475
596
619
554
408
272
-276
-276
-454
-554
-635
-786
-1008
-1098
-1023
-786
-491
-197
285
285
329
296
172
-201
-201
-381
-419
-319
163
163
-159
-159
310
310
446
525
635
762
896
965
976
990
1052
1154
1314
1345
925
-1149
-1149
-1808
-1926
-1749
-1417
-916
-256
342
726
969
1060
934
531
233
233
406
416
303
163
-362
-362
-620
-809
-963
-1100
-1040
-651
388
388
597
610
550
426
253
-321
-321
-545
-650
-704
-726
-819
-858
-744
-546
-303
237
237
272
239
-207
-207
-274
-218
210
210
259
176
-216
-216
-203
298
298
515
586
585
610
642
643
622
689
804
972
1185
1233
943
-814
-814
-1529
-1898
-1812
-1489
-896
-215
334
646
774
863
817
548
305
213
279
371
361
268
-170
-170
-464
-746
-877
-915
-916
-824
-558
-169
194
347
378
290
-191
-191
-286
-415
-554
-609
-688
-785
-827
-798
-631
-440
-230
188
188
277
253
-196
-196
-234
-184
253
253
301
253
178
179
179
407
624
735
806
855
938
1041
1105
1254
1508
1541
1020
-185
-1404
-2100
-2277
-1994
-1485
-749
537
537
856
971
945
708
222
263
263
507
527
411
165
-202
-508
-765
-899
-1036
-1125
-1012
-647
275
275
398
342
218
-159
-159
-359
-556
-675
-830
-953
-1014
-894
-597
-295
206
206
171
-204
-204
-238
-203
276
276
370
340
210
-241
-241
-317
-285
176
176
397
600
726
759
770
881
1049
1259
1474
1654
1837
1600
678
-754
-1986
-2502
-2429
-1920
-1209
-399
346
771
893
865
767
531
166
318
318
706
933
845
562
189
-272
-670
-968
-1106
-1147
-1119
-912
-482
317
317
330
206
194
194
215
-247
-247
-583
-833
-1000
-1072
-1086
-873
-541
-207
-221
-221
-227
193
193
338
413
411
266
-270
-270
-359
-379
-252
204
204
355
455
559
655
716
795
936
1185
1471
1686
1890
1804
1219
-1361
-1361
-2261
-2518
-2147
-1537
-872
-177
336
599
588
453
345
175
246
246
651
1070
1166
902
479
-396
-396
-748
-1033
-1174
-1214
-1088
-813
-442
-163
-163
-232
247
247
312
225
-229
-229
-512
-718
-884
-1004
-992
-853
-555
-276
265
265
378
436
446
384
238
-179
-179
-311
-347
-256
296
296
465
598
682
747
780
922
1097
1323
1541
1719
1792
1449
627
-606
-1657
-2151
-2130
-1725
-1177
-578
231
231
389
362
231
184
184
505
860
1124
1111
845
410
-380
-380
-661
-910
-1086
-1151
-994
-703
-378
-234
-234
-220
265
265
280
168
-177
-177
-352
-498
-671
-809
-876
-815
-601
-426
-257
-177
182
182
239
298
325
387
418
331
179
-218
-218
-322
-362
-261
375
375
492
673
774
780
840
880
1128
1387
1644
1916
1763
1207
-1127
-1127
-1884
-2214
-1954
-1433
-856
-251
275
275
329
225
352
352
728
1099
1221
1072
743
222
-159
-443
-696
-845
-1024
-1006
-837
-637
-363
-272
-281
-330
-407
-264
206
206
-209
-209
-320
-387
-519
-614
-729
-727
-615
-493
-328
-257
-233
-183
217
217
301
317
387
437
422
339
-179
-179
-247
281
281
388
554
666
708
754
724
804
972
1177
1478
1687
1616
1128
170
-774
-1426
-1727
-1603
-1340
-909
-517
-279
345
345
676
949
986
874
601
235
-235
-235
-396
-584
-774
-807
-777
-664
-528
-508
-521
-569
-550
-356
-161
-188
-188
-244
-341
-445
-524
-572
-526
-446
-352
-272
-257
-203
224
224
297
345
394
442
420
331
202
245
245
423
591
728
808
774
744
769
885
1077
1253
1468
1539
1328
750
-855
-855
-1266
-1324
-1143
-853
-470
-256
-198
-198
-192
237
237
555
830
948
874
731
442
-179
-179
-247
-368
-492
-544
-592
-608
-628
-665
-656
-660
-563
-374
-178
-220
-220
-260
-294
-313
-331
-385
-381
-357
-339
-312
-324
-299
-246
232
232
327
364
403
387
302
185
236
236
366
457
523
542
526
507
530
666
840
1066
1273
1458
1440
1121
591
-734
-734
-1153
-1197
-1001
-728
-459
-334
-298
-337
-420
-432
-348
-164
405
405
685
847
801
646
407
200
-192
-192
-271
-326
-375
-431
-499
-594
-697
-756
-753
-636
-458
-289
-200
-200
-266
-321
-373
-363
-311
-270
-229
-223
-240
-245
-223
-171
207
207
271
316
274
191
194
194
272
343
362
386
406
433
465
603
799
956
1069
1214
1346
1197
853
322
-198
-637
-957
-1004
-927
-699
-494
-403
-366
-364
-361
-349
-292
166
166
395
598
676
668
556
385
241
-191
-191
-247
-289
-337
-400
-508
-571
-605
-597
-516
-439
-330
-267
-193
-181
-181
-210
-274
-316
-331
-314
-236
-192
-160
210
210
209
162
254
254
353
457
491
462
399
379
450
633
752
968
1133
1299
1382
1105
799
351
-526
-526
-756
-789
-705
-658
-581
-572
-528
-508
-574
-522
-395
-187
290
290
506
579
494
331
-206
-206
-275
-400
-511
-625
-668
-589
-518
-439
-347
-291
-230
-258
-305
-315
-332
-275
-222
180
180
184
166
245
245
351
378
410
398
374
391
460
587
733
869
999
1081
1164
1135
955
673
355
-224
-224
-428
-522
-574
-614
-702
-702
-654
-605
-575
-521
-374
-216
221
221
286
243
160
-197
-197
-316
-453
-583
-594
-539
-492
-460
-451
-453
-453
-463
-444
-401
-342
-278
-208
184
184
196
209
243
259
296
305
352
442
539
671
784
891
998
1054
1028
932
759
573
318
-176
-176
-359
-469
-530
-554
-520
-477
-455
-400
-378
-309
-255
-230
191
191
177
164
-171
-171
-256
-348
-419
-469
-523
-546
-565
-556
-502
-466
-424
-387
-324
-235
173
173
202
232
295
360
448
547
622
710
784
812
770
682
555
365
184
-168
-168
-202
-216
-254
-280
-331
-397
-403
-402
-348
-250
-233
-233
-345
-427
-480
-486
-471
-421
-358
-312
-264
-214
-170
-178
-178
-164
178
178
230
243
231
236
177
177
187
254
276
380
448
492
463
477
441
383
354
298
279
274
330
321
309
247
191
-171
-171
-199
-208
-199
-183
-163
-163
-180
-180
-222
-262
-227
-209
-184
-177
-177
-160
-160
219
219
219
219
177
177
178
230
230
277
277
334
416
379
438
438
390
396
266
243
181
-183
-183
-233
-216
-204
-233
-176
-176
-168
-168
-165
-250
-250
-299
-299
-183
-183
-236
-236
-217
-217
-209
-209
-205
-205
216
216
177
177
175
175
-195
-195
-238
-238
-196
-196
254
254
227
227
290
239
310
246
285
260
280
280
-191
-191
210
210
-217
-217
-301
-301
-202
-202
-169
-169
-234
-234
212
212
299
299
239
239
-163
-163
-385
-385
-314
-314
-288
-288
301
301
229
229
199
199
294
275
275
204
204
165
165
176
176
276
276
160
160
306
306
-191
377
-182
212
-255
-255
-385
-385
-288
-288
-243
-243
-363
-363
-434
-434
-325
-325
-169
-169
233
233
-221
238
-295
308
-434
162
-276
-178
-447
-447
-677
-677
207
-439
-191
-191
331
331
-240
470
-242
355
-179
-179
-270
-270
-315
-315
179
203
203
175
175
173
173
-167
-167
-195
-195
-178
-239
-239
-232
-232
222
222
202
202
-339
-339
-364
-364
-205
-205
-163
-163
-200
-200
-360
-360
-176
-176
-212
-212
184
-236
259
259
-230
256
173
173
263
263
-163
199
-208
-208
171
-372
-269
-269
-176
-176
-204
-204
322
246
246
-225
394
-283
210
-354
-354
280
-574
161
-188
-240
-240
215
325
325
-190
240
240
-227
447
-410
380
-255
-255
-242
-242
-313
-313
285
-547
323
-247
-180
-180
247
-203
-226
-226
-181
-181
-246
-246
-306
-306
286
-290
201
-190
-190
384
-290
352
-236
-236
-355
-355
-179
-179
175
175
-184
-184
-205
-205
-396
-396
-246
-246
-250
-250
315
236
236
195
195
-198
-198
-234
-234
-192
-192
-194
-194
180
167
167
-160
-160
-294
-294
-166
-166
176
176
192
192
-265
-265
-241
-241
241
241
182
182
248
248
-220
-240
-240
-339
-339
-172
-172
-239
-239
185
185
254
254
-241
-241
184
261
261
217
217
168
168
-171
-229
-229
-222
-222
-164
-164
-163
-163
164
164
207
207
-196
218
-243
-336
-336
-400
-400
-216
-216
-178
-178
-168
-168
168
168
-161
-161
-171
-171
-196
-196
172
174
174
162
162
-206
-206
-237
-237
217
217
179
179
221
221
-228
-228
308
-348
322
301
301
-419
335
-273
-222
-222
-329
-329
-441
-441
-182
-182
-284
217
-323
237
-212
213
213
-503
402
-310
-319
-319
334
-441
266
-239
-208
-208
262
-216
197
179
179
159
159
290
290
-260
-260
298
-459
-304
-304
-378
-378
204
-286
182
182
-209
172
-214
-214
315
315
-203
304
-266
-241
-241
274
-412
294
-358
-219
-219
-266
-266
202
-253
278
208
208
-163
215
-172
211
-202
285
285
-194
392
190
190
168
-232
302
-189
-332
-332
-210
-210
161
161
-450
387
-217
225
225
-395
491
-333
252
-192
-192
294
-332
-200
-200
-305
-305
185
266
266
-254
284
407
407
-409
384
-217
-217
314
-514
320
-457
-287
-287
273
-448
-225
-225
163
163
-224
-224
187
-219
-309
-309
345
-376
307
180
180
242
242
-180
211
-270
183
178
178
-182
436
-249
305
167
167
-272
-272
-434
-434
283
-259
165
283
283
-426
583
-349
290
224
224
-226
239
-263
-174
-174
236
236
-183
-264
-264
237
-178
-207
269
-389
267
-168
227
227
-569
518
-424
338
338
-710
602
-456
168
-295
-295
410
-512
169
-598
-598
505
-414
243
243
-524
483
-400
217
-310
-310
478
-258
-271
-271
-189
-189
-342
-342
-164
-164
326
326
-387
332
-247
-292
-292
200
-250
-206
-206
212
-212
-199
-199
-214
-214
-199
-199
-185
-185
-199
-199
297
-487
349
-197
-211
-211
288
288
-499
233
-221
249
249
194
194
161
161
-225
-187
-187
-166
-166
-299
-299
218
218
-253
-201
-201
-163
-163
207
207
-228
159
159
-192
200
200
-179
-179
-210
-210
194
194
-272
-206
-206
-312
-312
-258
-258
-357
-357
-297
-297
240
240
202
202
222
222
-190
-162
-162
188
188
-438
-176
-176
276
276
-179
246
246
186
186
179
179
204
204
-201
212
212
-173
-173
-159
-159
166
166
206
206
241
223
272
240
277
249
291
314
253
299
245
229
198
167
-214
-214
-222
-262
-333
-294
-387
-305
-328
-319
-275
-251
-231
-186
-186
-165
-165
-167
-162
-256
-182
-311
-224
-291
-284
-201
-319
-177
-256
-169
187
187
182
244
268
282
365
354
417
440
440
498
487
544
609
646
743
726
817
690
651
453
295
-255
-255
-437
-428
-548
-498
-466
-461
-418
-383
-350
-328
-272
-212
-207
-205
-205
-275
-412
-478
-547
-598
-646
-669
-676
-639
-619
-535
-525
-396
-304
-263
-159
160
160
199
312
313
401
414
443
560
610
655
783
817
948
1050
1181
1291
1163
1011
574
161
-240
-606
-767
-837
-805
-697
-606
-434
-361
-298
-277
-321
-275
-260
193
193
260
266
286
245
246
-314
-314
-381
-500
-522
-628
-681
-719
-764
-719
-680
-618
-545
-515
-424
-343
-278
-183
-166
-172
-162
-189
187
187
263
293
323
317
394
524
610
834
967
1127
1279
1383
1588
1612
1494
1057
418
-221
-780
-1093
-1198
-1067
-843
-640
-425
-268
-162
-162
-204
227
227
397
527
577
508
539
427
361
202
-275
-275
-501
-673
-769
-816
-803
-822
-800
-714
-619
-442
-370
-287
-315
-314
-329
-285
-213
-207
-206
-282
-308
-363
-309
-310
-241
-245
-221
-178
174
174
204
198
259
266
300
234
286
319
413
612
795
989
1181
1322
1477
1603
1738
1564
1127
401
-342
-974
-1325
-1413
-1213
-898
-573
-344
-186
274
274
416
480
440
440
363
306
-453
-453
-733
-877
-953
-905
-817
-765
-688
-590
-438
-277
-199
-173
-173
-216
-271
-260
-205
-222
-251
-346
-468
-454
-485
-379
-323
-237
-201
-180
220
220
221
245
282
333
350
342
327
349
431
549
766
923
1119
1241
1352
1465
1621
1608
1351
706
-802
-802
-1305
-1512
-1463
-1147
-798
-466
-247
241
241
310
310
435
486
420
427
300
169
-402
-402
-701
-932
-1004
-963
-778
-607
-424
-317
-172
-199
-199
-303
-304
-312
-253
-331
-409
-519
-610
-565
-496
-352
-248
-175
198
198
257
270
267
265
329
470
637
847
1017
1216
1327
1457
1622
1690
1625
1170
434
-379
-1082
-1500
-1636
-1439
-1032
-637
-223
306
306
437
411
258
344
344
439
533
476
453
240
-349
-349
-764
-1041
-1157
-1109
-911
-632
-373
-255
-255
-401
-520
-536
-536
-518
-570
-600
-676
-659
-522
-368
-226
229
229
272
300
261
309
398
512
737
919
1159
1301
1477
1582
1757
1809
1609
1066
200
-611
-1303
-1640
-1714
-1378
-909
-397
260
260
464
533
451
193
-169
-169
324
324
502
555
461
356
-229
-229
-647
-1002
-1226
-1237
-1093
-769
-422
273
273
329
198
-282
-282
-440
-585
-589
-525
-489
-395
-493
-540
-627
-582
-456
-308
196
196
312
433
491
469
475
449
522
605
803
1046
1241
1406
1531
1638
1803
1756
1480
734
-189
-983
-1575
-1766
-1656
-1153
-635
309
309
374
345
200
-180
-180
-309
-240
300
300
465
465
352
-510
-510
-935
-1189
-1317
-1168
-913
-527
222
222
408
440
412
258
-243
-243
-468
-683
-769
-814
-761
-692
-658
-595
-579
-400
-255
200
200
288
385
450
424
483
522
640
763
917
1113
1248
1355
1494
1586
1811
1812
1526
784
-172
-1036
-1639
-1843
-1710
-1213
-652
-167
349
349
397
474
294
-159
-159
-384
-391
-340
400
400
411
299
-239
-239
-629
-1045
-1268
-1399
-1185
-909
-426
448
448
629
637
442
161
-216
-573
-776
-897
-806
-766
-578
-520
-512
-573
-582
-553
-423
-312
-191
206
206
360
501
608
641
581
535
512
545
672
856
1105
1319
1481
1643
1800
1857
1641
980
-843
-843
-1540
-1832
-1810
-1292
-734
175
175
351
491
448
358
-170
-170
-433
-534
-483
-241
332
332
415
360
177
-405
-405
-832
-1085
-1270
-1156
-883
-494
423
423
714
721
638
407
-225
-225
-566
-853
-1008
-1031
-973
-774
-648
-498
-484
-400
-358
-234
-170
-171
-171
-171
-205
259
259
385
506
581
599
601
580
652
668
836
1041
1249
1469
1614
1797
1898
1954
1680
970
-908
-908
-1524
-1794
-1660
-1206
-605
193
193
350
475
463
308
-267
-267
-459
-557
-426
-162
165
447
498
422
-488
-488
-844
-1174
-1286
-1158
-873
-404
538
538
712
740
533
283
-583
-583
-972
-1257
-1260
-1205
-913
-686
-421
-394
-441
-438
-464
-356
-322
-212
-258
-184
-203
173
173
280
359
568
620
692
651
656
662
712
889
1092
1368
1542
1712
1829
1993
1967
1637
859
-1010
-1010
-1570
-1747
-1580
-1048
-477
282
282
320
299
-212
-212
-494
-644
-610
-397
299
299
554
565
417
-503
-503
-862
-1148
-1246
-1076
-762
-308
503
503
580
439
208
-340
-340
-619
-855
-985
-1022
-1002
-868
-699
-553
-504
-517
-504
-445
-338
-245
-179
-168
173
173
275
349
396
483
593
670
681
678
702
745
853
1004
1253
1449
1598
1700
1740
1836
1810
1511
807
-918
-918
-1444
-1587
-1448
-1039
-540
-193
-347
-347
-588
-712
-654
-458
-159
188
410
481
332
-379
-379
-724
-1015
-1149
-1078
-819
-452
274
274
375
263
-347
-347
-594
-849
-994
-1046
-998
-826
-609
-435
-378
-409
-431
-436
-383
-323
-292
-284
-265
-200
247
247
361
428
446
501
609
681
703
710
722
791
900
1065
1281
1479
1612
1670
1720
1773
1682
1264
525
-343
-983
-1392
-1445
-1287
-878
-457
-214
-412
-412
-626
-717
-646
-382
266
266
411
493
330
207
-277
-277
-566
-857
-914
-879
-585
-292
292
292
328
192
-186
-186
-433
-623
-886
-980
-1030
-944
-792
-603
-471
-450
-452
-515
-488
-462
-370
-370
-335
-290
-180
288
288
365
420
395
442
517
597
613
619
675
775
942
1133
1359
1509
1600
1597
1596
1627
1548
1235
570
-205
-827
-1172
-1246
-1141
-850
-541
-345
-300
-238
-354
-354
-535
-637
-522
-350
202
202
355
441
369
291
184
-269
-269
-561
-744
-758
-659
-448
-224
-218
-218
-474
-728
-908
-969
-890
-734
-554
-435
-375
-386
-404
-450
-425
-426
-397
-374
-296
275
275
396
475
488
461
471
514
560
579
626
688
833
1005
1189
1376
1487
1547
1553
1574
1593
1556
1290
752
-566
-566
-956
-1133
-1118
-994
-754
-624
-522
-490
-387
-308
-380
-511
-710
-728
-674
-455
-226
205
205
317
397
378
372
256
-202
-202
-431
-561
-570
-500
-396
-240
-216
-216
-395
-605
-780
-829
-781
-637
-503
-407
-361
-371
-416
-451
-469
-462
-469
-485
-424
-303
275
275
414
491
540
556
616
618
617
619
658
749
890
1055
1257
1408
1518
1598
1628
1640
1603
1516
1171
684
-455
-455
-745
-882
-870
-827
-654
-614
-535
-554
-510
-524
-607
-726
-870
-853
-751
-496
-304
267
267
394
426
455
355
217
-240
-240
-380
-453
-436
-430
-372
-360
-328
-302
-329
-394
-535
-644
-761
-798
-750
-633
-494
-427
-399
-384
-382
-400
-424
-468
-506
-536
-478
-344
279
279
448
521
573
624
648
650
632
661
701
788
921
1047
1174
1273
1315
1383
1391
1396
1340
1273
1081
733
298
-371
-371
-522
-556
-572
-484
-453
-437
-538
-597
-671
-755
-818
-972
-946
-899
-684
-534
-363
-199
161
161
209
310
328
324
235
-226
-226
-268
-280
-295
-307
-384
-443
-513
-558
-598
-561
-505
-414
-406
-382
-383
-375
-349
-388
-397
-449
-467
-451
-337
-209
277
277
401
459
494
522
540
536
576
593
648
722
771
871
935
1008
1069
1090
1090
1063
1036
997
921
764
462
245
-311
-311
-435
-537
-582
-690
-784
-815
-816
-715
-628
-524
-414
-300
-219
-174
-174
-198
-228
-259
-306
-349
-395
-432
-474
-476
-463
-411
-388
-385
-405
-432
-453
-488
-495
-504
-473
-413
-307
-196
199
199
262
306
381
440
507
521
552
562
574
607
649
739
783
815
809
791
765
745
755
723
673
573
437
354
311
387
427
423
361
229
-224
-224
-325
-487
-604
-696
-699
-657
-636
-613
-599
-529
-449
-353
-273
-228
-221
-279
-369
-427
-469
-458
-483
-514
-525
-522
-477
-435
-416
-419
-452
-474
-463
-414
-351
-296
-271
-282
-272
-251
-215
-171
227
227
295
329
355
425
494
583
611
624
630
634
654
680
709
731
728
704
697
710
768
811
815
692
534
420
387
453
454
468
396
293
181
-257
-257
-478
-663
-803
-832
-805
-796
-777
-734
-650
-545
-447
-364
-340
-371
-441
-500
-531
-532
-502
-508
-505
-488
-461
-392
-379
-382
-384
-425
-446
-435
-385
-308
-251
-229
-208
-182
197
197
247
286
345
406
457
483
490
497
509
546
579
627
667
707
744
759
803
869
912
944
800
653
519
481
540
545
549
489
383
245
-277
-277
-506
-690
-820
-839
-828
-822
-802
-748
-686
-595
-506
-439
-403
-431
-474
-534
-543
-541
-490
-483
-470
-431
-387
-326
-298
-294
-297
-338
-371
-357
-311
-249
-221
-195
-196
-170
190
190
237
280
335
380
433
465
487
502
538
570
631
662
693
733
719
759
780
840
891
921
885
762
634
541
575
582
560
512
415
301
170
-222
-222
-445
-637
-784
-852
-851
-849
-850
-829
-771
-692
-599
-535
-497
-498
-553
-620
-660
-662
-610
-598
-587
-529
-465
-367
-325
-311
-308
-335
-366
-347
-320
-248
-202
-173
-160
159
159
205
225
249
296
356
426
464
485
511
517
545
582
624
667
686
704
710
761
826
891
938
935
818
716
591
569
626
622
587
509
409
291
177
-255
-255
-470
-640
-729
-747
-750
-762
-768
-714
-627
-550
-484
-475
-486
-533
-637
-700
-712
-697
-650
-661
-615
-527
-445
-389
-358
-356
-381
-397
-410
-376
-315
-257
-219
-201
-174
161
161
177
186
217
275
347
387
408
421
434
460
498
526
562
575
581
598
643
724
825
878
956
932
818
704
604
628
625
588
535
471
376
275
-333
-333
-561
-703
-776
-793
-825
-867
-834
-778
-687
-616
-604
-614
-658
-746
-828
-863
-843
-786
-751
-704
-598
-475
-378
-328
-313
-325
-336
-378
-360
-330
-250
-187
198
198
212
250
315
382
435
455
456
469
480
518
544
582
616
625
657
686
748
861
928
1012
1001
864
767
631
648
669
622
587
518
423
334
230
-254
-254
-519
-700
-783
-821
-849
-909
-898
-853
-786
-701
-686
-679
-712
-794
-863
-877
-835
-752
-708
-637
-532
-411
-317
-253
-220
-212
-224
-283
-272
-243
-181
220
220
306
373
390
381
381
405
440
507
565
631
671
708
773
843
929
972
1022
989
846
746
639
665
665
621
570
501
384
293
177
-311
-311
-519
-667
-719
-757
-795
-850
-849
-830
-775
-713
-712
-731
-765
-843
-892
-870
-838
-748
-727
-653
-527
-418
-311
-278
-264
-251
-262
-290
-268
-221
-167
181
181
273
370
435
456
452
458
476
525
602
667
730
761
808
861
954
1032
1083
1091
940
809
684
632
650
612
564
546
457
347
246
-202
-202
-459
-634
-722
-744
-768
-811
-835
-826
-818
-779
-758
-796
-845
-925
-998
-983
-959
-884
-832
-816
-713
-602
-500
-444
-425
-426
-407
-415
-386
-316
-243
-159
165
165
231
336
415
468
512
514
538
569
635
712
794
860
908
965
1035
1113
1165
1157
973
823
673
637
656
622
584
541
463
332
228
-200
-200
-461
-659
-739
-739
-767
-822
-858
-845
-848
-818
-808
-834
-897
-967
-1063
-1058
-1013
-947
-877
-876
-781
-673
-565
-495
-471
-472
-445
-465
-435
-331
-239
209
209
249
287
325
357
401
479
589
716
819
891
971
1045
1163
1243
1303
1129
961
818
747
777
749
695
647
577
452
379
264
221
-312
-312
-556
-687
-719
-745
-810
-855
-836
-826
-798
-784
-801
-872
-965
-1055
-1065
-982
-926
-835
-821
-741
-614
-523
-476
-449
-486
-464
-476
-465
-363
-268
-167
159
159
213
231
249
261
284
313
399
507
674
818
928
1005
1128
1245
1353
1309
1135
999
867
899
887
856
783
719
533
413
298
250
-431
-431
-639
-696
-736
-807
-920
-972
-963
-922
-844
-817
-831
-924
-1032
-1123
-1076
-1008
-936
-903
-886
-755
-618
-483
-423
-434
-462
-489
-518
-464
-381
-268
-188
185
185
175
182
182
234
259
284
298
346
379
387
383
373
391
445
522
638
773
879
984
1075
1181
1263
1148
1049
860
829
864
862
854
813
707
554
439
322
310
-396
-396
-557
-579
-628
-704
-800
-886
-927
-909
-858
-825
-831
-917
-994
-1032
-980
-902
-867
-888
-881
-800
-680
-553
-473
-474
-474
-515
-508
-492
-451
-409
-394
-355
-288
173
173
214
279
301
330
352
408
498
539
568
533
532
536
593
646
756
865
966
1048
1111
1175
1048
981
781
752
745
734
740
715
638
525
440
328
325
-334
-334
-496
-504
-564
-595
-646
-725
-784
-811
-810
-802
-831
-916
-990
-1046
-982
-889
-825
-820
-839
-822
-759
-682
-616
-620
-622
-672
-661
-598
-497
-403
-414
-424
-438
-365
-286
-187
225
225
328
369
400
399
456
572
658
715
708
703
722
809
902
990
1042
1108
1155
1182
1064
988
800
733
728
716
743
723
614
461
351
266
312
-288
-288
-479
-508
-571
-561
-581
-660
-713
-733
-750
-675
-681
-772
-884
-1004
-994
-925
-844
-818
-821
-809
-743
-707
-642
-607
-605
-658
-715
-720
-624
-508
-472
-450
-447
-364
-297
-213
-172
-192
-208
-204
230
230
348
418
431
494
598
706
811
822
813
824
874
996
1148
1272
1324
1345
1273
1130
1033
832
801
704
653
648
625
531
446
325
285
266
-340
-340
-480
-494
-589
-547
-528
-579
-620
-713
-703
-622
-644
-689
-808
-887
-859
-807
-727
-665
-683
-696
-700
-669
-572
-523
-510
-604
-652
-654
-568
-497
-451
-471
-477
-441
-393
-302
-220
-173
-188
-207
231
231
278
328
414
528
670
810
890
933
932
996
1126
1298
1449
1510
1472
1304
1170
949
921
861
792
732
641
475
363
275
214
200
-224
-224
-450
-591
-576
-648
-642
-688
-801
-846
-850
-751
-577
-552
-645
-744
-825
-770
-749
-681
-627
-595
-579
-567
-533
-508
-478
-528
-626
-624
-558
-444
-423
-445
-476
-512
-495
-442
-293
-163
-195
-195
-240
-190
243
243
401
550
712
893
944
964
1007
1186
1486
1786
1920
1778
1375
1033
982
1067
1177
1051
819
635
283
-186
-186
-192
-192
-659
-845
-949
-939
-1111
-1197
-1013
-916
-968
-933
-794
-560
-613
-908
-931
-694
-387
-268
-238
-208
-208
-285
171
171
200
-205
-205
-222
-159
-222
-288
-293
-253
-346
-520
-567
-457
-440
-575
-666
-571
-351
-270
-275
-243
394
394
537
550
484
654
916
1169
1301
1482
1603
1322
961
818
1237
1585
1443
937
471
462
350
171
444
613
560
-190
-952
-923
-656
-535
-791
-952
-851
-987
-1199
-1081
-668
-409
-633
-1037
-943
-704
-641
-719
-643
-309
-316
-355
-325
-172
-172
-267
-191
-351
-351
-320
-237
-260
-343
-354
-232
-208
-423
-519
-429
-281
-324
-391
-237
204
204
443
599
667
783
969
1200
1215
1397
1299
1081
951
1108
1523
1389
901
270
201
542
429
438
496
265
-172
-805
-716
-168
-548
-548
-1155
-1131
-894
-931
-826
-547
-500
-850
-1223
-1047
-449
-311
-537
-733
-495
-364
-432
-211
216
216
-379
-379
-205
-212
-212
-369
-202
-201
-201
-438
-390
-290
-179
-176
367
367
537
521
581
650
829
944
1273
1433
1029
766
822
1480
1543
963
355
196
675
662
427
454
204
-197
-688
-664
-656
-656
-1247
-1165
-623
-585
-674
-602
-615
-849
-968
-693
-193
-193
-665
-886
-610
-193
-265
-186
-270
-270
-440
162
162
-177
-177
-324
-186
-232
-297
-265
-265
-379
186
186
534
668
617
539
632
895
1051
1221
1445
949
534
496
1169
1680
981
-271
-271
342
845
462
347
172
-241
-616
-754
172
172
-596
-1420
-1523
-732
-445
-765
-863
-814
-969
-1090
-926
-334
-211
-745
-985
-759
-275
-275
-365
-365
267
267
-270
-270
-162
-244
-244
192
192
-256
-256
-423
-179
200
200
633
809
649
605
758
1106
1236
1287
1451
980
686
744
1391
1862
1009
547
547
966
316
-446
-446
-642
-758
-859
-859
-1533
-1360
-510
-397
-927
-1050
-889
-980
-1026
-886
-384
-333
-936
-1053
-717
-175
-281
-470
-218
-241
-321
-451
239
239
-241
-241
-271
-178
-178
195
195
-332
-332
-326
204
204
201
201
320
676
748
557
619
814
1182
1205
1275
1316
808
764
921
1637
1603
575
903
903
813
-230
-230
-412
-650
-626
-398
-398
-1278
-1661
-1126
-504
-794
-1185
-1055
-898
-1072
-1088
-818
-299
-501
-996
-950
-545
-177
-370
-215
-199
-199
-377
-324
172
265
-312
-312
-221
160
160
166
-165
-212
354
354
340
235
235
330
425
632
881
755
742
889
1157
1378
1417
1516
1062
990
1125
1663
1746
841
195
195
945
915
194
-222
-222
-476
-615
-214
-424
-1157
-1595
-1219
-682
-952
-1300
-1146
-937
-1129
-1197
-1072
-617
-708
-1141
-1080
-769
-475
-644
-466
-236
-236
-388
-387
190
190
-306
-306
-209
-178
-178
-205
317
317
284
207
207
282
395
590
866
730
728
995
1315
1480
1468
1510
1096
1127
1198
1734
1660
775
230
395
1263
993
164
-324
-324
-532
-205
-504
-1161
-1499
-1023
-580
-997
-1375
-1146
-910
-1078
-1179
-1061
-596
-792
-1191
-1148
-721
-361
-598
-443
-322
-422
-498
-416
-287
-287
-494
-377
-292
-292
-245
217
217
162
162
302
449
616
830
688
882
1074
1406
1465
1593
1340
1072
1282
1537
1973
1253
566
372
1002
1506
674
210
173
-355
-355
-250
-749
-749
-1289
-1268
-634
-578
-1144
-1235
-1003
-1075
-1227
-1203
-814
-643
-1137
-1376
-1172
-652
-551
-681
-494
-629
-661
-612
-288
-317
-317
-533
-542
-337
-202
-204
-343
-343
-350
160
160
161
301
443
808
669
673
865
1221
1406
1373
1139
865
1213
1347
1774
1263
564
390
782
1432
787
269
241
187
235
-202
-202
-495
-495
-1015
-1134
-654
-511
-935
-1090
-946
-960
-1132
-1070
-821
-596
-1018
-1312
-1157
-679
-431
-579
-488
-625
-629
-454
-172
-314
-314
-569
-512
-244
-215
-215
-265
192
192
186
186
294
365
422
681
751
823
974
1234
1388
1495
1089
967
1316
1562
1745
899
405
519
1201
1473
477
253
253
256
192
-230
-248
-656
-656
-1022
-940
-350
-407
-996
-989
-701
-747
-913
-937
-638
-554
-1081
-1249
-975
-441
-421
-722
-616
-687
-644
-467
-277
-539
-539
-737
-595
-250
-257
-257
-285
-279
-306
-237
-192
-192
351
351
455
492
624
693
836
1192
1357
1475
1275
775
1184
1405
1838
1412
527
388
682
1441
1002
-341
-341
-195
-439
-970
-1103
-833
-305
-650
-980
-909
-922
-895
-838
-658
-490
-800
-1156
-994
-580
-185
-400
-546
-574
-555
-264
-305
-305
-553
-435
-276
-170
-187
-245
-228
-307
-261
267
267
369
417
568
689
797
757
1056
1348
1531
1509
801
1232
1393
1684
1390
509
522
703
1324
916
204
204
164
-455
-455
-334
-415
-925
-1130
-949
-527
-816
-1184
-956
-863
-933
-950
-825
-568
-823
-1171
-1065
-594
-275
-546
-641
-544
-471
-307
-225
-193
-193
-523
-450
-203
-282
-282
-210
-179
-190
330
330
381
409
523
696
756
933
1222
1445
1299
672
1259
1500
1768
1124
316
552
912
1380
575
199
199
-172
-172
-399
-351
-637
-1090
-1156
-851
-581
-984
-1169
-996
-1030
-983
-889
-751
-718
-1093
-1216
-970
-564
-401
-649
-672
-629
-484
-204
-365
-365
-559
-265
-166
-166
-167
-167
255
255
188
284
284
463
472
590
675
822
799
1155
1383
1564
980
871
1453
1609
1656
651
442
756
1244
1147
174
177
374
215
-290
-290
-234
-228
-735
-1139
-1057
-618
-661
-1097
-1027
-931
-1027
-949
-885
-659
-858
-1323
-1262
-889
-456
-637
-896
-749
-682
-477
-417
-328
-236
-565
-569
-425
-241
-171
-262
-203
-203
246
246
356
187
228
228
510
579
601
721
980
942
1002
1273
1627
1329
872
1372
1570
1752
818
253
733
1229
1265
362
362
311
-270
-270
-351
-267
-679
-1030
-974
-571
-506
-956
-1022
-871
-919
-771
-628
-571
-721
-1181
-1115
-754
-363
-417
-778
-758
-757
-469
-194
-255
-277
-654
-652
-352
-204
-228
-359
-316
-232
-200
182
182
190
244
244
460
554
697
824
972
1035
1162
1496
1795
1419
1012
1572
1763
1834
999
503
847
1238
1356
321
500
500
284
-228
-228
-253
-245
-710
-1080
-1039
-674
-629
-1109
-1126
-903
-1018
-973
-830
-683
-776
-1250
-1231
-881
-520
-567
-892
-766
-686
-533
-334
-325
-262
-600
-692
-472
-321
-244
-384
-373
-298
-348
193
193
185
216
216
477
485
589
680
979
1052
1100
1387
1800
1264
1085
1584
1809
1779
711
470
892
1436
1236
178
178
542
269
-272
-272
-182
-246
-868
-1172
-1041
-540
-667
-1139
-1092
-1032
-1072
-954
-729
-691
-977
-1345
-1223
-835
-466
-663
-918
-833
-780
-523
-317
-302
-331
-666
-579
-413
-314
-223
-340
-281
-335
-243
248
248
361
361
549
505
597
805
1022
1106
1123
1478
1623
1088
1344
1549
1830
1317
541
674
1038
1446
686
375
375
509
219
-357
-357
-437
-437
-987
-1147
-921
-498
-846
-1140
-1025
-1031
-937
-818
-731
-798
-1185
-1272
-1028
-669
-539
-859
-894
-798
-661
-380
-366
-411
-571
-731
-466
-340
-307
-316
-396
-269
-298
-171
229
229
185
185
507
627
632
682
913
1136
1312
1402
1712
1346
1237
1702
1801
1836
862
668
983
1427
1293
206
160
556
455
172
-229
-236
-232
-705
-1020
-992
-629
-631
-1123
-1074
-971
-955
-851
-778
-672
-980
-1314
-1255
-929
-548
-751
-1040
-983
-851
-548
-383
-445
-545
-818
-733
-461
-400
-389
-467
-446
-374
-307
172
172
189
345
345
546
607
659
846
1014
1173
1314
1676
1730
1144
1507
1776
2046
1438
652
916
1290
1642
768
616
616
631
380
-375
-375
-856
-902
-669
-406
-792
-1018
-835
-924
-816
-702
-596
-696
-1141
-1167
-991
-711
-636
-925
-968
-901
-816
-537
-521
-553
-759
-919
-636
-565
-576
-602
-618
-472
-497
-354
421
421
565
565
568
838
1068
1296
1436
1738
1228
1412
1701
1933
1814
829
770
1022
1626
1219
199
372
591
453
165
-186
-197
-197
-754
-1091
-930
-444
-614
-1075
-964
-880
-814
-682
-615
-521
-877
-1126
-1023
-685
-407
-665
-888
-822
-749
-474
-375
-451
-575
-851
-734
-549
-542
-601
-638
-596
-540
-528
-253
335
335
473
510
762
873
1066
1221
1706
1371
1290
1626
1735
1924
1061
834
1062
1539
1405
340
367
740
591
322
-565
-565
-940
-903
-498
-530
-1030
-898
-803
-773
-696
-655
-522
-785
-1030
-944
-684
-495
-688
-849
-735
-675
-578
-425
-451
-503
-827
-825
-598
-558
-685
-777
-659
-588
-626
-470
-281
-180
-225
-275
304
304
335
593
742
962
1022
1474
1273
1250
1671
1662
1809
975
866
1109
1549
1405
396
427
774
608
379
-526
-526
-830
-736
-384
-434
-930
-808
-712
-730
-545
-486
-427
-705
-994
-812
-474
-346
-593
-792
-670
-536
-463
-274
-351
-478
-782
-755
-490
-391
-570
-779
-706
-597
-528
-418
-240
-266
-300
-313
246
246
248
412
617
861
975
1372
1002
1194
1521
1602
1598
764
798
1026
1451
1120
165
395
743
519
273
-580
-580
-859
-751
-375
-559
-1034
-823
-723
-711
-584
-486
-392
-743
-934
-766
-396
-250
-578
-711
-561
-407
-301
-203
-237
-323
-624
-510
-325
-289
-472
-652
-515
-448
-424
-338
-195
-217
-217
-163
171
171
279
277
492
709
864
991
1251
896
1283
1462
1641
1358
608
815
1067
1574
899
484
484
701
541
206
-664
-664
-864
-666
-276
-725
-1087
-798
-747
-690
-656
-504
-446
-867
-1014
-742
-267
-242
-732
-806
-547
-338
-272
-329
-274
-351
-659
-559
-365
-250
-463
-675
-545
-421
-306
-217
-168
-172
-172
261
261
336
350
523
818
873
1069
1170
887
1387
1386
1692
1146
589
787
1030
1513
654
418
418
591
493
-225
-225
-653
-821
-544
-166
-733
-1002
-732
-601
-508
-550
-426
-428
-783
-875
-646
-212
-271
-725
-771
-555
-314
-238
-385
-396
-499
-621
-453
-406
-315
-555
-608
-481
-428
-281
-203
-195
-195
-197
212
212
269
265
390
603
901
935
1158
955
911
1416
1434
1676
755
488
751
1262
1327
200
447
447
456
273
-505
-505
-898
-886
-401
-332
-964
-957
-711
-636
-556
-554
-312
-548
-880
-890
-492
-380
-380
-754
-702
-439
-201
-196
-323
-317
-571
-560
-358
-309
-336
-636
-554
-458
-449
-298
-235
-213
-213
-253
197
197
355
293
354
620
879
1004
1241
865
1111
1322
1501
1470
604
645
790
1355
1054
173
173
473
463
195
-284
-186
-186
-607
-879
-844
-321
-525
-978
-834
-671
-524
-560
-500
-346
-626
-778
-732
-358
-503
-503
-677
-592
-379
-203
-250
-269
-371
-612
-461
-284
-234
-421
-650
-463
-351
-284
-197
-167
-195
-195
183
183
347
380
315
507
763
913
1047
1045
837
1206
1206
1526
961
474
570
881
1308
452
304
304
461
417
-274
-274
-269
-269
-665
-918
-552
-165
-683
-882
-708
-517
-399
-454
-337
-406
-716
-724
-528
-252
-252
-601
-612
-458
-159
-207
-288
-297
-469
-585
-412
-275
-292
-571
-590
-422
-388
-288
-214
-227
-227
194
194
409
339
352
598
858
983
1114
857
1031
1213
1333
1425
629
495
539
1088
1003
212
212
304
192
-320
-303
-223
-541
-825
-944
-383
-386
-824
-811
-676
-451
-338
-268
-169
-461
-626
-534
-198
-321
-321
-469
-479
-233
-249
-249
-520
-499
-284
-159
-379
-636
-520
-440
-379
-286
-200
-256
-256
-182
294
294
418
294
460
748
894
1041
985
831
1220
1160
1427
1001
477
474
670
1135
446
-271
175
175
-194
-562
-397
-573
-783
-1017
-824
-369
-801
-951
-808
-611
-474
-475
-241
-292
-578
-616
-389
-377
-377
-421
-255
-336
-336
-250
-340
-340
-456
-359
-327
-272
-229
-197
-197
371
371
375
363
533
832
922
1119
844
1031
1252
1227
1371
685
552
555
1016
1020
228
228
186
-338
-470
-407
-652
-851
-1020
-606
-532
-974
-883
-738
-572
-554
-512
-262
-494
-675
-624
-234
-195
-195
-425
-391
-209
-209
-264
-381
-381
-302
-176
278
278
457
380
425
716
906
1022
990
785
1191
1109
1302
1014
507
470
645
1125
562
-197
185
185
-562
-562
-482
-590
-840
-1081
-934
-465
-819
-1119
-950
-724
-557
-666
-486
-427
-652
-754
-600
-398
-398
-548
-360
-306
-306
-238
-184
-184
-367
-162
247
247
468
493
447
588
933
1065
1096
757
1005
1227
1222
1207
669
552
500
940
918
184
-299
-299
-458
-520
-719
-879
-1048
-639
-575
-971
-991
-841
-595
-573
-583
-383
-554
-681
-700
-304
-223
-223
-464
-482
-196
-196
-312
-308
-308
-334
175
175
360
539
510
491
697
969
1132
1014
743
1170
1149
1326
885
528
453
616
1012
511
-469
-469
-479
-665
-812
-1039
-947
-536
-760
-1001
-916
-716
-535
-591
-438
-415
-597
-700
-578
-322
-322
-500
-340
-287
-287
-275
-364
-364
-253
168
168
294
520
601
582
604
911
1081
1222
897
985
1275
1262
1307
677
557
458
869
904
162
-308
-308
-540
-545
-752
-878
-1086
-751
-603
-974
-1011
-856
-595
-551
-614
-397
-510
-647
-724
-409
-406
-406
-528
-184
-161
-161
-291
-187
-310
-310
-348
180
180
318
545
569
579
750
1023
1151
1200
890
1213
1230
1391
1103
609
507
491
972
678
-513
-513
-528
-656
-825
-1029
-1099
-618
-750
-1060
-1021
-817
-544
-610
-537
-429
-573
-647
-656
-214
-246
-246
-456
-418
-236
-236
-271
-160
-419
-419
-354
-172
174
174
347
511
488
544
799
999
1109
971
833
1204
1151
1295
785
475
355
578
923
358
-221
-183
-213
-213
-606
-631
-791
-911
-1155
-989
-646
-964
-1110
-997
-734
-550
-643
-482
-465
-542
-662
-509
-228
-228
-418
-228
237
237
-231
-231
189
189
250
293
357
557
653
640
723
1003
1104
1202
926
1050
1256
1299
1280
697
531
417
812
849
-219
-219
-417
-417
-627
-753
-943
-1087
-1254
-901
-817
-1195
-1231
-1080
-782
-728
-766
-587
-680
-728
-806
-517
-218
-218
-440
-608
-255
-170
-170
-242
-246
-246
-289
173
173
263
378
589
587
629
760
1058
1151
1229
931
1148
1227
1385
1248
675
527
461
946
757
-165
-165
-482
-482
-600
-760
-910
-1090
-1122
-683
-828
-1158
-1126
-889
-615
-701
-666
-561
-611
-688
-782
-375
-235
-235
-478
-557
-190
-190
-196
-251
-251
-257
159
159
230
316
496
630
609
697
891
1155
1197
1237
968
1255
1266
1480
1122
667
465
510
960
635
-195
-195
-522
-522
-626
-831
-969
-1173
-1058
-691
-955
-1217
-1143
-820
-606
-698
-613
-568
-592
-708
-741
-285
-249
-249
-532
-519
-170
-170
-309
-261
-179
-179
-372
-375
268
268
511
566
524
637
875
1163
1220
1277
958
1256
1269
1563
1166
742
501
592
1064
673
-465
-465
-547
-788
-968
-1167
-995
-676
-993
-1216
-1112
-799
-631
-713
-628
-572
-592
-737
-725
-264
-266
-266
-548
-460
-298
-298
-231
-349
-349
-345
251
251
500
539
526
593
850
1117
1195
1217
888
1214
1227
1583
1095
748
452
586
1027
676
-403
-403
-491
-775
-920
-1133
-905
-644
-924
-1135
-1045
-764
-600
-658
-581
-538
-543
-692
-683
-264
-262
-262
-548
-449
-327
-327
-314
-169
-169
-383
-440
-245
202
202
469
487
506
538
764
1034
1179
1244
812
1110
1174
1573
1132
733
407
492
999
697
-380
-380
-469
-807
-962
-1149
-915
-628
-899
-1108
-1031
-781
-549
-593
-547
-505
-483
-667
-611
-252
-205
-205
-468
-366
-298
-298
-286
-167
-383
-383
-429
-239
262
262
476
540
578
591
828
1066
1253
1335
854
1149
1235
1617
1242
805
477
475
968
796
212
-293
-293
-358
-725
-960
-1156
-964
-608
-821
-1033
-1045
-850
-521
-515
-449
-477
-444
-627
-578
-249
-381
-381
-330
-171
-262
-262
-344
-253
-324
-324
-483
-339
-163
303
303
476
528
554
655
969
1149
1395
881
1040
1210
1474
1384
857
565
362
873
839
345
-178
-178
-255
-255
-309
-652
-955
-1200
-1103
-635
-741
-992
-1142
-987
-590
-518
-470
-520
-480
-588
-648
-296
-329
-329
-349
-179
-265
-265
-278
-190
-190
-458
-336
-226
183
183
447
561
605
608
902
1054
1409
1021
989
1277
1354
1509
980
777
382
725
872
527
199
-225
-225
-189
-189
-228
-488
-874
-1135
-1236
-779
-695
-889
-1124
-1114
-785
-602
-514
-504
-521
-630
-718
-477
-184
-269
-269
-402
-274
-275
-275
-333
-247
-168
-168
-381
-380
-315
-183
245
245
445
533
493
691
872
1156
1039
808
1181
1117
1436
1018
800
431
510
826
639
346
-193
-193
-160
-160
-251
-681
-979
-1262
-891
-602
-682
-933
-1096
-888
-658
-486
-401
-428
-531
-731
-659
-306
-379
-379
-383
-248
-240
-240
-401
-377
-269
-269
-375
-370
-259
-186
442
442
574
548
640
821
985
1109
837
1169
1146
1337
1161
888
615
433
757
712
486
252
-203
-203
-458
-458
-765
-1169
-1000
-597
-565
-708
-953
-919
-720
-513
-310
-294
-348
-653
-664
-373
-283
-283
-356
-289
-383
-383
-375
-241
-180
-180
-329
-354
-307
-232
340
340
510
592
595
825
861
1098
969
972
1164
1101
1306
995
789
399
503
695
625
367
-213
-213
-170
-219
-203
-203
-549
-963
-1203
-829
-592
-555
-732
-942
-841
-717
-455
-313
-239
-423
-741
-610
-301
-277
-277
-312
-333
-182
-271
-271
-425
-432
-222
-292
-292
-299
-311
-335
-279
361
361
515
612
802
845
945
1058
823
1144
1058
1287
1251
974
598
366
633
747
595
373
-237
-237
-198
-223
-223
-223
-606
-1063
-1064
-710
-527
-477
-773
-826
-823
-672
-376
-219
-544
-544
-676
-526
-241
-182
-182
-333
-302
-195
-303
-303
-446
-384
-236
-250
-228
-262
-308
-362
-257
318
318
453
647
776
818
978
911
816
979
947
1335
1214
852
398
332
551
691
490
313
-267
-267
-346
-309
-253
-253
-658
-1137
-1054
-789
-515
-546
-743
-756
-881
-645
-500
-194
-220
-546
-627
-614
-255
-213
-213
-289
-282
-246
-234
-234
-381
-380
-339
-330
-322
-254
-258
-312
-310
-191
190
190
269
386
563
739
873
1066
810
733
827
972
1389
1145
807
350
286
514
577
437
331
-283
-283
-509
-360
-296
-296
-662
-1091
-1040
-844
-593
-679
-678
-737
-775
-704
-588
-214
-290
-458
-564
-478
-241
-196
-209
-223
-198
-169
-227
-227
-335
-274
-304
-341
-374
-228
-230
-223
-216
187
187
329
366
441
538
785
973
1153
795
823
844
1064
1398
1177
837
490
399
540
482
499
466
-209
-209
-522
-236
-244
-244
-623
-993
-949
-800
-672
-736
-612
-694
-752
-728
-549
-245
-453
-533
-594
-452
-267
-324
-356
-329
-221
-187
-215
-166
-224
-224
-303
-341
-262
-332
-416
-410
-324
-291
-182
-220
282
282
275
335
489
724
911
1043
681
813
746
1053
1364
1072
882
516
385
510
486
644
520
-401
-401
-197
-197
-494
-751
-739
-698
-657
-651
-477
-661
-586
-583
-420
-232
-474
-439
-505
-253
-285
-285
-326
-242
-202
-170
-170
-207
-254
-217
-217
-304
-309
-231
-178
-238
-238
163
163
320
278
357
540
722
909
1023
629
781
663
1002
1292
1081
927
473
241
453
424
573
488
-388
-388
-233
-334
-334
-475
-681
-761
-659
-755
-754
-662
-766
-514
-653
-463
-384
-639
-567
-623
-318
-267
-377
-380
-378
-340
-263
-249
-212
-212
-255
-357
-242
-331
-410
-302
-223
-185
-226
-308
180
180
316
203
259
440
682
928
996
644
776
548
965
1212
1137
960
548
391
532
416
576
500
192
-241
-241
-310
-310
-450
-601
-579
-476
-685
-705
-691
-726
-531
-638
-355
-362
-554
-535
-637
-351
-310
-312
-281
-309
-270
-305
-278
-170
-170
-253
-217
-367
-423
-273
-260
-192
-192
-242
-218
-218
323
323
230
230
333
514
733
839
572
722
468
815
1016
905
899
528
473
553
351
497
399
191
224
-171
-303
-303
-386
-559
-526
-420
-664
-604
-670
-760
-569
-744
-418
-401
-552
-524
-692
-473
-407
-417
-308
-341
-293
-296
-350
-209
-183
-187
-180
-235
-163
-277
-350
-303
-300
-186
-186
222
222
283
283
312
482
600
730
593
651
582
676
998
912
923
689
504
629
486
496
583
296
413
-161
-161
-221
-341
-469
-298
-420
-517
-468
-722
-532
-618
-510
-286
-506
-422
-583
-542
-320
-415
-278
-326
-270
-261
-334
-235
-188
-213
-168
-197
-284
-284
-245
-272
172
172
224
224
323
349
532
566
630
492
596
471
802
870
822
798
556
596
603
407
559
443
393
388
-168
-168
-215
-364
-287
-457
-457
-416
-619
-663
-536
-733
-432
-524
-589
-550
-707
-486
-516
-509
-405
-460
-341
-361
-382
-272
-332
-272
-207
-190
-216
-216
-209
-187
-186
-167
-167
219
219
229
397
447
465
580
418
551
402
667
767
755
778
659
577
656
361
568
469
388
508
271
271
-295
-295
-412
-412
-275
-518
-545
-503
-738
-447
-581
-550
-506
-692
-464
-558
-605
-477
-552
-358
-430
-419
-274
-393
-322
-314
-318
-223
-223
-172
-207
-242
-231
-231
253
253
212
383
464
440
690
408
545
391
551
805
749
771
712
566
645
381
422
561
330
537
173
205
190
-256
-256
-311
-415
-415
-282
-410
-611
-498
-789
-546
-562
-649
-548
-687
-574
-545
-699
-560
-651
-536
-449
-505
-322
-436
-427
-358
-357
-223
-312
-321
-234
-273
-188
-265
-248
-163
-199
206
206
356
330
476
567
467
599
444
633
748
670
831
707
693
735
418
550
474
354
527
205
380
221
-268
-268
-184
-404
-404
-201
-427
-403
-387
-682
-490
-638
-598
-443
-624
-422
-551
-608
-445
-574
-392
-440
-484
-320
-405
-256
-282
-391
-275
-424
-305
-284
-259
-327
-327
-248
-257
-162
253
253
322
364
483
603
668
626
589
498
734
721
813
780
717
676
577
395
559
409
435
312
177
282
-304
-304
-184
-234
-294
-175
-439
-393
-576
-579
-471
-570
-597
-593
-618
-428
-495
-493
-490
-606
-506
-551
-425
-367
-422
-439
-475
-436
-338
-404
-361
-379
-341
-198
-262
-242
-242
-183
-183
200
200
172
293
314
468
456
654
659
723
732
671
665
699
787
823
812
785
736
731
487
567
400
434
421
172
320
-247
-247
-216
-216
-331
-178
-396
-267
-453
-619
-508
-585
-512
-466
-609
-437
-521
-565
-460
-651
-476
-616
-652
-518
-560
-383
-453
-436
-421
-470
-457
-395
-330
-226
-298
-208
-209
165
165
262
331
395
459
376
495
562
586
845
594
815
612
611
789
583
762
631
648
678
453
461
352
237
343
215
215
188
-263
-263
-176
-246
-415
-334
-482
-412
-407
-554
-473
-639
-672
-617
-747
-481
-593
-552
-612
-685
-524
-613
-588
-538
-578
-452
-422
-375
-279
-391
-371
-381
-320
-182
-216
-216
242
242
291
291
307
348
484
319
440
465
533
597
727
470
713
453
561
610
430
619
396
505
574
363
464
247
220
220
227
227
-253
-253
-209
-245
-326
-329
-450
-410
-448
-494
-480
-621
-689
-727
-773
-630
-651
-594
-630
-643
-550
-604
-521
-560
-486
-431
-328
-193
-211
-195
-195
-201
191
191
325
325
479
479
290
290
304
182
487
336
456
421
397
404
448
416
582
483
413
527
322
631
490
482
513
314
528
412
394
405
188
256
-190
-190
-204
-259
-300
-388
-409
-476
-455
-524
-529
-537
-642
-630
-690
-576
-561
-538
-526
-510
-439
-437
-413
-384
-305
-290
-202
263
263
340
340
188
188
314
332
332
269
269
290
262
327
365
277
428
353
437
542
397
558
375
387
509
381
503
370
365
402
297
285
242
179
179
-271
-271
-307
-376
-361
-484
-418
-534
-453
-514
-519
-490
-520
-521
-494
-477
-392
-310
-343
-211
-283
-179
-197
-181
198
198
182
182
193
193
316
316
288
288
319
488
488
428
428
336
279
532
272
503
321
347
364
277
289
276
213
220
219
-162
-162
-195
-195
-232
-249
-334
-324
-372
-384
-373
-425
-377
-374
-400
-275
-428
-261
-383
-333
-240
-361
-257
-257
-164
-164
-178
-178
231
231
306
306
421
421
307
307
276
377
377
246
292
255
190
190
195
210
210
-187
-187
-225
-225
-171
-171
-159
-159
-181
-181
187
187
198
198
212
179
261
187
187
190
213
213
162
162
181
-219
-219
-241
-241
-273
-273
-212
-193
-270
-169
-249
-190
-218
-169
-166
162
162
208
208
239
325
325
304
304
253
247
359
232
357
252
283
230
234
200
263
191
208
190
188
188
-161
-161
-240
-240
-200
-215
-285
-190
-334
-206
-346
-267
-302
-312
-282
-373
-174
-405
-351
-351
-189
-190
-271
-286
-286
-185
-185
175
175
205
314
314
184
342
303
270
380
248
359
370
333
423
309
343
323
303
260
267
180
253
165
174
174
-173
-173
-256
-209
-281
-244
-277
-320
-260
-415
-256
-431
-296
-386
-399
-293
-479
-247
-442
-321
-303
-405
-184
-380
-195
-248
-249
-215
-215
193
193
233
220
338
221
409
239
438
317
368
383
280
433
272
412
278
263
297
170
288
175
168
-186
-186
-188
-213
-237
-216
-285
-209
-290
-250
-248
-300
-240
-331
-290
-291
-325
-265
-303
-293
-235
-293
-237
-187
-303
-331
-331
-222
-222
197
286
286
282
282
248
246
361
241
362
365
327
436
345
399
422
300
392
332
328
341
240
294
252
214
240
-212
-212
-165
-241
-178
-252
-210
-230
-249
-262
-284
-303
-276
-337
-274
-303
-325
-250
-361
-219
-309
-216
-275
-213
-229
-188
-242
-242
-289
-289
350
350
280
280
285
285
324
324
199
298
249
323
231
406
226
330
272
190
372
166
329
218
199
228
168
168
-203
-203
-169
-271
-290
-290
-201
-286
-242
-250
-271
-248
-261
-249
-271
-236
-242
-201
-201
-161
-176
281
281
357
357
269
269
246
422
422
393
393
261
261
159
187
172
183
172
175
173
204
204
-176
-176
-208
-208
-212
-231
-279
-242
-362
-210
-378
-213
-339
-306
-249
-373
-176
-381
-327
-327
-221
-221
218
218
207
207
286
286
288
288
218
218
208
193
277
161
303
289
289
243
243
185
184
233
200
200
178
192
192
-185
-185
-218
-218
-196
-196
-186
-263
-263
-249
-249
-162
-170
-217
-205
-205
187
187
184
184
278
278
202
202
193
294
294
213
213
181
240
240
211
211
210
210
236
236
187
187
188
188
173
173
-172
-172
-160
-160
-178
-178
-213
-213
-177
-177
159
159
173
173
218
218
205
205
285
285
342
342
207
207
241
241
288
288
-198
-198
-207
-207
-188
-188
-161
-161
172
172
180
180
208
208
175
175
176
176
160
160
159
159
167
167
-178
-178
-241
-241
-312
-312
219
-256
-170
-170
247
-236
222
188
188
206
206
209
209
181
181
230
230
186
186
169
169
217
217
168
168
-165
-165
-163
-163
178
178
193
193
172
172
208
175
175
184
184
172
172
164
164
-165
-165
171
-219
-219
-229
-229
-248
-248
-266
-266
-202
-202
-232
-232
170
170
224
224
188
188
-213
-213
-185
-185
227
227
184
184
-219
-219
-220
-220
220
220
-230
164
-202
-202
193
-184
186
186
282
282
290
290
159
159
172
172
-176
-176
-162
-162
-173
-173
-190
-190
-192
-192
-232
-232
-286
-286
173
173
185
185
-183
-183
-213
-213
-166
-166
212
212
165
165
202
202
248
248
-168
175
175
-169
-169
-180
-180
-178
-178
190
190
-212
235
228
228
160
160
170
170
230
230
-168
-168
195
-163
-163
223
223
177
177
191
191
-200
-200
-292
-292
-171
-171
-312
-312
-212
-212
-159
-159
199
199
-162
159
159
165
165
-159
-159
-188
-188
168
168
218
218
230
230
166
166
274
274
159
159
258
258
164
164
169
169
171
171
-172
-172
-193
-193
188
188
204
204
-168
241
274
274
182
182
192
192
180
180
198
198
-184
228
174
174
-161
206
206
229
229
185
185
160
160
-159
-184
-184
-161
-161
-190
-190
-192
-192
-185
-185
-169
-169
-174
-174
-172
-172
180
167
167
-167
-167
-173
-173
-189
-189
-251
-251
-175
-175
191
191
-159
217
180
180
172
172
209
209
167
167
195
195
171
171
