-166
-166
-185
-184
-164
168
168
-168
-168
-165
-167
-174
-175
-177
-174
-165
-165
-165
-166
-166
164
164
164
169
169
195
223
260
306
359
452
531
571
509
344
-338
-338
-448
-446
-355
-186
200
200
337
414
401
320
195
-200
-200
-237
-242
-198
182
182
184
-170
-170
-200
-198
-186
-172
165
165
166
173
185
195
205
218
247
294
343
398
470
517
499
356
-318
-318
-471
-531
-493
-357
-165
191
191
291
321
265
-169
-169
-210
-229
-221
-196
-168
-166
-194
-250
-313
-360
-363
-332
-249
-196
-196
-206
-196
-173
178
178
204
216
231
247
270
318
398
435
391
239
-295
-295
-390
-416
-390
-306
-199
-178
-178
-194
-229
-261
-289
-296
-285
-252
-203
179
179
231
267
272
253
219
180
165
165
206
278
408
548
607
538
338
-165
-165
-339
-435
-447
-377
-238
226
226
286
256
169
-191
-191
-209
-202
-206
-213
-197
-188
-203
-242
-285
-275
-203
-190
-190
-202
-183
-166
-166
-165
-165
175
175
232
272
272
250
232
226
248
290
368
480
655
793
779
533
-221
-221
-509
-667
-728
-672
-501
-242
262
262
397
414
313
-191
-191
-220
-242
-238
-210
-174
-178
-218
-283
-335
-348
-305
-215
202
202
229
208
-179
-179
-185
-183
-171
178
178
197
194
185
185
234
285
352
427
523
618
746
899
905
704
278
-170
-536
-760
-858
-834
-702
-462
-180
279
279
356
307
188
-190
-190
-219
-222
-223
-248
-295
-348
-379
-367
-295
-183
170
170
-196
-196
-222
-246
-261
-260
-237
-212
-182
193
193
267
302
299
263
215
188
198
223
270
337
433
549
715
887
1105
1206
1049
590
-541
-541
-939
-1119
-1111
-932
-608
-202
181
474
605
566
374
-294
-294
-489
-636
-680
-590
-409
-180
209
209
306
325
274
-238
-238
-308
-343
-345
-338
-342
-337
-330
-321
-287
-228
196
196
270
307
288
216
210
210
355
510
654
788
910
1018
1163
1211
1007
524
-723
-723
-1135
-1282
-1215
-988
-652
-277
385
385
521
498
327
164
164
-337
-337
-576
-740
-771
-643
-422
-171
192
192
270
277
225
-215
-215
-278
-302
-321
-351
-389
-425
-446
-443
-415
-367
-296
-222
-177
-184
-184
-215
-228
-217
-164
207
207
259
266
215
181
181
330
471
589
675
746
843
974
1159
1359
1359
1067
456
-261
-876
-1258
-1339
-1220
-956
-608
-249
371
371
478
423
264
174
174
268
334
344
301
235
-198
-198
-453
-674
-809
-780
-609
-355
-216
-216
-307
-412
-473
-500
-490
-453
-392
-320
-264
-231
-202
-173
223
223
255
259
214
250
250
353
468
580
707
836
981
1127
1335
1523
1447
1050
317
-459
-1099
-1464
-1507
-1328
-977
-588
-216
374
374
480
393
244
165
165
270
348
366
325
255
173
-378
-378
-611
-766
-805
-746
-580
-396
-213
-220
-220
-283
-385
-491
-576
-618
-611
-551
-456
-377
-310
-254
-189
201
201
258
296
304
273
176
285
285
436
582
693
803
894
1023
1169
1365
1537
1406
991
294
-428
-1048
-1439
-1496
-1335
-1008
-643
-309
201
201
289
219
185
185
335
497
635
662
605
474
307
-413
-413
-634
-779
-801
-706
-506
-323
-207
-322
-322
-476
-591
-642
-626
-554
-458
-392
-334
-283
-207
231
231
291
315
308
265
173
165
165
303
419
521
628
715
800
867
960
1075
1229
1217
978
489
-732
-732
-1187
-1359
-1308
-1082
-783
-526
-261
283
283
417
562
616
564
438
283
-299
-299
-466
-587
-633
-635
-603
-520
-444
-353
-305
-234
-177
-179
-179
-332
-446
-536
-576
-559
-482
-395
-292
-202
181
181
252
292
324
330
328
282
204
291
291
446
580
697
776
814
863
914
1005
1136
1147
981
640
173
-332
-778
-1049
-1124
-1049
-849
-614
-348
220
220
330
422
486
469
430
340
220
-232
-232
-356
-434
-493
-542
-576
-579
-554
-513
-455
-370
-294
-185
-169
-169
-253
-342
-412
-422
-404
-356
-299
-225
212
212
261
300
325
331
289
192
241
241
379
491
596
660
704
737
782
855
959
1055
1006
804
481
-277
-277
-590
-763
-828
-761
-611
-441
-270
228
228
360
460
521
514
480
395
270
-231
-231
-325
-419
-493
-549
-563
-535
-462
-376
-264
-199
-199
-266
-316
-324
-300
-254
-198
164
164
204
221
248
240
213
236
236
312
384
433
473
509
562
639
722
826
966
1039
970
763
485
-203
-203
-506
-681
-752
-732
-648
-514
-406
-327
-324
-335
-322
-272
-164
178
178
339
441
468
422
332
179
-194
-194
-257
-356
-425
-511
-539
-560
-553
-476
-394
-260
-169
-189
-189
-233
-263
-279
-229
-214
189
189
229
298
361
422
477
538
614
689
765
840
915
953
894
750
551
327
-220
-220
-431
-557
-582
-582
-544
-481
-437
-388
-364
-275
-185
-201
-201
-271
-337
-384
-437
-462
-468
-455
-410
-366
-318
-311
-317
-336
-346
-355
-373
-355
-340
-272
-193
181
181
234
311
398
452
515
565
606
660
719
812
863
854
785
656
497
271
-166
-166
-327
-412
-457
-444
-413
-368
-331
-306
-263
-227
-199
-172
-171
-171
-199
-234
-266
-310
-354
-395
-414
-418
-433
-429
-399
-349
-298
-246
-187
204
204
252
317
350
379
422
446
493
529
589
663
699
727
686
598
501
371
251
-171
-171
-199
-211
-262
-264
-301
-298
-264
-239
-182
-182
-231
-255
-292
-293
-296
-284
-265
-265
-263
-293
-271
-248
-240
-199
-167
187
187
255
255
214
181
249
245
284
326
343
339
384
449
396
438
445
383
371
305
261
192
-183
-183
-198
-172
-184
-182
-182
-178
-206
-186
-219
-261
-167
-167
-167
181
181
201
270
270
216
220
211
180
271
190
190
183
-203
-203
-230
-197
-298
-282
-244
-265
-249
-193
-242
-242
-182
-182
-298
-298
-207
-207
-200
-200
184
184
260
260
-209
-209
213
213
228
228
265
265
264
264
221
-198
-198
-234
-234
-247
-247
-175
-175
331
324
324
-242
241
-216
-216
338
-214
-213
-213
282
-339
-171
-171
-223
-223
-176
-176
245
245
-184
180
233
233
284
284
257
257
-234
-234
234
234
277
277
-194
-242
-242
182
-180
-180
261
-231
170
172
172
-222
-222
338
-242
-459
-459
260
-319
189
189
207
207
-355
255
-249
-249
232
-312
-183
-183
166
-269
-269
334
-247
-334
-334
228
-291
-291
174
203
203
-198
231
-166
-166
-197
-197
168
168
-167
-167
-252
-252
222
222
173
173
201
201
238
238
200
200
236
236
-229
360
-224
-224
377
-404
332
444
444
-505
592
-218
185
185
252
252
247
247
267
267
211
211
-196
-196
-252
-252
165
-179
-179
-174
-174
-388
-388
-178
-178
295
-351
287
165
165
234
234
175
175
-315
-315
-265
-265
305
237
237
-392
384
-302
227
227
-446
278
-209
-209
243
-273
201
201
238
238
-218
368
169
169
-264
273
-347
-177
-177
-297
-297
276
319
319
-260
208
-165
-165
-294
-294
247
-453
-504
-504
567
-525
226
226
-420
356
201
201
190
190
-233
324
209
209
-263
-180
-180
-249
-249
214
-171
242
242
-316
309
-245
-238
-238
-175
-175
-425
-425
329
-280
222
222
-411
316
-346
235
187
187
-176
-176
-259
-259
285
-314
238
-172
-172
246
-589
350
-513
-494
-494
209
-434
-316
-316
-269
-269
182
168
168
-244
165
-362
-362
407
-428
231
231
-601
664
-525
248
248
-502
590
-340
248
248
-211
212
-259
-259
243
239
239
-319
324
-178
-178
194
350
350
-394
225
-371
-371
269
-264
-204
-373
-373
-201
-201
272
-455
349
-230
-230
450
-616
408
-216
218
218
-468
321
-260
-216
260
-515
171
-408
-408
396
-341
180
180
-347
336
244
244
-281
234
-421
-421
546
-456
-401
-401
512
-515
465
405
405
-427
462
-216
285
285
-323
327
-192
-220
-220
-198
-198
306
-315
193
-334
-334
609
-561
412
-375
-375
804
-774
569
-475
-475
711
-776
288
-582
-582
558
-250
-184
532
-564
463
-261
-261
490
-491
-308
-308
-293
-293
228
-239
-351
-351
220
-282
-250
-250
194
-341
-341
312
-226
284
284
-525
341
-338
-283
-283
222
219
219
306
306
-330
294
433
433
-514
391
-334
-334
424
-640
-397
-397
340
-440
-463
-463
468
-393
-299
-299
418
-466
182
182
-567
678
-624
192
-523
-523
512
-339
228
228
-202
246
246
-467
374
-312
-181
-181
-446
-446
283
-281
-201
404
-644
300
-380
-380
464
-473
-431
-431
222
-281
-281
195
-258
184
184
-336
-353
-353
313
-190
347
347
-399
330
255
255
185
185
-183
-183
366
-585
394
-187
-294
487
-596
378
-224
-224
297
-324
-175
-175
-187
-187
-248
-248
-170
-170
178
-420
383
-472
307
-298
-370
-370
486
-511
315
-409
-409
597
-573
189
189
-677
603
-512
380
380
-714
547
-306
-242
493
-610
216
-403
-403
357
-167
-329
559
-704
303
-516
-516
552
-517
-209
-209
196
196
-389
248
-281
-281
405
-412
193
-286
-286
282
-205
-205
389
-420
-375
-375
376
-334
171
171
332
332
-340
259
345
345
-326
235
-348
-348
413
-416
175
-247
-247
244
182
182
170
170
254
254
-268
404
-172
281
281
-339
447
285
285
-201
180
180
-322
279
-258
-258
446
-397
196
-377
-377
320
-316
-316
511
-650
287
-602
-602
765
-709
459
-420
-420
689
-758
399
-208
-208
204
-216
-216
355
-190
392
392
-592
593
-371
283
283
-420
367
-293
-293
406
-320
415
415
-748
425
-327
-275
-275
-188
-188
194
194
-490
523
-382
279
279
-427
429
-377
-373
-373
222
-278
-177
-177
-178
-178
239
-363
354
-263
-299
-299
327
-394
213
-233
-233
179
-247
-247
-383
-383
398
-231
-185
394
-551
228
-495
-495
543
-447
376
376
-624
598
-237
-237
605
-266
409
409
-332
451
259
259
-359
-359
455
-575
371
371
-835
770
-306
-274
901
-962
660
-470
-470
774
-674
414
-426
-426
523
-403
338
338
-393
166
-393
-393
453
-651
419
-238
-176
191
-208
300
300
-451
184
184
-634
699
-653
250
-469
-469
575
-319
-254
-254
284
-375
-375
579
-644
170
-515
-515
196
-521
-521
523
-275
-194
717
-852
715
-191
-333
771
-708
303
428
-743
749
-617
-617
1005
-924
190
441
-945
894
-471
-196
536
-635
353
-373
-373
577
-440
612
612
-836
770
-171
-404
741
-639
302
-359
-359
380
-168
-168
549
-492
257
228
-596
635
-286
-248
-248
339
-285
-285
658
-852
647
-259
-268
649
-607
294
255
-512
583
-257
507
507
-525
458
-224
-224
374
-266
-236
-236
178
-305
-227
-227
243
-233
295
295
-312
428
398
398
-565
495
-346
190
190
313
313
-167
-167
388
-508
363
-195
-195
282
330
330
489
489
-623
366
-486
-486
453
-265
-265
607
-531
166
384
-550
506
-318
238
238
-373
275
-166
-166
246
303
303
-244
230
230
-198
167
167
577
577
-545
514
481
481
-524
313
241
-466
327
-325
-325
357
-283
388
388
-348
167
190
-245
187
187
-433
244
194
-600
682
-455
183
183
-330
234
234
-441
210
-573
-573
859
-803
325
-523
-523
587
-322
489
489
-423
449
449
-545
349
-210
-318
398
-437
180
180
-314
263
-306
-306
496
-419
209
209
-297
265
-262
-262
-243
-243
192
192
-226
-206
-206
422
-402
189
-188
-188
262
-278
-200
-200
202
202
-171
194
194
-194
-194
204
204
-201
-201
-168
-168
-218
-218
-226
-226
-172
-172
170
170
-200
-193
-193
-220
-220
-174
-174
-212
-212
-165
-165
-170
-217
-242
-242
-212
-169
-229
-190
-259
-265
-189
-252
-219
-211
-229
-181
-231
-201
-165
-169
-195
-200
-174
-174
266
266
185
186
343
220
321
249
254
299
389
277
446
425
390
604
530
665
809
675
742
638
390
475
-195
-195
-255
-229
-348
-407
-408
-571
-453
-444
-438
-313
-304
-248
-214
-200
-269
-182
-319
-327
-320
-413
-314
-395
-396
-406
-476
-486
-524
-516
-505
-486
-478
-407
-389
-321
-332
-283
-310
-301
-239
-252
188
188
211
211
292
285
498
421
531
510
532
591
630
674
751
891
929
1056
965
839
643
350
-291
-291
-370
-428
-456
-399
-413
-388
-381
-487
-404
-462
-368
-304
-208
-261
-261
-421
-521
-635
-637
-680
-649
-706
-624
-601
-597
-521
-493
-421
-320
-311
-173
255
255
199
290
338
276
388
407
405
538
618
721
954
1030
1278
1451
1459
1364
1034
688
257
-171
-406
-571
-647
-597
-588
-435
-401
-439
-424
-572
-516
-527
-427
-181
232
232
284
403
335
378
324
274
205
168
-430
-430
-618
-858
-972
-934
-936
-776
-687
-650
-506
-529
-460
-435
-454
-379
-277
-194
242
242
324
415
528
648
779
1076
1160
1354
1574
1596
1589
1227
715
243
-304
-677
-839
-925
-817
-725
-674
-551
-514
-496
-486
-540
-450
-304
-186
242
242
405
464
445
426
468
368
326
243
-191
-191
-305
-476
-723
-937
-1058
-1150
-1037
-898
-826
-582
-551
-413
-294
-330
-210
-235
-208
-190
-190
-198
195
195
208
208
201
201
334
429
490
657
766
983
1237
1363
1592
1694
1641
1367
826
216
-297
-816
-1093
-1118
-1046
-863
-686
-606
-492
-463
-536
-535
-515
-426
-211
361
361
387
436
418
362
340
216
-173
-173
-315
-413
-583
-730
-925
-1057
-1072
-1005
-864
-745
-585
-459
-376
-263
-261
-215
-238
-292
-219
-228
-166
-166
-264
-216
-245
-187
191
191
217
234
202
230
230
289
465
672
780
1023
1234
1314
1559
1625
1727
1733
1236
727
-625
-625
-1003
-1224
-1159
-977
-763
-661
-526
-438
-373
-366
-416
-387
-251
375
375
456
487
414
321
300
206
-200
-200
-301
-399
-571
-643
-811
-976
-1010
-1035
-881
-672
-542
-453
-393
-437
-396
-393
-402
-307
-340
-274
-231
-203
-267
-267
-275
-376
-354
-214
-199
201
201
206
191
263
165
171
171
365
469
629
791
925
1102
1319
1473
1654
1753
1720
1482
839
-617
-617
-1110
-1324
-1339
-1109
-814
-518
-372
-247
-173
-203
-203
-222
-197
269
269
463
438
480
372
191
-279
-279
-402
-509
-631
-781
-853
-878
-890
-777
-701
-503
-302
-256
-238
-207
-282
-296
-335
-405
-355
-383
-330
-352
-324
-272
-308
-309
-290
-310
-203
213
213
281
291
281
299
252
221
198
244
308
439
576
795
999
1107
1291
1363
1527
1602
1747
1675
1455
846
-597
-597
-1152
-1330
-1379
-1183
-922
-629
-455
-260
-191
-245
-245
-210
180
180
343
331
330
234
-231
-231
-418
-532
-680
-696
-764
-817
-814
-851
-770
-682
-546
-407
-297
-289
-296
-345
-392
-371
-415
-383
-379
-351
-352
-294
-296
-256
-305
-322
-291
-258
239
239
319
332
391
382
362
366
328
430
491
549
684
792
967
1147
1282
1472
1617
1701
1764
1500
976
173
-614
-1187
-1421
-1465
-1272
-955
-648
-346
-205
-183
-183
-298
-268
255
255
265
241
-181
-181
-323
-506
-667
-689
-742
-711
-692
-668
-568
-488
-401
-303
-289
-310
-351
-441
-415
-426
-394
-346
-377
-337
-366
-388
-334
-358
-326
-321
-338
-223
203
203
265
364
426
389
471
447
441
461
431
522
653
738
911
982
1168
1317
1462
1636
1766
1780
1460
799
-755
-755
-1351
-1430
-1452
-1160
-787
-467
-176
-226
-226
-265
-354
-226
175
175
203
-185
-185
-456
-607
-729
-708
-632
-577
-406
-402
-258
-266
-177
-183
-184
-294
-403
-458
-547
-475
-549
-476
-518
-523
-525
-483
-421
-307
-262
-252
-174
-174
191
191
257
296
352
358
395
430
463
408
494
449
598
687
784
971
1103
1242
1392
1545
1663
1893
1635
1185
298
-540
-1137
-1512
-1495
-1278
-884
-532
-226
167
167
-322
-322
-419
-449
-240
204
204
-307
-307
-660
-775
-872
-789
-631
-468
-321
-212
-189
-202
-195
-315
-386
-603
-718
-758
-744
-584
-550
-453
-446
-486
-492
-453
-410
-282
-295
-248
-176
169
169
305
342
399
379
449
478
538
561
570
628
696
864
998
1194
1351
1536
1656
1833
1931
1794
1257
308
-583
-1299
-1595
-1601
-1308
-854
-419
360
360
391
352
-252
-252
-470
-526
-433
-298
179
179
-399
-399
-724
-908
-1005
-861
-680
-371
-265
-265
-564
-739
-904
-914
-837
-737
-669
-599
-591
-584
-476
-435
-303
-279
-254
-229
236
236
315
389
383
447
487
569
593
600
596
644
775
918
1116
1261
1421
1533
1635
1803
1828
1522
751
-226
-1059
-1595
-1714
-1602
-1197
-773
-337
315
315
378
274
-351
-351
-549
-527
-448
-236
-233
-233
-557
-858
-1046
-1042
-859
-561
-272
203
203
260
263
-310
-310
-581
-878
-960
-958
-794
-628
-525
-406
-436
-345
-306
-219
-172
-185
-234
-174
235
235
334
454
432
484
516
614
689
723
756
777
861
1007
1212
1363
1540
1643
1752
1851
1873
1574
897
-981
-981
-1610
-1775
-1669
-1270
-688
-260
295
295
477
492
417
-275
-275
-584
-701
-605
-482
-202
-206
-206
-513
-822
-1048
-1097
-873
-554
195
195
457
510
456
245
-292
-292
-694
-956
-1173
-1110
-949
-753
-563
-446
-359
-333
-259
-235
-166
-166
-212
-235
-183
269
269
382
441
483
548
595
678
713
737
740
807
949
1132
1346
1493
1656
1793
1944
2008
1740
1034
-895
-895
-1585
-1772
-1673
-1294
-731
-285
330
330
572
644
571
243
-188
-505
-659
-589
-487
-225
-419
-419
-764
-1017
-1101
-885
-596
198
198
463
603
509
370
-187
-187
-591
-906
-1175
-1169
-1060
-875
-652
-545
-401
-366
-282
-197
-237
-237
-321
-300
-184
203
203
300
419
441
468
578
587
664
654
649
724
873
1112
1361
1553
1693
1833
1852
2016
1787
1314
359
-646
-1367
-1760
-1705
-1462
-857
-397
348
348
574
721
642
450
-396
-396
-653
-676
-613
-396
-206
-266
-266
-633
-921
-1075
-961
-683
-305
392
392
616
590
529
223
-530
-530
-953
-1251
-1403
-1225
-1028
-710
-527
-325
-288
-208
-200
-173
-197
-312
-366
-427
-294
-179
175
175
312
357
454
521
583
626
586
603
566
690
868
1165
1434
1667
1830
1944
2076
2016
1638
814
-288
-1184
-1776
-1934
-1753
-1323
-716
-187
200
448
661
704
554
186
-308
-650
-790
-736
-574
-351
-378
-378
-785
-1034
-1066
-858
-495
291
291
590
698
602
393
-327
-327
-774
-1130
-1323
-1271
-1032
-762
-525
-366
-228
-215
-200
-200
-197
-250
-350
-368
-296
317
317
432
547
596
654
694
723
694
690
635
683
829
1086
1412
1705
1895
2026
2132
2104
1774
929
-1064
-1064
-1634
-1830
-1720
-1308
-691
273
273
528
649
724
563
-364
-364
-741
-941
-950
-856
-700
-430
-236
-353
-353
-650
-853
-838
-619
-276
366
366
588
660
555
301
-463
-463
-913
-1320
-1482
-1423
-1147
-854
-600
-399
-252
-170
-192
-192
-251
-369
-410
-317
314
314
442
539
639
718
810
842
834
796
774
796
937
1143
1388
1631
1837
2007
2193
2262
2005
1272
-879
-879
-1633
-1903
-1882
-1553
-960
-331
544
544
776
885
801
375
-578
-578
-819
-884
-860
-764
-536
-276
-178
-178
-485
-753
-828
-672
-393
231
231
492
681
654
448
-327
-327
-806
-1251
-1522
-1533
-1314
-1033
-762
-546
-346
-210
-198
-198
-294
-400
-472
-410
-202
305
305
476
596
710
787
844
843
793
724
680
717
852
1097
1360
1626
1816
1995
2157
2243
1994
1246
-892
-892
-1565
-1837
-1811
-1536
-971
-390
415
415
663
760
658
262
-247
-663
-865
-911
-906
-800
-610
-327
-214
-214
-513
-799
-835
-713
-461
-191
333
333
523
533
370
-344
-344
-778
-1190
-1480
-1522
-1338
-1091
-846
-646
-456
-282
-198
-195
-216
-291
-397
-472
-410
-198
359
359
552
659
751
838
899
915
879
839
844
874
994
1193
1452
1687
1864
1999
2166
2109
1638
714
-364
-1126
-1602
-1648
-1564
-1115
-618
216
216
436
640
652
469
-455
-455
-765
-837
-874
-844
-747
-495
-224
-311
-311
-594
-796
-752
-586
-344
350
350
476
451
258
-423
-423
-817
-1203
-1392
-1379
-1225
-1046
-919
-757
-563
-410
-304
-265
-245
-286
-362
-380
-260
229
229
435
568
687
787
889
928
893
845
824
839
940
1100
1350
1589
1776
1925
2053
2185
1972
1371
368
-597
-1270
-1571
-1591
-1409
-963
-487
179
179
387
521
529
271
-175
-543
-741
-782
-802
-814
-670
-432
-199
-382
-382
-657
-799
-734
-555
-354
310
310
430
400
210
-408
-408
-784
-1161
-1350
-1342
-1230
-1075
-954
-792
-595
-425
-314
-246
-216
-213
-248
-226
322
322
505
621
712
806
891
914
863
855
867
954
1081
1260
1509
1697
1871
1946
2110
2073
1720
902
-841
-841
-1357
-1450
-1439
-1117
-707
-303
171
171
321
412
312
-444
-444
-715
-780
-794
-806
-738
-535
-273
-254
-254
-520
-776
-853
-735
-539
-352
330
330
413
271
-254
-254
-558
-875
-1157
-1223
-1171
-1071
-1000
-919
-795
-641
-520
-454
-378
-338
-285
-240
243
243
462
606
694
787
875
945
927
890
912
974
1076
1234
1403
1605
1764
1861
2001
2031
1822
1235
349
-440
-1030
-1254
-1272
-1111
-786
-466
-199
164
164
265
271
-324
-324
-628
-763
-757
-739
-705
-584
-381
-165
-363
-363
-576
-729
-698
-572
-408
-262
289
289
289
-444
-444
-706
-984
-1106
-1122
-1061
-984
-956
-896
-783
-664
-589
-526
-497
-419
-341
-231
331
331
486
589
698
776
846
853
805
813
861
996
1152
1332
1518
1668
1795
1894
1997
1870
1482
668
-784
-784
-1122
-1199
-1146
-878
-613
-332
-197
-267
-267
-566
-729
-736
-723
-675
-605
-418
-211
-276
-276
-463
-630
-655
-606
-468
-332
-174
207
207
310
237
-239
-239
-500
-785
-966
-1055
-1029
-969
-910
-851
-776
-650
-573
-507
-518
-477
-423
-305
230
230
418
566
668
792
870
898
841
775
759
835
998
1186
1405
1585
1723
1845
1934
2020
1874
1460
688
-593
-593
-863
-927
-892
-642
-460
-263
-197
-258
-258
-520
-764
-877
-804
-749
-646
-553
-346
-280
-280
-445
-596
-601
-552
-420
-339
-185
214
214
-253
-253
-431
-644
-777
-829
-783
-722
-701
-667
-637
-546
-506
-502
-513
-506
-436
-334
-197
223
223
422
586
691
822
929
935
869
787
759
851
1001
1164
1382
1543
1733
1860
1958
1976
1834
1376
706
-427
-427
-584
-670
-582
-467
-320
-224
-184
-172
-189
-250
-432
-684
-928
-980
-931
-818
-726
-607
-419
-205
-246
-246
-359
-536
-594
-609
-518
-373
-270
169
169
188
-240
-240
-421
-572
-666
-688
-625
-565
-517
-498
-457
-396
-357
-392
-441
-480
-451
-379
-287
204
204
364
484
617
714
723
685
620
597
696
840
1054
1237
1433
1618
1752
1887
1918
1827
1530
972
432
-230
-230
-305
-307
-209
-266
-266
-348
-572
-828
-1050
-1170
-1099
-989
-872
-758
-562
-378
-232
-216
-258
-364
-502
-632
-730
-694
-594
-426
-297
169
169
-175
-175
-338
-506
-585
-591
-514
-428
-365
-311
-282
-262
-267
-321
-422
-540
-607
-626
-552
-454
-311
218
218
361
463
508
482
432
430
490
613
776
939
1135
1339
1525
1662
1724
1668
1472
1076
630
338
176
234
248
333
415
449
394
288
164
-459
-459
-722
-954
-1011
-956
-910
-847
-733
-584
-433
-391
-427
-526
-673
-800
-866
-868
-779
-644
-489
-345
-228
-184
-184
-348
-460
-518
-505
-460
-359
-270
-206
-213
-213
-372
-481
-531
-487
-417
-329
-191
207
207
321
407
447
440
448
500
626
780
957
1100
1241
1388
1501
1591
1578
1516
1261
1000
715
587
598
609
698
704
704
627
555
414
236
-414
-414
-738
-988
-1088
-1090
-1065
-1005
-911
-769
-623
-576
-589
-737
-885
-1060
-1154
-1159
-1125
-979
-835
-646
-455
-258
-210
-210
-357
-454
-472
-462
-371
-264
177
177
-217
-217
-274
-281
-241
-187
180
180
290
395
455
472
446
429
467
576
726
870
1017
1175
1347
1516
1594
1652
1473
1218
923
719
727
733
788
767
757
671
630
489
325
-310
-310
-649
-930
-1076
-1103
-1107
-1103
-1033
-903
-716
-605
-590
-699
-849
-1003
-1121
-1149
-1143
-1049
-926
-776
-569
-352
-227
-227
-349
-406
-416
-389
-285
-169
192
192
200
-195
-195
-307
-337
-332
-276
-206
237
237
332
384
388
345
338
420
543
678
826
972
1171
1346
1483
1575
1594
1400
1156
869
718
743
744
783
753
720
646
583
447
264
-387
-387
-705
-959
-1078
-1112
-1133
-1130
-1059
-926
-766
-676
-696
-791
-943
-1070
-1151
-1171
-1162
-1062
-950
-801
-606
-403
-172
-166
-166
-269
-366
-411
-429
-391
-293
-191
167
167
-219
-219
-289
-311
-295
-240
-164
247
247
329
362
352
319
339
420
532
654
783
953
1143
1309
1442
1509
1559
1359
1132
883
747
797
774
780
735
680
602
559
388
239
-369
-369
-681
-938
-1029
-1044
-1069
-1091
-1005
-879
-690
-640
-668
-774
-911
-1034
-1129
-1172
-1174
-1066
-979
-811
-641
-414
-213
-243
-243
-337
-428
-477
-507
-449
-347
-211
189
189
187
-182
-182
-245
-272
-246
-199
187
187
307
372
412
374
338
360
445
559
677
808
971
1159
1298
1438
1498
1534
1330
1112
876
801
840
833
810
760
719
642
591
435
299
-316
-316
-618
-827
-901
-918
-966
-987
-910
-801
-629
-594
-644
-747
-879
-995
-1101
-1130
-1106
-1010
-931
-776
-609
-396
-209
-187
-187
-267
-363
-441
-499
-507
-432
-324
-186
208
208
194
-183
-183
-204
-164
258
258
363
420
414
367
338
381
458
550
657
779
944
1115
1247
1376
1426
1470
1249
1053
852
789
830
797
778
733
679
589
517
350
221
-368
-368
-655
-854
-889
-912
-947
-967
-882
-758
-632
-605
-695
-788
-922
-1040
-1138
-1169
-1125
-1035
-936
-784
-592
-388
-249
-208
-252
-308
-403
-475
-514
-501
-390
-270
188
188
243
206
243
243
351
438
462
432
401
386
427
503
588
692
817
966
1118
1257
1352
1430
1444
1245
1055
885
849
896
864
827
782
722
612
514
368
217
-418
-418
-681
-874
-904
-926
-991
-1006
-939
-814
-716
-708
-833
-926
-1022
-1154
-1219
-1270
-1218
-1120
-1036
-887
-700
-519
-400
-382
-430
-472
-553
-628
-663
-633
-513
-354
-223
195
195
174
245
245
363
433
440
414
356
352
418
477
561
656
791
968
1101
1253
1328
1425
1342
1132
964
829
859
865
841
816
802
695
617
450
342
-457
-457
-700
-821
-849
-880
-953
-923
-851
-725
-672
-717
-816
-908
-1014
-1129
-1163
-1180
-1111
-1025
-935
-765
-580
-427
-333
-356
-400
-453
-543
-582
-602
-545
-417
-280
210
210
243
181
184
184
257
360
455
492
467
416
369
385
454
515
597
707
852
1020
1149
1262
1339
1388
1198
1023
831
784
854
851
832
816
765
667
559
365
268
-270
-270
-573
-764
-817
-813
-867
-904
-870
-798
-689
-695
-795
-917
-1022
-1120
-1178
-1197
-1143
-1041
-968
-841
-691
-507
-389
-356
-407
-444
-505
-547
-561
-541
-444
-312
-180
169
169
241
234
176
208
208
282
362
451
540
541
501
426
399
450
532
610
684
788
930
1088
1213
1325
1384
1280
1056
895
769
850
864
836
784
772
684
607
420
267
-216
-216
-477
-683
-775
-796
-839
-908
-882
-837
-729
-701
-798
-934
-1032
-1130
-1205
-1222
-1206
-1096
-1028
-946
-794
-639
-504
-459
-503
-543
-568
-610
-618
-589
-520
-391
-266
195
195
187
187
251
324
418
520
575
571
526
484
535
600
677
745
837
953
1102
1250
1360
1441
1251
1078
850
799
841
871
824
783
734
665
602
429
318
-204
-204
-498
-648
-753
-773
-837
-938
-908
-864
-750
-749
-840
-999
-1077
-1203
-1240
-1259
-1246
-1146
-1095
-1002
-852
-678
-547
-502
-569
-606
-627
-657
-647
-630
-551
-441
-319
-217
172
172
230
298
352
438
548
608
605
574
547
585
690
763
845
933
1034
1195
1315
1463
1349
1193
968
827
830
852
831
809
757
673
639
489
431
208
-355
-355
-587
-663
-686
-731
-817
-855
-854
-725
-688
-740
-832
-991
-1098
-1164
-1197
-1186
-1119
-1117
-1024
-935
-782
-619
-553
-545
-591
-633
-640
-634
-636
-562
-512
-406
-307
-225
196
196
266
346
417
471
565
620
665
672
665
707
778
883
992
1088
1174
1284
1375
1434
1305
1170
969
904
904
888
858
838
758
692
589
454
369
-401
-401
-590
-643
-659
-718
-795
-852
-843
-743
-728
-773
-865
-996
-1078
-1100
-1088
-1031
-966
-969
-913
-852
-713
-587
-557
-602
-640
-664
-612
-557
-529
-465
-444
-380
-312
-235
195
195
252
321
393
471
520
566
596
627
665
717
816
917
1038
1135
1246
1321
1442
1472
1326
1210
975
924
918
893
866
836
721
679
553
438
382
-384
-384
-584
-630
-668
-688
-736
-825
-831
-787
-772
-789
-879
-1005
-1086
-1130
-1086
-991
-892
-823
-819
-817
-740
-652
-605
-617
-713
-751
-730
-653
-530
-447
-382
-327
-294
-235
-191
-190
-190
-227
-203
184
184
250
327
383
466
545
585
605
602
598
631
744
878
1059
1153
1274
1354
1487
1460
1319
1143
916
906
862
865
837
807
698
644
477
413
331
-464
-464
-596
-631
-629
-645
-712
-783
-751
-719
-733
-761
-907
-1017
-1141
-1177
-1118
-994
-871
-812
-784
-732
-643
-575
-555
-652
-756
-852
-854
-781
-690
-586
-486
-421
-366
-288
-219
-184
-184
-246
-310
-304
-203
179
179
261
354
476
592
683
700
687
671
708
811
966
1133
1301
1417
1523
1531
1420
1291
1066
968
892
848
831
815
732
656
524
450
398
190
-317
-317
-522
-599
-620
-599
-617
-678
-681
-661
-644
-632
-742
-867
-1014
-1117
-1099
-997
-896
-817
-786
-742
-658
-556
-451
-465
-553
-693
-773
-752
-686
-622
-576
-536
-479
-385
-285
-178
-180
-180
-247
-288
-245
213
213
340
478
615
705
748
757
792
854
1006
1156
1330
1454
1557
1565
1464
1360
1142
1094
976
925
866
797
709
623
489
404
326
-322
-322
-509
-584
-630
-595
-619
-644
-626
-602
-555
-560
-634
-726
-866
-954
-944
-883
-760
-694
-681
-663
-623
-517
-439
-446
-506
-590
-643
-605
-571
-505
-460
-461
-447
-422
-338
-243
-191
-213
-254
-267
-180
192
192
265
336
466
583
677
750
782
830
932
1071
1227
1374
1465
1540
1417
1337
1133
1019
995
890
847
778
695
615
519
367
366
167
-264
-264
-543
-594
-699
-759
-856
-952
-922
-792
-665
-556
-589
-682
-843
-1040
-1080
-1034
-881
-739
-631
-546
-431
-319
-275
-320
-433
-539
-620
-626
-598
-566
-531
-482
-482
-464
-394
-335
-297
-364
-424
-452
-381
-238
290
290
387
523
654
823
955
1067
1154
1270
1440
1593
1784
1813
1670
1302
1131
1112
1249
1244
981
652
426
172
-174
-174
-381
-672
-876
-884
-1021
-1084
-1054
-904
-672
-562
-595
-662
-764
-799
-760
-644
-406
-258
-239
-335
-390
-344
-232
-201
-201
-362
-521
-548
-510
-496
-471
-528
-541
-579
-648
-655
-632
-542
-451
-396
-361
-340
-281
320
320
494
669
754
850
986
1163
1429
1647
1854
1782
1457
1022
977
1262
1504
1398
888
425
308
216
228
295
247
-435
-435
-867
-991
-898
-707
-828
-920
-907
-868
-847
-912
-930
-856
-777
-731
-697
-723
-677
-676
-564
-324
-220
-220
-235
-233
-285
-347
-385
-395
-403
-375
-409
-423
-503
-592
-575
-451
-227
223
223
400
604
737
840
912
1097
1250
1575
1782
1647
1314
1098
1349
1634
1536
892
261
229
545
599
549
256
-346
-346
-709
-639
-524
-477
-862
-1271
-1234
-931
-687
-706
-809
-858
-781
-774
-719
-697
-663
-625
-611
-412
-200
189
189
-173
-173
-267
-267
-292
-274
-186
-273
-273
-460
-486
-358
-205
-185
-232
-182
292
292
477
636
793
825
923
1095
1396
1580
1278
987
996
1476
1715
1316
628
265
581
963
711
417
-293
-293
-483
-290
-314
-589
-1052
-1231
-890
-611
-721
-982
-1030
-912
-745
-778
-741
-690
-655
-630
-601
-355
-187
-174
-183
-240
-240
184
184
329
286
283
448
658
765
812
965
1185
1393
1181
898
888
1323
1537
1050
463
483
483
934
620
296
-378
-378
-231
-333
-714
-1091
-1228
-861
-611
-804
-1045
-1026
-869
-793
-912
-898
-763
-734
-799
-827
-602
-352
-238
-274
-190
-269
-269
-273
-165
-165
450
450
579
507
480
616
843
952
978
1109
1316
1427
1140
817
935
1401
1439
802
517
517
854
339
-263
-263
-229
-259
-495
-343
-542
-928
-1261
-1205
-732
-656
-961
-1090
-918
-744
-790
-925
-806
-653
-689
-843
-823
-517
-348
-251
-259
-221
-221
-242
-242
-254
168
168
231
177
177
177
375
586
629
601
701
867
1019
1099
1155
1331
1486
1410
1040
906
1231
1628
1304
541
225
225
827
714
-262
-262
-331
-192
-362
-470
-414
-744
-1077
-1276
-997
-685
-911
-1201
-1155
-912
-907
-1029
-1020
-755
-681
-822
-926
-698
-333
-272
-282
-315
-214
-211
-218
-181
-181
-246
171
171
204
331
331
532
672
649
712
849
1016
1112
1233
1387
1629
1647
1273
1092
1297
1830
1618
849
256
339
987
991
256
-279
-279
-308
-308
-580
-531
-839
-1138
-1393
-1167
-816
-949
-1201
-1192
-958
-1014
-1125
-1080
-771
-685
-900
-1051
-809
-319
-200
-256
-363
-289
-187
-262
-262
-296
300
300
440
610
680
765
868
1001
1121
1294
1416
1628
1554
1228
1171
1410
1836
1403
642
241
517
1111
813
-262
-262
-553
-436
-711
-1040
-1259
-1036
-767
-1020
-1244
-1165
-1029
-1191
-1248
-1089
-825
-905
-1196
-1247
-888
-485
-503
-503
-523
-394
-382
-252
-197
-197
-379
-274
199
199
179
190
190
447
558
620
632
796
963
1132
1277
1386
1528
1732
1480
1310
1419
1798
1851
1130
651
548
1080
1266
482
-463
-463
-500
-593
-914
-1158
-1256
-901
-904
-1196
-1220
-1052
-1068
-1234
-1248
-981
-896
-1105
-1336
-1229
-720
-543
-556
-612
-600
-368
-352
-208
-204
-391
-415
-502
-268
-169
-217
-229
-240
251
251
430
574
600
637
800
1029
1201
1356
1386
1632
1501
1205
1347
1699
2047
1363
695
585
1090
1516
738
236
236
251
-278
-458
-401
-741
-967
-1114
-799
-758
-1150
-1263
-1081
-1066
-1269
-1212
-899
-809
-1175
-1341
-1056
-520
-424
-703
-771
-600
-342
-297
-245
-365
-365
-459
-366
-219
-219
-305
-248
-181
315
315
448
514
543
640
790
956
1115
1217
1339
1536
1549
1278
1363
1597
1829
1278
661
594
1065
1487
782
305
305
413
434
-261
-261
-215
-630
-896
-1082
-723
-649
-1066
-1180
-985
-916
-1151
-1133
-898
-861
-1220
-1419
-1190
-660
-486
-722
-781
-609
-349
-326
-188
-346
-346
-427
-402
-165
-165
-200
228
228
384
446
484
530
779
1013
1180
1215
1213
1444
1295
1180
1316
1602
1676
971
482
604
1236
1450
489
216
216
370
313
-295
-290
-331
-637
-872
-878
-434
-549
-1009
-1115
-867
-899
-1061
-980
-793
-919
-1310
-1308
-934
-432
-502
-805
-835
-587
-324
-396
-288
-334
-508
-470
-323
-184
-184
-203
-211
207
207
345
418
502
554
544
762
1011
1214
1243
1298
1338
1122
1237
1426
1691
1358
639
370
724
1347
993
165
165
316
-356
-356
-245
-471
-727
-985
-726
-393
-632
-960
-911
-815
-936
-857
-638
-557
-932
-1171
-959
-494
-240
-512
-710
-645
-419
-239
-218
-183
-403
-615
-468
-194
-210
-274
-317
-258
-234
-272
-182
-182
278
278
352
366
587
650
758
898
1155
1286
1393
1382
1048
1206
1455
1679
1287
671
481
686
1182
869
-460
-460
-360
-665
-858
-1057
-852
-598
-884
-1078
-961
-806
-1032
-1039
-785
-630
-940
-1204
-991
-577
-317
-540
-657
-549
-395
-229
-238
-238
-478
-427
-191
-191
-284
-271
-167
-167
323
323
428
378
459
599
825
1045
1258
1306
1480
1516
1200
1304
1585
1884
1333
690
556
904
1457
947
284
284
327
-341
-341
-305
-714
-954
-1117
-798
-581
-897
-1122
-1030
-877
-1035
-972
-805
-756
-1119
-1274
-1012
-612
-409
-589
-635
-530
-309
-216
-191
-191
-400
-381
-231
-231
-223
283
283
371
443
484
567
724
997
1280
1344
1508
1209
1178
1401
1667
1594
877
658
702
1158
1205
437
260
315
334
170
-236
-409
-409
-719
-941
-906
-584
-710
-894
-936
-836
-1015
-1005
-788
-696
-960
-1348
-1184
-831
-519
-557
-653
-606
-507
-337
-194
-194
-433
-424
200
200
269
307
307
429
429
551
633
761
885
1225
1313
1439
1140
992
1283
1529
1478
776
530
617
1007
1025
372
242
242
210
-310
-310
-245
-384
-729
-906
-940
-605
-711
-881
-914
-746
-845
-983
-771
-672
-840
-1201
-1152
-814
-511
-577
-719
-632
-465
-381
-291
-175
-191
-376
-437
-287
239
239
321
192
353
353
503
506
615
723
870
993
1242
1344
1492
1184
1106
1357
1541
1393
660
566
710
1100
1020
240
242
242
250
-296
-296
-215
-559
-782
-910
-836
-559
-770
-954
-987
-789
-907
-938
-770
-760
-1019
-1279
-1105
-804
-592
-712
-825
-779
-570
-441
-229
-196
-397
-581
-517
-176
-236
-236
-309
-275
193
193
170
170
387
487
517
550
670
813
1084
1325
1438
1375
1060
1203
1480
1642
1150
603
600
835
1174
713
223
223
243
252
-262
-262
-288
-668
-826
-970
-663
-562
-793
-930
-826
-724
-877
-783
-604
-654
-988
-1132
-854
-508
-440
-622
-677
-470
-356
-304
-206
-239
-313
-479
-375
-165
-178
-164
-239
258
258
242
345
345
553
512
543
711
981
1044
1167
1327
1555
1360
1110
1337
1600
1551
784
499
658
1087
1052
237
169
169
212
-371
-371
-341
-559
-867
-975
-987
-652
-744
-925
-997
-861
-862
-887
-642
-642
-874
-1162
-1027
-720
-490
-528
-684
-684
-510
-352
-227
-324
-324
-507
-490
-194
-250
-250
-264
-236
233
233
181
222
222
443
583
699
749
832
940
1226
1473
1595
1479
1160
1329
1592
1742
1121
616
677
947
1184
603
174
174
172
169
-229
-310
-410
-854
-962
-990
-713
-762
-986
-1008
-881
-843
-995
-802
-638
-749
-1125
-1154
-787
-544
-564
-750
-724
-541
-393
-271
-248
-248
-392
-510
-292
-195
-195
-246
-262
262
262
199
185
185
428
601
587
630
818
994
1081
1309
1492
1593
1209
1269
1509
1772
1338
667
592
857
1262
872
190
190
230
241
-276
-276
-234
-731
-902
-1029
-760
-620
-886
-1107
-1068
-893
-1057
-942
-796
-862
-1217
-1375
-1082
-751
-624
-806
-942
-761
-541
-422
-267
-323
-469
-594
-461
-183
-183
-205
-297
-229
201
201
212
400
400
543
597
657
800
979
1082
1362
1603
1727
1331
1246
1635
1968
1585
805
622
953
1391
1057
244
236
354
316
-212
-212
-602
-602
-871
-1031
-786
-563
-898
-1054
-1025
-814
-1037
-1007
-772
-797
-1161
-1440
-1180
-816
-640
-822
-975
-857
-625
-512
-348
-412
-540
-717
-605
-302
-347
-374
-416
-324
-247
-177
367
367
550
578
625
850
1051
1196
1354
1605
1726
1448
1456
1628
1969
1536
903
783
1034
1409
973
251
328
396
375
-214
-214
-596
-596
-774
-957
-673
-555
-799
-934
-887
-712
-910
-800
-670
-765
-1166
-1287
-1050
-787
-747
-940
-1019
-871
-674
-670
-486
-597
-722
-860
-662
-419
-509
-497
-566
-409
-297
-190
382
382
570
558
586
771
999
1217
1379
1537
1590
1350
1415
1643
1917
1428
861
828
1135
1436
924
310
468
500
488
-447
-447
-649
-794
-429
-398
-669
-822
-734
-628
-824
-640
-525
-643
-1081
-1216
-930
-660
-639
-903
-1007
-846
-652
-554
-424
-599
-693
-814
-587
-444
-572
-496
-560
-367
-389
-248
325
325
441
510
639
825
944
1161
1396
1613
1487
1263
1454
1763
1819
1113
775
865
1204
1289
641
285
484
425
409
-208
-208
-647
-673
-706
-400
-581
-701
-755
-582
-618
-747
-463
-435
-642
-1079
-953
-676
-544
-635
-846
-799
-695
-604
-473
-425
-605
-748
-861
-533
-533
-685
-674
-668
-480
-567
-355
-173
-178
-178
-249
296
296
386
333
494
765
979
1153
1374
1575
1350
1358
1603
1973
1644
919
769
1022
1444
1129
371
303
489
474
265
-425
-425
-679
-763
-586
-398
-675
-759
-743
-512
-634
-554
-328
-357
-728
-999
-682
-404
-310
-546
-703
-586
-426
-335
-247
-342
-532
-678
-637
-388
-520
-607
-677
-554
-505
-495
-294
-310
-310
-216
312
312
289
283
475
714
963
1172
1484
1394
1175
1318
1745
1933
1245
774
773
1286
1416
745
227
437
494
393
-594
-594
-729
-781
-468
-593
-768
-795
-629
-631
-773
-504
-377
-532
-955
-887
-603
-437
-441
-667
-652
-542
-445
-296
-214
-355
-552
-664
-425
-352
-521
-587
-582
-442
-519
-362
-235
-182
-182
-286
277
277
223
377
544
722
939
1179
1408
1118
1176
1386
1803
1463
881
650
923
1371
1046
310
276
467
475
240
-459
-459
-595
-768
-586
-478
-720
-795
-769
-509
-701
-599
-433
-480
-773
-963
-662
-536
-462
-636
-776
-614
-447
-295
-222
-370
-493
-607
-446
-196
-458
-519
-567
-370
-346
-347
314
314
317
326
528
646
871
1058
1417
1231
1106
1241
1672
1716
1069
704
698
1227
1302
660
251
431
478
453
-222
-222
-581
-644
-629
-394
-629
-739
-802
-553
-605
-658
-420
-360
-582
-944
-708
-522
-428
-503
-674
-612
-489
-404
-211
-201
-401
-621
-639
-313
-364
-524
-606
-593
-429
-504
-320
-239
-227
-227
-261
233
233
165
397
536
761
919
1231
1318
1139
1195
1413
1768
1300
881
665
1009
1285
855
287
350
413
457
-536
-536
-616
-768
-484
-590
-800
-883
-736
-582
-700
-560
-459
-494
-818
-843
-603
-463
-419
-569
-634
-538
-418
-281
-170
-318
-467
-605
-419
-259
-501
-567
-671
-477
-485
-399
-286
-274
-190
-258
187
187
176
287
487
636
836
1063
1306
1162
1211
1379
1748
1579
1117
855
882
1313
1204
654
376
483
507
463
191
-282
-282
-462
-553
-495
-353
-564
-671
-755
-542
-645
-539
-424
-464
-748
-929
-618
-535
-457
-584
-677
-595
-519
-361
-228
-268
-406
-620
-534
-272
-407
-518
-583
-497
-503
-527
-279
-200
-308
-308
-256
325
325
414
580
750
1151
1084
954
1078
1451
1582
1069
792
763
1156
1220
687
340
487
532
486
206
210
-368
-368
-406
-426
-265
-514
-589
-636
-419
-483
-562
-334
-304
-496
-841
-658
-454
-420
-476
-650
-593
-493
-428
-216
-212
-363
-575
-583
-247
-267
-503
-621
-559
-383
-469
-339
-263
-178
-235
-262
198
198
337
506
615
896
967
793
903
1150
1442
993
646
500
855
1135
722
241
286
428
488
264
177
-380
-380
-370
-419
-197
-391
-553
-589
-400
-337
-474
-298
-235
-335
-697
-610
-419
-328
-360
-524
-501
-401
-364
-231
-180
-180
-445
-550
-281
-294
-294
-499
-527
-340
-281
-236
-179
-190
-190
179
179
233
233
407
555
667
827
989
810
916
1060
1383
1033
664
487
703
1075
751
217
219
304
390
209
-438
-438
-436
-505
-271
-317
-514
-566
-455
-280
-438
-268
-246
-246
-593
-621
-301
-219
-259
-470
-499
-328
-328
-216
-173
-231
-383
-628
-398
-228
-348
-513
-610
-395
-402
-341
-220
-165
-203
-203
213
213
206
206
426
604
694
832
1006
850
930
1064
1376
1011
622
431
649
1042
676
234
234
318
-483
-483
-546
-602
-347
-363
-544
-644
-465
-272
-417
-291
-171
-172
-527
-541
-280
-368
-368
-443
-271
-174
-313
-313
-513
-331
-200
-325
-483
-561
-443
-351
-299
-231
-172
254
254
221
290
482
602
752
906
1072
894
984
1136
1441
1134
662
420
543
985
752
169
242
242
-556
-556
-590
-676
-455
-437
-629
-740
-613
-370
-527
-397
-250
-215
-531
-600
-359
-225
-169
-310
-413
-289
-199
-248
-248
-487
-363
-204
-335
-506
-586
-503
-456
-395
-302
-237
-181
-199
187
187
230
230
413
574
701
913
1108
916
960
1090
1462
1217
731
510
583
1026
799
231
187
187
275
174
-481
-481
-593
-653
-434
-410
-665
-752
-621
-329
-512
-421
-263
-212
-489
-619
-371
-227
-276
-276
-359
-254
-368
-368
-302
-206
-206
-369
-489
-434
-401
-344
-278
-200
-193
-193
-180
338
338
460
583
768
1025
887
870
1042
1325
1284
808
517
491
919
929
355
181
181
214
231
-406
-406
-598
-601
-497
-359
-633
-759
-715
-348
-458
-497
-329
-230
-425
-611
-418
-311
-218
-285
-370
-320
-170
-170
-292
-292
-317
-164
-164
-310
-442
-455
-421
-386
-338
-290
-242
-239
-280
169
169
322
444
599
865
805
742
909
1212
1295
854
553
426
835
997
532
200
200
275
-270
-270
-584
-561
-464
-248
-508
-706
-749
-397
-370
-460
-314
-202
-361
-602
-430
-311
-203
-240
-350
-335
-206
-212
-212
-311
-216
-216
-335
-353
-391
-346
-242
-204
-175
-202
-202
164
164
291
344
494
796
824
596
742
971
1234
888
502
277
491
868
570
-598
-598
-565
-568
-266
-372
-618
-733
-470
-276
-385
-282
-247
-247
-498
-391
-271
-226
-230
-330
-342
-227
-167
-343
-343
-200
-234
-234
-327
-325
-358
-336
-263
-170
185
185
332
373
468
759
882
621
671
823
1175
1006
552
195
250
700
604
-617
-617
-719
-754
-391
-328
-564
-763
-579
-280
-357
-252
-381
-381
-378
-214
-208
-208
-251
-241
-241
-182
-269
-269
-329
-308
-322
-314
-208
322
322
377
448
649
913
726
669
777
1090
1131
691
327
171
550
646
194
-249
-249
-567
-567
-837
-966
-686
-404
-618
-850
-844
-491
-498
-391
-222
-173
-416
-477
-273
-188
-188
-276
-168
-168
-186
-186
-255
-236
-261
-312
-262
177
177
196
332
398
433
568
862
932
731
742
906
1197
942
545
230
362
649
444
-228
-228
-205
-188
-264
-264
-736
-897
-865
-474
-506
-705
-861
-662
-549
-494
-286
-331
-331
-536
-426
-239
-180
-180
-289
-235
-175
-175
-202
-202
-204
-204
-171
-237
-237
-261
202
202
247
396
482
492
519
750
989
823
783
800
1070
1059
699
351
270
521
495
-259
-259
-265
-549
-549
-833
-1018
-694
-538
-629
-796
-736
-621
-649
-458
-212
-257
-513
-538
-367
-251
-217
-249
-282
-192
-192
-202
-180
-180
-169
-169
-246
-170
-183
-183
-308
-239
172
172
301
521
561
515
599
947
953
856
839
978
1181
950
580
305
430
591
359
190
-191
-191
-268
-272
-230
-230
-618
-923
-915
-611
-549
-624
-678
-592
-656
-609
-294
-274
-274
-464
-436
-287
-209
-195
-195
-199
-199
-275
-275
-286
-177
-230
-230
-324
-252
367
367
566
593
531
713
911
812
789
834
1087
1049
708
322
257
435
430
-307
-307
-408
-281
-419
-419
-751
-1005
-835
-656
-630
-659
-570
-594
-677
-523
-189
-300
-300
-429
-377
-302
-249
-222
-176
-176
-310
-310
-410
-333
-252
-252
-307
-233
201
201
463
614
616
668
878
781
737
748
982
1158
902
442
197
297
416
244
218
-181
-181
-376
-417
-220
-255
-482
-836
-904
-780
-720
-709
-533
-421
-568
-628
-392
-200
-207
-300
-295
-238
-267
-268
-275
-335
-335
-417
-300
-202
-202
-237
215
215
185
300
300
490
629
653
869
856
698
686
785
1069
1074
702
333
253
360
295
176
254
-220
-220
-401
-327
-231
-314
-604
-767
-733
-702
-759
-691
-454
-464
-560
-488
-316
-253
-318
-333
-217
-219
-231
-332
-190
-326
-326
-387
-229
-187
-187
-201
166
166
248
248
385
579
618
727
878
736
704
707
883
1061
858
470
235
206
243
-363
-363
-483
-398
-338
-512
-695
-724
-716
-694
-734
-524
-365
-432
-387
-309
-203
-211
-325
-200
-216
-216
-231
-231
-330
-290
175
175
305
256
306
418
606
765
791
947
800
728
745
803
1019
990
618
334
170
196
167
167
-248
-248
-447
-528
-417
-472
-628
-620
-638
-602
-743
-677
-442
-444
-372
-297
-242
-205
-361
-323
-218
-165
-290
-290
-201
-190
-190
-265
-265
-317
-356
-204
-174
-174
271
271
281
316
406
497
704
765
916
839
678
689
704
884
989
738
506
297
198
-251
-251
-430
-428
-457
-628
-598
-603
-534
-613
-685
-528
-527
-437
-285
-209
-250
-250
-323
-239
-222
-202
-202
-226
-226
-323
-448
-342
-221
-203
209
209
280
397
441
636
691
805
816
651
715
749
833
970
745
519
320
-176
-176
-243
-436
-502
-527
-726
-689
-665
-602
-582
-667
-528
-530
-503
-332
-242
-220
-220
-174
-201
-164
-164
-196
-196
-174
-174
-264
-400
-389
-290
-296
-210
191
191
256
406
495
665
793
849
893
707
684
688
766
978
915
665
479
248
166
-297
-297
-412
-458
-661
-695
-619
-561
-473
-582
-495
-488
-519
-372
-272
-186
-186
-178
-178
-185
-167
-167
-285
-359
-299
-332
-326
-263
166
166
259
347
509
687
759
838
698
631
622
649
826
837
672
547
296
-182
-182
-310
-379
-603
-730
-657
-603
-489
-531
-450
-398
-512
-464
-421
-262
-261
-261
-171
-171
-210
-210
-254
-168
-203
-251
-288
-213
181
181
181
181
240
337
507
579
727
708
637
613
552
648
748
657
608
501
386
212
-204
-204
-231
-362
-590
-634
-653
-589
-557
-518
-351
-387
-398
-399
-362
-234
-219
-170
-180
-180
-192
-192
-245
-167
-173
-173
-225
-207
165
165
203
259
373
478
542
624
625
585
536
500
612
660
527
512
402
331
-220
-220
-217
-373
-578
-604
-635
-578
-592
-528
-423
-477
-484
-476
-433
-346
-356
-283
-166
-277
-277
-218
-205
-205
-205
211
211
316
349
383
528
555
509
499
463
587
582
509
529
459
415
236
-192
-192
-357
-410
-482
-441
-495
-459
-342
-380
-377
-402
-364
-280
-332
-270
-188
-181
-181
185
185
251
269
275
435
498
438
390
335
420
476
450
453
474
393
288
174
174
-233
-233
-318
-368
-371
-421
-465
-326
-321
-335
-342
-376
-304
-360
-383
-325
-267
-200
-191
-172
-174
-174
-169
167
167
275
275
284
421
494
402
376
327
410
446
469
509
486
395
398
308
266
205
-269
-269
-339
-321
-381
-290
-295
-275
-262
-302
-287
-374
-404
-366
-333
-240
-219
-191
-210
-210
-210
-191
-174
-179
-179
-170
-170
-166
-166
248
248
220
332
325
274
327
269
372
367
423
493
439
462
346
274
278
191
209
165
165
-191
-191
-208
-287
-238
-234
-246
-278
-377
-364
-375
-439
-395
-369
-331
-277
-303
-204
-210
-202
-206
-251
-179
-215
-215
176
176
303
272
303
243
188
284
327
392
472
456
466
460
357
310
289
240
219
167
167
171
-190
-190
-246
-268
-239
-255
-262
-292
-290
-287
-357
-380
-385
-327
-313
-280
-301
-252
-271
-249
-257
-248
-249
-220
-300
-166
-166
-218
-218
-168
-190
-189
-190
-190
202
202
357
357
342
342
401
255
420
197
428
359
358
428
387
410
362
366
254
340
173
183
183
-208
-208
-216
-232
-248
-184
-320
-275
-308
-295
-372
-385
-427
-359
-315
-336
-270
-278
-297
-308
-293
-323
-208
-391
-256
-193
-349
-362
-362
-175
-175
-294
-302
-302
-223
-223
-232
-232
199
275
275
441
441
323
323
416
296
536
371
419
461
417
492
449
455
439
406
282
388
218
217
197
-213
-213
-280
-192
-344
-251
-358
-304
-306
-292
-334
-328
-332
-363
-338
-346
-322
-310
-262
-380
-282
-275
-451
-204
-367
-273
-338
-338
-230
-230
-265
-379
-379
-169
-169
171
171
253
253
440
440
476
476
331
282
540
206
402
280
285
287
291
306
293
308
217
324
209
200
183
-174
-174
-219
-219
-244
-302
-282
-349
-281
-396
-341
-363
-423
-334
-391
-305
-337
-263
-360
-198
-295
-404
-380
-380
-242
-197
-234
-174
-174
170
170
262
262
273
273
335
335
222
222
280
315
315
204
290
215
236
207
247
235
234
234
-186
-186
-218
-218
-177
-301
-234
-252
-302
-263
-312
-322
-302
-306
-309
-311
-243
-297
-376
-400
-400
-181
-256
-300
-331
-331
-289
-289
-191
-191
-172
-172
225
166
166
189
189
256
256
255
255
216
216
243
369
369
330
330
274
186
360
225
225
274
252
252
205
219
219
-208
-208
-251
-251
-186
-287
-239
-219
-267
-204
-260
-229
-279
-231
-246
-273
-272
-272
-165
-165
-216
-272
-272
-242
-242
-217
-217
226
226
164
164
-169
237
185
185
252
252
240
240
167
206
216
169
168
168
-170
-170
-194
-194
-187
-187
-202
-202
-219
-219
-242
-242
-171
-171
-173
-173
-176
-176
-176
-176
-194
-194
-234
-234
-164
-164
-177
-177
-186
-181
190
190
183
183
215
277
277
194
194
227
267
267
169
213
221
-200
-200
-182
-182
-165
-221
-221
-170
-170
-182
-182
-204
-204
-222
-222
-241
-241
-227
-227
205
205
237
237
242
242
202
202
177
194
196
222
235
235
178
178
-211
-211
-172
-172
-172
-172
-193
-193
-191
-196
-196
-228
-263
-263
-189
-281
-281
-193
-193
-220
-176
-176
-175
-175
202
202
185
185
177
177
179
203
206
176
243
175
175
210
167
167
-169
-169
-232
-232
-210
-210
-231
-231
-179
-197
-193
-190
-199
-232
-184
-291
-278
-278
-209
-182
-267
-262
-262
-188
-188
188
188
-205
-205
-218
-218
-184
-184
-243
-252
-252
-236
-188
-268
-256
-173
-344
-237
-237
-219
-240
-240
180
180
201
201
197
197
186
186
166
166
176
165
165
199
178
178
168
168
166
166
-181
-181
-167
-167
-206
-206
-174
-174
-164
-164
238
238
209
209
209
209
216
216
175
175
198
198
215
215
182
182
-178
-178
-294
-294
-214
-214
-330
-330
-261
-261
-197
-197
-209
-209
203
203
208
208
-244
-244
-185
-185
-187
-187
201
201
216
216
-202
-202
-238
-238
-196
-196
-225
-350
-350
-215
-215
-281
-335
-335
-272
-272
-204
-204
-168
-168
216
216
203
203
184
184
-203
-203
-198
-198
-178
-178
-241
-241
-182
-182
-226
-226
-175
-175
202
202
-182
-182
-169
-169
-188
-188
179
179
191
191
228
228
244
244
197
197
-202
-202
-253
-253
-201
-201
-235
-235
-200
-200
199
-225
-205
-205
197
217
217
238
238
207
207
278
278
285
285
232
232
179
179
166
166
-192
186
186
-248
-232
-232
-199
-199
-205
-205
167
-176
-176
-225
-225
-214
-214
178
-350
-314
-314
-167
-167
-200
-200
-222
-222
167
-238
-238
-172
-172
207
207
189
189
240
240
278
278
-171
193
209
209
186
186
250
250
193
193
224
224
235
235
-168
-168
-173
-173
-164
-164
165
254
254
190
190
170
170
-210
-210
204
204
303
303
190
190
258
258
216
216
-167
-167
-164
-164
-321
-321
178
-199
-279
-279
185
-192
-165
-165
-167
-167
-166
-166
173
173
241
241
-206
-183
-183
-196
-196
184
-167
-167
176
-198
-164
-164
-164
-164
-222
-222
-201
-201
-166
-166
-170
-170
-184
-184
-186
-186
-337
-337
223
-327
-214
-214
-177
-177
-183
-183
-218
-218
-185
-185
-219
-219
-228
-228
-271
-271
-227
-227
173
-329
-202
-202
-254
-254
165
165
-182
207
-177
-177
-192
-192
-232
-232
-191
-191
-166
-166
176
176
-178
-178
302
-220
201
201
-199
201
201
298
298
-284
185
-233
-233
351
-262
-237
-237
265
-220
180
180
-336
231
-243
-243
278
-357
-312
-312
234
-266
-313
-313
-190
-190
-265
-265
-239
-239
-171
-171
195
195
184
184
-199
216
165
165
-231
169
238
238
-207
-226
-226
179
-166
-166
-192
-192
176
176
-247
192
166
166
-250
-189
-189
-201
-201
-262
-262
-193
-193
-241
-241
-166
-166
-299
-299
261
-194
-258
-258
-174
-174
177
177
233
233
-166
-166
324
206
206
-167
200
-181
-181
-209
-209
182
182
-180
188
188
176
176
179
179
-172
-172
167
-205
-205
-214
-214
-181
-181
-217
-217
-213
-213
-204
-204
169
169
-179
184
184
183
183
-166
-166
166
166
320
320
243
243
225
225
264
264
169
169
171
171
189
189
-225
-225
202
202
-171
-171
174
174
-175
-182
-182
212
166
166
188
188
-176
-176
221
221
270
270
-260
234
234
234
185
185
184
184
218
218
176
176
-194
-177
-177
-208
-208
-289
-289
275
230
230
-229
227
227
-174
-271
-271
170
-223
-223
-277
-277
-213
-213
-179
-179
-202
-202
-196
-196
-206
-206
-192
-192
