159
159
190
211
211
165
-168
-168
-257
-295
-288
-228
-170
-170
-189
-195
-184
-174
-164
184
184
254
335
446
509
502
371
168
-248
-248
-382
-437
-398
-279
202
202
303
331
277
172
-168
-168
-181
-161
-165
-165
-169
-164
156
156
171
171
241
288
314
335
346
384
405
380
277
-272
-272
-393
-484
-531
-504
-393
-214
189
189
320
375
331
226
-176
-176
-221
-241
-218
-193
-174
-180
-200
-221
-224
-182
-216
-216
-263
-288
-287
-267
-224
-185
-159
181
181
246
290
292
274
239
191
160
168
205
297
416
586
770
956
1131
1058
624
-765
-765
-1152
-1213
-1120
-807
-337
160
506
697
811
798
547
-276
-276
-448
-450
-397
-316
-209
-179
-179
-299
-343
-223
266
266
421
489
485
417
270
-259
-259
-433
-560
-561
-437
-248
-161
-161
-257
-298
-291
-273
-267
-225
-167
-237
-237
-272
-285
-265
-222
193
193
224
229
213
173
193
193
297
453
709
1022
1378
1361
793
-941
-941
-1363
-1472
-1374
-1002
-339
301
783
1066
1282
1284
946
341
-366
-366
-384
-388
-363
-284
-191
-163
-185
-208
-222
-327
-461
-446
-200
173
482
632
656
586
401
-317
-317
-456
-591
-674
-604
-423
-235
-256
-256
-339
-381
-413
-388
-265
171
171
258
310
258
-160
-160
181
181
345
470
557
614
699
739
760
811
991
1290
1373
915
-895
-895
-1458
-1658
-1671
-1364
-765
449
449
836
1179
1377
1202
675
-227
-227
-271
-293
-240
-191
-191
-228
-250
-359
-532
-592
-374
442
442
690
794
786
660
431
-326
-326
-554
-751
-792
-679
-514
-365
-268
-162
-195
-195
-239
-292
-315
-270
203
203
198
-276
-276
-308
-261
-179
249
249
334
415
511
589
606
597
615
730
906
1134
1355
1245
562
-490
-1377
-1786
-1833
-1697
-1303
-615
705
705
1085
1385
1464
1139
541
-180
-180
-184
-220
-260
-245
-214
-236
-326
-395
-467
-606
-744
-696
-360
494
494
706
774
720
580
362
-381
-381
-656
-848
-868
-741
-571
-473
-405
-299
-177
234
234
255
-229
-229
-348
-429
-385
-274
217
217
190
-164
-164
248
248
394
536
652
736
765
789
856
1030
1280
1591
1610
1004
-1184
-1184
-1815
-2013
-1941
-1620
-943
-161
487
933
1289
1474
1269
723
187
-161
-161
-232
-361
-468
-554
-706
-882
-876
-559
473
473
793
914
886
727
489
206
-269
-269
-551
-811
-951
-881
-751
-639
-551
-414
-266
211
211
374
387
248
-275
-275
-441
-531
-524
-382
-189
230
230
370
361
220
216
216
378
505
636
737
790
804
859
1025
1296
1553
1466
656
-616
-1666
-2110
-1993
-1696
-1195
-555
607
607
949
1186
1296
1012
474
-166
-166
-267
-354
-397
-452
-638
-831
-788
-385
171
594
768
788
662
477
257
-308
-308
-514
-658
-674
-579
-527
-548
-589
-551
-429
-287
220
220
245
157
-242
-242
-336
-341
-254
183
183
246
229
-196
-196
-226
-158
170
170
372
545
620
676
730
779
816
843
883
896
988
1091
923
308
-543
-1237
-1505
-1456
-1216
-769
-237
258
576
773
907
882
634
247
-218
-218
-347
-408
-485
-579
-656
-582
-313
248
248
328
313
240
-292
-292
-475
-657
-724
-728
-720
-714
-684
-555
-391
-270
-163
-174
-174
-189
-171
-164
165
165
198
198
359
508
622
753
892
1061
1165
1250
1323
1471
1542
1114
-1098
-1098
-1975
-2276
-2112
-1656
-955
-217
365
716
960
1106
1049
703
273
252
252
284
219
-163
-163
-400
-583
-676
-802
-968
-1033
-817
-341
179
510
633
592
468
324
182
-215
-215
-421
-569
-638
-709
-816
-901
-902
-750
-530
-300
209
209
162
-164
-164
-245
-252
-160
160
160
-169
-169
-275
-333
-293
-183
197
197
424
592
661
675
738
882
1028
1177
1297
1396
1506
1359
796
-204
-1246
-1971
-2181
-1979
-1481
-855
-240
253
586
825
939
909
691
439
337
403
470
453
312
-198
-198
-452
-628
-733
-863
-991
-1036
-848
-481
227
227
344
317
256
196
158
-242
-242
-420
-552
-690
-828
-976
-997
-887
-679
-390
188
188
160
241
241
304
280
179
-251
-251
-350
-310
-157
330
330
558
765
901
973
1035
1130
1273
1453
1604
1681
1431
797
-231
-1215
-1862
-2010
-1790
-1315
-764
-228
175
421
549
583
542
454
389
429
572
680
670
462
189
-359
-359
-581
-755
-927
-975
-901
-670
-406
-178
-178
-323
-476
-646
-775
-867
-829
-696
-508
-320
-181
250
250
366
467
458
357
-263
-263
-368
-351
-200
244
244
450
605
719
773
845
966
1126
1327
1499
1625
1618
1267
652
-247
-1080
-1665
-1874
-1702
-1284
-802
-348
182
182
272
265
220
190
228
354
509
656
715
589
368
-207
-207
-457
-667
-824
-876
-817
-629
-419
-214
-212
-212
-267
-244
-161
-161
-321
-487
-663
-788
-821
-782
-678
-523
-409
-284
-204
175
175
276
365
399
364
259
-259
-259
-337
-288
313
313
486
627
687
726
767
889
1080
1258
1394
1534
1468
1151
528
-270
-965
-1475
-1637
-1463
-1133
-697
-347
318
318
539
725
731
637
396
-317
-317
-516
-676
-768
-736
-635
-477
-333
-343
-380
-429
-443
-395
-331
-209
-201
-201
-368
-538
-658
-700
-655
-584
-487
-395
-300
-208
191
191
269
357
419
449
414
316
169
228
228
358
447
495
523
567
614
731
894
1079
1237
1403
1408
1133
656
-637
-637
-1158
-1423
-1352
-1130
-810
-551
-359
-215
-180
-172
250
250
460
650
682
608
396
164
-200
-200
-312
-403
-457
-478
-508
-493
-471
-513
-535
-560
-541
-466
-363
-204
-222
-222
-333
-415
-493
-530
-520
-455
-359
-274
-216
-173
217
217
297
357
358
316
241
221
221
365
472
520
578
618
695
824
923
1023
1105
1195
1258
1090
795
305
-229
-689
-1038
-1103
-982
-768
-521
-375
-292
-278
-322
-312
-270
361
361
572
643
606
490
285
-173
-173
-212
-216
-226
-278
-317
-465
-560
-634
-694
-656
-602
-442
-292
-202
-215
-215
-303
-323
-335
-330
-281
-245
-186
160
160
216
264
280
232
184
183
183
270
334
387
427
471
558
685
801
901
988
1075
1152
1101
908
625
212
-195
-577
-835
-890
-866
-742
-623
-523
-447
-476
-478
-449
-384
-209
218
218
408
451
437
317
187
-162
-162
-216
-257
-346
-491
-611
-703
-708
-685
-603
-486
-405
-327
-296
-289
-312
-368
-388
-363
-308
-218
172
172
194
208
208
269
278
275
262
316
408
492
596
666
724
809
860
932
964
873
748
491
263
-279
-279
-448
-638
-697
-677
-624
-510
-496
-480
-451
-429
-297
-164
178
178
169
-200
-200
-346
-442
-546
-591
-587
-570
-487
-421
-391
-381
-408
-430
-461
-458
-391
-285
170
170
186
165
254
254
354
448
553
559
609
631
651
695
709
762
725
647
496
288
-257
-257
-353
-418
-415
-409
-381
-350
-346
-333
-328
-316
-265
-229
-167
-157
-157
-199
-268
-298
-350
-363
-373
-394
-382
-369
-347
-319
-294
-271
-229
-193
199
199
228
229
238
237
218
213
188
175
163
222
222
281
364
376
335
344
350
365
408
436
459
501
490
458
435
399
340
263
229
171
-170
-170
-257
-335
-352
-368
-404
-373
-351
-300
-224
-163
-174
-174
-183
-176
-200
-235
-233
-214
-189
-183
-174
-178
-196
-202
-265
-252
-226
-204
217
217
273
371
379
379
356
303
243
-170
-170
-165
-192
-207
-217
-255
-239
-246
-237
-267
-233
-271
-297
-275
-250
-198
-206
-206
-161
-252
-199
-239
-197
-197
-248
-173
-173
255
255
332
332
159
183
241
317
317
-222
-222
-184
-228
-176
-169
177
177
163
163
209
209
236
236
161
-188
-188
-235
-277
-226
-250
-180
-199
-199
-160
-160
-333
-333
-285
-302
-302
222
222
275
359
359
160
160
193
193
-167
-167
-182
-240
-240
-208
164
164
203
203
262
262
271
271
168
242
162
204
204
157
157
-215
-215
182
182
218
218
-180
-180
-178
-178
-161
-161
-211
-241
-241
-160
-160
269
269
234
234
-170
-170
-261
-261
-381
-381
-169
-169
-177
-177
177
166
166
196
196
215
215
200
200
-220
-194
-194
167
-214
-159
-159
-178
-178
-201
-201
-182
-182
255
255
-227
-192
-192
221
-320
-219
-219
-168
-301
-301
-202
-202
-262
-213
-213
188
188
-305
266
-195
-195
173
-247
190
-195
-195
-201
-201
-177
-177
-272
-272
361
205
205
326
326
-277
-184
-184
-262
-262
173
173
-230
458
-232
291
216
216
-355
-278
-278
-296
-296
-290
-290
-181
-181
160
160
283
283
177
177
-191
-191
160
-161
-161
255
255
-239
-239
-247
-247
206
206
-182
-182
216
216
274
274
191
191
177
247
247
174
174
-160
-160
183
-217
-217
-193
-193
297
-266
198
225
225
206
206
-199
-199
-192
-192
-175
-239
-239
191
-202
242
242
179
179
-158
-158
-284
-284
-176
-176
-179
-234
-234
-208
-208
401
-300
289
419
419
-416
426
310
310
-399
317
-468
-181
-181
-191
-191
-204
-204
-229
-229
-381
-381
302
-298
169
169
-251
199
-158
-158
502
-580
538
-374
-403
-403
179
-335
238
238
-172
354
-197
160
-206
-206
214
-233
241
-422
212
-390
-166
-166
242
242
-255
226
-183
-183
290
215
215
228
228
267
267
-369
279
-280
287
287
-277
433
-213
241
157
-222
259
226
226
-258
337
195
195
-334
183
-328
-294
-294
182
158
158
220
220
184
184
-187
-187
-223
-223
-189
-189
176
176
-249
226
-259
-259
-444
-444
-271
-271
217
217
259
259
-270
224
213
213
-229
-229
-181
-181
395
-340
335
317
317
163
163
172
172
-225
-225
-171
-171
-204
-204
177
177
246
246
375
375
-403
593
-368
-357
-357
282
-250
337
337
-229
356
-226
-226
253
-331
-229
-229
182
-262
190
190
182
182
164
164
203
203
177
177
214
214
-162
-162
161
161
-194
-289
-289
256
-253
-353
-353
240
-212
-189
-189
265
176
176
165
165
-266
-266
-221
-221
-271
-271
271
-402
245
322
322
-334
244
-168
-166
-166
-167
-167
-202
-202
-188
-188
-185
-185
257
257
-183
349
394
394
-550
399
-258
187
187
-347
287
-271
-254
-254
284
-391
-178
-178
235
-408
-248
-248
-207
-307
-307
-160
-160
211
-221
-165
-165
-178
-178
156
156
-326
327
-193
290
290
-332
381
251
251
-251
-449
-449
348
-277
-182
424
-788
600
-538
199
199
-531
556
-480
198
-202
-202
268
-182
-182
293
-206
213
-246
-246
461
-466
348
171
171
-322
-322
240
-275
182
182
257
257
-160
375
-183
-201
-201
276
-520
374
-376
191
-282
-282
378
-431
358
306
306
-208
225
170
170
-241
-241
243
-243
227
227
161
161
-192
233
323
323
-331
311
201
201
178
178
156
156
376
376
-375
272
-303
-303
267
-521
301
-217
173
173
158
158
-221
-221
-159
-159
-270
-270
170
-169
-196
-196
-178
-178
210
-227
-177
-177
220
-238
-238
156
-224
-224
-221
-221
-236
-236
-220
-220
177
-178
243
243
-238
-238
-188
-188
-179
-179
174
174
-191
176
-156
-156
-252
-252
-172
-172
-159
-159
257
-271
351
-198
-198
-207
-207
196
-448
-174
-174
-213
-179
-179
331
173
173
-322
212
-179
-223
197
-315
161
-198
-198
393
-220
-174
-174
202
220
220
295
295
-270
301
255
255
-302
403
-179
-203
-203
-197
-197
-262
-262
-219
-219
-169
-169
235
-171
-171
-296
-296
-312
-312
234
234
311
311
359
359
196
196
275
263
263
-211
-211
182
-199
157
157
246
246
167
167
187
187
216
216
-163
-163
-162
-162
169
169
177
177
220
220
213
213
-176
176
173
173
-197
-197
167
167
-191
-191
-156
-156
-263
-263
165
165
180
197
197
-172
-172
-228
-228
-172
-227
-203
-208
-246
-217
-229
-187
-187
-188
-163
-163
-178
-178
-158
-191
-185
-160
-234
-168
-178
-178
197
197
215
213
236
267
316
298
327
357
439
419
449
457
502
555
559
648
658
598
545
414
414
246
-171
-171
-200
-179
-298
-338
-420
-455
-422
-475
-404
-375
-293
-283
-249
-168
-172
-197
-206
-262
-224
-286
-310
-325
-343
-407
-410
-422
-413
-438
-419
-452
-395
-385
-345
-270
-272
-191
-191
206
206
237
237
235
284
368
386
485
469
542
562
629
686
847
905
1045
1091
1005
866
623
334
-179
-179
-375
-432
-515
-461
-494
-428
-457
-503
-504
-584
-510
-466
-376
-217
-168
-168
-297
-381
-507
-572
-599
-634
-604
-581
-560
-538
-541
-527
-500
-444
-366
-323
-194
-175
188
188
168
236
247
288
310
284
331
356
433
541
678
820
1045
1195
1448
1473
1368
1045
546
-325
-325
-595
-680
-678
-614
-498
-463
-376
-413
-505
-569
-683
-617
-535
-307
215
215
255
274
347
291
259
157
-262
-262
-430
-606
-716
-752
-803
-771
-749
-689
-623
-578
-480
-454
-405
-446
-398
-324
-263
-192
-192
-183
-183
176
176
200
239
228
202
252
267
421
525
741
943
1178
1375
1604
1819
1774
1476
853
166
-424
-850
-1072
-1013
-911
-661
-551
-372
-325
-296
-410
-545
-545
-510
-234
298
298
414
556
533
592
594
589
502
315
-290
-290
-417
-438
-569
-594
-729
-775
-746
-711
-663
-666
-612
-530
-432
-319
-243
-203
-226
-282
-249
-199
-160
-160
-208
-224
-196
173
173
250
214
201
164
188
188
313
528
749
1032
1230
1509
1734
2014
2024
1607
867
-615
-615
-1108
-1309
-1275
-1062
-796
-637
-442
-275
-230
-267
-453
-475
-426
-200
307
307
528
591
643
703
689
707
510
217
-398
-398
-520
-693
-764
-821
-822
-866
-891
-742
-645
-525
-505
-464
-356
-288
-209
-157
-157
-293
-305
-311
-303
-271
-304
-297
-318
-298
-286
-184
163
163
264
318
326
284
212
197
235
373
573
791
1033
1274
1502
1750
1973
2037
1687
935
-673
-673
-1187
-1398
-1389
-1098
-771
-523
-304
-188
-188
-275
-234
302
302
494
626
674
717
702
633
453
-268
-268
-562
-753
-846
-947
-946
-895
-825
-732
-615
-412
-292
-261
-290
-233
-186
-186
-320
-411
-455
-445
-392
-426
-391
-362
-335
-276
-198
186
186
298
379
378
364
282
248
270
373
579
791
1048
1324
1548
1753
1963
2047
1747
959
-778
-778
-1320
-1549
-1564
-1246
-857
-594
-415
-214
-280
-280
-282
-198
180
180
363
501
567
589
573
483
341
-380
-380
-714
-927
-1025
-1087
-1069
-934
-782
-607
-439
-264
-170
-170
-361
-515
-642
-641
-608
-551
-456
-371
-250
-194
206
206
310
348
368
335
259
180
180
227
408
586
862
1137
1386
1626
1771
2002
1955
1588
763
-846
-846
-1311
-1487
-1441
-1069
-743
-440
-256
195
195
338
466
515
560
507
436
257
-448
-448
-807
-1038
-1140
-1161
-1071
-861
-643
-432
-305
-178
-178
-203
-196
-198
-212
-284
-332
-496
-639
-756
-724
-690
-570
-450
-339
-231
213
213
246
331
323
358
328
308
355
416
610
779
1086
1352
1619
1800
1949
2114
1965
1286
280
-626
-1225
-1545
-1599
-1364
-879
-501
-265
177
177
305
226
173
173
329
490
508
562
467
386
-289
-289
-767
-1087
-1240
-1272
-1151
-967
-615
-412
-222
-162
-162
-168
-279
-308
-420
-457
-638
-774
-789
-693
-538
-374
-237
165
165
231
249
342
351
360
338
377
486
669
916
1186
1542
1751
1957
2126
2211
1887
1081
-787
-787
-1332
-1564
-1482
-1182
-660
-415
-163
248
248
323
228
-188
-188
-165
181
181
394
469
552
523
403
245
-499
-499
-964
-1241
-1361
-1264
-1119
-803
-482
-238
221
221
205
-198
-198
-310
-328
-406
-435
-545
-728
-806
-823
-649
-511
-319
-194
211
211
233
278
338
362
375
382
429
568
790
1028
1319
1604
1790
1967
2035
2158
1803
1044
-911
-911
-1421
-1653
-1549
-1283
-714
-421
254
254
304
239
-225
-225
-239
-295
339
339
464
557
544
346
190
-537
-537
-1068
-1361
-1489
-1350
-1171
-853
-477
186
186
325
278
160
-275
-275
-398
-481
-550
-597
-621
-730
-768
-798
-675
-546
-389
-301
-252
-229
-196
205
205
255
311
380
438
514
511
586
744
979
1178
1432
1642
1841
1922
1990
2085
1665
968
-180
-922
-1436
-1583
-1431
-1132
-521
-260
397
397
406
366
-165
-165
-246
-284
333
333
415
581
457
237
-255
-255
-590
-1193
-1420
-1547
-1329
-1092
-749
-263
319
319
335
426
358
199
-329
-329
-483
-568
-587
-618
-586
-666
-703
-738
-645
-507
-372
-267
-251
-250
-224
187
187
289
372
351
450
530
617
607
664
796
1016
1236
1471
1699
1829
1910
1944
1974
1525
737
-347
-1045
-1498
-1573
-1424
-1019
-466
-198
359
359
335
298
-233
-233
-320
-314
304
304
382
505
318
-340
-340
-725
-1236
-1435
-1459
-1179
-948
-513
259
259
351
374
396
306
-219
-219
-439
-619
-636
-681
-645
-670
-691
-767
-792
-725
-628
-418
-385
-317
-352
-239
186
186
287
429
436
469
529
667
716
736
760
922
1109
1304
1554
1729
1927
1955
2055
1797
1265
290
-598
-1116
-1486
-1344
-1242
-641
-328
199
199
367
230
181
-234
-319
-487
-321
-180
235
235
315
439
193
-352
-352
-830
-1236
-1398
-1331
-1045
-799
-352
281
281
286
325
280
173
-395
-395
-596
-718
-684
-688
-618
-679
-701
-752
-738
-646
-543
-369
-347
-316
-319
-162
278
278
361
493
475
554
604
722
748
775
838
980
1166
1342
1559
1736
1880
1972
2021
1659
973
-765
-765
-1230
-1355
-1230
-943
-456
-261
162
162
156
-422
-422
-508
-597
-339
-256
266
266
285
-389
-389
-880
-1148
-1283
-1101
-893
-583
-265
231
231
260
299
179
-289
-289
-524
-749
-782
-749
-693
-653
-714
-713
-723
-643
-584
-457
-371
-360
-373
-302
266
266
380
480
547
561
612
669
725
717
752
848
1055
1285
1544
1746
1886
1948
1988
1864
1358
547
-379
-874
-1245
-1203
-1101
-698
-381
-234
-359
-359
-525
-625
-552
-302
-212
159
159
366
291
238
-378
-378
-845
-1047
-1084
-940
-737
-501
-195
161
161
204
197
-333
-333
-577
-687
-684
-629
-572
-605
-631
-658
-619
-620
-564
-483
-423
-405
-349
-202
248
248
382
516
602
667
674
718
740
764
758
834
960
1149
1365
1535
1716
1817
1919
1958
1732
1176
313
-394
-873
-1099
-1051
-937
-568
-427
-273
-285
-196
-211
-211
-297
-612
-728
-818
-603
-420
-235
373
373
335
362
265
-277
-277
-675
-893
-914
-823
-662
-491
-264
-293
-293
-494
-705
-766
-721
-608
-549
-583
-566
-573
-480
-506
-500
-471
-454
-452
-416
-217
240
240
376
473
568
619
651
671
686
672
673
762
873
1066
1258
1443
1567
1649
1692
1764
1580
1133
420
-231
-569
-821
-749
-703
-430
-307
-242
-254
-279
-211
-313
-396
-726
-906
-1021
-855
-668
-503
-251
233
233
291
372
357
305
-317
-317
-568
-644
-565
-471
-314
-190
-344
-344
-552
-767
-909
-850
-712
-535
-540
-468
-441
-363
-345
-388
-366
-387
-398
-411
-231
249
249
425
532
593
592
634
608
605
536
522
557
666
799
975
1200
1347
1444
1510
1575
1586
1409
1041
490
-171
-171
-251
-201
-206
-206
-345
-584
-936
-1151
-1212
-1075
-943
-774
-565
-354
-163
-164
-164
-363
-466
-415
-289
207
207
236
222
-347
-347
-586
-810
-901
-845
-702
-564
-519
-453
-409
-328
-330
-340
-419
-505
-537
-466
-285
187
187
364
489
480
479
462
467
383
295
228
254
335
461
648
835
1030
1116
1213
1239
1286
1261
1190
1000
621
420
246
337
374
472
521
482
353
-254
-254
-464
-740
-971
-1111
-1099
-948
-763
-677
-629
-544
-445
-374
-385
-444
-521
-616
-661
-548
-345
183
183
234
200
178
-322
-322
-537
-636
-671
-608
-526
-400
-311
-308
-308
-303
-279
-349
-413
-522
-549
-489
-347
243
243
331
376
376
395
352
381
330
316
332
446
606
777
949
1029
1140
1113
1179
1181
1205
1158
958
840
676
736
822
905
939
852
686
483
292
-165
-165
-466
-749
-986
-1096
-1016
-883
-815
-779
-777
-745
-719
-733
-799
-895
-1015
-1057
-965
-807
-592
-399
-283
-190
-159
-218
-218
-367
-544
-648
-647
-577
-469
-333
-210
-243
-243
-255
-178
193
193
269
331
389
428
450
455
433
429
450
566
709
885
1038
1121
1212
1247
1359
1328
1129
975
778
817
842
907
956
908
771
595
409
204
-363
-363
-681
-979
-1131
-1128
-1042
-986
-928
-831
-729
-633
-651
-704
-823
-947
-1056
-1046
-949
-784
-550
-362
159
159
196
-304
-304
-450
-549
-556
-516
-392
-275
-162
-258
-258
-339
-324
-262
200
200
281
360
398
410
347
308
296
380
484
693
873
1069
1181
1296
1396
1470
1363
1136
964
782
877
900
1003
1039
987
846
688
492
292
-328
-328
-672
-963
-1059
-1033
-1001
-997
-950
-848
-763
-673
-706
-759
-911
-1072
-1171
-1187
-1109
-966
-783
-613
-411
-240
-215
-215
-368
-483
-549
-537
-451
-319
-227
-249
-249
-323
-288
-243
166
166
227
325
396
394
321
277
296
393
522
670
855
990
1140
1264
1345
1439
1310
1093
906
759
876
974
1045
1085
1014
905
781
559
373
-232
-232
-568
-837
-939
-943
-908
-924
-884
-826
-742
-651
-662
-730
-848
-991
-1090
-1109
-1089
-960
-829
-701
-524
-380
-222
-181
-181
-289
-404
-519
-537
-524
-456
-336
-230
-178
-178
176
176
254
328
385
394
374
324
333
416
544
704
839
986
1100
1243
1304
1396
1248
1056
855
721
818
845
918
919
902
760
672
462
298
-273
-273
-556
-805
-893
-948
-938
-966
-923
-868
-814
-747
-785
-824
-908
-1037
-1110
-1146
-1118
-1026
-934
-810
-649
-510
-391
-312
-328
-381
-462
-548
-565
-550
-481
-375
-275
-176
214
214
296
379
423
451
419
391
407
464
587
720
890
1028
1151
1279
1357
1454
1274
1078
886
789
887
909
939
949
902
755
627
415
250
-330
-330
-588
-775
-832
-868
-913
-934
-897
-816
-751
-719
-745
-795
-835
-935
-1006
-1008
-980
-886
-832
-748
-617
-500
-400
-372
-383
-422
-449
-509
-515
-482
-405
-314
-214
161
161
250
327
392
390
373
358
380
425
518
650
796
964
1087
1218
1328
1412
1209
1045
844
818
908
913
921
917
869
771
611
425
270
-312
-312
-595
-735
-783
-817
-882
-916
-889
-817
-733
-749
-786
-821
-882
-934
-998
-992
-938
-854
-817
-737
-653
-538
-459
-453
-479
-533
-563
-619
-625
-610
-513
-447
-353
-278
-193
156
156
202
225
315
374
444
442
443
431
464
508
594
684
806
928
1039
1162
1270
1293
1084
950
763
834
860
876
860
863
784
695
557
412
264
-317
-317
-557
-635
-682
-716
-813
-853
-832
-793
-746
-787
-850
-904
-956
-1019
-1008
-995
-899
-842
-815
-716
-650
-542
-523
-532
-575
-588
-621
-640
-647
-617
-545
-500
-423
-374
-261
-174
174
174
236
258
320
398
471
529
543
564
577
638
687
745
787
880
938
1064
1163
1278
1268
1037
916
736
813
865
848
817
817
714
636
513
392
275
-292
-292
-513
-576
-596
-649
-773
-838
-831
-788
-747
-797
-881
-961
-1011
-1066
-1038
-1013
-928
-881
-869
-786
-698
-589
-562
-572
-608
-604
-599
-602
-571
-551
-496
-454
-397
-359
-264
-180
191
191
231
275
313
356
437
502
546
559
581
616
703
768
847
887
950
1011
1105
1216
1328
1196
1034
853
736
820
793
768
723
702
585
548
433
396
219
-299
-299
-477
-512
-528
-583
-710
-732
-760
-707
-702
-788
-874
-977
-1049
-1085
-1061
-1025
-917
-921
-876
-802
-723
-619
-607
-647
-679
-653
-644
-586
-540
-497
-445
-406
-371
-338
-258
-197
195
195
260
315
373
395
442
497
543
576
589
596
668
742
854
934
988
1042
1105
1151
1281
1249
1090
969
808
858
860
825
795
772
651
547
408
356
279
-206
-206
-433
-494
-530
-535
-632
-710
-701
-711
-651
-690
-774
-862
-960
-1055
-1064
-1035
-933
-859
-879
-821
-757
-657
-626
-670
-720
-752
-735
-698
-614
-544
-462
-419
-378
-347
-292
-221
-184
-160
-163
169
169
259
315
377
401
421
467
518
533
549
574
621
724
805
898
990
1062
1133
1180
1240
1213
1090
966
805
826
859
853
814
788
678
587
434
352
283
-357
-357
-459
-478
-530
-586
-674
-727
-714
-669
-667
-708
-811
-916
-990
-1032
-1010
-921
-859
-829
-802
-768
-657
-577
-603
-668
-735
-764
-722
-693
-605
-543
-492
-430
-401
-345
-279
-237
-229
-239
-241
202
202
300
390
453
519
556
574
592
593
598
655
732
853
954
1034
1133
1228
1288
1359
1188
1063
898
790
842
834
805
821
741
610
533
349
340
214
-217
-217
-430
-481
-471
-519
-567
-656
-735
-714
-696
-715
-743
-827
-939
-1003
-1008
-982
-877
-853
-842
-807
-777
-658
-602
-627
-675
-760
-791
-724
-678
-587
-544
-526
-469
-444
-345
-288
-240
-254
-294
-280
-207
174
174
265
358
488
573
624
636
625
656
725
803
948
1024
1120
1204
1291
1378
1228
1158
929
865
861
846
849
867
781
685
578
426
440
272
-364
-364
-390
-422
-424
-416
-528
-592
-632
-673
-682
-731
-801
-906
-986
-1027
-989
-896
-857
-834
-853
-819
-740
-650
-637
-662
-753
-786
-737
-682
-554
-518
-469
-444
-426
-337
-266
-180
-191
-222
-229
-157
174
174
226
276
332
473
568
678
742
748
782
844
953
1120
1212
1304
1321
1391
1312
1223
1115
931
928
849
818
811
788
687
624
435
384
311
-276
-276
-391
-417
-443
-391
-429
-479
-472
-553
-596
-634
-723
-795
-902
-979
-999
-926
-875
-815
-822
-808
-786
-731
-695
-715
-751
-827
-808
-792
-718
-636
-572
-507
-513
-477
-420
-334
-266
-263
-274
-240
203
203
279
302
370
431
527
633
685
728
802
873
1059
1207
1364
1450
1478
1371
1223
1083
927
932
847
807
760
713
615
544
393
340
241
-398
-398
-495
-523
-580
-539
-548
-569
-531
-542
-528
-526
-603
-651
-778
-868
-879
-840
-790
-747
-754
-744
-704
-683
-666
-699
-726
-806
-812
-872
-805
-700
-630
-568
-614
-512
-455
-367
-331
-348
-300
-238
167
167
301
402
543
682
820
963
994
1058
1108
1231
1408
1606
1801
1802
1517
1160
1017
1065
1233
1129
838
585
396
-237
-237
-562
-895
-864
-780
-854
-831
-785
-726
-653
-681
-717
-654
-691
-682
-696
-640
-452
-423
-454
-542
-525
-354
-226
-171
-265
-343
-436
-575
-577
-557
-461
-448
-560
-645
-690
-571
-476
-450
-440
-462
-459
-405
-375
-271
221
221
366
483
579
748
849
1014
1139
1229
1324
1455
1586
1480
1186
1031
1257
1491
1437
950
430
395
541
514
506
309
171
-176
-668
-723
-540
-333
-496
-951
-1092
-924
-707
-548
-587
-679
-682
-793
-838
-723
-556
-417
-491
-526
-438
-242
-161
-161
-299
-299
-401
-365
-350
-329
-475
-576
-552
-499
-420
-415
-413
-389
-463
-489
-380
-224
178
178
374
581
766
936
960
994
1162
1414
1728
1600
1220
987
1251
1597
1455
834
295
401
837
764
489
203
-424
-424
-382
-243
-397
-773
-1227
-1043
-562
-496
-733
-962
-904
-662
-632
-765
-738
-695
-652
-687
-600
-361
-233
-243
-272
-191
-191
-251
-178
-178
-359
-370
-194
-163
-237
-356
-420
-427
-472
-464
-352
-315
-370
-340
-184
228
228
213
303
465
690
754
826
1025
1260
1431
1130
986
1102
1535
1554
1027
464
342
798
1053
555
197
-328
-328
-280
-291
-605
-915
-1024
-673
-478
-763
-917
-816
-629
-627
-832
-868
-639
-552
-666
-755
-570
-346
-265
-256
-226
-182
-182
-212
-214
-214
-347
-227
-161
-161
-161
-161
-223
186
186
163
163
405
571
680
705
889
1121
1295
1057
821
910
1337
1508
980
399
238
753
1225
674
180
180
-203
-389
-372
-610
-878
-1046
-795
-529
-786
-1012
-890
-703
-712
-851
-838
-583
-522
-741
-863
-583
-260
-199
-297
-338
-156
-201
-201
-322
338
338
414
338
308
496
618
710
714
813
1025
1172
900
690
853
1277
1339
669
733
733
1033
278
-246
-375
-375
-517
-388
-611
-917
-1096
-791
-590
-891
-1034
-874
-725
-859
-964
-845
-655
-774
-1033
-979
-491
-284
-439
-505
-385
-195
-195
-217
-217
-252
350
350
466
496
438
549
810
945
1008
1026
1115
1381
1316
973
931
1174
1561
1108
298
438
438
1091
706
-287
-338
188
188
-205
-701
-484
-452
-774
-1125
-1047
-555
-707
-1045
-1029
-839
-789
-968
-863
-624
-638
-952
-1045
-621
-199
-371
-601
-542
-243
-267
-267
-168
-176
-176
-295
227
227
260
208
421
421
603
644
566
595
774
966
1036
1169
1190
1439
1398
1052
1088
1304
1712
1216
438
184
582
1186
691
-262
-242
-404
-404
-879
-588
-628
-1018
-1353
-1229
-715
-881
-1236
-1160
-1019
-1037
-1134
-1009
-695
-826
-1187
-1204
-686
-233
-471
-704
-614
-333
-306
-306
-183
-262
-262
-275
-352
244
244
232
186
186
442
539
557
621
695
899
982
1100
1317
1335
1572
1364
1132
1231
1481
1701
1047
396
333
856
1228
467
-222
176
176
-481
-481
-703
-401
-589
-1065
-1338
-1008
-652
-979
-1218
-1123
-1019
-1073
-1104
-916
-750
-1054
-1322
-1157
-634
-450
-735
-640
-506
-331
-389
-419
-159
-159
-372
-519
-376
167
167
302
201
313
313
584
593
604
693
845
1066
1099
1272
1365
1524
1549
1141
1256
1502
1854
1487
726
561
929
1461
955
276
276
243
-285
-713
-390
-417
-889
-1270
-1140
-669
-867
-1237
-1143
-1086
-1194
-1223
-1073
-789
-1033
-1354
-1243
-774
-458
-814
-844
-579
-410
-403
-605
-270
-164
-325
-452
-473
-156
-194
-194
-207
-172
224
224
180
273
273
542
609
607
724
731
924
1023
1219
1399
1428
1538
1181
1299
1516
1814
1556
783
563
832
1384
1015
343
343
344
-533
-533
-235
-246
-761
-1140
-1016
-559
-771
-1194
-1087
-930
-1106
-1163
-992
-717
-941
-1387
-1267
-764
-391
-773
-920
-608
-392
-371
-523
-227
-365
-365
-509
-440
-246
-246
-279
-171
208
208
176
221
221
472
496
486
622
767
976
1026
1228
1405
1615
1456
1232
1424
1648
1739
1109
629
724
1158
1381
536
485
485
526
316
-322
-372
-462
-462
-950
-1141
-732
-510
-963
-1131
-901
-823
-1030
-1063
-901
-838
-1192
-1380
-1065
-578
-555
-917
-813
-518
-322
-473
-473
-232
-339
-495
-561
-358
-239
-239
-296
-195
287
287
440
435
568
623
814
1014
1115
1256
1296
1305
1056
1195
1415
1582
1224
658
582
951
1387
902
263
263
439
384
-360
-360
-171
-299
-748
-995
-732
-328
-618
-1030
-1028
-858
-943
-974
-836
-822
-1083
-1347
-1047
-578
-399
-737
-880
-622
-431
-362
-450
-265
-316
-555
-514
-273
-211
-211
-233
-168
230
230
159
159
453
530
429
557
696
801
870
1036
1295
1395
1368
957
1157
1460
1672
1262
592
547
794
1218
927
157
157
311
244
-416
-416
-285
-285
-701
-927
-816
-362
-565
-907
-901
-779
-866
-949
-707
-591
-905
-1285
-1072
-557
-315
-700
-919
-630
-441
-327
-509
-317
-229
-541
-537
-355
-293
-293
-272
306
306
495
379
370
592
837
959
1012
1125
1379
1464
1062
1063
1331
1724
1285
566
440
808
1355
936
336
336
327
-538
-538
-349
-443
-841
-1074
-911
-438
-681
-1059
-1056
-809
-808
-938
-773
-696
-910
-1241
-1028
-524
-258
-622
-861
-618
-306
-220
-364
-269
-230
-447
-508
-331
-296
-296
-388
-273
375
375
511
461
457
599
828
1022
1180
1273
1435
1358
1091
1242
1514
1676
1056
545
518
932
1288
691
235
235
316
238
-209
-396
-240
-627
-968
-1117
-796
-494
-887
-1103
-1036
-920
-1002
-953
-784
-843
-1208
-1360
-960
-523
-466
-809
-770
-509
-241
-220
-251
-242
-242
-377
-314
242
242
199
178
178
417
410
357
442
656
787
947
1136
1275
1461
1149
1128
1284
1602
1492
820
599
676
1130
1110
332
286
286
305
-372
-372
-300
-347
-747
-996
-1023
-630
-679
-1032
-1071
-946
-962
-1111
-956
-858
-953
-1356
-1341
-879
-538
-702
-958
-763
-522
-372
-457
-335
-229
-413
-528
-415
-204
-204
179
179
261
183
352
352
462
480
491
618
841
929
1121
1202
1445
1250
1003
1119
1359
1525
907
517
510
933
1184
497
260
260
308
202
-293
-419
-259
-603
-903
-1066
-741
-540
-914
-1059
-958
-845
-1032
-984
-851
-884
-1206
-1386
-1006
-604
-575
-951
-903
-629
-369
-381
-457
-276
-407
-493
-458
-236
-178
-178
-186
-161
293
293
319
340
340
596
589
526
624
871
974
1121
1194
1450
1446
1076
1154
1351
1626
1027
508
526
856
1190
588
235
235
249
163
-251
-385
-254
-618
-928
-975
-722
-497
-870
-966
-869
-772
-941
-927
-690
-800
-1097
-1347
-997
-596
-534
-857
-869
-681
-502
-436
-427
-230
-430
-597
-548
-288
-201
-201
-239
-275
215
215
256
293
293
463
587
601
667
774
844
1183
1301
1490
1341
1055
1272
1424
1568
950
596
602
844
1087
480
257
257
236
-294
-294
-431
-341
-719
-968
-1023
-783
-592
-986
-1042
-914
-801
-985
-965
-763
-829
-1109
-1289
-952
-555
-553
-865
-756
-565
-370
-427
-437
-193
-399
-530
-540
-296
-270
-270
-222
-207
277
277
258
177
177
441
604
561
521
777
1058
1057
1180
1281
1642
1331
1157
1279
1537
1486
669
491
660
1131
994
290
290
248
-510
-510
-375
-450
-896
-1072
-1070
-618
-722
-1130
-1069
-904
-817
-996
-826
-769
-943
-1299
-1232
-760
-469
-694
-934
-710
-458
-274
-437
-349
-233
-449
-472
-409
-270
-270
-186
157
157
313
325
202
246
473
675
664
612
893
1063
1207
1250
1532
1481
1192
1269
1431
1616
997
529
545
968
1225
364
226
226
265
-408
-408
-492
-439
-837
-1080
-1143
-839
-737
-1141
-1174
-998
-908
-1114
-1025
-812
-969
-1301
-1378
-966
-593
-698
-994
-834
-573
-348
-424
-429
-232
-441
-486
-392
-275
-275
-191
165
165
334
333
231
260
516
712
722
664
906
1128
1274
1335
1592
1533
1275
1362
1556
1667
1068
586
589
1026
1268
470
260
260
304
184
-256
-361
-338
-766
-1007
-1013
-696
-580
-1073
-1132
-964
-890
-1062
-1028
-818
-1008
-1369
-1426
-1014
-615
-769
-1065
-930
-637
-435
-537
-491
-258
-538
-620
-521
-199
-338
-338
-297
-170
161
161
343
364
206
263
542
752
736
708
967
1213
1335
1374
1733
1556
1381
1447
1721
1755
1013
602
698
1254
1286
301
364
364
379
-393
-393
-289
-332
-832
-1062
-1005
-527
-657
-1114
-1097
-875
-813
-1115
-946
-794
-999
-1443
-1481
-997
-632
-881
-1186
-1013
-711
-541
-712
-567
-412
-692
-731
-619
-345
-284
-401
-342
-233
168
168
315
330
231
355
619
745
698
805
1069
1331
1351
1438
1664
1475
1519
1512
1754
1412
865
688
840
1351
922
213
213
363
372
-336
-336
-234
-500
-849
-974
-832
-471
-803
-1036
-953
-782
-856
-976
-777
-847
-1163
-1435
-1208
-842
-727
-1096
-1149
-916
-668
-627
-768
-512
-643
-818
-806
-549
-379
-498
-523
-443
-230
234
234
350
350
658
736
622
809
1166
1391
1421
1607
1496
1550
1604
1786
1652
1139
840
848
1347
1330
469
188
454
586
335
-214
-209
-242
-556
-819
-880
-455
-496
-862
-886
-705
-621
-845
-685
-601
-780
-1169
-1205
-805
-520
-739
-1084
-911
-669
-512
-688
-594
-541
-760
-848
-747
-489
-557
-628
-589
-406
-252
-185
174
174
441
591
591
727
970
1240
1250
1574
1559
1455
1521
1645
1808
1231
774
699
1132
1433
644
351
351
527
458
-185
-185
-162
-533
-796
-865
-487
-412
-845
-895
-676
-491
-728
-698
-492
-601
-997
-1152
-779
-469
-598
-981
-885
-606
-476
-646
-637
-454
-672
-880
-868
-526
-582
-750
-751
-561
-369
-364
-291
173
173
471
470
444
703
1070
1152
1344
1418
1334
1461
1554
1759
1346
948
686
895
1402
923
205
244
426
481
-188
-188
-433
-433
-705
-888
-661
-354
-665
-865
-773
-489
-615
-638
-425
-445
-715
-1026
-756
-412
-315
-642
-757
-551
-347
-364
-433
-302
-484
-682
-717
-442
-437
-620
-669
-577
-342
-351
-295
-178
294
294
412
389
521
817
940
1139
1364
1234
1326
1328
1600
1377
983
721
749
1271
1083
302
235
404
529
226
-162
-334
-334
-596
-837
-754
-435
-641
-916
-831
-568
-595
-755
-574
-483
-672
-999
-876
-507
-373
-650
-819
-584
-336
-339
-484
-323
-363
-529
-636
-456
-304
-538
-589
-518
-278
-263
-288
-172
232
232
334
274
419
732
917
932
1209
1164
1248
1276
1450
1412
961
665
625
1077
1178
394
315
315
453
335
-294
-294
-592
-800
-784
-441
-553
-900
-880
-622
-514
-686
-545
-474
-571
-917
-871
-498
-292
-508
-818
-622
-383
-265
-423
-300
-310
-550
-656
-529
-248
-422
-602
-601
-350
-190
-212
259
259
451
378
440
681
963
969
1213
1207
1239
1277
1388
1474
1093
804
603
910
1181
615
178
281
400
408
-233
-233
-513
-697
-789
-501
-490
-851
-897
-722
-497
-710
-632
-506
-550
-833
-975
-663
-389
-423
-754
-686
-461
-259
-374
-350
-264
-474
-582
-581
-316
-424
-597
-621
-461
-280
-321
-278
299
299
291
289
500
831
905
1075
1154
1150
1323
1394
1493
1135
889
688
859
1209
808
241
276
340
453
-181
-181
-494
-633
-730
-579
-439
-773
-859
-752
-555
-643
-645
-479
-592
-826
-984
-678
-420
-454
-750
-734
-505
-315
-379
-404
-253
-454
-601
-617
-312
-305
-556
-637
-515
-287
-277
-266
277
277
273
221
386
739
846
953
1098
1065
1217
1234
1433
1190
901
657
753
1206
967
334
309
419
571
317
-262
-262
-449
-628
-477
-238
-540
-737
-629
-372
-463
-608
-446
-420
-585
-921
-770
-425
-326
-635
-783
-530
-286
-302
-433
-268
-309
-483
-654
-423
-266
-459
-616
-589
-287
-239
-285
-269
236
236
176
210
516
747
806
956
856
1061
1141
1283
1102
771
608
556
942
997
387
190
216
387
383
-326
-326
-462
-562
-520
-272
-440
-632
-626
-424
-357
-463
-341
-365
-484
-761
-692
-400
-285
-465
-680
-527
-310
-271
-356
-281
-323
-472
-621
-460
-289
-445
-542
-624
-354
-250
-235
-213
191
191
228
228
489
729
720
916
803
920
1008
1119
1066
672
465
376
746
909
329
244
244
307
-230
-230
-461
-551
-508
-170
-261
-525
-532
-337
-225
-353
-207
-221
-334
-628
-632
-304
-163
-317
-586
-481
-224
-169
-289
-205
-219
-361
-531
-457
-240
-367
-443
-544
-325
-203
-221
295
295
252
251
439
745
769
929
845
924
1027
1115
1103
714
469
284
597
859
365
263
263
-329
-329
-524
-621
-666
-367
-359
-598
-619
-400
-219
-338
-257
-208
-252
-464
-573
-325
-183
-183
-438
-422
-185
-195
-195
-169
-300
-300
-488
-469
-262
-391
-478
-598
-408
-221
-232
-214
302
302
291
328
454
754
833
999
956
926
1070
1121
1170
807
524
295
451
785
451
-341
-341
-672
-738
-756
-475
-402
-667
-715
-546
-317
-417
-339
-255
-296
-497
-621
-383
-173
-162
-395
-340
-169
-351
-351
-436
-178
-214
-341
-469
-367
-165
-162
314
314
314
297
414
724
835
992
949
908
1101
1158
1247
858
590
341
494
814
481
-308
-308
-634
-731
-775
-496
-424
-721
-827
-637
-356
-434
-407
-351
-384
-529
-653
-439
-230
-209
-450
-458
-241
-170
-170
-309
-406
-210
-265
-390
-520
-447
-223
-207
-177
300
300
313
300
392
699
845
1006
941
889
1088
1211
1315
899
631
314
495
819
538
-309
-309
-681
-765
-784
-493
-423
-689
-824
-675
-407
-427
-348
-328
-354
-519
-615
-404
-212
-169
-415
-431
-249
-175
-175
-313
-354
-174
-215
-345
-494
-422
-239
-193
253
253
245
244
379
648
784
954
858
836
998
1205
1302
887
591
332
579
884
539
161
-219
-219
-569
-759
-739
-380
-357
-627
-809
-626
-369
-392
-321
-316
-312
-530
-595
-386
-163
-163
-406
-404
-214
-309
-309
-330
-291
-291
-455
-368
-178
245
245
209
204
338
596
713
870
713
752
869
1104
1105
757
500
212
472
708
398
-301
-301
-578
-752
-695
-346
-326
-553
-738
-558
-329
-285
-205
-258
-273
-465
-460
-289
-345
-345
-327
-164
-254
-254
-279
-245
-245
-380
-303
-171
285
285
286
263
410
603
770
855
628
722
867
1133
926
571
306
175
497
480
157
-291
-291
-209
-206
-160
-159
-531
-767
-946
-691
-410
-454
-643
-780
-556
-422
-249
-201
-269
-335
-508
-364
-176
-164
-164
-277
-240
-216
-216
-229
-229
-269
-188
171
171
203
307
353
364
394
621
748
912
836
701
785
982
1160
829
461
183
251
550
334
-394
-394
-254
-340
-185
-327
-673
-938
-1028
-611
-467
-529
-746
-764
-607
-471
-215
-213
-238
-445
-503
-308
-161
-161
-222
-181
-206
-206
-168
192
192
299
382
407
429
521
708
850
927
720
720
790
1053
1021
669
298
341
341
424
165
-364
-364
-448
-455
-398
-293
-555
-857
-1173
-999
-655
-551
-651
-843
-808
-757
-463
-292
-250
-402
-590
-544
-279
-224
-224
-190
-190
166
166
197
225
303
412
449
484
555
738
856
1008
841
796
817
966
1126
882
547
189
189
413
284
212
-160
-401
-471
-491
-258
-407
-602
-1011
-1122
-839
-617
-468
-652
-709
-806
-683
-396
-234
-201
-482
-553
-489
-157
-161
-161
215
215
257
305
372
487
537
551
572
779
958
1128
984
824
824
914
1103
998
751
342
238
238
228
303
-302
-302
-453
-681
-427
-417
-506
-785
-1095
-1007
-894
-593
-561
-579
-708
-784
-596
-411
-208
-321
-432
-475
-322
-172
-169
-169
224
224
302
475
559
542
548
651
890
1110
1128
921
862
832
1015
1007
880
591
214
181
186
186
215
-326
-326
-684
-647
-546
-551
-664
-987
-1010
-1034
-838
-692
-605
-587
-724
-664
-641
-407
-340
-362
-412
-348
-210
-178
176
176
177
162
183
229
386
579
652
637
643
771
1014
1136
968
909
837
955
913
780
623
315
180
161
161
-262
-262
-633
-711
-628
-669
-656
-882
-882
-990
-897
-727
-605
-495
-627
-589
-576
-471
-409
-398
-370
-315
-259
-225
-156
175
175
194
193
184
285
448
568
637
674
781
927
1080
983
922
822
922
945
810
661
326
186
-197
-197
-542
-775
-752
-820
-744
-906
-896
-1004
-1028
-923
-782
-571
-605
-581
-596
-530
-493
-481
-399
-303
-207
-213
182
182
227
270
281
376
516
605
684
755
859
1025
1116
1046
992
888
958
977
884
715
416
245
-452
-452
-703
-734
-861
-803
-933
-873
-913
-919
-898
-840
-647
-637
-527
-502
-421
-399
-442
-410
-299
-190
192
192
218
286
284
367
529
675
732
777
866
1017
1144
1022
992
907
1008
997
863
754
448
256
-214
-214
-453
-679
-735
-906
-880
-973
-905
-931
-961
-909
-876
-711
-706
-580
-506
-421
-382
-432
-387
-339
-232
-168
-168
-198
164
164
196
196
202
297
443
591
672
754
838
1002
1095
993
938
848
986
1009
912
775
470
267
-197
-197
-483
-698
-760
-920
-963
-1065
-987
-964
-961
-945
-889
-771
-785
-692
-559
-401
-328
-387
-368
-304
-238
219
219
224
243
203
278
406
577
653
750
853
1015
1093
992
919
790
888
960
942
854
563
299
-159
-159
-348
-348
-579
-682
-849
-915
-1017
-956
-940
-889
-871
-807
-754
-807
-780
-679
-507
-364
-379
-377
-336
-313
-240
-180
172
172
249
291
276
336
429
580
634
744
822
996
1046
954
878
744
794
824
808
769
536
271
-223
-223
-222
-222
-232
-419
-594
-698
-863
-956
-1051
-1027
-1012
-938
-876
-760
-708
-750
-754
-701
-554
-399
-327
-258
-226
-220
-193
-162
156
156
196
196
284
294
378
483
618
698
796
888
1036
1046
1000
900
850
890
887
860
795
629
392
-360
-360
-508
-606
-760
-872
-951
-954
-950
-908
-851
-716
-668
-700
-707
-665
-557
-455
-394
-274
-221
-185
-161
180
180
165
186
186
242
280
311
379
503
603
691
783
869
999
927
856
765
747
804
773
720
651
464
270
-177
-177
-165
-228
-235
-400
-494
-587
-749
-886
-953
-949
-895
-843
-768
-651
-628
-640
-660
-625
-523
-462
-392
-285
-223
-182
-177
-159
156
156
214
247
274
288
401
525
621
720
799
956
1019
923
814
699
729
767
776
731
639
429
199
-166
-166
-208
-264
-304
-432
-501
-613
-762
-882
-929
-937
-890
-831
-695
-591
-588
-593
-589
-547
-485
-452
-349
-231
-157
156
156
230
255
233
244
353
474
580
688
795
943
947
853
749
656
659
693
718
723
635
410
-174
-174
-236
-284
-310
-380
-440
-543
-723
-839
-926
-937
-912
-833
-672
-578
-552
-553
-579
-536
-504
-456
-350
-229
206
206
261
219
216
310
412
514
651
768
889
856
727
617
545
580
583
594
639
567
376
-199
-199
-266
-320
-350
-369
-395
-508
-664
-769
-871
-888
-872
-769
-604
-524
-501
-474
-482
-451
-475
-447
-335
-217
165
165
157
157
230
274
338
308
318
379
409
505
636
753
902
849
744
626
534
552
538
566
583
510
394
190
-251
-251
-306
-344
-362
-368
-459
-557
-670
-796
-849
-848
-762
-599
-535
-479
-454
-449
-428
-478
-448
-370
-262
158
158
198
259
253
289
288
332
382
483
626
771
772
679
564
472
445
478
493
480
447
370
226
-190
-190
-285
-337
-357
-360
-397
-478
-597
-727
-802
-826
-779
-668
-589
-518
-483
-461
-434
-463
-451
-414
-332
-230
156
156
209
197
245
255
245
295
357
479
640
680
638
543
452
405
427
482
467
462
386
295
-185
-185
-239
-279
-283
-285
-344
-460
-576
-676
-734
-722
-647
-564
-502
-478
-446
-419
-415
-414
-423
-357
-287
-177
160
160
219
201
180
198
219
245
293
446
578
551
554
477
355
350
396
415
421
419
379
276
171
-172
-172
-230
-210
-220
-306
-408
-506
-589
-634
-648
-584
-518
-467
-459
-425
-375
-377
-399
-399
-340
-274
-182
185
185
254
254
253
360
442
460
404
338
338
294
306
336
322
322
344
197
-194
-194
-175
-206
-235
-312
-402
-456
-511
-570
-527
-478
-425
-417
-390
-318
-303
-293
-329
-298
-247
-197
240
240
260
359
401
398
295
269
255
260
264
326
323
303
233
-186
-186
-208
-241
-277
-312
-384
-430
-423
-392
-366
-340
-300
-247
-202
-203
-235
-236
-181
-160
165
165
261
261
339
317
353
255
200
198
248
230
299
267
239
-202
-202
-195
-189
-181
-181
-220
-292
-354
-377
-356
-329
-286
-253
-218
-164
-164
-160
-160
-169
-163
-163
211
211
209
317
339
355
252
289
224
189
303
292
257
247
239
-167
-167
-219
-261
-262
-267
-242
-195
-156
-156
-161
-161
-159
-159
-205
-205
-209
-209
227
227
339
228
327
337
204
220
206
174
260
260
178
179
175
-173
-173
-195
-201
-156
-229
-229
-206
-244
-201
-193
-179
-175
-175
-245
-245
-191
-300
-330
-191
-312
-222
-160
-160
-258
-164
-164
-334
-166
-166
181
181
184
184
319
319
262
221
352
199
199
198
198
200
200
248
179
236
172
157
-194
-194
-203
-268
-190
-261
-186
-227
-162
-274
-252
-254
-268
-358
-253
-207
-268
-181
-181
187
187
175
175
189
189
201
201
207
281
210
213
253
226
226
183
262
187
317
277
257
297
225
241
226
226
237
237
176
196
-176
-176
-260
-260
-271
-338
-341
-357
-381
-284
-308
-353
-250
-340
-316
-357
-301
-322
-279
-187
-187
-196
-196
-159
-159
175
175
191
191
182
249
170
205
262
269
255
366
303
355
355
349
329
290
346
200
257
213
196
-169
-169
-171
-269
-224
-318
-299
-345
-356
-365
-353
-376
-342
-333
-389
-219
-394
-231
-275
-262
-209
-239
-158
-239
159
159
253
202
358
250
310
361
296
416
321
397
372
364
359
358
384
260
291
210
214
163
163
-181
-181
-166
-278
-245
-292
-288
-295
-288
-376
-296
-332
-323
-365
-273
-317
-333
-242
-355
-210
-297
-221
-191
-324
-249
-249
-250
-296
-296
-263
-263
-239
-239
-213
-213
253
253
239
239
227
375
375
332
290
391
365
355
265
501
337
289
468
268
300
350
216
204
174
174
-198
-198
-220
-204
-278
-269
-289
-297
-332
-321
-272
-369
-280
-385
-284
-377
-300
-247
-423
-443
-443
-362
-362
-277
-483
-483
-281
-281
-195
-180
-180
-165
-165
322
322
195
195
290
370
370
168
421
235
361
459
349
429
468
345
469
433
352
493
272
408
246
234
290
223
223
-195
-195
-266
-266
-178
-294
-259
-225
-430
-233
-392
-341
-296
-381
-255
-362
-271
-280
-344
-234
-284
-278
-201
-216
-223
-223
-168
-210
-210
-172
-172
226
226
195
195
165
353
353
326
326
195
343
343
278
278
209
208
234
193
235
199
192
158
200
201
201
163
163
177
177
-218
-218
-170
-214
-286
-203
-304
-280
-289
-313
-298
-354
-310
-329
-308
-255
-349
-171
-357
-179
-242
-231
-296
-296
-255
-255
236
236
241
241
160
160
191
417
417
353
353
183
351
351
363
363
306
306
272
272
196
196
-179
-179
-244
-244
-186
-186
-279
-316
-316
-189
-263
-268
-194
-420
-288
-288
-316
-349
-349
-209
-209
251
251
195
195
231
285
285
190
190
164
164
179
171
171
194
-179
-179
-203
-203
-161
-161
-173
-173
-167
-167
-181
-181
-191
-191
-202
-186
-186
-181
-184
-184
-161
-161
220
220
185
185
193
193
222
222
167
167
-228
-228
-198
-198
-279
-279
-203
-203
221
221
209
209
210
210
253
253
207
207
-193
-193
201
-245
-245
-163
-163
202
202
-253
-176
-176
-256
-256
-158
-158
169
-176
-161
-161
-187
-187
-266
-266
-234
-234
168
168
-238
-238
-235
-235
-248
-248
-186
-186
-261
-261
-252
-252
184
184
308
308
160
160
169
169
187
187
-181
-181
-169
-169
-185
-185
-167
-167
164
164
157
157
212
212
297
297
-176
-176
-185
-185
-196
-196
-218
-218
-206
-206
-187
-187
-190
-190
-242
-242
254
-172
205
205
-192
215
174
174
161
161
223
223
190
190
208
208
-221
370
-215
175
175
-162
-162
220
-175
-175
-161
-161
-168
-168
-171
-171
-199
-199
-177
-177
-196
-196
-199
-199
226
226
174
174
-208
-208
-230
-230
196
-156
163
163
-226
218
227
227
205
205
157
157
186
186
-201
-201
215
-222
-275
-275
222
-285
-178
-178
264
264
297
297
247
247
270
270
269
269
234
234
229
229
211
211
-172
212
-167
-167
-182
-182
-173
-173
-201
-201
-183
-183
-208
-208
209
-164
-214
-214
237
160
160
174
174
234
234
293
293
-236
337
193
193
-166
262
-232
-232
-261
-261
-376
-376
204
-495
-205
-205
-271
-338
-338
-166
-166
-169
-169
167
167
221
221
170
170
-180
-180
-185
-185
-185
-185
-171
-171
-170
-221
-221
-261
-261
-197
-197
-222
-222
197
197
176
176
189
189
174
174
-214
-214
-160
-160
-194
-194
-172
-172
-183
-183
-173
-173
164
164
156
156
161
161
159
159
179
179
205
205
-165
-165
-178
-178
-162
-162
-157
-157
189
189
207
207
160
160
156
156
191
191
255
255
-173
163
-195
-195
161
-203
-159
-159
-163
-163
179
171
171
-200
-200
211
-158
-162
-162
213
213
-176
-176
279
-221
-164
-164
176
-205
-205
-262
-262
-227
-227
-242
-242
-169
-169
-196
-196
-186
-186
-157
-157
-187
-187
-231
-231
-167
-167
167
-157
-157
-281
-281
-227
-227
-233
-233
-182
-182
164
164
-170
227
227
207
207
205
205
161
161
165
165
-164
-164
-181
-181
208
208
-242
188
-218
-218
198
-163
216
216
-209
-207
-207
-174
-174
-169
-169
-285
-285
-187
-187
-213
-213
-175
-175
-218
-218
-165
-165
-156
-156
193
-224
163
-238
-238
210
-250
-216
-216
-164
-164
-180
-180
-203
-203
-189
-189
-215
-215
-157
-157
-306
-306
-157
-157
-161
-161
-168
-168
-170
-170
-176
-176
-199
-199
185
185
-245
174
-227
-227
211
211
-200
156
159
159
158
158
-212
-212
207
-163
-163
200
200
-280
-213
-213
194
-233
-208
-208
-179
-179
-156
-156
-156
-156
-177
-177
161
161
163
163
202
202
-183
-183
-173
-173
-157
-157
-180
-180
-182
-182
158
158
179
179
192
192
198
198
162
162
-165
-165
-175
-175
-238
-238
168
-231
-231
-211
-211
-180
-180
-178
-178
-229
-229
-190
-190
-224
-224
-197
-197
-176
-176
-159
-159
-161
-161
-156
-156
-158
-158
