1322
1322
1447
1488
1504
1568
1432
1412
-1289
-1289
-1375
-1337
-1438
-1719
-1772
-1792
-1926
-1871
-1877
-1805
-1780
-1784
-1813
-1743
-1712
-1663
-1664
-1668
-1647
-1666
-1640
-1541
-1444
-1281
1331
1331
1577
1532
1748
1778
2043
2291
2353
2684
2967
3252
2977
2970
2637
2517
2297
2232
2230
2234
2481
2819
2950
2884
2906
2549
1749
-1673
-1673
-2044
-2194
-2181
-1807
-1814
-1814
-2318
-2606
-2654
-2322
-1729
1368
1368
-1354
-1354
-1601
-1679
-1443
-1637
-1637
-2309
-2285
-2203
-2778
-3211
-2854
-2305
-2277
-2394
-2159
-1860
-2189
-1878
-1597
-1291
-1836
-1836
-1482
-1895
-1841
-2593
-3051
-3102
-3127
-3062
-2841
-2299
-1615
-1500
-1324
1443
1443
1787
1655
1932
2398
2750
2454
2663
3027
3127
2532
2425
2680
2371
2203
1872
2413
2539
2702
2986
3496
4039
4115
4059
3032
-2206
-2206
-3867
-3917
-4030
-4493
-4288
-2590
1341
1341
1536
1566
1566
1521
-2157
-2157
-3342
-4319
-4688
-4109
-3108
-2468
-1562
-1304
-1304
-1315
-1315
-1688
-2263
-2692
-3329
-4200
-5053
-5298
-5009
-4395
-3292
-2455
-1588
-1424
-1424
-2148
-2571
-2407
-2387
-2061
-1741
-1644
-1290
-1282
1740
1740
2512
2861
2973
3023
3222
3041
3174
3403
3699
4377
4943
6093
6842
7330
6556
5339
4353
3499
2900
2068
1572
1477
1515
2001
-2517
-2517
-4801
-4378
-3119
-3946
-3792
-2303
1380
3511
3804
4263
4803
4583
2270
-2261
-2261
-2121
-1605
-1605
-3111
-3484
-4013
-4252
-3787
-2839
1476
1476
2789
3566
3952
3345
2049
-1429
-1429
-2094
-1827
-1627
-1627
-2170
-2043
-1999
-2093
-1463
1347
1347
2047
2474
3269
3805
3241
1545
-2648
-2648
-5635
-8030
-8216
-6948
-6410
-6840
-4875
-3104
-1887
-1406
-1990
-1990
-3083
-3584
-3989
-5031
-6504
-6384
-6306
-5701
-4924
-3557
-1507
2569
2569
3045
2306
1908
1882
1887
1289
1289
1524
1524
2228
3010
3635
5412
7237
8148
8165
8291
7615
6354
4966
3851
3176
2495
2244
1931
2120
2343
1696
-1434
-5625
-7966
-7166
-5175
-5143
-4872
-2254
2508
6113
6694
6353
5795
4518
1868
-1728
-1728
-3285
-2924
-2276
-2276
-4688
-5684
-5707
-5235
-4030
-2661
1406
1406
3782
5815
6699
5980
4458
2321
-1560
-1560
-1796
-2561
-2960
-2339
-1563
-1563
-2739
-2881
-2783
-3477
-4621
-5140
-4058
-2986
-2084
-1985
-1985
-2530
-2679
-3304
-4494
-5617
-4984
-3992
-3298
-3424
-3864
-3687
-4009
-4278
-4558
-4394
-4457
-4580
-3478
-1868
1438
1438
1597
1717
1717
2096
2244
2714
2879
2830
2800
3791
4793
5131
5696
6378
7609
7574
7375
7641
7340
6502
5153
4367
3923
2893
1848
-1365
-1365
-3764
-6295
-6139
-3679
-1534
-1654
2043
2043
5542
7058
6031
5141
4281
2749
-1571
-1571
-2850
-4040
-3570
-2484
-2215
-3629
-4985
-4743
-3614
-2284
1358
1358
2705
4075
5039
4819
3369
1636
-1997
-1997
-2424
-2688
-2945
-3271
-2567
-1777
-1777
-1379
-1535
-2928
-5286
-5353
-4241
-3544
-3366
-3501
-2451
-2499
-2569
-2682
-3091
-3398
-4646
-5072
-4566
-3487
-3161
-3965
-4029
-3632
-3399
-4033
-4607
-4867
-4427
-3611
-2528
1387
1387
1895
1863
1316
1423
1423
2026
2537
2398
2933
4457
4785
5737
5663
6481
7134
7059
7647
6776
7736
7726
7654
8045
7722
7941
6111
5246
3565
-2244
-2244
-4839
-5550
-7446
-9458
-9777
-6632
-2891
3035
3035
5914
7303
7736
6279
5154
4422
3083
1850
-2377
-2377
-4338
-5561
-5482
-6296
-7334
-7109
-5463
-2957
1756
1756
3845
5067
6044
6494
6018
4548
2688
1350
-2111
-2111
-2381
-2659
-3479
-4113
-4023
-3576
-3593
-3321
-3744
-4564
-5270
-5360
-3919
-3792
-3246
-3234
-2502
-1507
-1797
-1670
-3050
-3702
-4445
-5032
-4603
-5038
-4730
-5125
-4816
-4522
-4632
-4706
-5330
-5248
-4790
-3962
-2845
-1801
1442
1442
1760
1633
1748
1544
1984
2563
2498
2807
2457
3559
4386
4959
5181
5351
6949
7516
8236
7800
7685
8581
9238
9775
9803
9711
10055
8722
6806
4787
1425
-2528
-6854
-8894
-10089
-11622
-11219
-8984
-4597
-1300
1517
4549
6944
8395
7961
7791
6712
5840
4497
3556
2391
-1659
-1659
-3563
-6289
-7317
-8217
-9145
-8691
-7183
-4104
-1509
1531
4436
6580
7511
7361
7004
5807
3929
2125
-1451
-1451
-2204
-2619
-3360
-4541
-5393
-5670
-5755
-7131
-8650
-9930
-8294
-6804
-4545
-3188
-1750
1817
1817
-2967
-2967
-5376
-5344
-6679
-5858
-6728
-6995
-6370
-6163
-4879
-5566
-5646
-5521
-4294
-2492
-1460
1517
1517
2009
2318
2159
1552
1296
1296
1985
1946
2648
3683
5704
7378
8619
8424
7844
8154
8488
8357
8401
7975
9020
9947
10944
12523
11453
11502
8877
6669
3339
-2791
-7749
-13085
-13628
-13693
-13426
-11806
-8762
-2241
2815
5736
6806
8726
9643
8962
7405
6527
6809
5473
4345
2326
1591
-2863
-2863
-5966
-9786
-11145
-11361
-10335
-9106
-6988
-2516
2006
5306
7763
9280
9966
8820
6906
5535
3751
2225
-1482
-1482
-2302
-3179
-4445
-6436
-8295
-12051
-14049
-13725
-11576
-9283
-8470
-3749
3165
3165
4788
4222
3274
-2997
-2997
-5136
-6263
-7716
-7633
-8229
-7601
-7598
-7914
-8189
-7858
-5730
-3528
-1773
2167
2167
3597
4446
3979
2726
-1808
-1808
1455
1455
2584
4834
6197
7454
7487
7384
8047
6796
7866
7657
9273
8612
9401
10833
10800
12520
11473
12813
11505
10991
10715
7119
1947
-6624
-11420
-13550
-14776
-15423
-16886
-13783
-7369
5627
5627
7007
8930
11099
11517
10327
8341
8166
6604
3999
2975
2492
2049
-4769
-4769
-8740
-11405
-12022
-11615
-11411
-10720
-7076
4197
4197
7056
9506
10824
10539
9071
7399
6141
3551
-1575
-1575
-1817
-2883
-4811
-8414
-14311
-16049
-16068
-14668
-15596
-13974
-8503
-3610
2299
5057
6308
4891
3295
2702
-2874
-2874
-6119
-8356
-9077
-9249
-8465
-9329
-9924
-10325
-9052
-6333
-4465
-2794
1844
1844
3978
5588
5248
3734
2328
-1726
-1726
-1776
3756
3756
5817
6929
7735
8930
10166
10802
11293
10832
9419
9096
9460
10410
10269
9474
11532
12570
13132
14873
14016
10600
1593
-6228
-10910
-14962
-15771
-17919
-18023
-15201
-7765
2083
6347
7559
7797
9907
10970
8709
7335
6878
6116
4814
4802
5976
4821
-4048
-4048
-8826
-12233
-13219
-13461
-13933
-12755
-8059
4693
4693
7642
9263
10327
10261
8400
7105
5765
3764
1970
1481
1481
-1450
-1450
-7233
-13358
-16629
-17592
-18491
-20219
-17333
-12472
-6090
4045
4045
6538
5684
4887
3939
1702
-4198
-4198
-6158
-7732
-8152
-8114
-9334
-10677
-11758
-10433
-8039
-6028
-4293
-1763
2175
4445
5720
5686
4496
2648
-1529
-1529
-1845
-1646
2420
2420
4863
6238
6483
6669
8089
9271
11878
11362
10924
9479
10697
11558
9405
9374
7878
10226
11860
13556
16590
15023
13111
4489
-6595
-12689
-16873
-15087
-19804
-21138
-16791
-6535
5946
8405
8378
8579
10296
11549
7197
5675
5016
5190
5848
5728
8033
7362
3560
-3072
-10038
-12612
-13841
-14784
-16461
-15079
-7990
5565
5565
7448
9221
10471
9397
6941
5801
5193
3803
2284
2366
3672
2968
-2702
-10492
-15439
-17480
-18717
-22471
-21547
-17603
-11939
-5203
3945
3945
3785
4077
4155
2023
-1587
-1587
-3926
-5420
-5792
-5211
-7285
-9702
-11503
-12134
-9491
-8371
-7141
-4893
3101
3101
4514
5502
4798
3488
1837
1389
1389
3568
5370
5978
6865
7449
8815
11800
11176
10974
10830
11415
11642
9085
8863
8459
9131
10807
10713
11215
11634
11649
13441
10167
3812
-5735
-12411
-14283
-18328
-18634
-16456
-11373
-5972
6463
6463
10096
10168
9216
7408
6865
6640
6229
6783
6505
7056
7350
6407
3121
-3365
-8016
-11711
-14621
-16082
-14869
-11679
-8420
-4064
5033
5033
6472
6266
5543
5772
5519
5347
5107
5542
5070
1514
-1492
-7101
-9767
-15177
-19158
-23035
-22058
-17819
-14111
-10215
-6248
-2833
2207
2207
1965
1327
-1363
-1363
-1598
-3542
-5983
-8386
-9106
-10157
-10484
-10425
-9267
-5991
-2560
2487
2487
2703
2809
2148
2189
1394
1394
2811
3175
3428
2335
4613
5563
8785
9546
10035
10553
12937
13816
12121
10300
8924
7995
6366
9016
9881
10673
10412
10555
12158
12304
12383
5607
-3203
-10700
-13936
-13987
-14324
-13622
-12211
-7043
4157
4157
5151
5310
3961
2386
3254
4608
6014
5403
6913
8040
8263
7294
4168
-5993
-5993
-8752
-10338
-10741
-11533
-10624
-8155
-5259
-2774
-1513
2611
2611
3664
4592
4163
2482
-2368
-2368
-4951
-8699
-13776
-17957
-17448
-15554
-12972
-12396
-9361
-7721
-5506
-3368
-2484
-3304
-3484
-2881
-1908
-2610
-2610
-4431
-5662
-6938
-8335
-9221
-9812
-9591
-7155
-4569
-3183
-2323
1500
1500
1984
1984
3653
3806
3524
3160
3761
3681
4381
5865
6785
7923
10029
12051
12492
11013
11050
10192
8741
8777
9166
10014
6855
8086
8324
8433
8754
8609
13395
10852
2120
-6867
-10321
-6097
-12671
-13422
-12049
-6529
-4724
4249
4249
3469
2431
2322
2322
1996
4664
5173
6794
6279
7581
8122
6086
4466
-3186
-3186
-5374
-6909
-6814
-6482
-4528
-6575
-5217
-2971
-2156
-3822
-4556
-2721
-2886
-4567
-3687
-3809
-4225
-7272
-5424
-5426
-5249
-6322
-5669
-4706
-4884
-4631
-4926
-4136
-5507
-4764
-4664
-4322
-5195
-4602
-4146
-5551
-5573
-5383
-4228
-5135
-4539
-3092
-2680
-2196
-1594
1302
1302
1881
2249
2570
3269
4038
3792
3757
3933
3647
3633
3029
5198
5149
5024
5401
5565
6882
6125
8327
8158
8874
9081
10153
10410
9861
10926
11217
8975
7767
9556
9829
8506
8451
10363
11628
8505
5950
-2260
-2260
-3501
-6465
-6693
-7251
-4331
-4146
-2560
-1710
-1710
-1746
1346
1346
2330
4151
5415
6423
5418
3733
3731
1786
-1504
-1504
-2463
-2028
-2028
-2785
-4037
-4113
-7228
-7688
-9257
-9130
-10202
-7060
-4858
-6099
-3136
-2217
-2270
-2270
-1866
-1866
-1479
-1479
-2022
-2491
-3344
-3984
-3922
-3514
-2773
-2286
2199
2199
2521
2521
1926
3110
3110
4237
3127
3127
4065
2531
3584
4330
6107
4066
2742
6141
4016
2799
4758
5846
3012
4855
5104
6002
3354
5868
6391
4941
4784
4080
5762
4609
4979
4058
5725
5931
5611
5197
7034
8908
5877
7378
7371
7369
4774
3770
3762
1389
1308
2268
2268
1724
1928
1612
1612
-1280
-1280
-1599
2004
2004
1875
1875
2873
2873
-2536
-2536
4391
-1348
-1348
2224
1999
1759
1759
2211
2211
-3789
-3789
5903
-4116
1313
-4377
-4377
2185
-1665
-5131
1932
-6936
-6936
2189
-4013
-4013
-3119
-5726
-5726
-6178
-6178
-3271
-3271
-6197
-4943
-4943
-3590
-8022
-9658
-9658
-6524
-4492
-11377
-6062
-6452
-13502
-4736
-10156
-10987
-9436
-10650
-9442
-12719
-8960
-11498
-12646
-9175
-12407
-10329
-13038
-12062
-10155
-14072
-12283
-11900
-12899
-12166
-14907
-10077
-13244
-14416
-9884
-12590
-12985
-10452
-11341
-12344
-8702
-12322
-8511
-9624
-11550
-10825
-12576
-14307
-15651
-17963
-17000
-21810
-22861
-21778
-27236
-23149
-27047
-25569
-25272
-23737
-24745
-19376
-20927
-18919
-14879
-13760
-15203
-10829
-10599
-13034
-7597
-11285
-5294
-11691
-5094
-5252
-12821
-3989
-9104
-12614
-10774
-11369
-12460
-15640
-11481
-13632
-13340
-16047
-6417
-15769
-11481
-6618
-16448
-3303
-16896
-7869
-8813
-12743
-10510
-9675
-11193
-7491
-17477
-4864
-7832
-13994
-5848
-2636
-13797
-5612
-5612
-9906
-1435
-5893
-2622
-14179
5286
-9819
-9234
-7014
-7014
-9148
-4637
-2420
-11603
-3039
-7154
-7136
-3541
-11150
-3900
-3002
-11412
-6857
-6857
-8216
-6401
-6401
-5534
-5294
-3700
-3617
-8950
1389
-9072
-1524
-5981
-1410
-7704
-1654
-3759
-6824
-1721
-5451
-3472
-5322
-3375
-5896
-3014
-6470
-6708
-6708
-4269
-2186
-5592
-3042
-9131
5357
-15336
-5788
-5788
-5648
-5187
-6262
-11884
-11884
-5938
-5938
-9722
-11537
-11537
-2518
-4781
-5133
-7461
-5227
-5227
-8711
3198
-9271
-4246
1288
-10332
-3920
-3920
-5020
-4307
-7151
-7151
-7313
-7313
-7812
-7812
3647
-10942
2850
-2735
-5937
2153
-3676
-1487
-3941
-3941
-4295
-4295
-3683
-3683
-5494
-5494
2686
-3759
-1793
-1793
-3343
3125
-4249
-2305
2127
-3406
-3406
2271
2271
-3070
2954
-4635
6588
-3660
-1372
3284
2116
2116
2199
2199
3107
3107
3186
3186
2015
5832
5832
-1603
7118
7118
-1481
3825
6513
6513
-3951
10190
-4918
7217
2585
-3151
9888
-2692
3599
5310
5343
5343
5640
6864
6864
7208
7208
1356
2281
6692
3262
8492
8492
2905
1403
8966
6018
6018
2944
5262
2464
6249
2878
3187
8330
2616
4408
9217
9014
9014
4536
5135
6380
3532
9045
1760
8713
5192
3641
8770
3649
3382
12191
-1912
8567
9677
11681
11681
4138
9788
2429
8350
10229
2074
6551
10544
3720
2632
16350
-5827
17323
-1501
10054
7341
5100
9477
2777
12247
1894
11763
3028
8307
9814
2721
10319
9857
12001
12001
6510
6257
6224
10762
4124
8759
7974
5767
9764
5670
9214
5312
15416
-1705
13917
11730
1314
9978
13228
1746
11286
9380
6462
8373
9600
6686
7329
8161
8690
4603
11190
6201
6484
11422
4662
9719
10393
4009
10873
11711
20808
20808
-3424
17095
4193
10890
5944
12058
8219
6653
14231
3314
13685
4422
12767
5897
11005
6139
8461
13362
17904
17904
2998
10610
7827
10335
7379
7025
13263
1589
14702
4669
11028
4079
15135
3661
8064
12120
5722
6119
12656
6591
3769
18674
-2274
14130
7950
8149
6662
10837
4306
12226
4435
7322
12577
1375
12015
3240
13798
-3724
21804
-4576
11301
12252
-1370
14500
3099
9229
7441
7376
5960
11949
1317
10884
8847
2061
8319
15329
-8213
19443
1517
4702
10991
1865
10309
4414
4283
13798
-3593
15208
1592
5203
13979
-3151
12256
7558
14544
14544
-1542
10998
3097
5567
7522
-2737
18057
-10228
15322
2916
3158
5056
9720
6349
6349
7659
12321
12321
-4278
15283
-3443
9988
4042
5319
2086
9172
5413
5413
7994
-1779
9725
-2596
16606
-12684
22511
-8506
10266
1399
8099
5897
5897
3129
4080
7023
-4234
12851
-2453
6064
2025
5769
2733
10131
10131
-5013
12234
-3024
7457
2547
3644
5163
3681
2013
7629
3958
3958
6673
-2763
11913
-5609
11354
-2028
4833
2619
4793
8105
8105
4431
4431
3635
3269
-1432
7917
4883
-6668
14714
-3549
5499
10891
10891
-7075
7545
4155
5043
5043
-2740
13427
-14542
18837
-6601
1473
10360
-5977
7927
3483
3483
7778
7778
-3653
5949
2089
-1332
8913
-5172
4626
5960
-8576
11767
-4307
3625
1852
3359
-2564
9951
-3100
2590
7456
-5889
11471
-4212
4475
3154
2488
2936
2936
3196
6105
6105
-2564
5572
4869
-8466
14603
-4904
8585
8585
-1757
10122
10122
-2939
2960
4624
4483
-2118
4602
6847
-3568
2426
10051
-6613
7399
3747
-1371
6345
1405
12584
12584
-12808
16848
-1326
-2365
9234
1657
1404
14440
14440
-9843
11079
-1583
8514
-6748
10850
-1337
4984
-1854
5442
4265
-1626
1481
7962
-4023
-4023
15752
-11272
15321
-5155
6285
7027
7027
-2449
5812
5129
-6152
10650
4521
4521
3730
-2616
9302
-3631
3111
10113
-12060
18386
-9825
7489
7444
-9851
17260
-3936
10988
10988
-5537
-5537
15413
-9347
7955
5414
5414
-4710
10135
-4672
5790
5329
5329
11632
11632
-15707
24612
-16310
10272
4823
-3927
4771
4692
8981
8981
-4158
3451
2649
6656
6656
-7374
12376
-7447
8332
-4480
8460
-2482
1666
5000
-2388
5466
-2224
4711
5448
5448
-3008
7733
7733
-6789
9406
-6654
10801
-7518
8133
-2329
4798
-1766
4934
1459
-2208
12038
-11379
14649
-6428
6907
-4595
8384
-3126
4918
4918
1730
1730
3101
-3967
10958
-11800
11325
-2160
5121
5121
-1669
2342
2595
1707
-2074
8230
-6302
5871
-1860
6122
-7504
11769
-8419
4314
3963
-4387
5132
5192
5192
-7759
17842
-18414
20613
-11718
8607
-5740
6281
1537
-7361
12835
-9033
6168
-3423
-3423
7618
-6676
6664
-5458
7136
-2365
-1987
3761
3288
-4735
3219
5873
-5945
5841
-1340
1570
1543
-2377
-2377
5588
-2382
5159
5159
-2629
2095
2020
-1889
1371
6235
-8226
9613
-3402
2411
-1825
5727
-6997
5543
3696
-9422
13227
-5765
5067
5067
-3297
4758
4758
-2925
5410
5410
-2510
2128
2128
-1990
6128
-4649
3397
3547
-4084
2277
1355
1355
-1549
-1549
1840
2669
-4550
-4550
8354
-2368
-5359
11173
-3799
-3103
9052
-3881
2865
-1377
5832
-5518
7669
-5157
4584
-1390
2051
-1316
-2303
9518
-11492
11051
-5411
2729
1339
-2210
5536
-2703
2181
2135
2135
-2608
2648
-1328
3666
-3947
2492
-4887
-4887
10522
-14832
12939
-5592
2777
2777
-10770
13302
-12110
6204
-1909
-1909
6274
6274
-7563
10751
10751
-16693
11338
-7128
-7128
2582
8521
-17353
10338
2893
-11125
8423
2482
-14085
14744
-8264
-1353
10123
-13355
8849
-1366
-4506
9265
9265
-14790
6956
-4284
-4284
-2244
7136
-10439
2521
6814
-12084
4060
2987
-6507
-1913
5129
-6311
1980
-4251
4321
-4706
-2306
1663
-7231
-7231
5714
5714
-13825
8575
-6994
-1383
2972
-10258
2742
-5055
-5055
1431
1335
-6888
4815
-3453
2494
-8402
9415
-6600
-3969
8876
-11602
5963
-7791
1884
-4284
-2848
-2848
-2264
-2891
-2891
-3004
2224
-4525
-2211
-6027
-6027
5958
-8903
4288
-5556
-5556
3620
-3782
-8006
-8006
6378
-11051
3812
-4223
-1728
-1728
-2925
1680
-5119
1641
-3858
-3875
-3875
-3207
-3207
-5564
3798
-7474
-1823
3100
-9669
4455
-6236
-3323
-3323
-4202
-4202
-1964
-5148
-5148
-1693
-1693
-6425
3095
-4236
-2786
-2526
-2526
-1783
-5969
3002
-6652
-3624
-3624
-6598
-6598
-2026
-4530
-4530
-4055
-6215
-6215
-7889
-7889
6193
-6637
-3968
-3968
-1776
-2690
-2690
-2981
-1550
-1629
-3907
-1873
-1873
-3170
-2289
-2289
-2877
-2066
-5217
-5217
-1403
-2222
-2061
-2061
-2733
-2440
-2440
-2889
-1348
-2912
-1644
-3822
-3822
-1791
-3732
-3732
-2219
-3120
-3120
-2061
-1465
-2140
-1629
-2247
-2247
-2675
-2675
-2189
-2189
-2851
-3573
-3573
-2758
-2758
-1653
-1789
-1789
-1519
-1727
-1456
-2132
-1651
-3304
-2516
-2516
-2690
-1478
-2715
-2300
-1900
-3562
-1896
-2738
-2101
-3133
-2979
-2154
-4251
-3914
-2937
-3614
-6965
-2955
-6292
-4333
-4843
-6808
-3960
-5135
-8127
-4131
-4707
-9585
-4733
-6201
-9862
-6266
-6795
-7669
-7135
-6930
-7555
-8279
-9280
-9575
-9537
-10463
-10268
-10361
-10574
-9501
-9832
-10785
-10020
-8559
-11745
-10821
-10884
-11740
-11722
-12943
-12113
-13125
-11577
-14357
-11873
-12883
-15237
-12562
-11855
-15294
-12754
-12606
-14481
-13619
-14345
-13634
-15413
-14527
-13505
-13902
-14765
-12820
-12434
-14356
-13695
-12083
-14273
-12011
-12297
-12189
-11339
-11509
-10269
-10603
-9455
-9035
-7751
-7789
-6623
-4617
-5887
-5962
-5553
-7788
-11281
-14376
-17726
-21502
-23534
-24812
-24997
-26119
-25787
-24896
-25477
-25057
-24594
-25064
-25095
-25026
-25843
-26888
-27752
-29392
-30048
-32035
-32547
-32596
-32768
-32001
-31676
-29351
-26981
-22759
-21071
-17205
-14408
-11265
-9179
-9566
-6050
-5927
-5943
-5226
-3268
-4152
-3516
-2925
-4320
-5000
-8301
-9053
-8044
-9951
-10808
-10032
-10336
-10263
-10685
-10506
-11341
-11668
-11075
-8094
-4710
-3946
2801
2801
10019
9660
-4848
-8276
-14588
-5128
-20820
-23783
-21943
-22066
-16437
-19202
-10980
-16420
-16031
-17498
-11522
-10979
-13231
-12460
-6772
-2201
-1482
2584
2214
-7346
-7346
-6016
-6370
-9045
-9475
-10863
-11149
-20202
-22050
-21951
-26549
-32594
-32712
-32768
-32768
-32742
-32768
-32725
-32768
-32768
-31860
-29390
-27823
-29749
-24000
-22808
-24625
-24422
-22589
-21685
-23446
-22324
-21575
-23163
-23739
-22766
-21711
-21009
-21176
-19068
-16663
-14680
-13701
-11370
-10191
-9124
-7524
-5808
-5073
-4176
-1630
3133
3133
3473
7459
8614
11594
11349
13045
14340
13950
15372
17242
17485
21743
13209
-3311
-12801
-16191
-10117
-31843
-30160
-32364
-22373
-20540
-18024
-10237
-12801
-12339
-12507
-4871
-4783
-6581
-4026
7834
12344
15439
19736
18916
13799
11636
9658
6515
-6846
-5948
-7121
-6357
-9447
-9363
-6697
-14341
-16079
-13136
-12541
-16850
-15872
-9009
-3518
-3515
2222
2222
2042
2798
2798
-2650
-3568
-1603
-1890
-1890
-2095
-1670
-2778
-3386
-3222
-3929
-4018
-2878
1702
1702
1683
2952
3609
4376
4759
6312
10105
14047
15489
17151
18023
21710
23197
24537
25564
27143
29202
30884
32003
31917
32767
31815
32767
31157
32767
20394
3203
-10765
-4913
-26984
-26984
-21062
-18702
5567
5567
10979
6868
7823
8172
16932
17295
13653
17613
30327
32767
32377
32767
28820
22515
16168
15471
9852
-5827
-5515
-5772
-5991
-5991
-5285
-2674
-7791
-4674
4070
4070
1916
3046
12586
20853
19581
18502
17884
16091
10647
5559
5602
-2854
-2854
1904
1904
4732
2283
2283
2672
2846
3684
3684
5272
6957
9931
11739
9897
7682
7153
7672
6669
5771
9126
11513
16334
19787
23562
25082
24274
28309
28197
28369
27769
28967
31042
31759
32767
32139
32767
31831
32767
31092
32767
18582
-16821
-16821
-7123
-5956
-30486
-21444
-13308
9018
4364
13013
16517
14123
11733
13430
23075
22969
20399
24127
32767
32574
32717
32767
27952
17915
7427
6174
-3254
-16742
-16634
-12043
-3371
-7273
-2142
1371
1694
2107
5931
10224
9057
11649
19469
30280
30243
22333
17056
14801
8995
-7630
-11093
-13422
-13614
-14803
-7554
-3115
-3115
2380
2380
6589
3127
1759
3104
7557
9149
8314
8652
7936
3665
-3810
-3810
6394
6394
12527
14202
20176
24133
22439
23545
22301
22500
18137
19170
22783
26442
31510
31537
32767
31755
32767
31270
32767
22830
-6172
-26364
-26265
-9522
-30639
-31056
-23769
3363
6183
4656
13557
12478
12486
5632
15824
19896
22113
22484
32069
32767
32729
32209
25406
14881
-1319
-7567
-13618
-26166
-25275
-16970
-5039
-8151
-7446
5191
5191
4940
1934
5943
9845
14591
19534
31006
32767
32209
23986
17985
11481
-4936
-15782
-30894
-29331
-27181
-22848
-15658
-10585
-1584
8724
8724
8912
6595
4467
9259
10577
10444
8488
7172
6020
-2983
-2983
-9060
-9312
-9496
-5339
3649
9650
15108
19309
25149
26940
21594
19547
19536
19281
18787
18777
23972
30148
32480
32767
32556
32767
32466
32767
27430
-4037
-29710
-31268
-19578
-27180
-32768
-25561
-3359
7607
5154
12708
17540
16179
6009
9271
19871
27613
27700
31312
32767
32408
32767
27769
15257
-4376
-16383
-20551
-25277
-26602
-20664
-12614
-9029
-4721
4745
9766
5767
3848
3848
13835
20267
19843
26714
32389
32767
31391
28506
17719
-1877
-18752
-24720
-24828
-32361
-32766
-32100
-18150
-12539
-6377
7594
7594
8688
9078
14033
15717
14508
8884
9035
5179
-7639
-7639
-9643
-12796
-15750
-14145
-7164
1782
6985
12764
18382
21902
22991
20797
18453
15840
15542
18284
21625
25277
30055
32759
32767
32665
32767
32483
32767
27920
1892
-24892
-32661
-25606
-28053
-32768
-31215
-14934
1658
4994
7136
14208
16212
9538
6711
15294
27404
29967
28637
31845
32767
32767
28814
14206
-14492
-14492
-21147
-25190
-26866
-24416
-18703
-12521
-6800
5428
5428
4626
2183
2183
9689
15323
16872
20940
28802
31978
29902
24930
19911
9767
-8167
-22503
-28442
-29726
-32748
-32743
-28084
-17600
-14208
-7119
3708
3708
4343
5799
10075
9368
9089
5491
4886
1947
-2858
-9663
-12585
-14066
-15939
-13312
-7885
-1568
3792
10995
15019
16580
18650
17303
12873
12052
14797
17106
17870
21213
26794
30165
32767
32569
32767
32409
32767
26837
4679
-17286
-30059
-26707
-28465
-32389
-32768
-19631
-3105
4762
6989
11215
13820
8257
4612
8948
20482
21230
17912
19758
29344
31233
23058
9530
-3552
-14857
-22735
-26749
-28829
-27855
-23925
-16686
-7339
5072
5072
4642
2429
1461
5199
10570
12501
13572
17796
23239
24462
22048
16210
7198
-9424
-24230
-32206
-32763
-32768
-32620
-32672
-22830
-11362
-5689
2483
2483
5021
2960
4547
4786
5396
1773
-1904
-1904
-7027
-14364
-16637
-18012
-16157
-14192
-8032
-1464
5187
10220
14921
18674
16732
13003
11314
12862
14599
15469
18491
23321
28685
32672
32568
32767
32378
32767
23829
-22086
-22086
-29933
-26231
-29468
-32768
-31233
-14156
2820
7032
7952
12693
14175
7072
2639
9765
19048
18015
14808
20996
31402
32362
22582
8195
-2834
-12639
-21129
-27254
-29477
-28553
-24795
-16778
-7121
4208
4208
4275
1277
4762
4762
9112
9920
10118
15737
23696
27148
24947
19817
13449
-17709
-17709
-25953
-28603
-31972
-32768
-32553
-23466
-13415
-10234
-3530
3743
3743
2085
2518
5381
5849
2871
5427
5427
4712
-1748
-9015
-10888
-13216
-15635
-16432
-13298
-7259
-2062
3438
9603
16730
15432
12728
12909
15568
14303
13686
16592
20481
25675
31005
32767
32767
32562
32767
27539
5740
-13684
-20477
-20430
-28159
-32768
-30914
-16070
-2067
3641
3641
9988
9715
2244
-1843
4131
9908
6663
4567
13947
27651
31362
26232
18927
13333
6009
-2988
-12730
-19267
-22937
-24153
-21317
-15418
-8145
-3381
-2117
-3801
-3729
-1768
-1768
-3494
8557
8557
15115
18182
21468
21972
15650
6767
-3796
-3796
-14373
-25091
-28680
-25051
-21392
-18566
-15649
-11536
-7530
-5730
-4060
-2666
-2249
-4001
-3739
4198
4198
3992
2067
1387
1599
-3210
-3210
-6678
-7267
-6085
-5419
-2464
2676
5859
7899
9790
12972
14694
14813
13056
13176
15448
17986
19543
23048
28246
31446
32475
28390
20212
9633
2833
-1479
-7426
-14182
-16723
-12265
-6801
-3402
-1378
2594
4740
2617
-1291
-1291
-2751
-2751
-5075
-3259
3593
9920
13438
14478
16120
16938
13928
9775
4813
-4659
-4659
-7345
-7266
-5439
-3141
-1473
1822
1822
1279
-3357
-3357
-5116
-5135
-3313
-1436
3693
3693
4739
5495
5741
5275
2106
-1886
-5045
-6529
-6873
-6496
-6212
-4857
-2495
1395
1395
1460
-1803
-1803
-3554
-3902
-3555
-3019
-2514
-1616
1441
1441
-1317
-1317
1419
1419
2914
4502
5770
6255
6450
6921
8154
9191
10380
11630
13576
15174
16053
15560
14040
11011
8486
6950
6483
6185
5217
5415
6006
7221
7378
7275
6548
6439
5195
3714
2052
1493
1493
2058
2111
1757
-2393
-2393
-3593
-4142
-3933
-3632
-3527
-3427
-3144
-2857
-2989
-2853
-2994
-3091
-3311
-2988
-2147
-1278
-1278
-2142
-2406
-2933
-2368
-2908
-2908
-4005
-4101
-4222
-4683
-5022
-5663
-5731
-6057
-5573
-5138
-4824
-5007
-5020
-5141
-5299
-5694
-5917
-6017
-6082
-5240
-4273
-3250
-2834
-2369
-1808
-1633
-1402
2614
2614
4316
6139
7454
8568
9529
10416
11219
11020
10374
9111
8743
8797
9380
9975
10183
10580
9786
9014
7751
7232
6199
4290
2081
-2074
-2074
-2932
-3984
-5212
-6726
-8177
-8962
-9043
-8367
-7964
-7681
-7147
-6754
-6211
-5704
-5389
-5338
-5566
-5523
-4659
-3368
-2328
-1502
-1685
-1685
-1599
-1570
-1860
-2251
-2766
-2809
-3420
-4402
-5048
-5195
-5248
-5442
-5501
-5288
-5171
-5585
-5848
-5960
-5891
-6088
-6362
-6548
-5968
-4754
-4299
-3783
-3247
-2569
-2153
-2002
-1276
1719
1719
3308
4788
6266
7270
8774
9905
10773
10555
10556
9426
9217
8885
9809
10027
10371
10341
9692
9471
8437
8083
6416
4417
2229
-1664
-1664
-2450
-3163
-3919
-4933
-6556
-8321
-9605
-9573
-9005
-8577
-8261
-7835
-6999
-5948
-5069
-4423
-4366
-4730
-4950
-4482
-3403
-2252
-1412
-1599
-1599
-2003
-2596
-2915
-3207
-3473
-3859
-4480
-4855
-5105
-5257
-5575
-5723
-5442
-5684
-5674
-5901
-5860
-5574
-5488
-5645
-5789
-5506
-5107
-4902
-4228
-3182
-2553
-2332
-1766
1534
1534
2411
3557
4665
5790
7399
9009
10116
10572
10298
10028
10335
10597
10973
10898
10825
10258
9069
8351
8010
7796
6146
3709
2016
-1599
-1599
-2376
-3274
-3474
-3491
-3965
-5632
-7151
-7750
-7738
-7829
-8215
-7979
-7659
-7139
-6412
-5182
-4370
-4574
-4877
-4675
-3984
-3265
-2949
-2647
-2391
-2212
-1821
-1531
-1531
-2252
-2967
-3094
-3570
-4418
-4798
-4871
-4947
-5357
-5525
-5553
-5751
-6278
-6563
-6379
-6185
-6206
-6186
-5988
-5414
-4644
-4416
-4056
-3594
-2821
-2316
-1792
1822
1822
2879
3829
5146
5931
7096
7758
9029
9062
9285
8680
9166
9645
10235
11031
11111
10992
9351
9042
7984
7554
5954
4147
2351
-1889
-1889
-3002
-3894
-4294
-4604
-5036
-6256
-6968
-7497
-7558
-7256
-7025
-7023
-7034
-7093
-6331
-5075
-4281
-4081
-4345
-3869
-3068
-2328
-1770
-1688
-1951
-2885
-3430
-2952
-2457
-1928
-2484
-2273
-2060
-1805
-2031
-2361
-2611
-3720
-4629
-5336
-5295
-5397
-5488
-5819
-5654
-5683
-5578
-5628
-5708
-5724
-6016
-5789
-5916
-5652
-5624
-5022
-4549
-3735
-2741
-2170
1967
1967
3020
3953
4989
6288
7300
8617
9319
9650
8732
7904
8092
9174
9906
9689
9844
9469
9094
8223
7953
7441
5355
2344
-2188
-2188
-2782
-3634
-4417
-4882
-4986
-5350
-6733
-7979
-8420
-7452
-6916
-6549
-6614
-6331
-6153
-5402
-4402
-4130
-4490
-5302
-4791
-3816
-2783
-1982
-1549
-1571
-2349
-2734
-2497
-1820
-2503
-3654
-3857
-3329
-3104
-3114
-2579
-2392
-3155
-4384
-4673
-4848
-5204
-5964
-6348
-6238
-6127
-6147
-6312
-6260
-6105
-6104
-6352
-6316
-5936
-5565
-5250
-4876
-3919
-2944
-2258
-1364
1619
1619
2547
3601
4914
6375
7868
8938
10013
10051
9295
8339
8586
9094
9640
9376
9362
8839
7912
7426
7641
7536
5850
3060
-1862
-1862
-2788
-3562
-4742
-5780
-5839
-5319
-5216
-6403
-7967
-8441
-7766
-7245
-7041
-6920
-6691
-6345
-5542
-4100
-2957
-2965
-3811
-4300
-3861
-3147
-2470
-2547
-2643
-3605
-3577
-2913
-1387
-1982
-3125
-3848
-4372
-4311
-4741
-3835
-4008
-4516
-5389
-5052
-4573
-4460
-5173
-5777
-6287
-6394
-6388
-6411
-6109
-6057
-5775
-5996
-5529
-4796
-4327
-4592
-4353
-3595
-2838
-2202
1279
1279
2309
3399
4539
5704
7189
8278
9093
9227
9185
8157
8201
8507
10024
10801
10846
10041
8556
7743
7169
7164
6043
3387
-1721
-1721
-2791
-4527
-6256
-6934
-7036
-6644
-7091
-8236
-9082
-8576
-7425
-6596
-6105
-6155
-6392
-6089
-5083
-3869
-3220
-3352
-3862
-3660
-3063
-1663
-1310
-1575
-3084
-4104
-4392
-3516
-2683
-3194
-3291
-3924
-3702
-4019
-3167
-3060
-3762
-5320
-6188
-5784
-5500
-5481
-5851
-5939
-6357
-6164
-5987
-5614
-5872
-5994
-6071
-6007
-5343
-4535
-4066
-4025
-3109
-2037
1985
1985
2658
3795
4807
5954
7026
8187
9050
9164
9034
8157
8611
8651
9353
9726
9571
8870
7502
7005
6958
7194
6130
3846
1508
-1528
-1528
-2394
-3423
-5076
-6786
-7211
-7013
-6400
-6997
-8224
-9182
-8811
-7929
-7485
-6992
-6877
-6951
-6721
-5539
-4173
-3274
-3303
-3614
-3489
-2665
-1397
-2270
-2270
-3454
-3927
-3451
-3101
-3341
-3918
-4624
-5086
-4984
-4316
-3856
-4144
-5394
-5984
-5794
-5453
-5377
-5758
-6041
-6334
-6488
-6145
-5556
-5079
-5197
-5367
-5209
-4162
-3276
-2995
-3058
-2357
-1482
2021
2021
3672
4278
6402
7848
18061
25261
21793
13730
8938
6996
5974
5337
5000
7323
7671
6705
4744
6385
6874
2788
-2162
-3453
-1456
-2554
-6986
-11214
-11016
-8107
-5493
-3398
-2476
-2476
-6401
-9466
-8714
-8170
-9796
-11227
-9139
-4641
-2450
-3313
-5666
-6524
-6491
-6119
-5392
-3634
-1659
-2695
-5853
-7958
-6066
-4502
-4186
-4878
-4629
-4013
-5302
-7645
-9998
-9650
-9248
-8405
-6814
-4695
-4685
-7252
-8883
-8118
-6684
-7007
-7620
-7276
-5991
-5504
-5680
-5777
-5399
-4392
-2902
2811
2811
4695
4346
4495
6216
9740
12362
14268
16985
20200
22784
23781
23944
18157
10247
5199
9489
13993
12244
5584
-3976
-3976
-5211
-2772
1378
-7520
-7520
-10244
-7432
-5253
-8262
-10508
-7891
-3173
-1656
-1900
-2207
-3620
-7168
-9677
-6978
-2150
-2117
-2117
-5669
-7701
-7040
-4874
-3529
-3545
-4386
-4336
-4188
-4083
-3912
-3168
-3062
-3405
-1674
1537
1544
-2174
-5246
-4683
-5403
-6725
-6686
-6171
-7864
-11095
-10293
-9488
-9178
-10055
-9615
-8135
-7274
-7404
-8759
-9888
-10390
-9495
-7987
-6082
-5310
-5364
-5936
-4508
-1684
2365
2365
3935
6478
8676
11042
12915
14348
15559
18633
22920
25549
26736
23613
15851
6313
6020
15143
20183
14095
2575
-2446
-3915
-4479
-3320
1380
3608
-3046
-12062
-13229
-6565
-4064
-7495
-9522
-5441
-1860
-2784
-4967
-6046
-7012
-8920
-7727
-3324
-6794
-6794
-11294
-9908
-4120
-3712
-3712
-6243
-7127
-6484
-4425
-1959
-1959
-2989
-2601
-3092
-3712
-4558
-4748
-4497
-4971
-6885
-8757
-9704
-9288
-7943
-6650
-6689
-9255
-11392
-11963
-10145
-8030
-7417
-7748
-8575
-7674
-7255
-6630
-5809
-4213
-3155
-1893
2442
2442
4190
5425
8688
12411
15680
16358
18186
20271
23028
24544
26097
22972
12772
5321
10075
21884
21221
8780
-2860
-3444
-2051
-2185
1439
6792
3520
-11028
-18896
-11862
-6893
-6893
-8094
-6146
-6173
-7193
-5004
-3082
-4159
-7288
-6542
-2668
-4898
-4898
-10185
-10399
-5747
-4167
-4167
-9349
-9710
-7017
-3655
2976
2976
-5954
-5954
-10287
-6931
1773
1773
-1521
-6583
-7345
-8444
-8711
-7899
-5153
-5676
-8521
-8495
-7630
-8390
-11263
-10569
-7475
-5106
-6296
-8744
-10634
-10075
-8466
-5630
-2241
-1498
-3288
-4863
-1986
3129
6259
8392
10310
13011
13279
14239
18204
23456
25206
25878
25200
18294
7608
6132
19859
26653
17270
-3744
-3744
-1533
1485
1485
7412
8713
-4713
-18333
-16713
-4006
1816
-3007
-7699
-7713
-8089
-9247
-6184
-2489
-1621
-5113
-6856
-5337
-3440
-3318
-6521
-7855
-5695
-3796
-3796
-9608
-10352
-6515
-3313
-1650
-6917
-6917
-11314
-9988
2038
2038
-7705
-7705
-10902
-10175
-9312
-5284
-2865
-2678
-9343
-11511
-9488
-7168
-7615
-7985
-6277
-6596
-8340
-10482
-9563
-8427
-5979
-5251
-3062
-3074
-4707
-5506
-2227
4310
7138
8525
8839
10742
11460
13697
19237
24511
27343
25995
22817
12161
4617
9137
26727
30506
13754
-4056
-7164
1821
1821
7851
12509
6875
-12429
-24059
-14452
2413
7077
-2904
-10397
-12132
-10979
-9470
-2987
2092
-6750
-6750
-10497
-7268
-3723
-2046
-4749
-5729
-3685
-2189
-2189
-7926
-10029
-6239
-1709
-1709
-2401
-5852
-10077
-10796
-4297
2145
-5891
-5891
-13597
-13581
-9645
-4593
-2274
-2804
-8535
-15276
-14604
-7902
-3771
-5268
-7622
-9175
-10495
-11341
-8463
-5757
-4748
-5639
-6457
-6001
-5884
-4701
-2421
1990
4922
5841
4967
6687
10209
14114
17315
21080
24496
24057
23090
19790
13356
8545
14852
28712
26770
9147
-6420
-4598
3377
7759
10744
10204
-17426
-17426
-21884
-8321
7591
6899
-5627
-15654
-16464
-11861
-5188
2224
2967
-3421
-11938
-13323
-7755
1681
1681
-1907
-5942
-6291
-3720
-3582
-5445
-5413
-1700
-2971
-2971
-5333
-4979
-4858
-6487
-2919
-1453
-1453
-7329
-7819
-8362
-8960
-7038
-4020
-4471
-10083
-11767
-11704
-8717
-7262
-5664
-7073
-9566
-11033
-11123
-8484
-6826
-5560
-7696
-7736
-8810
-7233
-5295
-2045
2733
2733
2837
7035
7631
13023
15601
17672
18431
20845
26319
27057
22044
9958
7744
17536
32712
27249
7298
-7199
-3720
5721
9536
13862
10852
-3151
-21795
-21858
-2600
12413
7167
-10560
-19979
-17755
-8823
-1414
4186
1898
-7069
-15707
-14772
-4231
3356
2849
-5054
-8793
-6540
-2484
-2359
-4590
-3062
-4749
-4749
-4915
-3265
-3456
-4931
-3915
-3915
-10529
-9350
-4415
-4983
-5514
-5555
-6632
-11891
-12291
-7799
-4828
-6756
-9795
-9743
-9867
-9885
-9554
-7192
-7051
-8359
-9722
-8087
-6710
-6520
-5110
-2569
3387
3387
6604
9954
11971
15119
15432
19152
22307
26380
26093
17157
9862
9024
23883
31176
21527
2040
-6443
1487
9113
13350
12236
6564
-9599
-20505
-14129
4593
11259
-15476
-15476
-20552
-13547
-5633
1293
1548
-3740
-12026
-16543
-11039
-1782
3203
-7505
-7505
-9047
-5134
-2045
-2575
-4046
-2366
-2795
-2795
-5513
-5487
-2223
-2901
-1687
-2477
-2477
-8689
-12467
-4874
-2299
-3370
-8399
-9701
-11407
-11304
-6394
-3243
-4376
-10820
-11900
-9813
-6202
-6640
-7474
-8812
-9785
-9254
-8080
-4905
-6082
-5858
-5739
-2015
-1289
1957
1957
6427
7626
9812
11776
14713
17693
20195
24167
24675
20527
9459
7354
17049
32176
26242
6957
-7149
-2131
8891
13158
13665
8132
-4302
-18818
-16993
13026
13026
5779
-12192
-21093
-16977
-5727
1384
2776
-2756
-10135
-15505
-13695
-4671
2344
1509
-6472
-10556
-7678
-2614
-2018
-4475
-3122
-5703
-5703
-6583
-3406
-1593
-1593
1564
-7811
-7811
-12503
-6863
2026
-1716
-7292
-8906
-10675
-11703
-8017
-3010
-3010
-10193
-13320
-9522
-6302
-5585
-6068
-6511
-8444
-9801
-8009
-5228
-4171
-6296
-5200
-3024
1631
1631
4337
8155
9401
11225
13947
15802
20689
21288
26060
21489
10779
5582
14430
31822
28194
9670
-7983
-2771
8972
14252
14099
9714
-1512
-18422
-18571
15350
15350
7534
-10775
-21437
-17988
-6044
1435
4040
-2486
-9213
-14741
-13637
-4876
3320
3166
-5484
-10904
-7814
-1373
-4583
-4583
-4257
-5768
-5768
-7040
-3727
-2348
-2348
2911
2911
-6603
-14215
-12351
3180
2939
-4586
-10918
-11954
-11572
-8598
1328
2222
-6598
-16500
-12226
-4323
-3523
-3523
-6366
-8785
-11599
-8677
-3987
-5018
-5018
-7020
-4452
1482
1482
5815
7271
8740
9705
14108
15730
19260
21908
25427
23012
7908
4134
11504
31348
28753
9992
-8468
-5691
6912
12560
15896
10947
-19627
-19627
-20922
-2909
14738
10127
-9776
-20849
-19881
-7307
4728
4728
-8400
-8400
-14154
-14905
-5837
3058
4640
-4708
-10649
-7604
-1729
-1416
-5006
-3296
1324
1324
-5719
-6750
-3536
-2426
-2426
3943
3943
-6850
-14629
-14007
2455
1975
-3856
-10047
-11954
-13022
-10701
2431
2431
-5475
-15943
-12098
-5678
-2304
-3312
-4319
-6502
-11490
-8549
-4321
-3748
-3748
-5107
-3750
1481
1481
7432
8065
10100
8723
13966
18394
20913
23042
24988
20226
3849
4021
17258
32767
23105
1358
-10174
9310
9310
11555
14879
8207
-6703
-23511
-17197
3647
14129
3377
-14540
-20368
-16873
-4786
1616
2903
-3908
-9555
-13207
-12897
-3982
3439
2992
-6925
-10379
-5042
-3206
-3206
-7126
-1950
2861
-8033
-8033
-6711
-2852
-2545
-2545
2771
3708
-9411
-15835
-11159
5025
-5369
-5369
-9870
-10741
-13151
-9698
2555
1889
-7858
-16198
-9240
-4161
-3501
-4588
-3651
-5717
-10944
-8292
-3236
-4488
-4488
-4020
2372
2372
9057
10469
11136
11175
16111
18183
20929
23237
26997
16268
2731
5844
22214
32767
16836
-2138
-8691
2238
8818
12154
13300
4166
-12166
-23605
-11659
6506
12305
-2171
-16841
-20658
-13666
-1676
2315
-6574
-6574
-9772
-12743
-10580
-1869
4122
-8886
-8886
-8870
-2755
-4948
-4948
-6818
2923
2923
-1437
-7567
-5335
-2847
-2253
-2023
4465
-9890
-9890
-14980
-6738
2675
-1409
-4992
-9091
-10720
-14149
-7397
-9293
-9293
-13291
-7826
-4660
-4179
-4258
-2259
-5547
-8593
-7104
-2734
-2105
-4165
-1897
3408
3408
9000
10229
11137
12061
16599
16647
20708
24355
29115
16045
1690
5597
22966
32767
17667
-1399
-8564
1294
6948
11533
14243
5837
-11715
-24999
-13015
5177
11959
-2153
-16288
-20256
-14247
-3127
-5420
-5420
-8492
-12695
-11038
-2149
3357
-8527
-8527
-6633
-6599
-6599
-8226
3804
3804
-6417
-6417
-5182
-4953
-4886
-3282
5463
-9408
-9408
-16572
-9227
-2085
-2085
-3043
-8360
-10208
-14952
-8757
-7274
-7274
-11586
-6953
-5489
-5156
-4724
-1559
-4600
-7353
-6217
-2650
-2555
-4215
2497
2497
3013
4765
4765
9022
11026
13192
16185
18999
19638
21042
26347
24446
7095
4079
12789
31279
26100
5105
-8543
-3459
6211
8464
13822
11154
-3142
-22469
-20874
-1895
11676
5826
-11130
-18330
-18783
-7902
2037
2037
-1978
-6901
-9828
-12516
-6166
2995
2995
-4927
-7991
-2437
1524
-3068
-10068
-5014
2560
3282
-3446
-6203
-4869
-7302
-6100
8987
8987
-3525
-16038
-17743
-3772
1495
-4773
-5247
-9265
-13058
-16474
-3672
3135
-3500
-12089
-9236
-3293
-6298
-6643
-3798
-6123
-6123
-6107
-2397
-1874
-6062
-5040
2969
4892
1858
6016
6016
8760
10379
15088
19088
19741
18531
21733
28890
21723
5537
4225
17889
32272
21574
3771
-6816
-2898
3105
8581
14681
10226
-6365
-23477
-19534
-2760
9878
4051
-10245
-17861
-17729
-7068
-1651
-2074
-2074
-4475
-8587
-11621
-5205
1723
-6353
-6353
-5150
1469
3134
-4671
-10937
-5144
1807
3243
-3012
-3012
-5580
-10745
-8310
8322
8322
-2106
-13313
-15184
-7366
-4363
-6364
-2403
-5513
-12435
-16810
-6484
-5966
-5966
-8823
-4385
-2352
-8770
-8663
-4404
-1647
-4524
-3130
-2868
-2868
-7613
-5029
4384
5510
3737
3535
7769
8052
9366
15165
19547
20645
20199
23866
27740
21272
3846
4887
16417
32711
24103
5557
-6109
-5891
1309
7282
14355
11507
-3309
-21732
-22288
-6850
7054
5364
-8079
-14643
-16281
-8740
-4946
-2619
-2364
-2364
-5339
-9556
-5029
-1577
-1577
-6567
-3452
4731
5827
-2429
-11721
-8074
3673
3673
2685
-3211
-3211
-11061
-11819
-3101
4957
-9476
-9476
-13648
-9738
-8443
-8494
-5951
-4828
-9045
-12664
-7926
-4744
-8977
-10161
-4194
-4277
-4277
-8391
-7396
-5762
-5328
-1540
2071
-6172
-6172
-5497
4950
4950
5083
7025
10512
9658
10447
12550
20747
20003
24461
24208
30584
17824
2854
4804
17929
32767
19744
5712
-4319
-3087
-1708
3116
13099
10768
-3020
-20758
-17283
-7148
2066
-8217
-8217
-9410
-11499
-6249
-7959
-6381
-5086
-2281
-2077
-5097
-1549
-1765
-5739
-10998
-2638
8002
8910
-1288
-10866
-6963
-3733
2081
2081
4784
-10012
-10012
-11929
-5246
-2083
-4860
-7099
-5383
-5908
-13019
-13029
-9605
-7401
-8229
-6215
-2677
-7458
-13965
-11376
-3390
-3132
-3132
-4075
-4458
-7932
-8423
-2455
1621
-2183
-2183
1694
1694
2298
2298
8423
11857
13067
12514
16790
17250
18956
22872
28996
28719
7978
4122
8547
28662
25332
10026
-2880
-2880
7347
7347
10361
2930
-13374
-17794
-8183
-1816
-9742
-9742
-10260
-10737
-5410
-3738
-7261
-7110
-7388
-3312
-4085
1945
1945
-2574
-10541
-10232
2206
8647
5502
-5910
-7140
-4602
-3346
1400
1400
3588
-4637
-8958
-6490
-3880
-3880
-10800
-10184
-4994
-3673
-10520
-10477
-10880
-12064
-11665
-4007
-7701
-7701
-13052
-9600
-2685
-3594
-4649
-2553
-2792
-6426
-5711
-3152
-3152
-2438
4242
4902
2749
2805
8944
10226
12162
14418
18999
18448
20608
22849
30085
22338
5723
4143
12144
31011
21358
9375
-3576
-3576
-2446
7798
7798
9930
-13988
-13988
-15383
-8843
-2640
-3704
-10145
-8790
-8507
-2606
-4613
-8298
-8208
-7584
-3735
-2685
2458
2968
-4267
-12606
-9260
2181
8517
4733
-4095
-4161
-4744
-3930
-1834
1311
2540
-4169
-5995
-3229
-4170
-8417
-12305
-7678
-2457
-4906
-8327
-10274
-12191
-13041
-9805
-2386
-1291
-7723
-9016
-6393
-4704
-6223
-5366
-1554
-1964
-3407
-2356
-3079
-3079
-4840
5558
5558
5574
3173
5128
7864
8990
10745
13990
19504
17816
22067
24384
29269
21093
3842
3841
11275
29470
22899
10961
-4139
-4139
-3629
-1952
5676
8653
3207
-10992
-13783
-8463
-4503
-5997
-12777
-8902
-5452
-2977
-2977
-8954
-9962
-10368
-6158
-1920
4596
5220
-2615
-11805
-10234
5861
5861
4760
-1913
-1349
-1349
-2954
-2746
-1862
-3730
-3730
-3323
1769
1769
-5815
-13288
-13136
-6143
-4017
-6641
-6088
-10169
-13600
-14037
-7500
-3764
-7676
-7445
-3265
-1569
-5647
-7694
-5117
-3200
-3156
2766
2766
-4951
-4951
-3752
2961
3852
3304
6094
9832
9456
9152
11534
14455
15643
17962
25887
28065
28594
10177
3738
5155
17570
26871
16115
9579
-2345
-2345
-2191
3441
4901
-2504
-10388
-6599
-4108
-5928
-14792
-16008
-8084
-2984
-4356
-4356
-7209
-10366
-12375
-7522
-1629
5246
3024
-4137
-7570
-3897
1634
1634
-2435
-2879
2722
2801
1611
-1290
-2676
-4623
-7292
-1965
4203
-6150
-6150
-13026
-9272
-6747
-9314
-7253
-6914
-7829
-10210
-8931
-5760
-9523
-12054
-6712
-1318
-1318
-4890
-5779
-4555
-6739
-5042
-2007
-2007
1780
3542
4707
4707
8262
10469
11207
14116
13452
13505
15314
21809
22365
26827
21477
9243
5624
6973
23513
17430
7849
4566
3356
4307
-2904
-1459
2736
-1496
-9995
-8174
-1834
-1834
-9907
-17081
-11642
-8795
-3818
-2473
-5923
-6544
-11297
-7765
-6139
-3753
-2703
-2703
-4404
-3782
1784
3329
-2033
-7224
-1650
3662
3144
1928
-5319
-5319
-6203
1466
1466
-4523
-9740
-7591
-2270
-7644
-10577
-9056
-9532
-10456
-8538
-3867
-5046
-11613
-10202
-3954
-2461
-5078
-5664
-2249
-2632
-4562
-1609
-2164
-2164
-3487
5299
5299
2542
2774
2774
5549
6100
8276
10541
12836
11835
12938
16956
19858
20282
22691
20542
10012
5677
7626
21544
16701
7207
6324
5959
4306
-2852
3453
3453
-1360
-7391
-4861
-3021
-3021
-9939
-14045
-10843
-9736
-5480
-2227
-5991
-7280
-10059
-6917
-6962
-6450
-1665
-2427
-4107
-4058
1572
2910
-2974
-6818
-1351
3631
1939
1775
2445
2156
-3536
-4231
-5891
-5891
-8020
-4718
-1341
-6576
-9253
-7604
-9675
-10726
-7949
-3493
-4717
-9663
-7408
-2712
-2822
-5784
-5260
-1756
-1615
-2771
-2285
-2285
-3777
4108
4108
2311
1915
1915
5391
4331
5465
8591
8560
7342
10880
13366
16294
17420
17349
19523
20609
8318
7026
9304
16120
15039
8181
10441
6763
3930
2116
2116
-3465
-3465
-3694
-3075
-3075
-5861
-10776
-11538
-9827
-7315
-3712
-7712
-5681
-6915
-7683
-7447
-7702
-3356
-4518
-5259
-3463
1654
2068
-1627
-3561
-2114
2392
2392
2806
2711
-1548
-1548
-1893
-1893
-4359
-6131
-5106
-2398
-3984
-5059
-6210
-8466
-10045
-8821
-6521
-5767
-6662
-5071
-2646
-3658
-4087
-5018
-3046
-2389
-2594
-3600
-3600
-1341
-1341
1829
2304
3397
6102
2208
7892
4972
6074
9913
10766
9592
13908
14195
15449
17058
15989
8256
6255
7089
12606
12984
9578
8783
5241
5559
1633
1633
-3475
-3475
-3477
-1720
-1720
-4409
-9559
-9818
-9120
-8025
-5276
-6593
-4819
-7483
-6915
-6744
-7503
-5582
-6366
-5883
-4089
-3067
-3067
-2925
1298
1298
2084
3079
-4000
-4000
-6289
-4258
-2628
-2503
-4821
-4876
-6387
-8740
-7775
-6992
-5762
-6555
-4070
-1985
-1970
-2823
-3462
-4061
-3576
-2567
1287
-7095
6781
-1639
-6573
5790
-2680
-2876
5409
5409
3203
3203
7540
5194
-2162
8719
4695
4121
9385
6822
13258
12115
10479
14326
17782
5645
7794
7413
7724
11701
11002
7400
6082
6708
4239
2222
2222
2221
-2241
-2169
-2570
-2570
-4863
-8766
-8592
-7831
-5912
-6395
-6136
-6702
-6436
-4851
-7334
-6196
-5631
-7225
-6400
-2273
-1357
-1357
-2549
2232
2232
1696
2198
2198
-2308
-2308
-4364
-4677
-2968
-2803
-4099
-3506
-4683
-6760
-6451
-5637
-6521
-6936
-3990
-1986
-3291
-3244
-3244
-3951
-1330
-1330
-7177
3155
-5581
-5581
2495
1915
3574
-13910
16195
-7200
-2662
11509
8645
8645
8430
8430
-1609
6415
7930
3929
6857
12647
9381
8295
17463
8353
9984
7017
6634
4304
11400
8934
7340
5706
7299
4322
2143
1394
2871
-1366
-1366
-3825
-3825
-6159
-6760
-6029
-7540
-6785
-5487
-6169
-5727
-4736
-5023
-6042
-5312
-5960
-5743
-3343
-1743
1466
1466
1519
1519
-3257
-3257
-4907
-3511
-2758
-4974
-3551
-4778
-3308
-5272
-5360
-4164
-4109
-7181
-1929
-1544
-1995
-3665
2065
2065
-10426
2441
-2209
-5471
2698
2698
-8210
12440
-15176
10345
-3604
-2808
8045
-7756
10016
-4287
3464
10156
10156
-7970
11041
4266
4266
4427
9079
4200
8946
11121
8087
8814
10897
5885
2277
7522
9391
7096
4816
8021
3637
4099
3727
2029
1707
-1455
-1455
-1528
-3027
-3027
-4506
-5387
-5770
-5441
-5124
-6222
-5777
-5392
-4277
-3490
-4916
-4395
-5247
-5576
-3129
1623
1623
-1300
-3015
-4624
-7409
-7409
-2806
-1921
-7285
-1525
-3511
-5029
-4356
-2281
-8479
2022
-8381
2963
-4061
-6073
2678
-4072
-6376
1630
-11253
-11253
10271
-4867
-6008
9615
-4643
-3415
3024
4147
-11761
13153
-4842
8931
8931
-3452
5611
-2997
9530
-4255
11159
9244
9244
5534
7616
5368
11157
8030
5031
6196
3645
5099
6536
7969
3246
5192
4763
3911
3698
3698
-1793
-1793
-2464
-2464
-5034
-3885
-4843
-5643
-4505
-4558
-5756
-3650
-3239
-4191
-3299
-3546
-5404
-3291
-2130
-1890
-1325
-1325
1804
-4485
-4485
3262
-5033
-4484
-2211
-8999
-8999
-3999
-3999
-4485
-4085
-1447
-1848
-7760
-1876
-2438
-1686
-5304
-2325
-3300
-3300
-4984
-7470
-7470
6759
-10130
-1495
7772
-11065
5804
-3077
2202
-4508
1518
5233
-8298
7599
7451
7451
-2731
3951
3794
1761
4974
4677
6155
3622
8251
9019
6356
8998
5659
4015
3242
8401
4144
2953
6480
3790
4943
2776
2862
1955
-2808
-2808
-2440
-3502
-4076
-4477
-4826
-4283
-4166
-2811
-2265
-2545
-2295
-2547
-2954
-1802
-1326
-1492
-1492
-3337
-3337
-4134
-4134
-3224
-3224
-2658
-1691
-6769
-7883
-7883
-2964
-5112
-5112
-3464
2987
-8063
-8400
-8400
-1639
-1639
-4555
-3410
-3410
-1561
3148
-8819
5841
-6084
-1831
3272
-3096
4826
4826
-10486
6999
4478
-10660
-1665
18402
-15449
7060
2979
7995
-9867
10639
5406
-3611
11213
3175
3464
9684
6742
8935
6844
5346
6077
2101
7230
4658
4191
5652
4408
4334
3872
1406
-1964
-1964
2052
2052
-1506
-1506
-3060
-2931
-3331
-4217
-4460
-2861
-4365
-1991
-1993
-1993
-2306
-1862
-2418
-2778
-1540
-1540
-4188
-4188
-1991
-3966
-3966
-1791
-1791
-2002
-1751
-4611
-5932
-5932
-3291
-4762
-4762
-3949
4774
-10039
1385
1787
-7802
-6276
7592
-8788
-3612
5982
-8625
4403
-6726
4385
-10098
4725
-4534
3260
-8647
11372
-13974
13503
-10724
8639
-4179
-2664
9990
-11478
13528
-4488
6945
-3163
12519
-3967
4559
9960
-2896
9014
4920
7800
6362
7160
9711
3764
1522
7746
4474
1971
5688
4569
1339
5584
2529
2865
2865
-1714
-1744
-1588
-1588
-1969
-1936
-3008
-2725
-3371
-3077
-3704
-2505
-2108
-1460
-1460
-1444
-2961
-2961
-2940
-2940
-2436
-2436
1613
-5189
4254
-5140
-5140
2530
-1402
-5105
-2916
-2916
-4803
-4803
-1789
-1789
-4251
-4577
2553
-7131
-3213
3112
-6911
-3927
-3927
-3770
-7035
-7035
2726
-3819
-5029
-5029
4630
-8766
4588
-5457
2190
-4762
-4762
5036
-1904
4247
-5007
5677
1625
1625
5467
-2737
4690
6401
4588
4588
7364
5042
5042
5456
4106
4832
7454
7774
4768
5709
4171
3139
2828
5212
1882
4054
2616
2936
3939
1286
1286
1458
-2497
-1468
-1468
-2133
-1613
-2414
-2552
-2400
-1910
-2390
-1368
-1368
-2660
-2660
1654
-3219
1365
1736
1736
-3344
-3066
2374
-6183
-1650
1863
-6944
2267
2267
-5689
-4653
6878
-11439
1466
1466
-7009
-3199
3337
-3860
-8887
9784
-8751
-6276
8178
-10266
-1418
-1418
3847
-10634
1683
8794
-12370
-5228
18980
-19404
3670
13399
-12771
2108
9839
-5652
-6094
13026
-4199
-1647
5659
3252
-1903
2907
9686
-8412
9277
4185
-2783
7651
7159
-2234
8474
8309
7232
7232
2226
3807
3807
2111
2366
2888
2597
2272
2129
-2483
-2483
-2164
-3761
-3761
-3364
2370
-3198
-2412
2910
-3939
1398
1398
-5242
2466
2466
-6982
1921
1921
-3949
1380
1380
-5341
1566
-1326
-6977
3499
-2921
-3800
-2199
-2199
-6721
-6721
-1606
-1606
-7954
6735
-5207
2174
2174
-5845
-1874
1519
-4025
-4177
6429
6429
-13532
6172
2926
-17539
15807
-12256
6973
6973
-13831
13008
-6853
-1278
8740
-9795
2495
4125
-7243
6149
-2192
-2192
6019
2748
-6354
10238
1668
-6261
11554
1456
1456
6382
5479
3935
6169
3588
1872
3041
4138
3807
3807
4220
1470
2806
3809
2897
2897
-1512
-1512
-2262
-2262
-2226
-2853
-1449
-2461
-1511
-1511
-2131
-2131
-2382
2160
-6292
-1474
-1474
-1523
-1523
-2914
-2914
2410
-5908
-2778
-2778
-2617
3978
-6785
5687
-7190
-8364
-8364
2253
-3268
-6126
-6126
3198
-3094
-5782
-9161
-9161
1376
-2553
-6575
4144
-2974
-7336
7621
-8543
-1446
-1446
-1301
-1301
-2271
1686
-1993
4230
-4535
3615
-1846
-3225
8665
-6188
2864
9254
-9065
9509
2622
-2747
6503
3116
5746
5746
6526
2908
3996
5147
8647
10781
10781
-1528
6182
6182
2849
-2009
6437
1550
1550
-1581
-1581
1651
-1537
-1537
-1354
-1354
-2827
-2880
-2880
-1595
-2603
-2603
-2165
-2165
-3773
-3773
1792
1792
-4089
5318
5318
-8359
6720
-2625
-2625
1731
1731
-2291
-3496
-1806
-1806
-5659
-5659
3820
-3761
-4319
-1784
1998
-11476
2876
-3876
-3865
-3947
2331
-8423
-1537
4284
-17495
9038
-6873
-5420
2212
-1856
-6602
2970
-1471
-7507
6078
-10512
9466
-8521
8847
8847
-9835
3745
4008
-2713
-2323
7407
-5097
2215
6860
-5108
2548
7014
-3576
2096
4283
3070
3070
4889
-2009
7637
3749
9108
9108
2973
2973
5360
5360
2976
2976
4141
4141
4026
4026
-1991
-1829
-1829
2717
2717
-2920
-2525
-2525
2110
-3873
-1884
-1884
-2761
-2761
4658
-4696
-2072
1599
-1736
-4010
1996
-3308
1345
1345
-5870
-7492
-7492
-6463
-6463
-6913
-6913
-4166
-4166
-2439
-5139
-3014
-8501
-8501
2056
2056
-8972
1893
-6395
-2524
-2524
-7713
4918
-7642
3043
-4212
-2132
-2132
1796
-3149
-3305
2527
-4826
3141
-2580
-3171
4613
-2561
-2852
-2852
2468
-4153
-4153
6318
-3048
-1429
6423
-1831
5335
5335
-4180
4839
6029
-6641
7952
5632
-2860
6969
5541
2603
2603
4885
6546
6546
-3025
4229
1764
1927
1927
-1769
-1769
-3176
-3176
2412
-3673
-2736
-2718
-2718
-4233
1604
-2741
-1639
-1792
-2874
-2874
-4181
1631
-4198
-2556
-4144
1674
-2688
-3910
-1567
-2896
-2896
-6816
4723
-6543
-3871
3011
-6536
-6074
-6074
2597
-5924
-4173
2990
-4664
-8139
9362
-8749
-6264
12516
-16256
3239
-6487
-6487
-4800
4764
-3239
-9989
8489
-1927
-9473
5232
-2266
-4678
-4678
2534
-5206
-5206
6948
-7888
-7888
8257
-7671
-7671
4320
8300
-10838
7602
3849
-3529
2251
5986
9057
9057
1723
1723
5399
4445
2185
2143
6183
-1831
4687
3251
3251
-3010
-3010
-2431
-2431
-1786
-1786
-2866
-1736
-1736
-4826
-3043
-3043
-2977
-2683
-2683
-3050
-3050
-3758
-7084
-7084
1969
-1676
-5367
-1775
3723
-8756
1537
-8057
-8057
4235
-7807
-1402
-6563
-6563
-2144
3188
-9283
-1374
-1374
-5594
-4786
4529
-9589
-5581
-5581
2204
-8910
7300
-8689
-4977
-4977
2252
-3706
-1772
3220
-2612
-2412
-2412
8416
-10338
2097
10212
-11739
5236
3688
-2177
4157
4157
-2816
4304
-2349
3799
3715
-1810
8092
8092
-1476
5326
5326
3764
-1917
6414
3535
5077
5077
4272
2945
5509
5509
1296
2682
2682
3310
3441
3441
2579
1368
1368
2483
-1282
1516
1516
1888
1888
-2577
-2577
1411
2816
2816
-2116
-1790
-1790
-2569
-2569
-1609
-1609
-1499
-1499
-1322
-3080
-3080
-2448
-2448
-5736
-5736
3169
-3788
-6960
3056
-2773
-6913
-2531
1948
-7630
-1505
-2775
-3801
2562
-10288
2951
-2797
-6363
1366
-2054
-6398
3915
-4498
-2288
1646
1646
-6818
1873
-3099
-3099
-1917
5279
-1407
-5973
11127
-6776
-2956
11132
-4917
-5323
12157
-3976
-2200
9298
-2769
4695
4695
1275
2107
1591
4218
3853
4485
4485
5917
6043
6043
3313
1332
4668
4668
2271
2271
2102
1576
1576
-1411
-1411
-1434
-3190
-3190
-3238
-3238
-2242
-2242
-3203
-1962
-1962
-3524
1845
-5194
-5194
2884
-5611
-5611
2398
-2494
-2494
-4809
-4809
4104
-2683
-2830
-2830
2422
-3338
-2554
2655
-3169
-4219
6246
-8197
3070
3070
-4867
-4886
4890
-5123
-6477
8094
-6144
-6068
4339
-4193
-4874
2724
-6009
-4014
-4014
-2103
-1492
-1492
-7195
5891
-5846
-3197
3118
-2204
-3926
4192
-3923
-3923
4957
-3190
1788
-1981
2159
1504
-3686
5927
-3338
-3338
5729
2153
-5571
5863
1922
-3017
6423
4179
4179
3499
3499
1770
1770
2406
2406
-1916
-1916
2677
-1648
-1476
-1476
-2186
-2186
-2137
-2137
-2346
-2346
1476
1476
-1855
1880
1880
-1320
-1275
2286
2286
-3622
3990
-1709
1885
1885
-2636
1739
1739
-2671
2820
2820
-2238
-1531
2118
-1872
-3941
-3941
3643
-4399
-4399
3783
-1388
3917
3917
-3084
3783
-2032
2958
3000
3000
2667
2667
4488
4488
2753
2753
1727
1305
2971
2971
2469
2469
4759
4759
-1901
-1901
5749
-7527
-7527
9745
-3641
-3641
3868
3556
-1775
1592
3477
2983
2983
1970
1804
1804
1286
1700
1700
-1464
-1464
-1467
-1467
-1416
-1416
1524
-2165
-2165
1448
-2049
-2049
-1992
-1992
2044
-2745
-1624
-1624
-4052
-4052
2007
-5413
-5413
4155
-1337
-3638
3466
3466
-5637
4033
4033
-4401
2975
2975
-5419
-5419
5917
2883
2883
-3583
4728
-1645
-1645
3938
4925
4925
-2030
6210
6210
-3859
3260
1717
1872
-1335
5641
4711
4711
-1880
4546
1859
1690
2053
3340
1564
4154
6217
6217
2554
2554
4678
2495
2004
3884
3584
5115
5115
1312
2195
2172
2221
1633
2213
1899
1297
1390
1390
2186
1545
1545
1500
1385
1534
1534
1596
1596
2138
2138
1331
2447
2447
3027
3027
3110
3110
1378
1428
1428
4421
-2920
2065
4453
-2665
2996
2996
2086
2086
1973
-1775
1742
1442
1982
1982
1322
1322
1480
1499
1499
1495
1495
1838
1932
1932
3762
-3843
6590
-2133
4295
4295
-1332
2726
2726
1685
3264
3264
2655
-1668
3237
2271
1515
-2208
6191
-2069
-2069
7377
-3565
2760
3301
1288
-2929
7245
-2171
-2171
4639
3691
2065
2065
3388
2025
2218
2331
3793
1668
1961
3497
2393
1862
1862
3053
1457
1457
3452
-1813
1894
2549
3071
3071
-1975
2152
2152
-1416
1402
1402
-1797
-1797
-1533
-1533
-2174
-2174
-1546
-1546
-1458
-1458
-1802
-1802
-1318
-1883
-1883
-1743
1607
-3278
-1384
-1384
-1842
-1842
-1559
-2224
-2224
-2287
1733
-3606
-1523
-1523
-2035
-4159
-4159
1813
-1854
-2563
2546
-5480
2467
-2031
-1289
-1864
-1864
-2169
-2169
1700
1700
-5037
3106
-2912
-2912
1291
1405
1405
1806
1806
2005
2005
1678
1678
1464
1464
-1371
-1786
-1786
-1344
-1344
-2030
-2030
-1580
-1598
-1598
-1947
-1432
-1432
-1914
-2075
-2075
-1738
-2102
-2102
-1371
-2248
-1389
-1440
-2640
-1816
-2780
-2780
-1442
-2523
-1298
-1298
-3565
-3703
-3703
-1697
-1697
-2728
-3263
-3263
-1638
-1798
-1511
-2566
-2360
-1288
-1383
-3245
-1833
-3600
-3600
-1398
-1398
-2685
-4466
-4466
-2625
-2625
-1984
-1984
-4607
-4607
1700
1519
-2947
-1758
-1758
1565
1565
-2273
1835
1852
2095
2095
1637
1637
2587
2587
2086
2086
-1891
-1891
2524
-1946
-1946
-1467
-1467
-1797
-1797
-1468
-1544
-1544
-1439
-1439
-2049
-2049
-1716
-1716
-1396
-1396
-1463
-1463
-1788
-1499
-1499
-2109
-2008
-2008
-1346
-2021
-2021
-2059
-2059
-2431
-2431
-3239
-3239
-3200
-3200
-3423
-3423
-2857
-2857
1582
1582
-2941
1664
-1664
-2030
-2030
2087
-1647
-1647
4022
-2055
1734
1734
-2069
-2069
2225
2409
2409
1322
1322
1542
2814
2814
2392
2392
2345
2345
2126
2126
1412
1352
1352
1795
1578
1578
1509
1509
1525
1525
1441
1441
-1453
-1453
-1800
-1800
-1427
-1427
-1619
-1619
1342
2525
2525
2977
2977
1359
1359
1541
1541
2856
2856
1773
1773
2479
2479
2071
2071
2194
2194
2007
2007
1683
1683
-1464
-1464
1429
1429
2047
2047
2321
2321
2778
2778
2526
2526
1704
1704
1599
1599
1301
1837
1542
2822
1769
1769
3198
1371
1406
3357
2155
4418
4418
2009
1355
3371
2816
1343
2916
3134
1954
3047
2505
2270
1954
2418
1812
2119
2292
1675
2233
2405
1499
2512
2278
1319
2078
2191
1348
2075
1840
1826
1826
1448
1432
1432
1354
1429
1429
1395
1395
1793
1423
1423
1849
1724
1335
1483
2528
1698
1698
2591
1862
1636
2507
2140
1733
2561
2356
1998
1980
2329
1993
1965
2189
1995
2072
1894
1879
2127
1768
1658
1831
1548
1725
1660
1780
1730
1690
1599
1489
1517
1434
1433
1424
1424
1458
1540
1620
1665
1691
1844
1807
1925
2003
1958
2024
2031
1898
1922
1879
1895
1849
1773
2021
1917
1877
1847
1881
1908
1887
1965
1888
1752
1825
1834
1718
1670
1660
1483
1332
1499
1512
1338
1406
1277
1331
1331
1294
1412
1478
1406
1503
1551
1649
1680
1746
1879
1935
1932
1985
2025
2096
2182
2151
2213
2304
2260
2266
2406
2441
2407
2350
2311
2351
2227
2264
2210
2244
2205
2151
2181
2268
2220
2096
2074
2103
2024
1940
2021
1990
1861
1990
1834
1717
1781
1631
1635
1464
1428
1354
1491
1292
1274
1393
1393
1299
1425
1459
1409
1478
1593
1517
1583
1713
1656
1778
1818
1819
1990
1871
1922
1868
1692
1869
1817
1802
1709
1714
1562
1539
1580
1501
1457
1632
1652
1586
1668
1565
1416
1500
1439
1393
1416
1326
1368
1356
1376
1298
1370
1346
1280
1280
1285
1285
1306
1306
1331
1331
1426
1413
