-259
-259
-322
-284
-201
-261
-261
-307
-292
-229
206
206
245
301
335
339
310
239
-219
-219
-230
-221
-217
-217
-255
-281
-282
-271
-239
-199
222
222
275
334
373
413
449
502
571
642
638
490
241
-264
-264
-444
-551
-554
-442
-282
281
281
385
374
293
192
-198
-198
-240
-308
-402
-461
-472
-406
-302
-228
-228
-266
-275
-275
-255
-242
-219
-197
203
203
239
262
249
217
197
197
209
224
227
267
391
527
585
477
252
-260
-260
-608
-862
-800
-470
360
360
558
615
486
305
215
-225
-225
-229
-236
-265
-297
-330
-378
-456
-470
-399
-278
295
295
339
280
-253
-253
-377
-435
-478
-522
-535
-506
-431
-350
-264
226
226
311
358
352
341
330
366
464
614
811
1078
1348
1737
1689
752
-715
-1558
-1534
-1433
-1577
-1328
-426
283
318
331
961
1342
675
-282
-429
-222
-222
303
303
261
-357
-624
-286
-312
-1026
-1500
-1005
-199
209
209
672
1155
1055
593
445
539
227
-476
-942
-855
-685
-781
-888
-743
-547
-626
-745
-515
314
314
290
-321
-321
-419
-421
-467
-414
305
305
261
229
242
321
321
537
766
1066
1312
1492
1620
1910
1888
858
-848
-2005
-2039
-1747
-1690
-1426
-560
204
324
300
866
1371
907
-303
-303
421
421
273
269
538
485
-512
-512
-396
-413
-1039
-1630
-1449
-693
245
245
689
1166
1247
892
657
707
549
-805
-805
-1096
-1036
-1013
-1042
-919
-676
-591
-640
-485
207
207
212
-258
-258
-246
-217
-196
265
265
418
333
373
373
582
841
1161
1473
1682
1866
2137
2189
1366
-316
-1844
-2358
-2208
-2069
-1789
-971
341
341
383
813
1372
1192
304
-272
286
286
314
354
651
739
257
-303
-425
-478
-1029
-1777
-1916
-1310
-557
532
532
1093
1316
1075
753
684
616
215
-439
-890
-967
-933
-979
-979
-867
-808
-858
-784
-414
199
199
-292
-292
-293
-239
217
217
396
352
-205
-205
-268
-257
483
483
720
965
1232
1463
1630
1795
2131
2457
2009
443
-1428
-2379
-2369
-2305
-2290
-1735
-696
378
378
1145
1390
674
509
509
740
712
868
1071
743
-442
-442
-575
-1052
-1960
-2482
-2058
-1103
-318
264
886
1385
1349
970
811
889
666
-550
-550
-715
-693
-818
-1026
-1057
-996
-1044
-1089
-839
-361
245
245
233
233
388
374
-319
-319
-397
-415
-275
413
413
733
992
1222
1455
1664
1841
2112
2503
2421
1235
-639
-1979
-2254
-2150
-2205
-1998
-1226
-496
-311
405
405
924
671
377
377
918
1114
1189
1295
1172
645
-341
-341
-776
-1522
-2258
-2397
-1781
-904
-227
213
610
853
794
629
631
712
537
-311
-311
-341
-273
-418
-754
-994
-1128
-1256
-1322
-1171
-766
-379
-231
217
217
212
212
397
485
480
481
410
-249
-249
-473
-425
-261
335
335
720
1000
1153
1333
1573
1839
2160
2575
2498
1395
-271
-1441
-1754
-1878
-2097
-1967
-1414
-960
-830
-585
463
463
335
516
516
990
1316
1478
1433
1169
771
365
-633
-633
-1341
-1922
-2056
-1745
-1215
-638
242
242
214
313
504
578
470
292
193
-361
-361
-689
-1035
-1303
-1367
-1203
-880
-584
-412
-311
339
339
521
636
714
775
689
389
-192
-192
-242
-224
399
399
656
842
1079
1407
1718
2030
2415
2477
1512
-1225
-1225
-1352
-1195
-1309
-1306
-1063
-964
-1081
-959
-455
-204
-437
-593
-327
560
560
1122
1609
1536
1068
769
759
599
-640
-640
-1083
-1384
-1511
-1313
-878
-640
-720
-786
-629
-331
406
406
463
331
254
271
206
-557
-557
-839
-992
-1045
-953
-719
-542
-580
-683
-661
-521
-406
-270
357
357
611
767
918
992
847
502
392
392
663
846
1031
1263
1511
1735
2067
2348
1937
751
-487
-1041
-1134
-1302
-1357
-1105
-1000
-1314
-1473
-977
-428
-491
-765
-596
509
509
1155
1599
1415
993
926
1061
828
256
-236
-586
-980
-1265
-1160
-883
-887
-1133
-1211
-992
-698
-418
259
259
361
293
301
395
295
-416
-416
-599
-692
-759
-674
-465
-397
-581
-778
-775
-673
-610
-462
277
277
519
662
833
924
807
560
396
364
352
353
507
818
1104
1296
1466
1676
1919
2071
1770
829
-339
-1119
-1351
-1386
-1254
-811
-448
-545
-922
-925
-624
-620
-911
-993
-717
-426
440
440
1115
1384
1185
950
923
845
523
-385
-385
-722
-845
-708
-646
-817
-1096
-1248
-1285
-1216
-939
-491
234
234
-258
-258
-446
-573
-555
-348
-381
-381
-590
-687
-696
-591
-356
347
347
527
656
662
554
435
396
426
554
801
1069
1303
1453
1607
1775
1897
2000
1725
932
-830
-830
-1047
-1117
-1095
-874
-595
-523
-700
-775
-684
-710
-874
-939
-755
-461
199
199
642
941
1056
1060
1099
1025
755
447
194
-205
-205
-378
-462
-545
-669
-814
-920
-1015
-1152
-1222
-1100
-880
-684
-540
-342
-199
-199
-243
-203
-262
-262
-328
-345
-354
-319
254
254
367
584
896
1182
1369
1472
1611
1769
1976
2185
2101
1457
400
-437
-809
-1034
-1217
-1119
-823
-713
-841
-825
-658
-752
-1081
-1245
-1025
-712
-447
432
432
734
805
922
1186
1270
999
600
291
-318
-318
-328
-366
-535
-758
-850
-897
-1099
-1322
-1413
-1352
-1267
-1137
-823
-466
-260
235
235
230
230
256
256
471
787
1061
1213
1324
1485
1673
1890
2155
2229
1825
958
-393
-393
-681
-843
-873
-752
-731
-850
-893
-859
-958
-1240
-1456
-1404
-1141
-765
-287
467
467
549
643
859
1027
1004
820
631
464
334
251
264
232
-310
-310
-606
-834
-1064
-1293
-1480
-1553
-1551
-1435
-1153
-792
-498
-354
-243
210
210
197
197
289
398
426
401
394
374
295
-241
-241
-275
-204
274
274
426
492
618
806
997
1163
1340
1630
1936
2015
1759
1303
822
347
-438
-438
-580
-639
-756
-879
-935
-978
-1138
-1322
-1402
-1344
-1230
-1024
-706
-365
293
293
546
705
781
834
854
830
741
676
626
496
262
-281
-281
-552
-827
-1035
-1174
-1249
-1298
-1252
-1093
-925
-795
-704
-621
-565
-540
-440
-262
300
300
489
637
733
761
737
680
543
452
357
263
-251
-251
-225
-214
-250
280
280
406
588
877
1058
1147
1291
1477
1526
1526
1377
1027
726
411
-227
-227
-389
-561
-688
-729
-816
-919
-1023
-1043
-1013
-1007
-862
-615
-313
237
237
419
504
482
503
520
524
451
376
319
215
-248
-248
-371
-464
-535
-582
-608
-683
-806
-904
-938
-928
-846
-727
-622
-364
-201
356
356
349
448
453
479
491
562
635
288
689
313
392
222
-192
-192
-418
-418
209
209
249
279
279
278
273
260
426
431
385
564
713
696
579
574
372
283
-380
-380
-446
-523
-406
-417
-333
-306
-201
-194
-191
-191
-208
-208
-208
-234
-234
-283
-277
-222
-323
-334
-271
-271
192
192
258
258
228
228
230
230
278
278
364
364
370
370
229
268
289
-253
-253
-198
-198
-275
-198
-196
-325
-347
-347
209
209
398
498
647
778
773
717
760
523
476
342
306
235
235
-203
-203
-199
-382
-340
-488
-527
-455
-439
-428
-365
-340
-303
-233
-285
-264
310
310
195
195
192
208
208
-217
-234
-234
-275
-275
246
246
384
384
359
359
-218
-218
-354
-344
-275
-489
-225
-320
237
237
308
308
226
317
191
281
216
216
210
210
210
210
-194
-194
253
253
195
333
333
-192
-192
-221
-221
-359
-359
-355
-355
225
225
256
256
266
266
262
262
-238
236
295
295
416
416
197
375
375
286
286
245
245
284
284
-319
-319
-235
-235
298
298
-382
-382
242
-405
-253
-253
-238
-222
-222
198
198
221
221
-274
-274
229
-368
232
475
475
-226
610
244
244
402
346
346
220
220
-330
-330
-390
-390
-211
-211
227
-202
205
332
332
-217
361
-230
-230
-304
-304
-255
-255
272
-241
-241
210
-255
223
235
235
310
370
370
-198
-198
-252
-252
-252
-252
-286
-284
-284
273
273
348
348
483
483
227
227
307
297
297
378
378
-222
-454
-454
-299
-299
-236
-244
-244
235
-257
458
458
-280
355
-208
-208
-294
-248
-248
-276
-427
-427
241
-306
-247
-247
-350
-350
-262
-262
264
264
210
375
375
321
321
-382
-382
-449
-449
-213
-298
-298
227
227
220
220
270
210
210
252
252
-214
-214
-303
-262
-194
-259
-259
200
200
370
370
-242
-242
-263
-263
211
-238
-238
-297
-297
-252
-411
-411
305
305
362
362
248
248
267
267
203
203
363
363
-252
-252
-247
-247
-210
-210
271
271
194
194
210
-214
-214
-246
-246
-210
-263
-263
-247
-247
-200
-200
-273
-273
-245
-245
-203
360
360
191
191
-226
-226
-198
-198
-257
-420
-420
-237
-237
349
279
279
394
394
369
369
196
236
236
-242
-242
-424
-424
-367
-367
251
251
-345
222
-195
-218
-218
-204
-204
-224
-224
-326
-326
-386
-386
-221
-221
213
213
204
204
-276
-276
-273
-273
-232
-232
-255
-255
196
196
-216
-216
-195
-195
-306
-306
227
-247
-247
343
343
-256
279
210
210
193
193
261
261
-262
-262
-202
-202
-213
-213
-379
-379
-226
-226
200
200
202
202
221
221
-217
223
268
268
-272
-191
-191
282
282
-260
-260
-350
-350
-243
-243
-398
-398
252
-270
200
200
-229
-229
366
215
215
208
288
288
-227
-335
-335
225
-204
-204
-241
-241
278
278
209
209
-214
-214
247
331
331
-391
379
-300
-256
-256
-206
-206
-304
-304
204
-294
319
376
376
-486
550
-416
-333
-333
235
-255
221
283
283
-397
-397
282
-385
-191
-191
-404
-404
192
-195
270
270
-568
320
-372
212
212
-200
-244
-244
-315
-315
417
-379
200
298
298
243
243
251
251
-225
-225
664
-405
414
-249
-249
566
-336
199
199
442
442
438
438
347
347
-200
-200
214
-235
-235
-231
-231
-204
-204
352
352
477
477
236
236
276
276
-291
-220
-220
357
-223
213
213
315
315
404
404
-311
234
-192
-192
448
-335
233
-220
-220
207
207
-519
256
-387
-387
432
-670
385
291
291
-427
-427
732
-588
286
-365
-365
288
-277
-277
-420
-420
302
-372
-270
-270
394
-312
540
540
-539
791
-198
-198
900
-424
240
445
-443
413
215
-488
584
-242
-350
564
-646
-468
-468
-474
-474
629
-624
286
-370
-370
552
-307
242
289
289
-432
326
322
322
-191
-191
430
-709
555
-346
-231
637
-749
665
-314
210
210
-310
419
638
638
-356
524
283
283
-239
470
-534
392
-391
-391
421
-591
-261
-261
478
-759
426
-479
-479
764
-511
248
319
-262
349
349
-378
310
-452
-452
490
-221
-274
427
-443
331
331
-516
419
419
-893
531
-644
-644
836
-691
193
-324
-324
-274
-274
-374
-374
385
-443
197
-371
-371
248
248
-197
238
238
-261
316
382
382
-416
335
224
224
248
248
-315
-251
-251
-259
-259
-231
-231
271
-490
249
-192
-192
322
202
202
194
322
322
246
246
429
429
321
321
455
223
617
428
257
668
210
353
270
234
234
-307
-307
-268
-435
-368
-452
-549
-404
-484
-442
-412
-346
-341
-229
-291
-193
276
276
431
330
526
594
484
588
695
662
756
770
772
925
917
827
772
563
319
-223
-223
-333
-406
-447
-454
-451
-431
-435
-435
-414
-468
-405
-289
-259
-223
-223
-334
-366
-506
-510
-607
-614
-617
-633
-602
-570
-487
-495
-446
-333
-247
-282
228
228
260
223
223
233
208
301
251
294
361
357
464
488
639
687
792
914
1112
1224
1198
1072
818
541
-251
-251
-342
-417
-466
-490
-393
-397
-419
-371
-429
-428
-421
-381
205
205
233
-245
-245
-372
-465
-650
-691
-783
-791
-708
-685
-610
-623
-480
-432
-348
-269
-224
-211
-211
226
226
391
449
519
609
656
827
959
1154
1383
1618
1782
1794
1591
1029
483
-649
-649
-853
-1042
-952
-847
-750
-625
-487
-382
-315
-346
-343
-296
-233
270
270
353
460
489
539
533
411
235
-281
-281
-557
-647
-752
-746
-765
-779
-620
-594
-421
-377
-294
-261
-237
-207
-274
-274
-355
-367
-485
-446
-463
-473
-462
-430
-357
-197
402
402
476
686
758
848
938
1041
1268
1510
1756
2067
2260
2209
1739
877
-740
-740
-1315
-1551
-1538
-1255
-934
-691
-439
249
249
508
640
831
798
831
636
228
-660
-660
-1028
-1282
-1353
-1264
-999
-787
-520
212
212
295
264
260
-227
-227
-415
-585
-718
-780
-855
-745
-720
-596
-463
-372
240
240
282
431
532
607
762
752
842
848
1002
1234
1512
1823
2170
2438
2346
1726
718
-369
-1154
-1715
-1862
-1563
-1076
-559
-265
356
356
434
344
-245
-245
-289
-268
411
411
665
751
708
634
264
-231
-791
-1234
-1598
-1659
-1549
-1124
-648
-243
333
333
547
533
520
359
-338
-338
-439
-589
-704
-900
-967
-1100
-1055
-1003
-799
-516
-351
210
210
263
413
430
537
543
609
675
675
698
795
959
1127
1483
1755
2210
2345
2032
1114
-1054
-1054
-1672
-1875
-1670
-1027
-490
191
191
462
620
563
264
-291
-291
-449
-338
322
322
573
631
536
412
-271
-271
-814
-1307
-1571
-1736
-1501
-1097
-472
422
422
664
789
757
593
350
-498
-498
-682
-796
-846
-969
-1061
-1111
-1072
-981
-778
-452
276
276
363
416
445
525
571
573
556
616
696
931
1209
1640
2010
2266
2229
1639
622
-502
-1317
-1746
-1862
-1592
-1072
-414
261
261
526
637
512
-235
-235
-220
439
439
630
596
452
251
-664
-664
-1178
-1546
-1697
-1557
-1274
-675
433
433
765
931
996
821
525
-491
-491
-770
-982
-1061
-1112
-1168
-1194
-1141
-956
-779
-509
-207
225
225
245
288
317
377
379
339
308
341
565
787
1220
1566
1962
2300
2516
2256
1354
-1133
-1133
-1794
-2186
-2034
-1491
-714
379
379
670
716
471
376
376
633
636
529
321
-386
-386
-982
-1399
-1600
-1587
-1309
-793
477
477
795
979
1019
913
652
266
-500
-500
-870
-1205
-1308
-1344
-1301
-1254
-1142
-922
-695
-400
205
205
192
259
259
363
371
437
349
317
352
457
722
1020
1413
1773
2062
2316
2495
2301
1381
-1255
-1255
-2019
-2276
-2253
-1653
-808
226
226
424
787
861
707
412
194
456
456
526
439
217
-503
-503
-1065
-1464
-1567
-1478
-1208
-758
432
432
847
1071
1107
976
640
-232
-232
-628
-1040
-1354
-1563
-1546
-1487
-1297
-1073
-790
-540
-309
-247
-247
-257
289
289
423
451
443
436
346
317
315
480
736
1154
1574
1963
2280
2564
2662
2091
884
-704
-1819
-2433
-2527
-2128
-1341
-465
363
363
680
1041
1044
851
521
279
-243
-243
318
318
326
-418
-418
-876
-1267
-1473
-1486
-1337
-989
-467
216
740
1087
1210
1142
862
432
-557
-557
-995
-1450
-1687
-1781
-1612
-1378
-1043
-725
-420
255
255
231
300
300
419
441
418
341
263
369
369
722
1178
1682
2091
2412
2623
2769
2291
1172
-453
-1759
-2507
-2652
-2406
-1620
-640
494
494
752
1109
1166
1017
658
353
-460
-460
-536
-294
-220
-220
-609
-946
-1238
-1318
-1310
-1105
-628
572
572
988
1177
1094
787
318
-659
-659
-1140
-1606
-1844
-1838
-1616
-1241
-808
-439
-193
199
199
299
255
277
221
217
196
191
244
326
562
879
1302
1704
2111
2399
2601
2697
2386
1440
-1556
-1556
-2462
-2705
-2470
-1793
-823
573
573
843
1140
1261
1131
791
323
-546
-546
-637
-431
221
221
362
263
-313
-313
-755
-1165
-1366
-1441
-1292
-869
-348
313
774
1057
1047
823
410
-530
-530
-1020
-1471
-1738
-1711
-1457
-1050
-586
-207
-220
-220
-342
-397
-284
334
334
409
430
438
430
445
377
370
345
465
757
1172
1699
2160
2437
2587
2686
2414
1522
-1450
-1450
-2357
-2696
-2483
-1917
-876
669
669
921
1114
1192
1096
752
228
-547
-547
-536
-435
248
248
-526
-526
-916
-1247
-1457
-1462
-1318
-840
-354
302
760
1127
1087
898
419
-618
-618
-1130
-1502
-1736
-1657
-1424
-1037
-624
-279
-378
-378
-489
-621
-572
-405
268
268
510
651
606
562
453
361
259
269
306
585
904
1410
1889
2289
2541
2657
2627
2033
835
-749
-1936
-2527
-2518
-2108
-1289
-238
529
958
1114
1282
1297
1088
535
-413
-413
-646
-658
-584
-286
-223
-223
-414
-749
-987
-1308
-1476
-1412
-1092
-611
520
520
962
1218
1072
791
268
-199
-785
-1247
-1633
-1688
-1568
-1260
-922
-567
-315
-219
-200
-200
-273
-273
-420
-479
-480
-297
259
259
507
713
766
733
654
568
463
408
440
624
934
1303
1710
2025
2331
2453
2592
2197
1257
-1475
-1475
-2176
-2292
-2015
-1399
-437
309
835
888
1054
1105
994
532
-405
-405
-710
-719
-834
-561
-413
-200
-330
-498
-671
-864
-1105
-1343
-1332
-1155
-699
-374
215
623
998
939
770
390
-473
-473
-1005
-1406
-1643
-1587
-1499
-1175
-894
-554
-418
-325
-305
-268
-268
-318
-371
-299
399
399
613
752
743
775
656
584
408
382
439
720
1011
1432
1786
2141
2402
2647
2640
1956
693
-764
-1674
-2083
-1955
-1656
-784
618
618
767
804
993
961
681
-392
-392
-716
-788
-896
-772
-508
-276
-212
-384
-440
-598
-739
-1124
-1210
-1183
-814
-526
330
330
724
863
719
521
205
-630
-630
-1044
-1434
-1479
-1461
-1298
-1093
-790
-574
-464
-354
-249
-207
-207
-216
295
295
524
674
725
771
752
715
604
517
545
695
986
1345
1755
2156
2538
2828
2896
2282
1081
-418
-1424
-1964
-2014
-1770
-1134
-271
250
500
512
740
753
560
-460
-460
-732
-880
-896
-847
-459
-248
-275
-275
-300
-481
-637
-1026
-1275
-1251
-1035
-731
-425
463
463
774
657
573
312
-436
-436
-883
-1284
-1413
-1420
-1373
-1152
-961
-694
-632
-469
-366
-249
-249
-276
-253
344
344
452
573
601
710
686
629
509
508
627
904
1260
1657
2054
2439
2726
2940
2647
1692
301
-970
-1680
-1979
-1923
-1578
-753
257
257
299
514
698
640
205
-357
-611
-884
-851
-917
-566
-276
-229
-229
-431
-721
-1170
-1284
-1292
-993
-743
-214
264
763
887
815
594
262
-726
-726
-1124
-1474
-1468
-1465
-1268
-1074
-827
-699
-609
-518
-405
-276
-315
-319
-353
-225
287
287
489
597
655
717
730
762
706
633
569
656
865
1256
1629
2018
2350
2691
2898
2625
1712
319
-821
-1582
-1893
-1893
-1542
-760
226
226
420
586
518
-459
-459
-685
-923
-926
-948
-582
-220
-389
-389
-673
-1136
-1244
-1256
-1038
-850
-414
513
513
710
677
574
283
-574
-574
-921
-1233
-1236
-1257
-1155
-1018
-877
-786
-784
-682
-636
-460
-522
-495
-484
-327
259
259
406
553
559
664
688
800
805
798
806
858
1006
1274
1590
1862
2185
2372
2674
2496
1827
608
-502
-1207
-1549
-1584
-1438
-804
-254
347
347
348
-449
-449
-624
-769
-738
-734
-494
-265
-265
-479
-875
-1082
-1103
-1010
-865
-660
-275
463
463
536
557
419
201
-232
-606
-898
-1043
-1077
-1139
-1053
-1010
-885
-851
-730
-637
-506
-469
-482
-444
-355
213
213
335
478
566
705
831
935
987
953
926
918
1019
1182
1443
1642
1876
2058
2278
2431
2056
1235
-608
-608
-1035
-1177
-1215
-924
-400
-389
-389
-709
-813
-892
-862
-864
-518
-313
-321
-321
-515
-817
-856
-932
-813
-772
-500
414
414
482
492
314
-354
-354
-644
-942
-1038
-1132
-1158
-1076
-1018
-910
-827
-699
-623
-529
-558
-521
-477
-358
225
225
379
567
700
878
959
1024
1017
956
930
899
1006
1149
1348
1508
1719
1969
2232
2177
1635
747
-498
-498
-767
-869
-818
-443
-196
-301
-301
-741
-893
-1084
-1082
-1103
-863
-582
-363
-216
-216
-482
-632
-740
-770
-751
-650
-406
287
287
414
375
-429
-429
-690
-879
-953
-1021
-967
-928
-845
-750
-618
-530
-499
-532
-572
-509
-442
-269
257
257
370
505
671
818
858
874
832
839
838
870
1002
1143
1316
1470
1689
1983
2141
1972
1371
661
-191
-191
-376
-454
-350
-237
-237
-615
-912
-1040
-1151
-1121
-1034
-801
-613
-435
-324
-208
-234
-234
-351
-476
-552
-602
-654
-627
-520
-378
258
258
192
-379
-379
-562
-688
-782
-818
-783
-760
-653
-538
-421
-360
-372
-416
-426
-428
-384
-316
-230
305
305
501
601
624
604
569
577
604
681
829
964
1117
1315
1548
1814
1891
1699
1208
702
304
199
199
302
302
226
259
257
-487
-487
-717
-920
-987
-971
-901
-794
-693
-610
-521
-429
-413
-479
-576
-674
-725
-745
-750
-631
-531
-358
219
219
-368
-368
-493
-596
-645
-635
-621
-511
-389
-268
-201
-226
-226
-284
-352
-414
-417
-418
-363
-299
341
341
406
408
392
388
378
418
501
627
741
891
1066
1280
1417
1500
1349
1169
937
743
719
741
819
847
869
819
839
830
697
509
-258
-258
-585
-799
-881
-883
-871
-855
-805
-767
-674
-658
-684
-772
-879
-1004
-1022
-1061
-969
-891
-790
-564
-414
-251
-205
-210
-267
-362
-511
-615
-663
-704
-674
-649
-538
-352
-195
-212
-212
-257
-250
-207
382
382
514
586
593
585
576
552
604
661
749
879
1073
1319
1542
1485
1326
1077
938
910
871
843
852
826
713
683
652
611
474
-260
-260
-555
-754
-874
-945
-976
-948
-941
-923
-864
-870
-897
-964
-1025
-1082
-1045
-1080
-1002
-936
-822
-615
-470
-313
-223
-196
-254
-289
-335
-344
-350
-389
-387
-352
-349
-279
-196
-196
-191
-210
267
267
400
429
455
478
512
570
651
739
791
930
1022
1294
1371
1296
1182
999
1034
1019
1036
966
1000
836
747
684
593
627
360
-242
-242
-433
-590
-694
-796
-857
-832
-907
-914
-956
-969
-1009
-1044
-1113
-1059
-1057
-1046
-973
-921
-767
-638
-534
-473
-368
-407
-403
-432
-415
-341
-307
-282
-266
-200
-221
-205
-205
237
237
338
331
380
438
518
615
718
804
898
1003
1096
1232
1146
1122
1017
1043
1087
1082
1040
1010
935
750
724
604
574
431
-253
-253
-349
-503
-579
-711
-695
-724
-772
-821
-895
-965
-991
-1043
-1023
-948
-957
-903
-911
-790
-690
-600
-618
-564
-553
-573
-532
-544
-400
-346
-257
-220
216
216
270
377
386
470
537
660
784
851
957
1056
1156
1234
1119
1057
993
1058
1170
1215
1200
1149
1105
869
803
644
561
466
-259
-259
-371
-482
-632
-679
-699
-742
-790
-850
-937
-967
-988
-1008
-889
-882
-804
-853
-799
-698
-623
-592
-644
-634
-677
-638
-662
-573
-468
-383
-296
-239
-205
-205
223
223
212
231
216
216
276
377
457
559
674
789
908
983
1048
1112
1189
1060
906
817
852
1032
1130
1134
1126
1094
881
707
566
411
349
-223
-223
-258
-340
-476
-564
-598
-665
-730
-804
-868
-918
-938
-957
-876
-821
-785
-776
-794
-713
-665
-621
-644
-653
-688
-673
-640
-590
-500
-425
-339
-257
-218
-193
-193
-201
224
224
236
255
255
248
251
271
336
419
563
688
840
977
1086
1168
1200
1262
1116
982
825
811
937
1072
1133
1171
1159
965
789
549
404
266
-269
-269
-254
-244
-245
-338
-379
-462
-503
-587
-713
-770
-853
-882
-908
-851
-825
-756
-764
-788
-724
-714
-704
-699
-709
-740
-677
-674
-578
-519
-493
-458
-416
-356
-332
-291
-311
-275
-301
-275
-220
212
212
261
288
313
349
367
436
510
602
706
838
950
1054
1135
1192
1217
1036
900
734
719
788
864
897
1017
1026
865
760
534
428
250
-219
-219
-298
-274
-227
-191
-234
-209
-270
-323
-419
-539
-660
-757
-842
-882
-826
-811
-743
-800
-790
-750
-693
-693
-681
-701
-735
-667
-661
-537
-498
-455
-450
-442
-429
-407
-355
-377
-346
-377
-328
-272
-194
205
205
283
344
420
487
547
628
706
826
908
1032
1113
1193
1240
1309
1260
1106
983
840
880
886
890
881
960
889
794
699
527
494
273
-240
-240
-246
-219
-235
-272
-230
-300
-311
-424
-503
-623
-690
-825
-859
-853
-812
-768
-853
-830
-808
-713
-713
-696
-751
-749
-741
-716
-609
-581
-504
-507
-483
-486
-444
-422
-413
-406
-424
-358
-306
-199
207
207
254
328
381
458
495
612
667
792
865
966
1044
1146
1212
1230
1255
1069
1022
872
893
913
928
858
869
836
670
649
484
466
367
-213
-213
-235
-252
-364
-320
-360
-342
-403
-438
-519
-560
-624
-705
-687
-768
-735
-816
-830
-809
-747
-731
-694
-707
-762
-727
-759
-710
-673
-632
-620
-569
-569
-519
-466
-452
-432
-448
-412
-354
-239
209
209
263
346
418
478
523
584
660
786
902
996
1100
1204
1278
1361
1346
1165
1073
909
915
955
954
882
903
806
642
572
387
382
272
-212
-212
-244
-258
-298
-430
-385
-430
-403
-440
-477
-509
-536
-596
-644
-587
-641
-612
-734
-800
-800
-775
-745
-724
-754
-795
-778
-811
-756
-723
-709
-688
-647
-640
-560
-504
-492
-452
-474
-435
-391
-280
215
215
312
377
435
475
511
558
663
779
907
1041
1165
1257
1372
1312
1173
1074
925
932
912
888
846
904
755
637
521
361
355
-237
-237
-293
-268
-300
-399
-380
-460
-428
-480
-482
-519
-524
-582
-581
-527
-526
-499
-600
-646
-679
-678
-678
-656
-704
-747
-754
-769
-703
-669
-667
-657
-634
-638
-562
-502
-464
-432
-440
-420
-358
-268
204
204
278
381
459
525
568
609
685
784
894
1002
1152
1244
1371
1442
1325
1260
1090
1043
1015
1009
914
909
866
685
630
449
401
307
-228
-228
-259
-299
-251
-355
-332
-359
-374
-414
-462
-479
-514
-522
-603
-524
-515
-446
-470
-530
-543
-552
-560
-593
-647
-738
-746
-802
-766
-709
-675
-656
-623
-598
-586
-517
-525
-482
-485
-466
-430
-333
-234
191
191
292
374
453
511
567
635
707
839
953
1119
1210
1303
1361
1233
1169
998
974
986
968
895
859
818
635
578
401
352
248
-317
-317
-296
-361
-316
-385
-388
-367
-367
-352
-393
-413
-522
-538
-629
-570
-549
-529
-523
-560
-500
-449
-423
-460
-506
-641
-706
-790
-808
-760
-756
-749
-742
-697
-623
-529
-527
-517
-561
-584
-546
-482
-366
-247
291
291
394
476
539
560
673
742
887
1011
1202
1339
1486
1448
1312
1196
1004
1023
945
920
858
845
712
616
520
397
394
-305
-305
-415
-432
-483
-456
-483
-440
-447
-395
-419
-342
-385
-471
-514
-589
-544
-519
-534
-585
-564
-521
-426
-349
-324
-332
-434
-549
-610
-635
-615
-642
-713
-728
-714
-647
-562
-517
-510
-536
-570
-565
-483
-390
-287
-206
264
264
391
514
554
645
712
817
961
1099
1240
1379
1398
1329
1267
1095
1096
1037
971
901
831
661
559
460
360
428
241
-346
-346
-409
-479
-515
-566
-541
-591
-511
-557
-447
-430
-493
-547
-599
-557
-492
-458
-532
-496
-545
-486
-431
-385
-352
-368
-448
-473
-436
-428
-380
-472
-509
-562
-578
-540
-526
-489
-512
-522
-537
-433
-340
-212
337
337
506
585
687
788
920
1079
1286
1454
1495
1355
1234
1125
1083
1082
973
909
894
793
583
511
378
407
281
-346
-346
-329
-410
-458
-521
-565
-630
-683
-642
-621
-497
-636
-656
-676
-608
-551
-531
-552
-541
-428
-445
-327
-288
-267
-302
-398
-442
-326
-234
-257
-321
-376
-320
-309
-262
-233
-214
-279
-406
-499
-467
-329
-235
242
242
304
423
535
606
726
874
1082
1351
1460
1294
1081
1111
1383
1559
1369
938
565
548
476
464
637
575
465
-597
-597
-507
-300
-459
-459
-701
-826
-854
-871
-750
-531
-461
-606
-973
-941
-731
-553
-592
-617
-560
-433
-362
-461
-308
-266
-266
-340
-227
-253
-253
-258
-194
-194
-340
-333
-196
-211
-211
-231
247
247
547
724
715
786
865
1113
1220
1087
936
974
1225
1305
982
570
449
788
965
738
555
230
-204
-204
-389
-412
-412
-994
-1094
-660
-336
-432
-704
-807
-839
-806
-864
-608
-513
-697
-1028
-932
-483
-239
-288
-607
-530
-287
-225
-218
-273
-247
-220
-394
-287
-290
-290
-213
-213
-279
290
290
432
408
461
502
586
600
679
932
1041
1177
884
783
1021
1376
1492
869
207
626
626
1070
643
-536
-536
-1012
-1031
-553
-418
-758
-1136
-927
-721
-672
-886
-781
-524
-648
-931
-995
-523
-434
-535
-684
-547
-251
-312
-389
-248
-403
-403
-438
-282
-282
-215
380
380
393
331
378
517
649
853
1022
1166
1143
1193
1001
1015
1180
1384
1283
603
261
261
967
1153
374
-372
-372
-392
-424
-752
-1084
-975
-500
-498
-838
-1068
-738
-670
-824
-1004
-774
-612
-918
-1227
-974
-308
-359
-604
-763
-487
-245
-245
-306
-217
-260
-355
-412
-222
-222
258
258
487
564
530
563
684
775
908
1054
1128
1132
1236
1292
1124
1315
1478
1684
1215
482
370
855
1370
741
-244
-226
243
243
-554
-554
-325
-514
-968
-1234
-803
-560
-903
-1347
-1208
-844
-881
-1002
-897
-577
-817
-1159
-1163
-462
-208
-736
-963
-824
-303
-224
-408
-356
-265
-318
-340
-227
-216
-216
268
268
460
523
476
519
625
754
876
1034
1168
1166
1309
1349
1119
1268
1480
1679
1143
338
341
986
1495
830
-218
395
395
376
-618
-618
-244
-470
-1040
-1353
-801
-411
-810
-1310
-1233
-815
-945
-1090
-1040
-810
-1121
-1444
-1316
-601
-301
-911
-1049
-845
-355
-275
-539
-433
-400
-515
-500
-368
-278
-278
-263
375
375
502
514
535
658
755
906
996
1160
1265
1242
1540
1391
1252
1440
1631
1733
918
386
621
1272
1367
324
-219
273
457
231
-435
-461
-611
-611
-1180
-1204
-565
-485
-1005
-1328
-1048
-855
-993
-1039
-833
-834
-1251
-1332
-1021
-407
-680
-1087
-964
-721
-427
-591
-623
-442
-565
-706
-552
-330
-358
-358
-405
-299
421
421
444
466
605
755
866
1022
1134
1371
1346
1502
1492
1233
1519
1662
1869
1185
536
717
1301
1559
638
371
371
506
-414
-414
-528
-461
-461
-1159
-1291
-610
-403
-923
-1364
-1093
-837
-1090
-1195
-981
-744
-1210
-1384
-1141
-459
-526
-1129
-980
-716
-403
-541
-660
-426
-429
-644
-626
-439
-198
-364
-527
-419
-295
342
342
427
414
539
691
790
984
1071
1305
1348
1545
1513
1304
1642
1846
1930
1222
726
1006
1564
1585
602
641
641
665
253
-305
-257
-418
-418
-1116
-1108
-481
-473
-1036
-1406
-1025
-851
-1089
-1133
-920
-757
-1232
-1322
-1053
-456
-653
-1081
-934
-690
-406
-482
-449
-290
-384
-617
-455
-251
-301
-301
-414
-322
-222
315
315
429
365
472
565
813
1081
1144
1261
1268
1400
1178
1483
1634
1778
1210
600
793
1341
1683
941
574
574
905
539
-212
-212
311
-841
-841
-1136
-508
-699
-699
-1234
-1199
-672
-881
-1025
-1081
-893
-1184
-1413
-1333
-790
-659
-1115
-1013
-915
-518
-525
-514
-398
-470
-637
-610
-387
-227
-227
-358
-348
-283
360
360
481
510
594
552
722
1008
1309
1328
1218
1171
993
1456
1614
1713
1107
523
682
1170
1520
861
407
407
575
346
-305
-305
256
-794
-794
-1056
-427
-427
-427
-966
-1027
-623
-778
-792
-826
-724
-1188
-1322
-1137
-587
-507
-1126
-978
-954
-590
-595
-701
-469
-631
-888
-717
-457
-328
-328
-502
-372
-291
414
414
534
504
630
667
780
1017
1217
1417
1459
1071
1075
1442
1723
1649
703
513
797
1262
1195
272
468
468
356
-375
-375
-270
-610
-610
-1052
-1009
-337
-441
-861
-1143
-910
-648
-912
-908
-739
-784
-1118
-1194
-907
-349
-649
-961
-893
-712
-445
-541
-585
-488
-666
-811
-665
-405
-228
-402
-507
-526
-310
-233
-233
425
425
436
532
585
733
1025
1293
1357
1448
1269
1083
1500
1635
1810
1065
560
723
1240
1463
678
410
410
497
217
-291
-291
-490
-490
-1069
-1165
-476
-300
-803
-1178
-1114
-747
-875
-876
-811
-869
-1301
-1270
-985
-422
-564
-1026
-872
-706
-374
-378
-369
-324
-510
-666
-409
-285
-285
-334
-242
-236
-195
-195
199
199
518
441
465
619
746
876
1153
1369
1526
1352
979
1532
1725
1952
1187
641
911
1335
1537
773
545
545
668
356
-314
-314
-329
-329
-881
-1060
-504
-249
-779
-1109
-1094
-660
-815
-954
-907
-800
-1210
-1270
-1139
-600
-561
-1137
-1023
-892
-429
-421
-581
-440
-558
-642
-446
-279
-337
-337
-383
-279
312
312
570
540
499
642
834
996
1266
1244
1518
1172
1102
1598
1682
1726
698
550
944
1366
1308
374
576
576
427
-684
-684
-961
-835
-229
-439
-964
-1143
-943
-673
-821
-892
-865
-1034
-1394
-1175
-920
-502
-896
-1212
-1038
-839
-446
-468
-511
-513
-716
-714
-376
-191
-191
-505
-448
-307
241
241
438
606
579
541
724
910
1200
1430
1475
1512
1030
1467
1660
1895
1262
485
770
1078
1467
849
360
360
579
224
-284
-284
-348
-348
-972
-1020
-600
-196
-726
-1021
-1100
-724
-724
-772
-744
-783
-1180
-1264
-1036
-639
-576
-1135
-1025
-965
-633
-525
-585
-505
-620
-790
-628
-364
-225
-382
-523
-375
-282
387
387
615
552
506
668
976
1054
1268
1339
1621
1169
1234
1540
1761
1601
563
653
981
1411
1025
235
235
645
325
-240
-240
-901
-901
-1029
-766
-270
-688
-1015
-1092
-782
-757
-862
-794
-772
-1099
-1359
-1073
-792
-523
-1064
-1106
-957
-688
-440
-553
-530
-648
-791
-687
-390
-256
-368
-549
-444
-337
343
343
619
615
615
687
892
1071
1429
1582
1704
1167
1328
1711
1869
1600
574
789
1071
1403
1001
257
405
624
-195
-195
-237
-237
-1008
-1063
-716
-247
-696
-969
-1040
-744
-753
-872
-734
-705
-1104
-1328
-1086
-708
-505
-1061
-996
-893
-594
-414
-542
-439
-542
-684
-633
-426
-301
-301
-417
-370
-286
248
248
202
202
404
640
719
694
830
1036
1248
1558
1662
1780
1230
1589
1797
1953
1463
574
926
1207
1469
903
238
497
671
-224
-224
-442
-442
-1079
-1062
-658
-313
-854
-1030
-1075
-761
-874
-900
-856
-853
-1297
-1392
-1135
-745
-648
-1167
-1012
-978
-611
-482
-563
-549
-695
-743
-594
-434
-266
-402
-367
-337
-307
316
316
235
235
518
673
643
640
900
1093
1327
1509
1820
1675
1347
1679
1745
1951
1096
761
1011
1308
1314
561
318
713
504
-204
-204
-728
-728
-1014
-968
-464
-575
-939
-996
-911
-712
-932
-874
-889
-1014
-1412
-1256
-1066
-782
-1009
-1212
-982
-956
-651
-664
-650
-669
-857
-807
-554
-393
-461
-584
-392
-274
240
240
397
397
582
738
648
764
1082
1341
1504
1697
1733
1451
1796
1850
2036
1323
768
1033
1374
1495
758
274
700
754
297
-482
-482
-994
-983
-454
-368
-868
-968
-935
-610
-825
-843
-757
-878
-1346
-1352
-1083
-694
-986
-1407
-1186
-1010
-718
-799
-853
-824
-929
-990
-785
-612
-559
-791
-710
-538
-357
235
235
446
612
563
708
944
1220
1413
1662
1738
1454
1752
1854
2091
1455
849
1064
1479
1586
876
351
762
849
355
226
226
-429
-965
-920
-395
-309
-852
-910
-812
-527
-715
-722
-605
-740
-1244
-1179
-906
-623
-888
-1322
-1047
-946
-724
-791
-819
-737
-988
-1073
-827
-643
-636
-929
-818
-645
-469
-267
409
409
589
500
553
861
1199
1378
1680
1587
1479
1751
1805
2078
1285
975
1102
1492
1548
776
507
895
874
444
330
330
-356
-764
-732
-298
-298
-714
-765
-641
-417
-679
-583
-464
-687
-1142
-1058
-736
-447
-869
-1151
-903
-757
-565
-714
-691
-679
-898
-985
-775
-597
-691
-927
-793
-668
-499
-377
-287
-242
-242
299
299
479
397
569
809
1164
1274
1590
1299
1593
1703
1807
1674
877
1054
1173
1511
1051
407
537
910
540
271
210
210
-657
-657
-729
-507
-626
-626
-747
-729
-378
-384
-550
-437
-437
-765
-946
-671
-409
-421
-1026
-847
-707
-484
-514
-641
-573
-674
-854
-802
-596
-561
-827
-921
-686
-644
-447
-467
-248
-286
-360
257
257
246
246
471
917
1003
1257
1090
1250
1633
1597
1747
928
843
973
1377
1272
461
288
752
679
304
-560
-560
-900
-810
-400
-400
-841
-945
-585
-293
-566
-545
-413
-544
-927
-851
-487
-199
-700
-920
-722
-396
-245
-447
-491
-452
-530
-619
-502
-377
-503
-699
-657
-551
-385
-279
-210
-215
-332
264
264
212
342
342
729
913
1135
967
1017
1449
1434
1653
949
744
844
1158
1297
501
211
583
621
359
206
206
-366
-783
-830
-267
-320
-727
-909
-747
-387
-567
-561
-481
-564
-935
-901
-611
-271
-636
-905
-724
-522
-286
-389
-496
-446
-524
-617
-408
-312
-420
-603
-516
-362
-271
215
215
434
476
338
388
807
1016
1222
920
1021
1504
1321
1416
712
770
840
1015
958
278
193
505
383
-571
-571
-718
-768
-277
-424
-707
-809
-657
-362
-547
-513
-499
-604
-818
-722
-493
-328
-673
-820
-656
-449
-329
-444
-466
-461
-555
-567
-373
-277
-432
-577
-497
-303
361
361
542
566
486
619
939
1230
1356
919
1255
1508
1618
1335
648
864
933
1194
758
316
316
563
277
-194
-194
-243
-243
-722
-823
-660
-334
-725
-709
-835
-519
-470
-537
-424
-481
-701
-794
-586
-331
-370
-762
-617
-509
-329
-291
-364
-379
-427
-552
-426
-262
-283
-499
-508
-380
-268
227
227
429
457
505
542
800
994
1209
1165
972
1478
1387
1573
964
677
831
997
1146
404
416
416
449
-191
-191
-561
-561
-820
-901
-364
-420
-791
-816
-756
-367
-583
-518
-469
-479
-849
-745
-487
-222
-539
-815
-556
-465
-230
-350
-384
-369
-516
-539
-327
-234
-340
-578
-432
-339
-198
310
310
495
483
399
621
927
1075
1178
843
1223
1366
1335
1089
541
713
690
934
586
328
328
-401
-401
-201
-367
-795
-899
-735
-338
-693
-736
-849
-490
-392
-476
-419
-481
-638
-755
-415
-199
-278
-725
-575
-320
-344
-344
-305
-302
-421
-349
-216
-216
-436
-475
-282
272
272
510
592
500
482
811
1091
1352
1050
1053
1434
1347
1364
678
703
679
789
710
-533
-533
-491
-411
-868
-1027
-1129
-627
-788
-849
-921
-766
-465
-612
-525
-499
-545
-760
-600
-376
-476
-476
-512
-310
-243
-243
-244
-337
-337
-191
289
289
395
544
515
554
786
1040
1250
1133
975
1473
1482
1452
791
554
783
816
834
-424
-424
-608
-526
-933
-1127
-1229
-941
-971
-1136
-1049
-1057
-744
-795
-600
-611
-740
-902
-741
-417
-270
-566
-678
-365
-243
-243
199
199
255
292
272
403
559
633
630
590
796
1099
1286
1267
958
1459
1551
1664
1160
673
792
847
1010
453
191
191
-248
-248
-568
-363
-781
-1067
-1262
-1027
-858
-1192
-1129
-1254
-860
-929
-799
-725
-785
-991
-987
-645
-394
-545
-832
-603
-305
195
195
313
330
438
375
495
658
810
795
736
788
1125
1303
1437
1064
1283
1610
1607
1492
767
818
771
1036
749
199
199
-479
-479
-419
-524
-986
-1114
-1172
-780
-1112
-1146
-1258
-1012
-869
-983
-833
-879
-933
-1165
-920
-662
-552
-920
-862
-593
-306
-207
-345
-325
-243
-256
-201
-210
-210
231
231
257
344
332
417
611
764
782
758
776
1080
1321
1455
1272
1111
1592
1543
1681
1043
800
765
864
986
365
-351
-351
-506
-406
-858
-1072
-1254
-900
-917
-1100
-1189
-1217
-815
-941
-810
-875
-893
-1050
-1019
-726
-564
-742
-893
-690
-445
-252
-333
-330
-296
-322
-300
-285
-285
226
226
266
287
448
634
772
746
715
856
1242
1420
1536
1133
1437
1641
1714
1553
911
920
806
1095
762
215
202
202
-465
-465
-389
-587
-948
-1149
-1133
-826
-1068
-1030
-1235
-969
-908
-877
-777
-812
-927
-1114
-849
-611
-574
-858
-787
-572
-346
-247
-336
-276
-279
-354
-220
-230
-230
-255
283
283
262
359
476
690
736
713
725
980
1282
1427
1336
1121
1619
1552
1722
1168
925
886
929
1055
473
-208
-208
-483
-407
-826
-1025
-1196
-970
-979
-1168
-1164
-1234
-878
-994
-801
-850
-870
-1074
-1016
-707
-569
-727
-900
-633
-399
-226
-272
-283
-226
-226
-243
-223
-223
235
235
235
229
334
396
458
589
728
754
765
799
1167
1318
1550
1253
1315
1651
1657
1733
1069
968
877
1106
1002
458
200
274
-224
-224
-350
-434
-956
-1036
-1169
-838
-1089
-1153
-1283
-1162
-959
-988
-816
-907
-969
-1208
-947
-686
-583
-832
-900
-624
-390
-197
-233
-249
-196
-269
272
272
296
326
396
435
551
651
734
728
778
896
1145
1292
1468
1257
1399
1558
1643
1626
1023
958
857
1150
901
404
246
293
-228
-228
-257
-482
-974
-1045
-1057
-830
-1153
-1162
-1273
-1081
-1023
-1038
-871
-938
-1087
-1283
-980
-724
-734
-1009
-951
-659
-462
-369
-411
-365
-319
-376
-254
-217
-217
-211
218
218
320
421
426
530
671
760
776
827
983
1189
1323
1456
1241
1518
1525
1716
1508
1018
932
900
1249
859
365
284
284
240
-251
-251
-262
-591
-873
-969
-894
-802
-1136
-1134
-1244
-929
-956
-915
-878
-958
-1099
-1188
-890
-686
-816
-1048
-945
-663
-466
-427
-449
-452
-416
-454
-254
-249
-249
-359
-308
252
252
320
383
506
663
722
741
800
1056
1201
1379
1448
1254
1604
1533
1849
1381
1073
939
1024
1280
798
416
249
332
267
-191
-191
-196
-640
-791
-940
-720
-824
-1076
-1100
-1181
-848
-985
-827
-884
-919
-1135
-1106
-806
-647
-801
-1031
-871
-636
-395
-403
-464
-453
-477
-430
-225
-237
-311
-435
-346
-194
279
279
410
598
605
624
696
957
1152
1369
1247
1214
1510
1545
1782
1154
1015
836
1133
1144
641
348
258
320
257
-247
-247
-700
-754
-825
-595
-876
-968
-1058
-976
-802
-912
-723
-832
-889
-1140
-963
-697
-600
-833
-934
-792
-556
-329
-307
-359
-419
-473
-297
-290
-290
-415
-252
275
275
514
617
580
595
713
1018
1150
1357
1041
1316
1402
1629
1551
1013
969
836
1221
937
537
266
269
257
216
-403
-403
-725
-757
-728
-624
-933
-878
-1051
-807
-833
-735
-672
-769
-891
-1051
-712
-562
-589
-850
-825
-627
-396
-302
-316
-396
-414
-404
-200
-200
-343
-316
202
202
286
541
505
616
585
810
975
1176
1215
1003
1371
1278
1649
1156
940
774
922
1126
656
329
229
229
-202
-202
-240
-707
-770
-844
-613
-789
-983
-976
-997
-717
-867
-697
-783
-773
-1020
-926
-634
-546
-685
-869
-714
-566
-348
-316
-347
-405
-480
-342
-258
-258
-411
-279
197
197
405
515
527
551
620
935
1027
1254
935
1219
1271
1473
1440
945
933
726
1117
856
474
191
-238
-238
-527
-787
-834
-791
-677
-1005
-931
-1106
-794
-831
-768
-750
-805
-839
-1048
-706
-644
-574
-815
-795
-576
-465
-277
-342
-368
-408
-432
-211
-291
-291
-364
387
387
517
578
603
602
898
1036
1253
1085
1064
1379
1379
1607
1026
946
772
980
988
557
300
-203
-203
-410
-795
-801
-861
-639
-962
-1009
-1073
-946
-765
-868
-693
-830
-795
-1035
-796
-581
-580
-702
-851
-611
-434
-285
-270
-389
-412
-438
-275
-320
-320
-408
-226
300
300
476
490
572
518
786
979
1194
1122
934
1269
1281
1570
1179
907
783
789
1051
668
393
-296
-296
-700
-809
-875
-637
-785
-967
-1018
-1016
-722
-819
-672
-757
-762
-880
-932
-551
-584
-607
-759
-736
-415
-382
-304
-304
-386
-388
-393
-222
-222
-371
-369
214
214
525
509
594
537
686
1003
1129
1305
956
1238
1265
1528
1476
986
933
692
1017
814
519
228
-210
-210
-598
-820
-920
-779
-677
-971
-939
-1105
-755
-748
-667
-647
-730
-745
-931
-547
-528
-466
-680
-703
-447
-327
-197
-243
-293
-336
-385
-303
-303
-403
399
399
483
546
530
548
885
1068
1300
989
1076
1300
1377
1604
1029
997
678
888
921
576
346
-527
-527
-900
-965
-967
-690
-976
-999
-1222
-1017
-808
-775
-630
-839
-793
-1017
-691
-540
-506
-663
-777
-570
-352
-211
-262
-262
-320
-321
-226
-212
-212
-403
-244
297
297
474
507
521
464
719
956
1224
1085
954
1217
1270
1602
1182
988
781
754
961
631
449
-405
-405
-774
-934
-988
-752
-880
-975
-1138
-1116
-873
-839
-654
-777
-823
-948
-815
-539
-527
-600
-754
-625
-365
-269
-224
-224
-267
-241
-245
-275
-275
-265
278
278
481
532
625
570
700
936
1189
1247
997
1205
1204
1597
1350
1028
861
721
989
742
529
225
-239
-239
-672
-870
-1013
-758
-831
-944
-1076
-1172
-903
-885
-635
-741
-809
-926
-902
-590
-498
-516
-698
-664
-466
-283
-258
-258
-282
-274
-197
-197
-281
423
423
508
628
538
641
827
1045
1253
1018
1145
1120
1385
1455
1048
953
653
886
816
578
322
-549
-549
-792
-1044
-861
-761
-888
-944
-1209
-972
-960
-690
-657
-758
-867
-1006
-693
-541
-441
-631
-682
-552
-381
-204
-263
-263
-297
-258
-258
395
395
481
659
615
655
817
978
1236
1126
1098
1186
1242
1556
1192
1010
759
721
894
660
487
-319
-319
-677
-938
-990
-725
-821
-792
-1054
-1043
-915
-800
-545
-621
-681
-944
-830
-573
-406
-469
-618
-586
-445
-282
-201
-201
-285
-269
-196
-196
270
270
450
577
635
614
778
921
1139
1200
1058
1200
1165
1480
1361
1076
891
610
816
726
606
291
-235
-235
-540
-540
-845
-1127
-906
-864
-813
-904
-1147
-1012
-1008
-663
-606
-621
-836
-935
-726
-509
-441
-530
-556
-509
-383
-258
-196
-196
-277
248
248
322
460
562
584
695
847
1024
1174
1083
1078
1193
1256
1562
1213
1040
725
651
799
664
538
-236
-236
-244
-235
-235
-607
-974
-1087
-899
-884
-797
-991
-1019
-1024
-929
-685
-600
-610
-839
-852
-725
-485
-520
-485
-506
-429
-381
-264
-242
-242
212
212
287
388
497
503
586
744
943
1101
1222
1079
1147
1172
1388
1567
1241
1035
698
695
755
699
527
223
-258
-258
-263
-279
-279
-634
-972
-1047
-967
-910
-840
-976
-953
-1010
-905
-750
-614
-630
-763
-765
-675
-505
-563
-449
-414
-359
-339
-262
260
260
383
478
482
575
700
940
1046
1227
1048
1137
1116
1309
1549
1224
1103
695
689
714
672
534
279
-221
-221
-281
-267
-267
-564
-831
-1004
-952
-971
-857
-953
-890
-965
-896
-787
-665
-638
-717
-697
-620
-497
-557
-423
-390
-281
-293
196
196
243
373
497
534
644
710
914
1018
1241
1115
1143
1121
1262
1524
1253
1191
786
728
699
641
551
376
-245
-245
-240
-261
-492
-719
-898
-900
-977
-891
-951
-830
-904
-848
-761
-677
-609
-703
-622
-569
-437
-494
-416
-394
-283
-234
-193
-193
-191
274
274
388
454
540
614
786
882
1118
1081
1040
1066
1086
1426
1262
1186
872
661
679
573
521
383
198
-274
-274
-325
-318
-484
-676
-840
-911
-1016
-979
-1030
-940
-909
-885
-790
-772
-666
-768
-689
-595
-461
-444
-496
-411
-378
-260
348
348
395
467
547
670
858
981
1113
970
1059
988
1265
1335
1238
1103
757
713
598
540
474
340
-303
-303
-290
-421
-553
-722
-784
-881
-956
-1012
-1043
-903
-902
-787
-752
-692
-730
-760
-659
-458
-378
-444
-411
-395
-278
-205
310
310
405
433
494
535
771
861
1080
1028
1002
993
994
1293
1229
1252
989
753
682
526
472
405
271
-292
-292
-340
-527
-668
-754
-778
-867
-924
-1090
-1027
-971
-893
-791
-730
-631
-731
-702
-576
-472
-439
-429
-363
-277
-216
-216
-194
-194
-210
278
278
378
425
474
561
721
838
985
944
946
914
1040
1224
1165
1122
866
734
642
517
435
338
200
-262
-262
-364
-544
-683
-734
-769
-847
-946
-1033
-957
-928
-848
-753
-681
-594
-660
-577
-516
-461
-416
-379
-258
-221
-204
-204
314
314
362
431
471
595
742
835
954
854
934
885
1075
1187
1139
1087
848
775
657
524
394
355
-226
-226
-338
-553
-590
-656
-692
-759
-888
-924
-896
-916
-805
-755
-568
-544
-543
-513
-480
-416
-424
-304
-226
228
228
257
320
390
551
653
732
822
759
818
781
922
1044
1036
986
826
704
585
419
302
330
200
-215
-215
-309
-514
-585
-661
-690
-707
-821
-858
-847
-893
-822
-772
-600
-513
-517
-460
-461
-422
-432
-354
-233
214
214
274
274
336
470
580
616
764
701
732
653
712
860
893
923
839
703
569
412
273
310
211
-385
-385
-522
-590
-629
-609
-659
-668
-696
-771
-755
-787
-632
-507
-472
-397
-426
-384
-398
-396
-264
-223
202
202
201
195
267
230
353
361
468
614
647
656
604
502
614
683
738
757
622
606
414
333
224
-217
-217
-368
-509
-630
-577
-596
-568
-592
-610
-637
-674
-666
-580
-526
-474
-435
-419
-348
-398
-366
-345
-266
-196
199
199
248
256
206
271
317
406
449
519
595
547
493
433
505
536
593
533
525
446
337
-301
-301
-413
-456
-447
-440
-458
-403
-422
-485
-509
-540
-450
-430
-394
-344
-317
-306
-320
-286
-253
-198
259
259
272
300
248
273
301
320
343
492
490
511
449
335
413
370
441
401
411
370
306
-213
-213
-267
-272
-290
-287
-245
-269
-279
-329
-318
-271
-338
-320
-366
-297
-283
-287
-276
-290
-283
-297
-276
-224
-192
-192
242
242
195
338
267
370
291
316
232
306
250
285
263
234
262
-198
-198
-261
-244
-285
-269
-283
-295
-293
-337
-273
-279
-260
-262
-245
-235
-223
-218
-196
-203
211
211
201
279
231
319
239
239
209
220
327
245
366
268
306
212
211
-214
-214
-270
-231
-286
-211
-260
-217
-245
-242
-245
-278
-261
-254
-221
-240
-199
-195
-193
-193
205
205
312
312
229
317
356
283
317
272
251
301
238
307
262
233
248
-203
-203
-253
-253
-283
-255
-335
-234
-344
-295
-318
-341
-326
-303
-326
-288
-333
-283
-280
-336
-210
-417
-360
-360
-191
-253
-314
-333
-333
-203
-203
370
370
386
386
278
333
348
348
378
469
484
470
536
367
479
295
407
285
325
286
212
245
-213
-213
-245
-244
-324
-253
-338
-241
-271
-241
-241
-260
-228
-266
-260
-301
-255
-287
-292
-292
-316
-316
-197
-309
-323
-231
-355
-266
-266
-229
-229
-196
-196
214
214
233
233
257
246
370
305
362
368
335
468
413
413
427
326
397
310
308
308
247
259
-275
-275
-256
-309
-295
-305
-308
-285
-309
-328
-347
-390
-413
-350
-447
-301
-431
-346
-383
-379
-300
-373
-278
-331
-207
-259
-203
-203
301
301
406
406
512
512
234
470
353
398
483
358
526
360
507
304
448
287
373
265
225
219
-222
-222
-264
-232
-304
-277
-359
-324
-384
-363
-408
-381
-405
-403
-416
-449
-396
-435
-362
-417
-326
-358
-283
-286
-251
-237
-210
193
193
268
202
375
236
402
273
398
360
365
398
372
418
400
361
335
292
252
298
202
258
-240
-240
-244
-304
-331
-330
-384
-350
-419
-400
-421
-433
-386
-439
-416
-408
-411
-341
-397
-288
-364
-265
-351
-206
-232
-206
-210
-210
220
220
201
201
224
364
364
456
456
468
468
447
447
238
374
390
248
443
205
424
217
386
345
345
278
278
-227
-227
-256
-271
-360
-340
-421
-364
-429
-402
-450
-434
-419
-432
-338
-449
-279
-420
-281
-300
-282
-318
-318
-274
-274
292
292
341
341
346
346
232
283
360
259
363
308
339
282
384
433
433
219
360
351
241
373
214
279
260
242
251
217
202
202
-195
-195
-298
-228
-374
-276
-423
-341
-428
-385
-425
-394
-416
-398
-390
-427
-308
-432
-224
-372
-225
-225
207
207
224
224
302
302
321
321
344
344
216
332
205
362
327
327
235
235
294
196
311
284
284
245
245
-246
-246
-232
-290
-302
-320
-336
-363
-334
-367
-328
-343
-376
-331
-341
-345
-300
-318
-223
-215
-199
192
192
208
208
198
203
210
198
235
214
214
200
226
226
218
218
196
-216
-216
-266
-266
-250
-250
-214
-207
-284
-201
-279
-223
-223
-201
-199
-199
207
207
265
265
260
260
-254
-254
-263
-263
-290
-290
-281
-281
-248
-248
-276
-276
-210
-210
-200
-229
-229
-213
-213
197
197
193
193
198
198
263
263
294
294
249
249
-191
-191
-208
-208
-217
-217
-194
-194
193
193
233
233
-229
-229
-202
-202
-196
-196
-192
-192
215
215
289
289
208
208
-213
-213
-204
-204
-196
-196
194
194
-221
-221
197
197
224
224
-209
-209
195
195
-235
-235
-191
-191
-199
-199
-199
-199
-193
-193
-200
-200
