1350
1350
917
917
958
916
896
919
949
949
1004
1010
1131
1142
1140
1052
1202
1317
1230
1228
1232
1244
1180
1191
1063
1012
950
902
926
890
890
891
886
919
959
924
987
1054
1092
1052
1108
1156
1001
983
953
947
895
887
925
870
-935
-935
-1012
-1012
-1840
-2069
-1684
-1546
-1859
-2027
-1927
-1757
-1844
-1859
-1898
-1913
-1876
-1882
-1746
-1269
-870
-870
-1204
-1122
-997
-997
1371
1371
1633
1565
1487
1515
1765
1964
2226
2296
2648
3045
3103
3107
3211
3314
3082
2906
2717
2300
1216
-984
-984
-1196
-1386
-1617
-1668
-1855
-2051
-2072
-1576
-937
1006
1006
1259
1637
1843
2135
2459
2600
2852
2874
2599
2073
1737
1480
1143
-1129
-1129
-1425
-1612
-1881
-2099
-1812
-1420
-1304
-1220
-1258
-1258
-1489
-1144
-980
-1363
-1489
-1545
-1379
-1551
-1773
-2106
-2290
-2468
-2525
-1946
-1385
-1029
-1344
-1657
-1346
888
888
1291
1619
1647
1420
1402
1610
1958
2165
1988
2025
2289
2535
2568
2473
2443
2474
2580
2528
2771
3191
3411
3513
3348
3271
2926
1957
-1308
-1308
-1412
-904
-904
-1375
-1375
-1748
-1635
-1472
-1643
-1417
1300
1300
1896
1567
1391
1732
1903
2032
2001
2255
2497
2601
2441
2296
2160
1775
-1088
-1088
-924
-1059
-1059
-1344
-1332
-1102
-967
1162
1162
1319
1391
1556
1700
1585
1339
1345
1513
1684
1415
1207
-2776
-2776
-3718
-3654
-3122
-3175
-3738
-3649
-3262
-2782
-3013
-3038
-3051
-2745
-2251
-1495
1029
1029
1783
2248
2262
2336
2669
3208
3715
4099
4506
4781
4815
4511
4282
3429
2233
-936
-936
-1672
-1442
-1194
-1194
-2147
-2664
-2538
-2846
-3375
-3300
-2586
-1862
-1420
1682
1682
1667
1209
1567
2271
2792
2914
3140
3295
3225
2682
2109
1747
1169
-950
-950
-1062
-1098
-1371
-1862
-2199
-2269
-2177
-2285
-2088
-1601
-1014
1339
1339
1674
1709
1941
2226
2309
2241
1992
1843
1674
1299
-2225
-2225
-4296
-5128
-5121
-4634
-4235
-4064
-3977
-3914
-3586
-3280
-3051
-2740
-2064
-1277
903
903
1430
961
1325
1325
1975
2611
2964
3203
3251
3639
4208
4808
5043
5029
4768
4106
3041
1565
-1402
-1402
-2774
-3124
-2030
-1693
-2516
-3689
-3565
-3449
-3759
-3622
-2576
-1076
1418
1418
2564
2834
2328
2454
3170
3827
3906
3704
3645
3360
2457
1334
-1455
-1455
-1897
-2020
-2159
-2445
-2692
-2832
-2488
-1944
-1616
-1139
1238
1238
1951
2489
2919
2961
2999
2875
2693
2287
1748
1337
945
-909
-909
-1950
-4170
-6474
-7259
-6204
-5006
-4462
-4141
-3679
-3443
-3145
-2625
-1853
-1048
1620
1620
2591
2470
1137
-963
-963
-1070
-924
-965
-1153
-1169
1998
1998
3197
3852
4084
4413
4470
4770
5289
6049
6343
5921
4777
2735
-1195
-1195
-2148
-2825
-3276
-3034
-3072
-3593
-4556
-5007
-4778
-4580
-3897
-2781
-1119
1050
1050
1656
2273
2964
3303
3712
4397
4888
4679
4143
3510
2676
1820
-1453
-1453
-2172
-2886
-3513
-3688
-3751
-3521
-3019
-2477
-1718
-1165
1368
1368
2213
3021
3640
4077
4005
3775
3198
2603
2064
1435
902
-1651
-1651
-2608
-3903
-5845
-7939
-8599
-7782
-5921
-4637
-4034
-3769
-3680
-3040
-2056
1348
1348
1872
2516
2931
2559
1425
-872
-872
-1817
-2629
-2665
-2298
-1799
-1735
-1845
-1506
-1050
1069
1069
2671
4348
5028
4972
4794
5169
5558
6459
6927
7113
6309
4396
1972
-2648
-2648
-3591
-3510
-3083
-3241
-4411
-5430
-5872
-6062
-6032
-4828
-3156
-1512
1861
1861
2568
2859
3343
4528
5726
6170
5897
5154
4134
2774
1735
1112
-1036
-1036
-2291
-3310
-4101
-4621
-4854
-4233
-3503
-2705
-1815
-1195
1462
1462
2671
3970
4913
5006
4782
4482
3973
3346
2852
2392
1751
1070
-1147
-1147
-2372
-3391
-4688
-6408
-8146
-8692
-7438
-5447
-4240
-4139
-3704
-3124
-1981
1922
1922
2445
2644
2929
3287
2953
1963
-1473
-1473
-2453
-2886
-2599
-1901
-1441
-1318
-1656
-1710
-933
1529
1529
2590
3807
4880
5675
5519
5284
5699
6819
7964
8500
8106
6051
2867
-3113
-3113
-3278
-1884
-1528
-2787
-4766
-5989
-6574
-6855
-6274
-4874
-2922
-1902
1336
1336
1899
1905
3043
4907
6650
7039
6453
5241
3771
2721
2124
2271
2301
1419
-2158
-2158
-3524
-4515
-4961
-4781
-4099
-3323
-2714
-2443
-2086
-1899
-1295
1106
1106
2902
4281
4837
4684
4463
4088
3933
3969
3982
3676
2873
1746
-899
-899
-2071
-3052
-3734
-5011
-7917
-10064
-8800
-5684
-4860
-5340
-5060
-4250
-3267
-1759
1196
1196
1948
1689
1956
3185
3635
2585
1010
1010
-1200
-1200
-2125
-2765
-2705
-2096
-1385
-1556
-2384
-2811
-2130
1375
1375
2315
3531
4595
5172
5467
6017
6989
8039
9100
8694
6342
2423
-1545
-3763
-2433
1165
1040
-3221
-7112
-7667
-7338
-7402
-6179
-3876
-2917
-4068
-4080
-1944
948
948
2229
2229
5341
6822
6259
5375
4809
3916
2931
3412
4703
4571
2228
-2780
-2780
-3309
-3322
-3488
-3521
-3526
-3923
-4330
-4411
-3916
-3024
-2133
-1407
1594
1594
2607
2721
2608
2992
3596
4187
4603
4593
3863
2707
1788
964
-1286
-1286
-2869
-5795
-8861
-9447
-7126
-5190
-5488
-6543
-6541
-5923
-4662
-2764
-922
1646
1646
2823
2797
1795
1169
1734
2525
2007
-1025
-1025
-1123
-1431
-1431
-2622
-2487
-1351
1168
1168
1855
2665
3301
4230
5070
5934
6856
8038
8558
7066
3847
-2038
-2038
2735
2735
3270
-5223
-5223
-7041
-6728
-6264
-4678
-2863
-2719
-5064
-6241
-4385
-1572
2834
2834
4083
3845
3766
4021
3834
3492
4086
5406
5557
3552
-951
-951
-1798
-2994
-3953
-4054
-3273
-2432
-2070
-1900
-1639
1036
1036
1706
2476
2934
3114
3255
3095
2726
2450
2500
2335
1906
-897
-897
-3268
-5776
-6453
-5145
-3369
-4116
-5850
-7102
-6737
-5520
-3815
-2245
-1766
-1712
-2122
-1160
1287
1287
1429
1062
1344
1782
1785
1087
891
891
1367
1449
1034
-1055
-1055
1066
1066
1212
1207
1207
1843
2665
3291
3791
4127
5132
6414
6762
5964
3806
-1815
-1815
-1149
2589
4643
1311
-3914
-6247
-5388
-4282
-3246
-1752
-1400
-4119
-7073
-5837
-2153
1372
1372
1423
1718
2592
3294
3112
3005
3811
4371
3302
1281
1238
1238
1129
-935
-935
-2039
-2635
-2455
-1745
-1230
-1411
-2080
-2499
-1971
-890
920
920
1281
1744
1847
1716
1806
1637
1102
-879
-879
-3334
-4867
-3910
-1685
-2120
-4302
-5962
-6337
-5394
-3958
-2251
-2068
-2916
-4135
-3632
-1554
1125
1125
1400
1103
1460
1460
1817
1495
1013
1170
1500
2275
3075
3725
4097
4162
4587
5899
6549
5326
2100
-1323
-1888
1284
5371
3822
-1494
-5314
-4812
-3488
-2773
-875
-2707
-2707
-7439
-7491
-3361
-1596
-1596
-1530
-1048
-1104
1801
1801
3050
2325
942
1252
2423
2651
1397
1077
1077
-998
-998
-1763
-1826
-1176
-1092
-1092
-1827
-2036
-1498
1612
1612
2338
2202
1498
1141
1205
1050
-1873
-1873
-3525
-4139
-2986
-2264
-3313
-4998
-5754
-5247
-4493
-3370
-2849
-3033
-3774
-3959
-2741
-1209
-971
-971
-1523
-1373
1008
1008
998
914
914
1590
1321
917
907
1430
1919
2651
3242
4035
4225
4265
5173
6175
6288
4297
2018
1157
1157
3188
4370
2006
-1955
-3545
-2506
-1187
-907
-1314
-1314
-4008
-6498
-5011
-1447
-1504
-1504
-2716
-2358
-1981
-1846
1139
1139
1363
1565
1565
1491
-994
-994
-1335
-1206
-1135
-1357
-1210
1060
1060
1339
1649
1974
2016
1755
1701
2004
2071
1442
-1651
-1651
-2854
-2338
-1324
-1316
-3132
-4730
-5213
-4737
-3549
-2690
-2716
-4061
-5149
-4982
-3210
-1616
-1516
-2334
-2896
-2598
-1636
905
905
1201
1020
1020
1438
1551
1481
1156
1055
1554
2512
3023
2995
3154
3729
4749
5613
5754
4749
2968
1363
1591
3456
5057
3602
-1762
-1762
-1097
-2242
-2242
-4534
-4272
-1915
-1919
-1919
-3260
-3052
-2592
-2771
-2435
-1008
-937
-937
-1564
-901
-901
1118
1118
1450
1682
1551
1358
1591
1880
1741
1145
-1670
-1670
-1811
-868
-2607
-2607
-3831
-3841
-3344
-3095
-2758
-2779
-3729
-4640
-4618
-3369
-2615
-3014
-3646
-3704
-3094
-2261
-1563
-875
-891
-1209
1095
1095
1688
1919
1673
1160
1069
1660
2444
2448
2300
2733
3351
3747
4403
4739
4279
3058
2182
2488
3755
4609
3437
1398
1343
1343
1422
-2203
-2203
-1804
-1003
-1003
-2488
-3142
-2735
-2581
-3016
-2804
-1925
-1911
-2540
-2792
-1985
-1587
-1840
-1482
-962
-962
902
902
1091
1004
1221
1221
1591
1558
1260
-1141
-1141
-1996
-2150
-2223
-2289
-2371
-2402
-2708
-3299
-3570
-3453
-3267
-3588
-3658
-3498
-3095
-2748
-2436
-2143
-1904
-1810
-1472
1042
1042
1378
1258
1175
1412
1737
2014
2444
3028
3164
2921
2794
3039
3283
3342
3444
3335
2859
2712
2729
2762
2506
2088
1683
1282
933
-1156
-1156
-1428
-1508
-1766
-2052
-2269
-2562
-2781
-2820
-2596
-2304
-2101
-1904
-1531
-1327
-1320
-1221
-991
-907
1013
1013
1231
1216
1047
921
886
-1104
-1104
-1412
-1674
-1962
-2262
-2736
-3151
-3293
-3469
-3477
-3410
-3203
-2965
-2882
-2736
-2525
-2161
-1907
-1612
-1320
-1105
1021
1021
1321
1489
1604
1746
2012
2115
2410
2836
3226
3433
3430
3603
3585
3616
3543
3588
3780
3841
3712
3737
3496
3180
2656
2100
1773
1406
933
-1172
-1172
-1399
-1683
-1981
-2404
-2839
-3178
-3155
-3026
-2782
-2513
-2473
-2540
-2579
-2258
-1880
-1634
-1424
-1315
-1001
909
909
1168
1263
1168
1283
1396
1434
1483
1376
1231
988
-1072
-1072
-1356
-1538
-1806
-2302
-2754
-3234
-3448
-3430
-3334
-3317
-3312
-3239
-3171
-2939
-2474
-2100
-1803
-1624
-1389
-973
945
945
1127
1494
1879
2070
2203
2451
2775
3070
3250
3662
4016
4190
4164
3821
3470
3077
3167
3563
3709
3656
3372
2821
2361
2114
1982
1645
1131
-1190
-1190
-1318
-1272
-1658
-2310
-2846
-3197
-3198
-2990
-2640
-2472
-2587
-2707
-2697
-2429
-2161
-1836
-1718
-1731
-1624
-1406
-947
1102
1102
1294
1446
1337
1232
1065
881
-879
-879
-1134
-1341
-1734
-2122
-2487
-2748
-2896
-3103
-3273
-3319
-3267
-3254
-3102
-2892
-2603
-2314
-2216
-1935
-1562
-1194
886
886
1443
1936
2251
2436
2645
3132
3553
3913
4072
4150
4281
4204
4035
3621
3306
3072
3078
3123
3169
3127
2624
2161
1636
1427
1182
948
-1127
-1127
-1105
-1015
-1261
-1872
-2511
-2955
-3051
-2790
-2389
-2346
-2510
-2762
-2845
-2812
-2573
-2362
-2266
-2132
-2163
-2041
-1669
-1139
869
869
955
1232
1431
1485
1531
1432
1228
1105
-1013
-1013
-1359
-1721
-1931
-2147
-2245
-2202
-2403
-2467
-2698
-2905
-2763
-2604
-2387
-2381
-2259
-2076
-1849
-1515
-1243
-957
1073
1073
1617
1965
2344
2708
3248
3782
4182
4621
4995
5243
5324
5076
4673
4140
3779
3818
3966
3851
3691
2995
2231
1587
1212
1119
892
-1200
-1200
-1527
-1558
-1325
-1242
-1759
-2416
-2886
-2951
-2711
-2305
-2166
-2234
-2526
-2804
-2793
-2593
-2349
-2235
-2378
-2526
-2446
-2155
-1672
-1236
-936
-1009
-1045
866
866
948
1065
1390
1723
1875
1723
1436
1299
1200
1043
888
-983
-983
-1200
-1475
-1741
-1886
-2031
-1941
-1937
-2111
-2358
-2500
-2412
-2165
-1896
-1736
-1729
-1849
-1929
-1782
-1471
-1164
-961
-956
1165
1165
1571
1768
2248
2789
3429
4045
4584
4886
5219
5376
5272
4883
4531
4432
4550
4697
4545
4190
3473
2744
2116
1911
1576
938
-977
-977
-1664
-1858
-1675
-1625
-1837
-2449
-3164
-3441
-3283
-2697
-2369
-2353
-2399
-2777
-2864
-2551
-2279
-2245
-2451
-2650
-2618
-2476
-2165
-1733
-1568
-1552
-1791
-1716
-1384
-1078
1138
1138
1431
1566
1499
1573
1507
1509
1402
1160
-1035
-1035
-1153
-1222
-1573
-2031
-2329
-2359
-2367
-2184
-2050
-2258
-2373
-2233
-2011
-1634
-1371
-1347
-1421
-1332
-1102
1056
1056
1372
1693
2172
2626
3275
3726
4216
4687
5087
5194
5015
4442
4131
4321
4633
4952
4947
4600
3867
3041
2476
2454
2126
1386
-1262
-1262
-1352
-1362
-1465
-1999
-2842
-3432
-3630
-3332
-2894
-2585
-2581
-2753
-2998
-2897
-2546
-2236
-2161
-2354
-2567
-2644
-2444
-1866
-1440
-1119
-1198
-1532
-1641
-1649
-1310
-924
971
971
1222
1292
1222
1131
1157
1027
-1089
-1089
-1395
-1774
-2184
-2410
-2455
-2407
-2415
-2453
-2586
-2475
-2224
-1846
-1524
-1354
-1367
-1314
-1038
988
988
1449
1678
1810
2004
2499
3096
3639
4164
4580
4952
4839
4539
4136
3944
4014
4343
4555
4542
4244
3675
2892
2570
2586
2452
1777
-926
-926
-1284
-1261
-1101
-1534
-2350
-3087
-3402
-3038
-2669
-2672
-2790
-2943
-3147
-3103
-2842
-2401
-2358
-2558
-2571
-2563
-2377
-1898
-1477
-1176
-1331
-1506
-1474
-1328
-905
-899
-899
-975
-975
-1507
-1995
-2368
-2408
-2197
-2108
-2375
-2651
-2700
-2514
-1909
-1528
-1301
-1318
-1327
-1027
891
891
1457
1873
2172
2350
2717
3107
3638
4093
4454
4713
4833
4815
4542
4197
3904
3831
3946
4134
4127
3917
3271
2642
2216
2025
1894
1402
-884
-884
-1129
-1175
-1151
-1483
-2282
-3095
-3413
-3101
-2709
-2461
-2578
-2787
-3093
-3121
-2786
-2442
-2246
-2440
-2601
-2654
-2351
-1882
-1516
-1335
-1272
-1310
-1298
-1027
-876
-876
-1044
-1079
-1150
-1518
-1886
-2173
-2375
-2309
-2125
-2035
-2118
-2396
-2565
-2367
-2023
-1679
-1538
-1370
-1141
-1012
882
882
1395
1846
2122
2557
2959
3321
3831
4217
4637
4945
5228
5064
4772
4231
3985
3890
4038
4172
4109
3727
3060
2376
2062
2001
1725
1035
-1417
-1417
-1517
-1387
-1404
-1914
-2587
-3274
-3357
-3062
-2691
-2561
-2812
-2980
-3296
-3126
-2707
-2274
-2341
-2564
-2642
-2562
-2217
-1849
-1518
-1311
-1265
-1301
-1312
-951
-964
-964
-1040
-1096
-1119
-1377
-1720
-2149
-2257
-2280
-2176
-2023
-2041
-2040
-1994
-1851
-1597
-1398
-1222
-1004
-995
-868
993
993
1271
1599
1972
2321
2556
2980
3408
3780
4376
4730
5048
5273
5110
4775
4258
4069
4037
4294
4285
4111
3773
3243
2733
2349
2092
1685
978
-1301
-1301
-1438
-1486
-1509
-1913
-2414
-3045
-3134
-2935
-2746
-2727
-2909
-2977
-2989
-2818
-2456
-2071
-2077
-2190
-2333
-2243
-1984
-1560
-1246
-1095
-1055
-1043
-1028
911
911
-891
-891
-1117
-1122
-1251
-1251
-1428
-1772
-2104
-2232
-2258
-2127
-1964
-1965
-2087
-1815
-1679
-1347
-1060
1120
1120
1439
1838
2196
2490
2687
2904
3147
3522
3930
4236
4586
4763
4635
4453
4246
4108
3743
3903
4115
4044
3682
3275
2877
2434
2100
1657
1217
-1058
-1058
-1216
-1341
-1405
-1740
-2128
-2594
-2853
-2916
-2687
-2556
-2561
-2873
-3033
-2828
-2620
-2391
-2105
-1820
-1917
-1936
-1869
-1606
-1256
-1036
-1089
-1025
-924
-933
-933
-957
-957
-1205
-1205
-1921
-1342
-1607
-2267
-2099
-918
-918
-943
-2786
-2786
-3368
-3954
-5707
-5995
-3930
-2050
1024
1024
3658
4517
4238
4129
3471
2324
1245
1107
1268
2463
4250
6046
7479
9139
10534
10468
9517
7744
5024
1495
-1672
-1672
-1919
1028
1028
1259
1259
1317
-1065
-3451
-4027
-4420
-5814
-6128
-3913
-1701
1853
1853
2873
2371
937
-1014
-1014
-1962
-3023
-3072
-2299
-1514
-919
-1336
-1336
-2099
-2937
-3564
-3958
-3537
-2427
-1340
940
940
1995
2723
2831
2355
1848
1262
-1192
-1192
-1833
-2497
-3003
-3392
-3438
-3419
-3526
-3736
-3756
-3587
-3557
-3207
-2904
-2444
-1906
-1755
-1785
-1177
-1310
-1446
-1808
-1794
-1644
-1924
-1833
-1223
1034
1034
2077
2669
3290
3865
4241
4453
4772
5179
5215
5164
5594
6377
6756
7653
8561
9335
10169
10559
9000
5430
2019
-1629
-1629
-4214
-6015
-6120
-5332
-5417
-4738
-3214
-1205
-1130
-2489
-3076
-2488
-2309
-2986
-2334
1403
1403
2056
3513
5270
6582
5808
4425
2766
1669
-1495
-1495
-3198
-3720
-3825
-4265
-4066
-3158
-2120
-2426
-3341
-3749
-3429
-3479
-3685
-3567
-2549
-1254
1165
1165
3145
4867
5048
4380
4010
3618
1580
-1315
-3699
-5286
-6982
-8322
-8465
-7612
-6589
-5782
-5195
-3852
-2376
-2057
-2579
-2431
-1938
-2043
-2270
-1596
1382
1382
1737
1647
1615
2122
2860
3210
3301
3868
4758
5229
5581
6318
7316
7515
6946
6945
7440
7901
8150
9635
10995
11018
7232
2022
-1226
-2000
-4493
-8902
-11595
-10568
-9393
-9501
-7689
-3492
-1009
-1009
-2512
-1617
1317
1458
-926
-926
2257
4621
4715
6156
10006
11811
9020
5522
4841
4637
1289
-3753
-6908
-6958
-7234
-8939
-8652
-5384
-3533
-5183
-5886
-3524
-1367
-2362
-3874
-3166
-1224
2852
2852
6077
7307
5879
4754
4416
2584
-2359
-6960
-9695
-11429
-13220
-13665
-12058
-9376
-7185
-5430
-2865
1410
1410
-1118
-1118
-1420
1174
1174
2101
3141
4578
5918
6535
5872
5257
5301
5433
4638
3996
4705
6152
7221
8076
9034
9783
9782
9945
10035
11291
11483
8267
1200
-4417
-5880
-6237
-9672
-13648
-14264
-11977
-10089
-9403
-6452
-1747
-2131
-2131
-3391
4621
4621
3327
910
3071
7784
9432
8949
11094
14522
13405
7632
3551
3794
2932
-3113
-9349
-10480
-9478
-10645
-11663
-8881
-5660
-5127
-6168
-4252
1139
1139
872
872
3536
4947
6067
8016
9497
9217
6859
4416
1124
-2662
-8423
-14166
-17604
-18163
-18296
-18117
-16253
-11783
-6964
-3876
-1178
1918
4297
3761
2257
2123
3217
2151
2853
2853
4361
4151
4687
6120
6824
5689
4654
4913
4961
3696
3347
4728
7167
7821
8303
9311
10931
12106
12711
14152
14158
10670
2659
-3996
-6058
-6708
-10828
-16376
-17736
-13758
-10481
-9133
-6518
2291
2291
-1862
-1862
1927
6507
4177
1878
1878
7692
10375
9734
11549
14596
13479
7631
3572
3375
961
-6507
-13309
-15063
-13540
-13363
-12510
-9500
-6037
-3661
-1761
1367
4086
5328
4361
3126
3224
5051
7232
8182
7970
8012
8234
7175
3201
-2199
-7334
-13188
-19120
-23418
-23390
-22192
-20762
-17640
-10830
-3581
1685
4951
7266
8713
8047
5880
3831
2222
-1972
-1972
-1888
1829
1829
3172
4285
5323
5884
5936
5305
4010
3143
2660
3492
4563
6962
9217
11259
13152
14928
17931
20962
20086
12886
1658
-5312
-6749
-9367
-16725
-23293
-21990
-16354
-12680
-10616
-4104
3861
4697
7253
7253
9000
2302
-1844
2632
9041
9791
9849
14204
17135
13306
6477
4461
4088
-2184
-12747
-19771
-19814
-18425
-17568
-15454
-10892
-5574
-1184
3228
7237
10218
10653
8099
5412
5160
7516
8341
6500
5223
6879
8425
5696
-5700
-5700
-11143
-18865
-25536
-28210
-27175
-26164
-23938
-17322
-6548
2458
7912
10988
13542
14072
11515
7306
3388
-4422
-4422
-5956
-5081
-1996
2124
2124
3482
5199
7093
6543
4233
2207
1932
2775
3820
5478
8630
11778
14918
17942
22303
26112
22977
12243
-6169
-6169
-8930
-14462
-24527
-29023
-24440
-17338
-13285
-8283
1228
8587
6826
3111
6350
11564
8649
-1752
-1752
4024
9565
10113
11980
16635
17208
12179
6346
4677
-8964
-8964
-19720
-24610
-23535
-20580
-17817
-13730
-7869
5989
5989
10864
14017
14955
13338
9076
6231
6486
8128
7262
4613
4829
7356
8951
4362
-3702
-11724
-18435
-24652
-29599
-31027
-29728
-26325
-19414
-8823
2779
12133
16310
16920
17175
16336
11639
4726
-1925
-5998
-7469
-7017
-4607
-1354
2067
3501
4906
6233
7300
4890
975
975
4152
6350
9498
13696
17664
21613
25670
30272
29006
17262
-9800
-9800
-10817
-14848
-26361
-32768
-29926
-19361
-13061
-8349
1150
10887
10991
4298
5912
12781
12750
2582
-2250
4332
12629
15125
15407
18727
19356
13857
5623
1534
-2415
-11853
-24100
-29861
-27017
-20802
-16053
-11272
-4652
3427
10642
14599
16968
17227
14688
9349
5998
7171
9870
9767
7167
6653
8607
9084
3791
-5864
-15905
-24087
-30742
-32768
-32525
-29450
-23403
-14766
-2515
10264
19039
21489
19688
17139
14610
9368
1689
-4519
-7489
-7418
-5698
-2101
1979
4263
4420
4147
4809
4945
3084
3080
3080
7477
11401
15961
20212
23928
26105
30045
30143
21690
3574
-11283
-14489
-15299
-23562
-32768
-31079
-19978
-11716
-8520
10293
10293
12840
5110
2090
8824
13154
6413
5045
5045
15109
19807
18873
20649
20919
15075
3951
-3927
-7980
-14416
-24723
-31595
-28534
-19495
-11518
-6573
7007
7007
13072
15042
15166
14853
13437
9018
5156
6791
11549
14372
12146
9851
9645
8565
974
-11886
-23062
-30198
-32768
-32733
-32564
-26275
-16198
-6855
3461
14126
21938
21876
16468
12076
9716
5751
-4630
-4630
-5255
-3273
-1331
2359
2359
3326
1841
-1080
-2217
2107
2107
7800
14380
19550
22247
24391
26044
27411
27864
21072
6742
-10029
-17125
-17070
-19729
-28641
-31029
-23050
-13277
-10158
-6731
1523
7270
3264
-2504
1843
10210
10993
4876
6383
15910
22870
21853
19268
18345
12621
1714
-8605
-12697
-16121
-22720
-29456
-28127
-19662
-11162
-6716
-3149
1847
6346
8478
9179
10453
11137
10513
9601
11646
16399
19569
18008
12350
6941
2560
-4774
-16512
-28649
-32768
-32493
-32768
-30924
-23289
-13662
-4738
3167
10452
16070
16530
12266
7954
6566
6118
4238
1964
-2579
-2579
-5227
-7219
-7208
-3962
4083
4083
7824
13095
17734
21613
22804
22771
22751
23858
24425
17714
4449
-9651
-13156
-12984
-16933
-27208
-29202
-22665
-15099
-14169
-10820
-2766
2534
-3029
-3029
4185
13489
14241
8635
10746
19463
24199
20608
16509
14464
8720
-1758
-10895
-13109
-14858
-20231
-26352
-24559
-16396
-9439
-7551
-6121
-1895
2713
4850
6520
9734
12708
13773
13984
16336
20280
21989
17460
9059
2047
-2685
-9900
-20839
-30283
-32768
-32768
-30847
-24839
-17491
-9293
-2803
2638
8175
12862
13380
9687
6808
7545
8584
7449
5162
3249
1871
-2293
-2293
-3750
-5298
-6189
-4352
5770
5770
9246
12134
14770
17364
19556
19971
20587
21317
24015
21392
10285
-5993
-11493
-9729
-12357
-24253
-30517
-24238
-15415
-13644
-13373
-6377
1655
-5187
-5187
-1231
10356
14068
7986
6762
16841
24946
22701
16654
13927
10358
1150
-8951
-13559
-13966
-17301
-23291
-24546
-17568
-9775
-7396
-7933
-6044
-2069
1092
2974
5629
9099
12383
14105
16032
18948
21897
19126
10612
1272
-5047
-11420
-20648
-29020
-32768
-31854
-28695
-23691
-17608
-10427
-4734
-913
1989
6021
8823
8370
6844
7839
10545
10864
8820
5743
3131
-2426
-2426
-3948
-4634
-3995
-3589
-1161
3069
8795
11623
12547
13294
15182
16130
15794
15335
17849
21382
18725
6395
-7307
-10128
-8209
-12567
-24552
-27566
-21870
-14395
-14308
-12127
-5667
-2704
-2704
-6489
-1432
8734
11580
6996
7385
15859
22008
19534
14684
10942
6509
-1808
-8812
-11219
-10971
-13211
-18136
-19152
-14231
-8579
-8333
-10679
-10219
-6976
-2990
5541
5541
10423
14387
16725
17251
18278
18498
14253
3359
-7866
-15166
-18847
-22114
-24770
-25471
-23512
-19224
-14332
-10704
-8820
-7506
-7029
-5087
-1128
4279
6991
8236
9300
11278
11607
9365
5285
-2742
-2742
-3181
-1301
2938
2938
4999
8006
10421
13368
14058
13680
11634
11016
10885
12745
16589
18229
11808
-3898
-12263
-10411
-5525
-13522
-21805
-20463
-11496
-8114
-8783
-6177
-2270
-3517
-9894
-9976
-1278
7979
8398
6181
9640
17351
19868
15563
9557
4007
-2595
-9158
-10911
-9037
-6604
-7811
-10849
-11518
-8012
-5203
-8210
-13158
-14445
-11513
-6374
6488
6488
11374
13573
14602
15982
16163
12672
4641
-5572
-12648
-14902
-14529
-14784
-16381
-17728
-16570
-13164
-10285
-10847
-11989
-11056
-7869
-4383
4048
4048
5870
4988
4390
5806
6479
4672
2566
2192
3615
5867
8039
9465
9637
9149
9488
10202
10444
10084
9884
11064
11826
14265
17371
17645
5471
-11568
-18880
-12556
-9083
-17054
-20581
-12613
-2063
-2395
-4683
-1741
-5563
-5563
-12856
-10038
6266
6266
7369
8935
13031
16149
15668
12167
6144
-1060
-6017
-7524
-7242
-6884
-4581
-3154
-5095
-9862
-11300
-9407
-9980
-13542
-15009
-9860
-2614
1711
4353
8129
10583
8598
4892
4157
3284
-1176
-6789
-7903
-5864
-6136
-8020
-10362
-11682
-14264
-15106
-14369
-12600
-11051
-8773
-4291
2057
2057
1923
1539
923
2836
2836
5140
7125
9414
12252
13746
12716
11271
11323
12686
12239
10654
10520
13404
15811
16252
16092
13423
2520
-13849
-21395
-14903
-8337
-13404
-19934
-15453
-5125
-2759
-6811
-8577
-7461
-9119
-11328
-5961
4695
11590
11329
9990
11336
12794
11918
8609
3991
-1299
-3489
4498
4498
4398
-5166
-5166
-8376
-11645
-14551
-15565
-14317
-13238
-11931
-7545
4223
4223
3339
-1570
-1570
-2195
-3416
-4150
-3556
-1620
1567
1567
1691
-2731
-2731
-6202
-9762
-12671
-12608
-10702
-8739
-7146
-5335
-3317
-3033
-4065
-5109
-4425
-2754
-896
1480
3948
6601
8212
9251
9347
9156
8657
8929
10457
12734
14511
15076
15501
15770
15885
15141
15565
11909
-13285
-13285
-14269
-3541
2300
-4159
-11031
-8542
-5335
-6536
-9541
-9686
-12698
-17110
-15532
-6070
2374
1236
4519
4519
4683
2910
3589
3409
3049
3154
5432
8253
9012
8472
4970
-3511
-3511
-3919
-2509
-3938
-5784
-6273
-4070
-1054
-1054
-3148
-5423
-6246
-8423
-10713
-9598
-6831
-5202
-5465
-4921
-3111
-2986
-4622
-7390
-8734
-7783
-6134
-5697
-6641
-6093
-4309
-1989
-1722
-3547
-3660
-3129
-2040
1719
1719
5033
6349
5979
5668
7260
9305
9506
8172
7017
7997
10206
11752
11642
11729
12837
14219
13559
7734
-1270
-1270
5536
8695
1488
-3638
1835
6046
1868
-5409
-4564
-3051
-9521
-16821
-14898
-5954
-4687
-8709
-11506
-10487
-7740
-6250
-4827
-6581
-9417
-7686
5169
5169
6208
6147
7137
6476
4968
4536
5966
6128
3247
949
1863
6401
8476
6113
1441
-1559
-2369
-3301
-6091
-10021
-11174
-8926
-7204
-7883
-9017
-8545
-8421
-9696
-11094
-11138
-9647
-7996
-7130
-6533
-4664
-3188
-2996
-4284
-5676
-4512
-1915
1495
1495
3757
5907
7263
8036
8085
8192
8836
10351
12092
13504
14298
14460
13843
13600
14534
15157
13136
5467
-3160
-3760
5188
10158
1388
-7810
-4172
4102
3846
-4300
-7643
-7151
-9360
-13085
-11449
-5083
-4890
-7839
-9222
-9126
-9576
-8740
-5116
-5708
-10371
-10939
-3967
3125
3392
2257
3553
4868
4305
4063
6146
7152
6135
5266
6035
8003
8522
7181
4970
2122
-1180
-1180
-1020
-4271
-9556
-10474
-7042
-5797
-9024
-12667
-12999
-12281
-9719
-8213
-10012
-11352
-10783
-6855
-4205
-2637
-4037
-5430
-5110
-4628
-1543
1036
1036
4223
6603
8330
7894
6890
7004
9153
12653
13989
13001
12392
13607
16458
18112
18490
14934
5973
-1209
2021
11496
10848
-1939
-10719
-3826
5156
3981
-4670
-8191
-8758
-11235
-11341
-7797
-3844
-7655
-11918
-10071
-6819
-5959
-7318
-6317
-7800
-10245
-7388
-1342
1892
-1558
-3026
3767
3767
4327
2225
2263
3420
4711
6863
8919
10237
8074
5801
5448
5823
4997
2636
-4742
-4742
-6638
-3493
-3834
-3834
-8787
-9909
-9183
-8620
-8628
-10011
-11857
-12174
-9930
-7266
-5174
-5092
-5469
-4932
-4328
-3310
-1475
2532
2532
4393
5014
5430
6357
6618
7217
8697
10609
11288
11443
12414
13282
13424
14388
16391
16681
11089
2737
895
9702
17032
8740
-6938
-7024
4502
8656
-7580
-7580
-7184
-8204
-10181
-8762
-1929
-3094
-11228
-12906
-7915
-3671
-6663
-8322
-7875
-9709
-9027
-3043
3091
-5299
-5299
-3918
1532
4002
1777
1087
1087
2745
2745
6966
10320
9141
4858
3732
5220
6688
4852
1269
-1240
-2103
-1210
-1098
-3358
-5018
-4949
-5293
-7143
-9597
-8878
-7855
-7199
-7982
-8609
-7987
-7686
-5502
-4440
-3895
-4319
-4103
-1192
1209
3686
3825
2694
1765
2518
5612
7109
7196
6609
7131
9609
12054
13970
13451
11375
10820
12280
15237
14313
7022
4929
4929
15815
15296
1622
-5871
1754
9266
4249
-4273
-4348
-4225
-8335
-10495
-4079
-6973
-6973
-13537
-10371
-3651
-3744
-7493
-7048
-8577
-10902
-7830
1994
1994
-4678
-7140
-2752
2253
3318
2116
2321
1453
1453
6431
8920
4914
1427
2072
4427
4104
2374
3523
3174
-3746
-3746
-2886
-1040
-1706
-3929
-6866
-9317
-8538
-4919
-3033
-4766
-7687
-8491
-7183
-5208
-4037
-4360
-5127
-6325
-4763
4080
4080
4534
2445
1797
2436
4223
6577
7373
6396
4721
5827
9244
11486
11932
11476
11374
11966
13693
13439
7631
2748
6775
14331
12156
-3841
-3841
4738
10298
4313
-2319
-916
-916
-5859
-7926
-1985
-8817
-8817
-14512
-10090
-3796
-4887
-7494
-6664
-7956
-10408
-7087
-5189
-5189
-8128
-5182
-1060
1044
1590
2579
1395
1099
1099
5712
8421
5048
1294
2111
2111
4362
2026
-2097
-2247
1535
1535
-1863
-1863
-4658
-7327
-6542
-4197
-3100
-4676
-6826
-6155
-4487
-3341
-3125
-2582
-2727
-4007
-2981
1247
1247
1359
1485
2354
2581
3671
5442
6283
6498
6498
7416
8177
8404
9163
9988
11001
11356
10108
5575
2732
8402
16106
13196
-2789
-2789
6104
11505
5235
-955
-5032
-5032
-6363
1388
3983
-4969
-11978
-7707
-1442
-4023
-8109
-7524
-8236
-11752
-9858
-2479
-5112
-5112
-7361
-4567
-1686
-1333
-1426
-2100
-2100
-1279
2575
4837
2054
2644
2644
2310
-1129
-1129
-1436
1271
1271
-2080
-2080
-3557
-2631
-1263
-1533
-2476
-3658
-4297
-4326
-2987
-1204
-1555
-3918
-6168
-5272
-2196
-1825
-1825
-2320
3858
3858
6083
4966
2958
2892
4883
6830
8715
10209
11225
11617
12664
14362
14211
7631
-922
9702
9702
15078
6535
-1891
2470
9300
3421
-4482
-1778
2067
-5366
-12208
-4492
4571
-13021
-13021
-12871
-6235
-7113
-11857
-8747
-1873
-5162
-9140
-4339
2212
-1412
-7696
-5131
2033
2033
1783
4791
6833
4239
2533
4112
6154
2265
-3765
-3296
1528
3363
-3921
-3921
-5307
-7127
-7422
-6668
-6138
-7637
-8798
-7429
-6392
-5294
-6382
-8021
-8177
-6165
-2112
-1243
-1243
-1583
1782
1782
3809
4574
5348
5657
6354
8220
9427
10061
10403
11534
12634
14586
16185
16998
17212
19147
20114
12475
-2023
-8764
5674
18841
10148
-4996
-4297
1406
-12427
-22204
-8086
4731
-5894
-23553
-12688
2008
-5302
-18400
-13429
2125
-3646
-10098
1072
13000
5334
-9476
-3953
7980
9074
7248
10425
12428
6494
2346
2346
7534
8953
5901
2130
3285
2213
-1556
-1556
-7109
-15316
-14723
-4906
-1004
-7570
-15097
-16186
-13759
-13950
-8855
-3645
-4631
-8832
-10403
-2948
-2494
-2494
-2084
1320
1768
4851
7072
5300
2830
3800
8881
12379
12586
11354
8810
8016
10473
12398
14635
14985
13629
11329
12881
16460
20455
17341
4274
-9287
-8021
12096
16855
3029
-6344
-5277
-8137
-22493
-13626
6695
5009
-15707
-24830
-8479
-3028
-10935
-10863
2429
2429
-8801
-7172
8096
11273
1132
-3747
4499
13812
11716
11549
10817
6602
1746
7472
7472
12863
10914
2874
-4410
-3354
-1728
-3416
-3416
-11985
-16752
-13562
-8050
-4948
-9560
-11085
-10087
-10383
-10722
-10138
-5492
-5496
-5056
-2190
-3392
-3392
-3025
-1277
2351
5882
6044
4699
2752
2781
5855
8766
12036
12350
10860
9655
9763
11707
12720
13363
15202
14699
14867
15374
18342
17705
4513
-7557
-6951
11748
19729
4958
-5434
-6392
-8353
-19351
-14853
7231
8944
-11537
-26152
-15473
-5957
-11218
-10802
2860
2860
-8907
-12786
6499
6499
-917
-3716
3587
12668
10864
7248
7492
5432
3100
2524
9528
15653
12178
2949
-3964
-2740
1221
2739
3930
2757
-1978
-11982
-19047
-14258
-6941
-4227
-9525
-11632
-11376
-14735
-14488
-9777
-3715
-4647
-5428
-3535
-3758
-4855
-5613
-2891
3612
3612
5544
4665
2755
1189
2027
6772
10747
12233
11524
9429
8505
8789
11390
14310
16547
16330
13233
12859
16039
18512
18198
6586
-4720
-5821
9149
18529
6138
-4772
-7496
-9789
-17124
-12242
6915
6567
-13025
-26180
-16714
-7486
-10409
-8340
-927
-927
-11981
-13649
6596
6596
-2640
-2640
2451
9013
7501
4773
7009
6010
4132
3880
10208
14961
10615
2021
-3127
-1109
3371
4890
4370
1436
-4305
-11234
-16164
-11131
-4916
-4005
-8893
-13254
-12971
-15606
-14154
-9228
-4765
-4373
-6209
-5240
-6049
-5702
-4390
-2393
2341
2341
2912
1499
900
900
3589
8035
10755
9938
8862
7431
8339
10041
12980
14864
15215
14310
12868
12677
14627
16537
19263
12895
-6221
-6221
3581
17056
9810
-3354
-5988
-6614
-13971
-15768
7162
7162
-7160
-22282
-18625
-7972
-8633
-10062
-3875
-1127
-9111
-14518
-5651
4676
1747
-3552
6512
6512
7734
4299
6171
6685
4695
3923
7718
12961
11347
4436
-985
4552
4552
6139
4516
2350
-2968
-8439
-11536
-10697
-6636
-6322
-7665
-13034
-14769
-14233
-14145
-11078
-7690
-4978
-7013
-7486
-6828
-6783
-4323
-2277
1248
1248
1700
1068
1393
1393
4621
7304
8816
8737
7453
7122
7054
9277
11501
13611
14186
12994
12780
12761
13803
16011
18204
18089
6706
-4534
-3860
9955
16188
4492
-4003
-5227
-9216
-16117
-10354
4540
2754
-13777
-22362
-14552
-8762
-10851
-8159
-1126
-3368
-12323
-11559
4169
4169
-1540
-1540
3340
6441
5217
3930
6053
5466
4009
5248
9731
11563
7272
1168
2031
2031
4754
5336
3697
-5992
-5992
-9561
-9222
-6935
-5898
-7659
-9192
-12187
-14048
-13843
-11829
-9302
-8123
-7261
-7335
-7467
-7706
-6317
-3066
1020
1020
889
2599
2599
6734
8499
8242
7100
6503
7550
8810
10628
11850
12022
11648
10383
10788
12228
14690
15409
16674
12614
-5605
-5605
2189
16302
12846
-4371
-4371
-5783
-11404
-13671
-1428
6915
-3453
-18396
-19020
-10282
-9195
-10434
-4932
-988
-8196
-14540
-8884
-3274
-3274
1045
5400
4913
1675
3816
5914
4979
5443
7466
9738
7821
2690
1754
1754
4940
6024
4469
2114
-2733
-7433
-8392
-6217
-4944
-6077
-7431
-10668
-13620
-13643
-11057
-8651
-8012
-7865
-7931
-8252
-8685
-7351
-4190
-1520
-1105
-1097
1233
1233
5559
8115
8021
6999
6683
7124
8186
10243
12501
12823
11755
10373
10565
12592
13903
15355
15933
15701
4746
-5577
-2711
11133
16161
3175
-4377
-4604
-7995
-13211
-7133
5882
2034
-14012
-21048
-12914
-8211
-10985
-8905
-2643
-4973
-13721
-12669
-3690
-4252
-4252
-2955
2867
4346
2434
1556
4614
5011
5662
7340
9034
9300
5273
1126
1150
4912
7188
5198
949
-2049
-5078
-6546
-5025
-5173
-6305
-9014
-10234
-10963
-11406
-10614
-11051
-10367
-9612
-8154
-7578
-8490
-8135
-7105
-4612
-2735
-1692
-944
-1032
-1300
2803
2803
5952
6835
6144
6380
6813
8270
9965
10969
11845
11020
11458
11071
12529
13860
14939
15021
15599
11116
-1082
-4343
4060
14914
8465
-3686
-5300
-5493
-9471
-10199
4935
4935
-7473
-19050
-16174
-7237
-8371
-11030
-7291
-4668
-10531
-13315
-6179
-3458
-3458
-7503
-1951
2743
3565
2069
3002
3570
2353
4678
7957
10613
8730
3927
1629
3156
5598
5733
3951
1507
-2082
-5590
-5682
-5089
-6147
-7665
-8187
-8874
-10905
-11546
-11501
-11021
-10114
-8709
-7349
-8130
-9151
-8247
-5369
-2663
-1882
-1511
-1598
-2066
-1905
4301
4301
5310
3858
3612
5796
8174
9854
10111
10292
10466
10462
11180
13041
14687
14510
13791
13984
14363
4917
-2395
2020
14073
14578
-5107
-5107
-3965
-5936
-9025
-3382
4853
-2891
-17525
-19301
-8895
-4116
-8296
-9018
-7117
-11615
-15864
-9390
-7963
-7963
-8108
-3516
1620
1620
3867
5745
2800
1164
3077
6434
8691
7338
5108
4648
5053
4781
4499
2865
1589
-1084
-1898
-2103
-4447
-5976
-8169
-8648
-8763
-8642
-8612
-10407
-11045
-10867
-9356
-7698
-8356
-8764
-8553
-6881
-4979
-3417
-1630
-1561
-2163
2146
2146
4656
5318
4711
5199
6205
7984
9382
9868
10873
10853
11167
12218
13961
14622
15003
15036
16623
10526
1495
1579
10844
17043
5804
-4488
-4026
-2837
-5947
-5188
2707
-15923
-15923
-22567
-13250
-4122
-6849
-10999
-9672
-12874
-18166
-13904
-2832
1730
-5377
-9422
-5613
-3057
-1264
1642
5407
5182
1878
2435
5238
7133
7205
5668
5620
6146
5987
5024
2829
1730
923
-2370
-2370
-4814
-6674
-7243
-6920
-7448
-8598
-9961
-11412
-10989
-9872
-8284
-8506
-10004
-9358
-8940
-6143
-5410
-3558
-2543
-2868
-1556
2871
2871
3837
4615
5111
6815
7553
8750
9260
9905
11084
10845
11831
12617
12643
12536
12784
13744
13458
6246
3440
3440
11104
12258
1708
-4492
-3584
-3310
-4337
-1787
2235
-4522
-15913
-16538
-7332
-2431
-6380
-9729
-10114
-12636
-13337
-6872
-6900
-6900
-7988
-4133
-1307
1002
2135
3110
1240
1624
1624
3418
4132
2524
1106
1759
2116
-1752
-1752
-1974
-1191
-1883
-1906
-2048
-3833
-6565
-6289
-3265
-2505
-4231
-5660
-6593
-7026
-5557
-2404
-1818
-4516
-6616
-6213
-3790
-1759
-1319
-1157
-1845
-2300
-1772
3630
3630
3621
2706
3238
5307
6814
7181
7966
8997
9537
9960
11298
13179
12464
6201
1687
5423
13045
13011
4552
4324
4324
6705
-10840
-10840
-10498
-1931
2388
-996
-4491
-6146
-9845
-10864
-4784
1525
-6904
-6904
-8935
-6145
-3749
-1821
-2444
-2444
-4290
-2913
-1815
-1815
-1455
-1307
-1696
-1981
-2226
-1636
-1809
-1430
-2267
-3210
-3744
-3458
-2168
-1791
-2658
-4512
-5314
-4285
-2446
-1266
-1323
-2623
-3665
-3374
-2312
-1197
-1026
-1465
-2209
-2322
1010
1010
2047
2047
2871
3829
4554
5252
5962
6585
7879
9609
10505
10916
10178
7176
5220
6146
10659
10925
5669
1633
1058
2491
2807
3593
3908
-5804
-5804
-6108
-1717
-1680
-1680
-4587
-6009
-7408
-6832
-4104
-1783
-2914
-6422
-6768
-5280
-3764
-2832
-2387
-2404
-3898
-4048
-2633
-1764
-1813
-2364
-2795
-1839
-1610
-1097
-1591
-2377
-1546
-1579
-1363
-1299
-2102
-2790
-2815
-1146
-1883
-1883
-3125
-3453
-3077
-2325
-1528
-904
-2635
-3907
-3111
-1744
-1397
-1397
-2063
-2017
-1999
1080
1080
1199
1912
1912
2638
3874
5272
4920
5004
5834
7771
8790
8961
9937
9428
7069
5674
6439
9043
8920
5946
3946
2947
2895
2939
3709
4402
1271
-2706
-3747
-1760
-1532
-1532
-3089
-4293
-6187
-6206
-4595
-2556
-2603
-5211
-6425
-6331
-5003
-3496
-2737
-2418
-3498
-4394
-3832
-2751
-2205
-2397
-2892
-2929
-3201
-2606
-1949
-1860
-1670
-2056
-1773
-1820
-1349
-945
-877
-877
-1039
-1004
-1301
-1614
-1190
-885
-1160
-1589
-1670
-1528
-1901
-1839
-1500
-1249
-1629
-1509
1411
1411
2474
2399
3027
3965
4823
4862
6353
7999
8472
8390
7952
8209
8635
7455
6347
6278
7131
6069
3475
2984
3501
2564
1333
1635
2014
-2493
-2493
-1623
-1449
-1449
-2534
-2659
-3396
-5188
-5083
-3537
-3225
-4375
-5157
-5138
-5388
-5391
-4151
-3285
-3528
-4350
-4428
-4074
-4491
-3794
-2971
-2549
-3234
-3736
-2829
-2029
-1571
-1070
-947
-1387
-2085
-1569
-948
-948
-1400
-1481
-1297
-1204
-1223
-1223
-1300
1513
1513
2005
1589
2027
2686
3448
4150
5381
6029
5926
6234
6833
7379
8386
7151
5406
4566
6291
7427
4867
2839
2724
2930
2323
1822
2343
-2276
-2276
-2511
-2118
-2118
-3216
-3034
-3597
-4020
-3009
-2760
-3663
-5144
-4712
-3711
-3487
-3860
-4705
-4760
-4895
-4632
-4466
-4135
-4436
-4922
-4933
-4341
-3486
-3126
-2927
-2593
-2250
-2341
-1976
-1427
-938
-965
-965
1448
1448
1869
1776
2051
2470
2877
3462
4512
4738
4351
4155
4825
5528
6509
7595
5315
2616
2181
5410
7174
4587
2528
1795
979
3058
3058
4763
1622
-2596
-2641
-2302
-2302
-4862
-4831
-2083
-1125
-2668
-4668
-4818
-4666
-4289
-3067
-2677
-3871
-5391
-5367
-4367
-4071
-3994
-3671
-3997
-4458
-4685
-3759
-3012
-3004
-2826
-2472
-2303
-2682
-2617
-1452
-965
-965
-919
-983
-1162
-917
-917
1493
1493
1693
1534
1386
1664
2174
2878
3537
3987
3648
3720
4301
4909
5484
6051
6356
4597
2776
3244
5535
6147
3803
2032
1870
1467
1514
3005
3368
-2331
-2331
-1580
-1334
-1334
-2483
-3859
-3431
-1528
-1371
-2876
-4014
-3775
-3351
-3336
-2746
-2782
-3691
-4458
-4078
-3513
-3583
-3775
-3741
-3907
-4135
-3992
-3587
-3178
-3273
-3184
-3171
-2904
-2653
-2308
-1554
-1372
-1500
-1543
-1179
1058
1058
1308
1371
1579
1926
2030
2012
2446
3034
3154
3108
3098
3196
3322
3740
4312
4665
4791
4177
3481
2817
3672
4752
4336
2732
1284
1510
2238
3031
3031
1788
-937
-937
1212
1212
-1935
-1935
-2839
-2670
-1359
-1809
-1809
-3433
-3731
-3157
-2432
-2178
-2390
-3150
-3789
-3551
-2652
-2364
-2477
-3473
-3692
-3241
-2695
-2475
-2831
-2739
-2893
-2748
-2563
-2279
-2254
-2236
-1788
-1218
-1269
-1350
-1185
1117
1117
1424
1475
1333
1334
1553
1776
2084
2306
2472
2754
2763
2906
3112
3521
3607
3776
4087
4212
3665
3041
3210
3712
3467
2665
2168
2084
2006
1809
2024
2115
1366
-1084
-1084
-1223
-875
-875
-1806
-2638
-2674
-2391
-2429
-2479
-2602
-3006
-3352
-3176
-2818
-2525
-2924
-3315
-3281
-3251
-3014
-2814
-2386
-2367
-2631
-2594
-2304
-2214
-2105
-1637
-1320
-1530
-1560
-1284
-999
987
987
1389
1322
954
1005
1529
1882
1793
1647
1651
1785
1995
2357
2421
2248
2136
2462
2948
3180
3276
3611
3264
2641
2802
3264
3269
2501
2018
1963
1796
1725
2128
2162
1391
1086
1086
-1229
-1229
-1787
-2042
-1956
-2003
-2194
-2603
-2977
-3168
-3126
-2986
-2918
-3036
-3150
-3194
-3443
-3333
-3041
-2685
-2690
-2974
-2718
-2452
-2323
-2170
-1710
-1280
-1267
-1198
-1012
886
886
1098
1022
981
1272
1328
1365
1388
1333
1412
1488
1731
1715
1603
1396
1439
1559
1735
1950
2088
2040
1828
1803
1979
2276
2175
1972
1919
1958
1733
1690
1898
2024
1843
1562
1350
1273
1174
1025
931
-981
-981
-1277
-1600
-1789
-1851
-1936
-2140
-2375
-2607
-2676
-2571
-2646
-2777
-2993
-3162
-3153
-3121
-2994
-2927
-2766
-2534
-2578
-2474
-2289
-1919
-1649
-1558
-1337
-1229
-1143
-932
865
865
978
948
994
994
1121
913
872
872
1023
1023
1265
1413
1276
1046
1126
1382
1475
1553
1547
1592
1532
1660
1746
1956
2022
2080
1957
1655
1427
1337
1253
1137
932
-967
-967
-1373
-1735
-1817
-2086
-2243
-2188
-2104
-2274
-2640
-2794
-2575
-2489
-2592
-2575
-2412
-2421
-2438
-2375
-2122
-1921
-1862
-1673
-1577
-1410
-1221
-1041
875
875
996
914
1044
1457
1637
1674
1668
1680
1754
1809
1787
1844
1843
1508
1263
1218
1314
1288
1138
873
-972
-972
-1048
-1064
-1156
-1197
-1235
-1479
-1786
-2061
-2118
-1982
-2046
-2152
-2273
-2172
-2079
-2090
-1984
-1924
-1796
-1767
-1690
-1371
-1140
-1131
-1149
-978
909
909
908
966
966
1086
1230
1230
1540
1817
1581
1569
1665
1714
1531
1331
1383
1406
1169
1029
1118
1065
866
-1086
-1086
-1157
-1169
-1329
-1224
-1226
-1405
-1534
-1654
-1494
-1357
-1366
-1334
-1359
-1309
-1128
-919
939
939
972
913
1071
1171
1145
1090
1087
1156
1084
1063
1098
1168
1073
901
-870
-870
-888
-883
-883
-944
-920
-917
-917
-916
-970
-970
-960
-873
959
959
1000
941
1121
1356
1423
1378
1357
1412
1584
1682
1710
1753
1756
1782
1707
1760
1905
1975
1958
2034
2097
2083
2064
2085
2150
2240
2320
2162
2156
2104
2108
2258
2379
2426
2421
2481
2555
2506
2557
2627
2692
2652
2645
2733
2875
2820
2800
3012
2993
3039
2933
2917
2929
2832
2837
2813
2650
2516
2453
2370
2383
2275
2207
2149
1994
1871
1730
1632
1645
1505
1342
1255
1304
1280
1122
1106
1104
1114
1047
1102
1180
1137
1118
1222
1395
1444
1482
1523
1691
1773
1721
1728
1801
1845
1835
1792
1764
1857
1881
2017
2158
2087
1941
1950
2034
2078
2029
1917
1964
2054
2049
1910
1882
1922
1958
1935
1905
1965
1925
1985
2088
2113
2152
2204
2223
2310
2369
2538
2648
2665
2782
2838
2968
3101
3272
3394
3383
3384
3395
3446
3582
3642
3642
3683
3756
3711
3647
3648
3651
3583
3536
3672
3720
3603
3468
3508
3510
3520
3501
3525
3612
3586
3538
3502
3570
3662
3633
3651
3731
3778
3863
3833
3908
3960
3986
4033
4048
4123
4015
3998
4132
4156
4128
4082
4065
4062
4082
4077
4089
4077
4119
3947
3769
3698
3653
3659
3590
3539
3490
3392
3242
3370
3295
3121
3126
3144
2980
2943
3002
2907
2909
2866
2952
2977
2903
2901
2963
3053
3042
3011
2951
2989
2875
2808
2912
2895
2864
2665
2616
2532
2330
2318
2259
2113
1935
1722
1731
1682
1417
1336
1217
1046
917
877
877
917
917
906
950
909
941
1035
883
927
918
984
1026
884
939
932
-890
-890
-865
-941
-1118
-1160
-1167
-1269
-1345
-1434
-1559
-1623
-1622
-1712
-1708
-1557
-1571
-1625
-1668
-1642
-1557
-1578
-1531
-1472
-1447
-1509
-1479
-1371
-1368
-1421
-1521
-1624
-1669
-1690
-1755
-1777
-1805
-1881
-1895
-1972
-2051
-2231
-2292
-2361
-2477
-2508
-2649
-2813
-2760
-2852
-2975
-3036
-3096
-3119
-3171
-3245
-3286
-3251
-3350
-3389
-3366
-3439
-3479
-3381
-3339
-3349
-3195
-3198
-3070
-2969
-2976
-2951
-2922
-2813
-2802
-2833
-2859
-2870
-2884
-2819
-2780
-2703
-2709
-2716
-2817
-2864
-2917
-2960
-2927
-2940
-2965
-3076
-3103
-3081
-3039
-3114
-3087
-2996
-3021
-3063
-3093
-3010
-3020
-3011
-2974
-2856
-2804
-2872
-2712
-2564
-2556
-2550
-2452
-2381
-2384
-2288
-2218
-2157
-2150
-2085
-2093
-2127
-2212
-2325
-2304
-2351
-2335
-2486
-2544
-2611
-2821
-2812
-2849
-2909
-2955
-3043
-3154
-3179
-3197
-3263
-3278
-3296
-3315
-3383
-3460
-3455
-3418
-3326
-3346
-3389
-3395
-3408
-3423
-3330
-3304
-3226
-3186
-3206
-3126
-3057
-2936
-2933
-2908
-2848
-2945
-2885
-2820
-2873
-2811
-2838
-2915
-2885
-2917
-2929
-2995
-3042
-3080
-3113
-3165
-3179
-3254
-3338
-3401
-3426
-3422
-3417
-3493
-3341
-3267
-3267
-3197
-3158
-3046
-2992
-2869
-2860
-2794
-2736
-2684
-2508
-2282
-2279
-2311
-2212
-2052
-1999
-1894
-1749
-1771
-1774
-1848
-1967
-1894
-1782
-1799
-1753
-1749
-1794
-1906
-1959
-1984
-2056
-2057
-2055
-2150
-2055
-2090
-2119
-2062
-2139
-2206
-2281
-2258
-2254
-2250
-2229
-2225
-2120
-2021
-2079
-2055
-1926
-1882
-1904
-1881
-1925
-1791
-1813
-1894
-1801
-1655
-1638
-1801
-1739
-1731
-1763
-1743
-1808
-1837
-1826
-1973
-2022
-2072
-2278
-2330
-2285
-2299
-2405
-2490
-2610
-2693
-2643
-2661
-2621
-2644
-2792
-2750
-2685
-2608
-2634
-2666
-2585
-2452
-2384
-2235
-2189
-2250
-2086
-1970
-1942
-1889
-1785
-1724
-1696
-1609
-1526
-1422
-1348
-1318
-1247
-1192
-1229
-1253
-1241
-1195
-1206
-1231
-1241
-1197
-1132
-1149
-1140
-1189
-1099
-1055
-1145
-993
-882
-908
-868
-891
1029
1029
1184
1256
1356
1466
1601
1655
1736
1826
1859
1861
1951
2052
2013
2156
2132
2090
2252
2227
2198
2221
2216
2196
2197
2194
2108
2084
2071
2045
2079
2166
2091
2059
2063
2068
2070
2026
2037
2053
2242
2195
2188
2253
2224
2311
2313
2363
2468
2406
2532
2716
2678
2656
2645
2660
2591
2466
2539
2533
2454
2420
2391
2306
2271
2230
2134
2111
2110
2000
1962
1975
1894
1791
1714
1691
1634
1652
1588
1610
1629
1598
1662
1647
1667
1693
1821
1770
1687
1680
1815
1931
1959
1963
2050
2049
1954
1979
1884
1900
1886
1850
1865
1882
1827
1828
1778
1700
1708
1669
1609
1529
1527
1486
1418
1416
1426
1383
1382
1468
1396
1292
1249
1313
1359
1332
1284
1350
1424
1412
1559
1553
1553
1611
1616
1751
1852
1801
1851
1924
1871
1901
1925
1814
1809
1784
1703
1669
1637
1609
1581
1534
1567
1438
1441
1445
1506
1416
1377
1415
1318
1379
1295
1292
1312
1191
1233
1210
1242
1389
1314
1229
1128
1161
1287
1222
1175
1197
1231
1224
1247
1284
1250
1280
1255
1158
1198
1158
1150
1201
1159
1105
1065
1042
978
931
-889
-889
-906
-873
-892
-960
-921
-937
-933
