942
942
931
931
952
938
938
948
949
949
955
955
940
1017
1051
1120
1234
1243
1190
1179
1204
1198
1239
1311
1317
1284
1221
1230
1206
1190
1221
1086
1097
1076
966
956
971
926
968
968
1036
1005
1044
1073
1079
1148
1210
1113
1219
1116
1082
1260
1295
1266
1145
1014
993
973
955
961
938
914
914
1000
1162
1096
1062
1202
1185
1153
1155
1213
1202
1178
1152
1217
1267
1246
1206
1115
1078
1046
1001
-918
-918
-1010
-951
-946
-1035
-1030
-1168
-1212
-1118
-1130
-1066
-1062
-1043
-997
-1016
-944
-978
-932
957
957
1010
1017
1049
1070
1075
1078
1116
1152
1141
1096
1124
1154
1023
928
928
940
-914
-914
-953
-970
-1047
-1094
-1061
-1043
-1098
-1098
-1172
-1124
-1035
-1120
-1208
-1261
-1132
-1104
-1117
-1105
-1091
-997
-932
-940
-940
-970
-923
-954
-926
-926
-939
-939
-940
-935
-965
-1053
-1081
-1074
-1141
-1134
-1170
-1138
-1162
-1116
-1043
-1141
-1102
-1010
-943
-969
-949
-949
-985
-959
-1003
-967
-916
-916
-971
-971
-1087
-1070
-1071
-1085
-1024
-974
-1007
-992
-1025
-1047
-973
-1003
-925
-925
-931
-931
-929
-963
-984
-964
-964
-928
-928
-981
-981
-1002
-979
-1141
-1105
-951
-918
-918
-936
-1088
-1206
-1162
-1072
-1194
-1339
-1508
-1529
-1578
-1642
-1534
-1455
-1428
-1353
-1480
-1576
-1665
-1873
-2020
-2208
-2359
-2660
-2945
-3298
-3548
-3494
-3236
-2995
-2984
-3006
-3004
-2896
-2839
-2906
-2845
-2784
-2713
-2485
-2210
-2102
-2076
-2176
-2258
-2165
-1992
-1793
-1598
-1333
-1120
938
938
1260
1589
1939
2408
2699
2823
3038
3231
3634
4049
4131
4329
4586
4758
4437
3565
2284
-975
-975
-1079
-1718
-2453
-3067
-3239
-3616
-4192
-4454
-4560
-4394
-4310
-3880
-2926
-1463
1315
1315
1792
2187
2748
3292
3408
3286
3114
2905
2508
1635
-1041
-1041
-1679
-2265
-2783
-3245
-3416
-3415
-3239
-3071
-2798
-2341
-1678
-925
1543
1543
2242
2824
3045
3009
3019
2935
2731
2439
2098
1572
946
-1043
-1043
-1744
-2401
-3487
-5744
-7693
-7529
-5360
-4588
-5455
-5882
-4932
-3938
-3392
-2683
-1876
-968
1146
1146
2232
2264
1601
1601
1392
2110
2110
2377
2418
3190
4490
5069
5509
6546
7680
8355
8561
9457
10059
10088
9175
7529
5798
3490
-1567
-1567
-2101
-1990
-3253
-4939
-5707
-5439
-5959
-6627
-6507
-5064
-3712
-2970
-1840
2209
2209
3269
3425
4121
5756
6866
6923
6924
7140
6769
5613
4439
3718
2775
1327
-1959
-1959
-2921
-3509
-4391
-5054
-5423
-5559
-5696
-5142
-4026
-3039
-2232
-1050
1839
1839
2888
3873
4758
5201
5468
5461
5528
5564
4950
3983
2886
1877
-1582
-1582
-2373
-3771
-5763
-7572
-8346
-8265
-7955
-7321
-6119
-5270
-5332
-5050
-3669
-1514
1101
1101
2186
2797
2847
2364
1815
1342
-1209
-1209
-2486
-2928
-2596
-2225
-2004
-1684
-1332
1566
1566
2840
4006
4762
5986
7443
8648
9473
9969
10391
10525
10292
10536
10548
9413
7834
5444
2016
-1986
-4728
-5445
-4877
-5081
-5996
-7193
-7880
-8045
-7613
-6407
-4110
-1714
1282
1282
3199
5176
6126
6511
6979
8047
8753
8864
8403
7075
5086
2730
-1607
-1607
-3467
-5325
-6782
-7490
-7525
-6743
-5818
-4949
-3884
-2454
1821
1821
2958
4315
5747
7183
8105
8557
8016
6668
5299
4390
3677
2563
1411
-1923
-1923
-3520
-4780
-5462
-5799
-6933
-8864
-9669
-8005
-5508
-4550
-4536
-3625
-1823
1061
1061
2466
3470
3397
3086
3279
3640
3632
1913
-1214
-1214
-1281
-1787
-2870
-3744
-4149
-4530
-4514
-3480
-2543
-2018
-1693
2009
2009
3044
3711
4680
6265
7472
8288
9101
10133
10582
10562
10117
9643
9025
9094
9020
7761
5487
2643
-1026
-4924
-6949
-7041
-6031
-6095
-6711
-7410
-7438
-6716
-5374
-3228
1710
1710
3067
4498
6241
7646
7763
7832
8350
8848
8944
8150
6812
4420
1513
-2186
-2186
-2728
-3179
-4509
-5911
-7162
-8025
-8038
-7301
-5738
-4117
-2786
-1337
1773
1773
3015
4038
5008
6231
7170
7757
7695
6853
5381
3496
1908
971
-1152
-1152
-2650
-4276
-5714
-6643
-7049
-6831
-6205
-5669
-6400
-7485
-7461
-5021
-2191
1298
1298
1517
1897
2284
2375
1735
1263
-2629
-2629
-4056
-4278
-3631
-3399
-3503
-3529
-3689
-3879
-3079
-1415
1311
1311
1604
2419
3375
4393
5180
6421
7990
9015
9097
9275
9952
10055
9325
8616
8955
9143
8694
7158
4448
-4209
-4209
-7890
-8276
-5690
-3867
-5230
-7877
-8967
-8581
-7142
-4817
-1544
1714
2982
3507
4162
5975
7511
7706
7662
8458
9514
9385
7699
5066
2139
-2240
-2240
-2207
-1861
-2448
-4483
-7024
-8792
-8734
-7267
-5051
-3082
-1648
-919
1379
1379
2813
4053
5304
6647
7529
8113
8033
7082
5115
3095
1640
939
-2097
-2097
-4230
-6109
-7352
-7624
-6756
-5486
-4673
-4424
-5185
-5880
-5624
-3669
-991
1658
1658
1318
-1184
-1184
-2055
-3294
-4745
-5556
-5372
-4320
-3269
-2818
-3034
-3838
-4013
-2936
1896
1896
2122
2054
2578
3575
4791
5765
7079
7885
8621
9275
9465
9454
8311
7699
7850
8877
8928
7781
4858
1592
-2970
-7200
-9015
-7078
-3405
-3095
-5540
-8536
-9032
-7808
-5222
-2002
1752
3741
4131
3650
4258
6267
7188
7520
7713
8657
8814
7382
4748
1639
-1288
-2955
-2941
-2196
-2042
-3818
-6568
-8873
-9442
-7765
-5047
-2401
-1039
1957
1957
3627
5093
6458
7339
7423
7057
6047
4466
2713
1310
-2056
-2056
-4583
-6549
-7665
-7645
-6466
-5021
-4222
-5408
-7353
-7000
-4463
-2143
-1378
960
960
-1913
-1913
-4255
-5610
-5117
-4105
-3699
-3627
-3500
-3919
-4364
-3618
-1772
941
941
1867
2670
3569
4473
5369
5595
6349
7660
9669
10583
9443
8161
7360
8253
8637
8047
6077
3802
-5552
-5552
-9455
-9027
-4752
-3218
-5423
-9455
-10456
-9352
-7028
-4428
-950
2259
2901
2228
2517
5348
7355
7681
7159
8291
9411
8763
6417
3416
1036
-980
-1894
-2009
-1607
-2641
-5690
-9004
-10376
-8910
-6443
-4065
-2822
-2417
-2453
-1934
1667
1667
3990
5781
6632
6661
6747
6319
5548
4106
2948
2476
2112
1170
-3028
-3028
-5180
-6945
-7726
-7046
-6215
-7434
-9780
-10208
-7779
-5257
-4321
-3976
-3103
-1905
2179
2179
2309
1148
1581
1581
-1452
-1452
-3367
-3878
-3555
-3584
-3829
-4033
-4665
-5378
-4692
-3093
-1880
-1977
-2114
-1275
1069
1069
1888
2813
3255
3875
5546
8226
10345
10309
9229
8872
9513
10083
10519
10217
8789
6164
1913
-4456
-9139
-8991
-4279
-1643
-4659
-9754
-12378
-11863
-9998
-6952
-2105
1991
1633
3246
3246
6743
7690
7813
9083
10281
9250
6830
5137
3733
1826
-4813
-4813
-8916
-10560
-9321
-6892
-4937
-3999
-4505
-5475
-5572
-3661
3023
3023
4909
5369
5073
5233
5712
5991
5846
5452
5087
4405
3195
1170
-2548
-2548
-3962
-5912
-7564
-7790
-7868
-8719
-10285
-10275
-8567
-7173
-6278
-4411
-2586
-1537
-1195
1444
1444
2256
2178
1748
1645
1271
-1392
-1392
-1549
-1951
-2737
-3181
-3250
-3704
-4022
-3555
-2774
-2473
-2716
-2126
-1167
1888
1888
3101
3100
3519
4836
7571
9223
9183
8407
9027
10783
12066
11287
8312
4054
-2133
-6107
-5730
-1068
1041
-3113
-10250
-14014
-13213
-9866
-6333
-3339
-2057
-4098
-6264
-5523
4247
4247
6143
6073
6351
7068
7405
6957
6742
6294
5277
4371
4169
3797
1897
-1752
-5014
-6495
-5786
-4133
-3528
-4746
-7137
-8632
-8019
-5327
-2141
2729
2729
5247
6062
5661
4743
3980
3257
2335
1861
1308
-1902
-1902
-4769
-7399
-8475
-8289
-7475
-7852
-8231
-8556
-8495
-7696
-5629
-3572
-2321
-1953
-1361
-988
-988
-1346
-1726
-1421
-1042
-1042
-1522
-1944
-2273
-2119
-1439
1596
1596
3591
4646
5092
5045
6431
7895
9501
9955
10041
10071
8934
7633
5185
1049
-3966
-4877
-941
2352
-1556
-8631
-11805
-10634
-8230
-6316
-2752
-3105
-3105
-8182
-8646
-2826
3557
5307
4298
4119
3969
3040
2722
5112
7481
6451
3527
2014
2366
1802
-2215
-2215
-2495
-2339
-2387
-2933
-3816
-5176
-6370
-6190
-4180
-1399
-1221
-1221
-2039
-953
1778
4240
5098
4374
2811
1398
1371
1371
2559
2921
-4156
-4156
-5657
-4576
-3432
-4970
-6056
-6509
-7109
-8002
-6807
-4646
-3920
-4761
-4627
-2673
-1701
-1666
-2062
-1389
-1194
-1194
-1680
-925
-925
1293
1293
1632
1535
1510
1431
1431
2477
5437
6789
6695
5572
5178
6323
8216
10318
9564
7049
1687
-1522
-2943
4260
4260
3375
-2547
-8675
-9704
-6986
-3048
-1331
-3470
-3470
-6987
-8861
-5403
3131
3131
2201
-946
-946
1484
1484
3197
4934
4456
2457
2092
2092
2132
945
-1298
-1298
-1465
-1619
-1963
-2665
-3505
-3899
-3208
-2072
-1850
-1850
-2696
-1913
2439
2439
3140
2291
994
1369
1369
3025
2347
-3627
-3627
-3926
-2472
-2149
-3000
-4069
-4953
-6335
-6255
-4881
-3607
-4159
-5197
-5040
-3735
-2860
-2854
-2809
-2505
-2370
-2371
-1421
-1667
-1667
-1602
1137
1137
991
991
1547
2680
3494
4053
4736
5136
5452
5947
7048
8233
8755
7891
6771
5534
3218
1303
1303
3225
1173
-3521
-6514
-5754
-4297
-3175
-1870
-3084
-3084
-6784
-7806
-4123
1595
1595
-1407
-1407
-2084
2118
2118
4465
3569
1064
-1006
-982
1207
1207
1387
-1179
-1179
-2732
-3136
-2705
-1758
-1422
-1784
-2607
-2877
-2115
-953
1069
1069
1193
1734
1923
1263
1210
1210
1598
-1197
-1197
-1636
-1273
-1435
-1894
-2218
-3089
-4495
-5096
-4162
-3194
-3312
-4178
-4622
-4640
-4335
-3601
-2596
-2235
-2949
-3353
-2936
-1829
-1226
-1117
-937
1392
1392
1082
1204
1204
1908
2686
3018
3508
3978
4142
4602
5857
7182
7747
7702
7142
6242
4842
3815
3687
3777
4015
3032
1214
-1092
-2021
-1512
-1558
-1558
-2788
-4139
-4669
-3955
-1913
-1274
-1274
-2655
-3120
-2726
-1415
-1522
-1522
-1300
1002
1002
1021
-1111
-1111
-2146
-2142
-1293
-995
-995
-1997
-2252
-1830
1552
1552
1778
1424
-1512
-1512
-1496
-1637
-2435
-2926
-2812
-2794
-3295
-3703
-3720
-3617
-3616
-3504
-3212
-3091
-3518
-3722
-3338
-2597
-2151
-1855
-1541
-1362
-1140
971
971
1358
1558
1726
1845
1900
2031
2497
3030
3387
3494
3686
4018
4351
4928
5696
6335
6381
5844
5253
4421
3737
3682
4137
4334
3252
1841
1084
951
-1300
-1300
-2292
-2246
-1603
-1501
-1947
-2474
-3081
-3390
-3052
-2059
-1373
-1410
-2090
-2492
-2381
-1550
-1327
-1327
-1755
-1590
-1081
-1081
-1644
-1144
964
964
1374
1147
962
962
1118
-1325
-1325
-2218
-2624
-2435
-2120
-2175
-2506
-2777
-3032
-3262
-3150
-2831
-2681
-2791
-2738
-2530
-2229
-1821
-1432
-1098
-1030
1045
1045
1085
1216
1631
2176
2508
2639
2734
2868
2998
3333
3895
4425
4830
4849
4689
4732
4649
4475
4318
4327
4390
3998
3606
3478
3426
3144
2726
2483
2266
1804
1254
1073
-1132
-1132
-1653
-1938
-2080
-2316
-2566
-2750
-2814
-2812
-2653
-2309
-2168
-2241
-2260
-1986
-1673
-1365
-1179
-921
-940
-1074
-927
-927
-1176
-1306
-1505
-1583
-1794
-2004
-2271
-2427
-2410
-2379
-2531
-2697
-2814
-2887
-2802
-2414
-2054
-1771
-1553
-1570
-1466
-1143
1079
1079
1458
1979
2441
2752
2998
3285
3716
3961
4427
4998
5294
5435
5513
5528
5505
5372
5066
4808
4639
4600
4643
4545
4308
3768
3047
2378
1875
1571
1131
-1058
-1058
-1214
-1512
-1941
-2513
-3049
-3355
-3243
-2829
-2793
-2893
-3064
-3212
-3203
-2982
-2813
-2729
-2739
-2737
-2462
-1995
-1440
-1051
-1023
-1023
-1191
-1315
-1557
-1762
-2047
-2161
-2366
-2662
-2795
-2890
-2903
-2922
-2853
-2684
-2620
-2479
-2257
-1956
-1652
-1339
-1127
949
949
1381
1723
2199
2753
3207
3817
4109
4312
4660
5169
5704
6128
6270
6169
5871
5317
4779
4473
4606
4598
4506
4255
3848
3233
2452
2127
1837
1388
-984
-984
-1275
-1428
-1798
-2245
-2828
-3252
-3271
-3104
-2845
-2726
-2673
-2617
-2715
-2550
-2490
-2519
-2492
-2514
-2392
-2197
-1878
-1588
-1384
-1101
-982
-1035
-1011
-1011
-1053
-1175
-1262
-1459
-1618
-1608
-1637
-1755
-1897
-1979
-2093
-2228
-2220
-2106
-1864
-1856
-1687
-1549
-1601
-1455
-1288
-939
1332
1332
1872
2476
3178
3763
4211
4755
5433
6024
6527
6971
6926
6699
6279
5802
5313
5110
5189
5114
4792
4195
3482
2859
2373
1921
1336
-1253
-1253
-1425
-1438
-1613
-2029
-2608
-3018
-3111
-3109
-2864
-2588
-2580
-2620
-2660
-2657
-2620
-2511
-2433
-2653
-2764
-2617
-2250
-1837
-1597
-1506
-1575
-1670
-1622
-1523
-1155
-1067
-1067
-1405
-1419
-1398
-1410
-1439
-1456
-1589
-1700
-1800
-1869
-1888
-1843
-1682
-1708
-1598
-1412
-1268
-1097
-1043
1006
1006
1168
1222
1392
1654
2084
2647
3200
3737
4176
4577
5120
5659
6195
6413
6338
6052
5583
5297
5299
5358
5261
4945
4501
3845
3231
2640
2144
1502
-1287
-1287
-1590
-1845
-2205
-2764
-3266
-3538
-3546
-3257
-3051
-2895
-2886
-2913
-2831
-2763
-2519
-2410
-2280
-2326
-2594
-2281
-2041
-1836
-1774
-1732
-1851
-1904
-1944
-1779
-1562
-1426
-1241
-1170
-1108
-1142
-1084
-971
-1031
-1031
-1302
-1509
-1508
-1340
-1371
-1573
-1842
-2065
-2238
-2180
-2169
-2122
-2017
-2059
-2129
-1821
-1513
-1274
-981
923
923
1338
1809
2150
2488
2774
3032
3390
3699
4133
4493
4861
5323
5918
6221
6302
6178
5676
5061
4822
4793
5069
5221
5033
4516
3899
3220
2899
2525
2140
1593
-1133
-1133
-1520
-2157
-2913
-3438
-3567
-3418
-2990
-2953
-3113
-3272
-3409
-3145
-2914
-2694
-2568
-2606
-2535
-2335
-1955
-1569
-1446
-1332
-1443
-1369
-1208
-1128
-967
-1084
-1080
-1264
-1309
-1172
-995
-976
-976
-1181
-1458
-1579
-1434
-1223
-1184
-1245
-1515
-1722
-1633
-1539
-1364
-1438
-1567
-1747
-1821
-1836
-1801
-1791
-1829
-1737
-1781
-1839
-1708
-1482
-1243
-1015
1124
1124
1644
2002
2307
2614
2847
3220
3777
4410
4792
5071
5377
5881
6433
6851
7020
6738
6137
5310
4814
4821
4946
5041
4854
4227
3465
2643
2169
2016
1674
969
-940
-940
-1114
-1221
-1470
-1897
-2486
-3013
-3014
-2828
-2602
-2585
-2647
-2822
-2913
-2691
-2559
-2481
-2563
-2804
-2862
-2767
-2521
-2135
-1926
-1870
-1905
-1877
-1797
-1526
-1297
-1232
-1393
-1478
-1389
-1263
-1015
-945
-945
-1160
-1363
-1338
-1427
-1521
-1647
-1913
-2109
-2058
-2065
-2038
-2136
-2278
-2397
-2497
-2358
-2231
-1986
-1886
-1796
-1659
-1541
-1285
-1150
1318
1318
1559
1921
2270
2552
2797
3116
3554
4069
4690
5112
5473
5917
6441
6772
7164
7134
6852
6287
5825
5465
5261
5253
5062
4587
3998
3314
2729
2285
1781
1210
-922
-922
-1264
-1472
-1826
-2224
-2760
-3065
-3181
-2985
-2796
-2708
-2654
-2601
-2638
-2610
-2413
-2268
-2250
-2287
-2217
-2097
-1858
-1605
-1525
-1371
-1340
-1389
-1420
-1408
-1397
-1426
-1508
-1604
-1720
-1774
-1616
-1398
-1409
-1575
-1792
-1916
-1864
-1724
-1803
-1986
-2163
-2497
-2517
-2394
-2188
-2172
-2277
-2445
-2661
-2704
-2742
-2716
-2614
-2519
-2257
-1925
-1829
-1598
-1320
-940
1139
1139
1562
2201
2577
2959
3266
3561
4093
4555
5051
5464
5752
6282
6813
7217
7450
7344
6886
6168
5577
5315
5267
5324
5176
4612
3967
3313
2841
2605
2071
1292
-1060
-1060
-1327
-1492
-1914
-2340
-2985
-3443
-3432
-3210
-3144
-3044
-3159
-3103
-2988
-2841
-2594
-2491
-2458
-2512
-2485
-2199
-1825
-1641
-1536
-1428
-1404
-1319
-1083
-926
-1070
-1070
-1067
-1024
-953
-1025
-1193
-1486
-1598
-1680
-1802
-1971
-2252
-2522
-2832
-2902
-2978
-2895
-2862
-2922
-2943
-2980
-2954
-2896
-2780
-2761
-2551
-2151
-1962
-1688
-1324
-1007
1194
1194
1578
2055
2593
3114
3461
3768
4208
4718
5357
5989
6398
6778
7178
7492
7675
7501
6932
6103
5681
5564
5559
5586
5212
4528
3666
3037
2675
2366
1838
-947
-947
-1460
-1621
-1745
-2080
-2689
-3333
-3630
-3510
-3027
-2725
-2811
-2880
-2929
-2827
-2566
-2334
-2340
-2389
-2460
-2344
-2089
-1650
-1353
-1311
-1264
-1303
-1271
-1076
-987
-987
-1139
-1222
-1104
-995
-995
-1196
-1397
-1530
-1599
-1661
-1687
-1758
-2045
-2225
-2300
-2420
-2496
-2601
-2797
-2855
-2846
-2852
-2769
-2784
-2839
-2837
-2579
-2452
-2215
-1970
-1773
-1380
-1016
1205
1205
1696
2083
2471
2927
3476
3863
4358
4932
5401
5997
6465
7012
7412
7532
7286
6808
6097
5676
5411
5371
5385
4998
4453
3765
3223
2736
2403
1853
949
-1323
-1323
-1575
-1876
-2405
-3002
-3608
-3931
-3870
-3533
-3266
-3303
-3473
-3519
-3399
-2988
-2713
-2669
-2753
-2836
-2627
-2253
-1831
-1479
-1283
-1406
-1506
-1379
-1208
-955
-1007
-1007
-961
-961
-993
-1216
-1437
-1504
-1648
-1731
-1905
-2014
-2147
-2360
-2447
-2587
-2712
-2776
-2911
-2969
-2982
-3000
-3144
-3206
-3064
-2977
-2918
-2703
-2651
-2577
-2348
-2093
-1748
-1349
928
928
1210
1574
1840
2282
2709
3191
3697
4150
4685
5138
5766
6347
6645
6720
6490
5997
5436
5201
5157
5073
4812
4468
3912
3336
2832
2520
2139
1501
-1381
-1381
-1654
-2097
-2644
-3294
-3931
-4183
-4019
-3721
-3476
-3535
-3704
-3613
-3341
-3021
-2896
-2912
-3079
-3224
-3091
-2695
-2191
-1804
-1767
-1830
-1837
-1701
-1350
-1089
-1054
-1140
-1316
-1463
-1508
-1390
-1296
-1365
-1499
-1716
-1984
-2177
-2203
-2336
-2438
-2513
-2602
-2836
-3049
-3290
-3400
-3302
-3250
-3281
-3253
-3110
-3037
-2975
-2846
-2662
-2593
-2496
-2183
-1891
-1572
-1236
-1010
936
936
1132
1281
1495
1921
2253
2459
2836
3109
3540
3972
4304
4691
4905
4793
4456
3937
3385
3092
2949
2905
2572
2167
1961
1650
1381
1054
-1299
-1299
-1921
-2178
-2460
-3066
-3543
-4022
-4391
-4658
-4767
-4597
-4474
-4633
-4825
-4756
-4637
-4643
-4620
-4629
-4770
-4836
-4755
-4383
-4124
-3877
-3597
-3455
-3362
-3409
-3227
-3117
-3148
-3251
-3405
-3388
-3619
-3838
-3907
-3849
-4049
-4220
-4440
-4282
-4442
-4624
-4785
-4672
-5097
-6543
-6946
-7199
-7370
-7387
-6231
-5044
-3917
-3242
-2213
-2005
-2565
-3148
-4016
-4741
-5690
-5944
-6072
-5884
-4948
-4093
-4485
-4985
-4654
-3891
-4004
-3697
-1495
1092
1092
2426
2910
2524
2862
3308
2782
2846
3573
4633
4664
3798
3753
3295
2411
-1274
-1274
-2713
-3992
-5496
-7433
-8171
-7499
-7129
-8052
-7857
-6695
-5893
-6641
-6674
-5582
-5540
-6348
-6499
-5433
-5056
-5162
-4548
-3375
-2889
-3051
-2935
-2621
-3193
-3947
-4526
-5103
-6039
-6501
-6514
-6802
-6926
-6369
-5697
-5384
-5369
-5076
-4431
-4388
-4636
-4510
-4470
-4854
-5848
-6321
-6087
-6170
-6490
-6478
-6069
-5823
-6047
-5925
-5748
-5691
-6344
-6356
-6288
-6164
-6120
-6328
-5717
-5358
-4924
-4899
-4373
-3791
-3610
-3765
-3280
-2615
-2227
-2828
-2749
-1730
-2205
-1871
-1169
1333
1333
3087
4475
5544
6513
7446
7714
8111
8138
8723
8678
9588
10565
11144
11709
11493
10136
7370
4948
2718
-4795
-4795
-6489
-7798
-9249
-10241
-8442
-6386
-5271
-4865
-3112
-1337
-917
-1144
1122
1122
2889
4519
5455
5834
6586
6946
6273
4893
3231
1675
-2785
-2785
-3955
-4676
-5339
-5111
-4918
-4628
-4042
-2944
-2306
-2344
-2400
-1921
-1671
-1828
-1344
-955
-1318
-1765
-1294
-1033
-1616
-2067
-2120
-2453
-3418
-4089
-4274
-4856
-5787
-5789
-5818
-5623
-5026
-4381
-4011
-3362
-2586
-2107
-1983
-1464
-970
-988
1735
1735
2326
3116
4413
5361
5978
6942
7660
7693
7720
8205
9072
9885
10812
11497
12271
13034
14032
14436
14892
15155
14528
12756
9683
5613
1210
-2422
-5151
-7893
-10615
-11673
-10865
-9504
-8228
-5800
-2785
-1074
1477
1477
2692
3006
3260
4084
5494
7435
8899
10419
11921
12383
11365
9722
8053
6220
3561
-2739
-2739
-4826
-5757
-6101
-6305
-6037
-5117
-4192
-3680
-3098
-1803
-972
-1278
-1680
-1004
1201
1201
1318
1372
-1445
-1445
-3020
-4773
-6343
-7052
-7259
-7025
-6965
-6710
-5526
-4756
-3461
-2482
-1595
-1435
-1281
-1265
1002
1002
2317
3658
5045
5856
6742
7538
8409
8646
9492
9805
10792
11245
11702
12226
12991
13863
14374
14669
15322
15234
13152
7887
-4356
-4356
-7602
-10484
-15174
-18768
-18354
-15910
-13820
-11297
-6687
-1293
1542
1542
5065
7639
6847
5508
6790
10016
12425
13067
14701
17077
16950
13487
9660
7926
5931
-5691
-5691
-9731
-10393
-10360
-11309
-10993
-8257
-5093
-4194
-3375
3326
3326
3919
2132
1712
3548
5001
4274
3393
3782
4368
3480
2059
1324
-1941
-1941
-5931
-8743
-9233
-9320
-10801
-11561
-10275
-7347
-5012
-2855
2116
2116
3198
3297
3721
4702
5222
3951
3091
3828
5915
7378
7819
8972
10880
12287
13039
13571
14520
15114
14132
13676
13508
14663
14552
14023
14355
15240
15162
9541
1542
-4230
-6417
-9744
-15888
-21594
-20406
-17472
-14772
-12711
-6632
1519
4898
4635
5327
10223
13406
10965
6859
7776
11101
12763
10972
12176
15348
15497
10822
6232
5411
3771
-2297
-10963
-15291
-15140
-14810
-16268
-15372
-10557
-5385
-3281
-1279
3591
8174
8790
5850
5124
5684
5554
2383
-1206
-1206
-1139
-2291
-4235
-5465
-5985
-8033
-11868
-13683
-14054
-13409
-14648
-14679
-12108
-8022
-4795
-2291
2975
2975
4574
3951
3314
3281
3422
1558
1511
1511
3987
5271
5922
7802
10793
12569
13352
13454
14607
14899
13325
11778
12283
13563
14031
13616
14842
14543
8048
-6680
-6680
-7860
-11619
-19766
-25620
-23774
-18803
-15406
-13127
-5243
3687
7114
6459
8117
14565
16628
11292
6018
7558
11279
11180
8636
10246
13438
12097
6547
3152
3418
-8060
-8060
-16230
-18104
-16823
-16438
-16935
-13783
-7418
-2365
1117
5524
11007
14040
12554
9778
9079
7976
5843
1732
-1426
-3274
-4626
-5937
-7564
-9256
-10667
-13125
-15545
-16070
-15335
-14018
-13541
-11241
-6979
-1871
2219
4859
6653
7919
7881
6439
4649
2916
1443
1397
1397
4135
5997
7824
10588
13434
14839
14505
14846
14866
14186
12296
12327
13650
15769
16552
17938
18116
11350
1167
-6744
-8282
-12244
-22084
-30466
-28413
-21728
-16516
-14257
-5383
6035
10652
9115
9562
17085
19803
12386
4156
5830
11311
11937
7926
9278
14127
12951
5908
1072
1605
-1466
-11727
-22080
-23038
-19364
-17756
-17962
-13821
-4980
1555
5497
9356
14974
17140
14362
9552
8553
8171
5792
1111
-3305
-4653
-5935
-7576
-10610
-12837
-15151
-17219
-20448
-19790
-17426
-14630
-13208
-10505
-4213
1899
5861
6874
7624
7675
7106
3866
1678
-1220
-1220
-2821
-2586
1103
4783
6758
7049
9667
11789
13524
12641
11801
11503
11050
10701
11786
14592
17757
19730
20155
22311
15976
4773
-6585
-12365
-16300
-24367
-31365
-29659
-23298
-16956
-11738
-3697
8287
12890
10925
8872
12216
15024
9730
3455
4697
10219
12427
12194
13870
18268
16422
8324
970
-2267
-6349
-15392
-24559
-26215
-21802
-18117
-14145
-7995
1161
7398
9952
12465
15381
15813
12339
7773
5762
7435
6807
4357
1570
-4815
-4815
-9812
-13818
-17784
-22291
-25195
-24649
-19326
-14881
-10301
-5308
2605
9605
12367
11822
11094
9432
5763
1883
-1163
-1163
-1945
-2258
3987
3987
7838
8963
8879
9904
11287
11209
10715
10897
11953
13073
14011
17166
20038
23206
24505
23945
19797
9950
-1650
-9446
-12971
-17976
-25827
-29976
-24841
-17265
-11704
-7314
7300
7300
7926
5583
6612
11700
12547
8130
5388
10903
18133
19647
17624
17531
17931
12401
2912
-3863
-7036
-12326
-20918
-26481
-23030
-15690
-11377
-8909
-4074
3185
7299
8014
8810
11000
10988
8409
6880
9573
13282
12852
9223
4270
1863
-2881
-9437
-17535
-22434
-25932
-27374
-26410
-20652
-13200
-7324
-2417
2403
8647
11637
10834
7155
5061
3496
2235
1703
1703
2366
3440
4970
7590
8241
7032
5755
6603
8181
10561
11140
12112
14780
17432
19769
21550
22902
24366
23507
20136
11375
-9591
-9591
-12822
-15805
-22581
-27854
-25136
-17466
-12781
-9601
-4639
3033
5329
2327
1605
7686
12801
11147
7683
11709
20659
23882
20756
17770
17408
13441
3078
-6669
-9889
-11458
-17651
-24308
-23133
-14507
-8398
-7635
-6452
4280
4280
4256
3184
5845
9663
9656
8459
11074
16940
18730
13722
6192
1354
-3055
-11028
-20696
-26705
-27667
-26906
-25379
-20072
-11311
-4033
1567
1567
5351
8766
7865
4264
1813
2747
4067
3826
3311
4655
6137
5743
4600
4913
5974
5075
3752
4076
8337
12080
14884
15617
18240
20943
21639
21404
20016
21026
17951
17855
10542
1564
-10278
-13571
-13726
-16994
-23794
-25633
-18754
-13713
-9845
-8824
3540
3540
3913
918
4860
12544
15937
12203
10476
17046
22454
22010
15226
12371
10545
4284
-5746
-11818
-11257
-12006
-17927
-22435
-16577
-8296
-4882
-7464
-5230
4259
4259
3442
4732
9996
13487
13211
12261
16119
18539
14967
4751
-3437
-7744
-11485
-19005
-25538
-26653
-23541
-20705
-18318
-12330
-6013
-2067
-2180
3088
3088
6514
5704
3834
4240
7214
9203
7375
5186
4399
4198
2246
1268
1607
4081
4738
6152
9107
13799
17268
17493
17605
17576
18957
17289
17769
19411
22824
23992
17869
4325
-7302
-10843
-10174
-17533
-27713
-29828
-21552
-14862
-11799
-7684
4522
4522
1893
3280
3280
10593
12798
8909
8100
15498
23819
25307
19854
15472
12558
5939
-4255
-11674
-12370
-12386
-17896
-22556
-17867
-7513
-3134
-6817
-8146
-3642
5536
5536
10318
12116
13173
17977
20693
18874
8176
-2698
-9551
-12234
-17593
-25174
-27912
-23817
-17299
-14597
-10188
-6245
-2788
-3542
-3592
-1413
2023
3901
3412
4029
7867
12253
11475
7509
4189
3883
2630
1181
3480
3480
6736
9905
13063
16193
19515
20082
18783
16046
16285
16524
17024
17579
19803
21249
12229
-1288
-12274
-11991
-12826
-20719
-29121
-26908
-16711
-10783
-7225
-3301
2728
2627
3972
3972
8511
9807
9132
10881
17870
24165
24473
17094
10326
5869
-6808
-6808
-13155
-13601
-13294
-14889
-16225
-12034
-5902
-4524
-8179
-10424
-8096
-4297
-2002
5378
5378
10674
14949
18185
18327
16050
10052
1758
-8231
-14917
-16496
-17714
-20119
-21300
-16270
-11366
-9550
-9769
-9334
-8796
-9260
-7631
-4358
2848
2848
5953
8790
9849
10546
8942
5221
1493
1682
1682
3469
5501
8556
12397
15931
18463
19029
18262
16893
15630
13475
14043
15108
18348
19018
20035
13445
1948
-10134
-12631
-12658
-18811
-26454
-25831
-16368
-10868
-8364
-4804
-4839
-4839
-5068
1004
4560
6061
8142
13043
17844
21294
22639
19594
11856
3831
-1244
-4112
-7348
-10804
-11531
-10269
-9193
-9366
-8595
-7816
-9769
-14087
-15809
-11581
-5856
-1574
981
6308
12189
16499
15790
12286
5823
-1539
-8528
-12869
-12467
-12653
-12762
-14055
-10834
-7335
-7052
-10615
-13721
-13822
-13325
-11326
-7769
-2621
2400
2400
5165
7994
7750
4332
1101
2046
2046
3523
5962
9058
12887
15039
17103
18525
19685
18068
15553
13728
14627
16913
17871
20207
21301
22161
13512
-13180
-13180
-16418
-15063
-18938
-24570
-25397
-14116
-6688
-4841
-6283
-3909
-3790
-9177
-11724
-5519
3752
7493
8608
13874
22157
25238
22429
17238
11819
4476
-3043
-4964
-2562
-1099
-4694
-6981
-4621
-2152
-5646
-12754
-16557
-16938
-18092
-17961
-12758
-2707
3410
3858
4931
9892
12363
7687
-1186
-6224
-6838
-7246
-6366
-6897
-4282
-4643
-5053
-6752
-8538
-8716
-12183
-14441
-15566
-10593
-4146
-1600
-1222
-1222
1947
2561
1530
-1799
-1799
2333
2333
6304
9952
12711
15046
15645
16994
18046
19635
19372
18703
18696
20997
23083
23667
22758
21638
16682
4809
-10336
-18943
-15566
-12728
-15465
-23708
-21175
-12019
-4881
-6438
-11849
-13060
-13775
-12322
-9720
-3141
4042
8065
11916
14654
19154
20551
18517
13607
7299
3282
2307
5802
9041
7363
2529
-1518
-1161
-1161
-5468
-12420
-16737
-17314
-15669
-11834
-7245
-3565
-3274
-3589
-2261
-3669
-3669
-7062
-9181
-8465
-4379
968
968
-1829
-3616
-3161
-1513
-1992
-4228
-6533
-7408
-5114
-1490
-2545
-2545
-3646
-3433
-2204
-1643
-2374
-3617
-3610
3767
3767
6368
6201
5696
6679
8706
11674
13526
13958
13068
13456
16440
19261
20755
20391
19158
15575
8493
1919
1428
1428
1880
-1680
-4673
-5041
-2665
-945
-1494
-3776
-8795
-13259
-15248
-12061
-6984
-5186
-6757
-8943
-6770
-1699
2359
2505
-1461
-5884
-7441
-3983
2435
5927
4830
1986
2548
6410
9742
9728
6384
2039
-1121
3545
3545
7429
7106
3220
2476
2476
2381
-1850
-9861
-17297
-19404
-15731
-11038
-10540
-12690
-13944
-11964
-7721
-4405
-4303
-8197
-11538
-10030
-4927
2095
2095
1044
-987
-1806
3283
3283
3160
-3387
-3387
-2030
2466
7108
9381
9112
7969
7974
10637
13600
13963
12296
10655
11859
14803
18311
20604
20259
17711
11873
5333
1436
1250
2336
-4386
-4386
-4755
-2065
-1141
-1141
-3863
-8247
-12343
-13620
-10521
-8202
-6977
-6743
-6523
-4568
-2595
-3262
-3262
-7298
-8986
-4883
3627
3627
3278
1794
3116
5524
7303
7423
5170
1808
-1125
3929
3929
7689
7700
5417
3525
3213
2839
2147
-5490
-5490
-11065
-14744
-13035
-9835
-8468
-8939
-11502
-11816
-10709
-7622
-6099
-8342
-10177
-10511
-7179
-4028
-1792
-1686
-1686
-2111
-2441
-1129
-1643
-1643
-1764
-1404
2409
2409
5298
8020
8739
8792
8889
9712
10848
11917
12514
12350
12586
13640
16055
18327
18864
16621
11419
4984
1906
3598
5622
3278
-1504
-2144
2096
2096
1165
-2700
-2700
-6758
-9665
-10432
-8556
-7518
-7537
-7044
-7070
-6273
-5558
-4139
-3370
-4961
-6795
-8387
-6359
-2630
1947
1947
2688
3380
3548
3039
1108
1429
4072
6407
6424
5246
4907
3925
2250
1320
-1838
-1838
-6585
-9529
-8816
-7484
-8050
-8498
-8546
-8752
-9049
-8099
-7521
-9058
-9790
-8105
-6327
-6542
-6868
-5390
-4140
-4122
-4330
-4352
-4556
-4599
-1612
1503
2944
3330
4357
6457
8183
9842
10226
9882
9443
10434
13304
15248
15854
16336
17279
17908
17733
15966
10902
3660
3172
3172
5876
2844
2589
2589
2184
-1272
-2946
-4605
-7827
-10561
-11050
-9290
-8457
-7866
-6927
-6608
-6488
-7374
-7221
-7233
-7339
-7898
-8286
-5712
-1767
2127
2127
2591
1789
1105
2185
2790
2318
3592
6247
7581
6131
5075
5146
3801
-2409
-2409
-4369
-6483
-7339
-6250
-5161
-6415
-8578
-8802
-8172
-8593
-9917
-10831
-11416
-11103
-8406
-5303
-4248
-5101
-5440
-4772
-4394
-4189
-4178
-4348
-4488
-3303
3136
3136
4550
5043
5820
7205
7710
8500
9279
9985
10605
11818
13457
14442
15325
16353
17052
16082
12595
6557
1673
2178
5720
6683
2002
-1339
3325
3325
2283
-1974
-4259
-6444
-9169
-10417
-8233
-5962
-7183
-8396
-8038
-6753
-6748
-7625
-7311
-7991
-8935
-9396
-7469
-3433
-2317
-2317
-2111
1100
1100
1638
1638
4299
6923
6958
3887
2171
2155
1120
-1882
-4758
-5565
-6296
-5937
-4620
-3439
-4791
-7208
-7876
-8306
-9211
-9956
-9107
-8474
-8544
-6970
-4466
-3417
-4514
-5502
-5255
-5664
-5561
-4671
-3056
-2594
-1920
2093
2093
3354
3662
4129
5014
5628
6532
8148
10012
10644
11479
13165
14460
14854
14829
14338
11697
6963
3396
4030
6676
6636
3372
1241
1241
2326
1191
-1404
-3869
-6031
-8007
-8498
-7250
-5776
-6044
-7424
-8405
-7875
-7558
-8149
-8782
-9330
-9714
-9842
-7688
-3742
-1492
-2817
-4696
-4383
-2410
-1299
-1354
-1456
-1064
3801
3801
6377
6096
3561
1349
-1311
-1311
-2896
-4328
-5058
-5126
-4214
-3278
-3647
-5663
-7564
-8469
-8815
-8756
-7859
-6761
-6715
-6477
-5646
-4708
-4938
-5313
-5537
-5350
-5171
-3834
-2674
-1847
-1122
1582
1582
2476
2908
3078
3774
5233
7031
8843
9918
10632
11575
12972
14014
14161
13766
11917
8688
4781
3754
6533
8458
5937
1477
2158
2158
1596
-2309
-2309
-3939
-7252
-9385
-8009
-5314
-4549
-6473
-8365
-8982
-8305
-7541
-7372
-7421
-8119
-8688
-7840
-4796
-1325
-2990
-2990
-4721
-4099
-2586
-1668
1112
1112
4050
6049
4416
1475
-1261
-1261
-2888
-3696
-3179
-3564
-5457
-6265
-4856
-4534
-6249
-7728
-8303
-8685
-8472
-5813
-3801
-4379
-5814
-5981
-4554
-4772
-3844
-3467
-3873
-4411
-2936
2090
2090
3685
3921
4141
4943
6305
8101
9920
11776
12861
13805
14919
16155
17100
16130
12868
7145
1955
2855
7372
8439
2926
-1254
-4401
-4401
-7608
-7157
-8092
-12139
-13151
-9365
-5155
-5708
-8532
-10238
-11159
-10873
-10082
-8018
-5669
-4544
-3821
-2583
2659
2659
1697
-942
-1584
2489
2489
3291
5623
7459
6140
3015
2583
4974
4929
1765
-2543
-2543
-4851
-7059
-11079
-15094
-15629
-13242
-12224
-13127
-13597
-13271
-12773
-11587
-9593
-8133
-8285
-7286
-3862
-1348
-1339
-1582
-1237
-1561
-1660
2735
2735
3292
3139
4240
6088
6929
6819
7992
8938
9215
10099
12817
15145
15694
15833
16488
17844
20082
22761
16951
4188
-7834
-2358
11027
12872
1385
-9262
-5207
-5670
-13645
-17833
-11174
-5613
-16767
-23115
-14091
-1027
-2147
-15560
-18149
-12066
-5166
-2624
5493
5493
4672
-1728
-3925
3606
13530
12253
4143
2960
7012
9897
7149
7190
8097
1786
-4884
-3258
5783
7355
-6821
-6821
-7619
-7946
-9015
-7754
-5296
-8920
-17708
-20395
-16486
-10603
-12103
-16113
-16869
-15038
-9818
-6535
-4869
-6600
-7617
-5693
-2825
3159
3159
3458
-1754
-1754
4691
4691
4170
1904
2463
4951
5853
5673
7220
8160
8254
8600
10964
14183
14697
15080
14652
16368
18806
20973
22578
15476
4488
-5583
13244
13244
14411
2157
-9903
-6023
-4485
-10975
-14160
-8104
-4187
-16425
-22642
-11005
2076
-2550
-17912
-18942
-8252
-1249
2304
2304
7589
5037
-4868
-5053
6858
17615
14138
3582
3636
8717
10944
7807
7532
9301
3280
-3265
-1194
7644
9054
-7711
-7711
-7853
-6934
-6535
-5836
-4742
-9170
-17751
-19728
-16521
-11945
-13029
-15296
-15067
-13671
-9822
-7485
-6057
-6483
-6154
-4017
-1768
1096
3378
3107
2748
2748
4387
3436
3958
6246
7403
6895
7101
9217
9289
9516
10874
13765
15273
14785
16028
15109
17873
18421
24678
19245
4902
-6833
-3213
15825
14504
3365
-9406
-6326
-5599
-16145
-13394
-4453
-18020
-18020
-27730
-12673
2206
-2320
-18486
-18441
-7713
-4987
-6783
1872
11329
6917
-10041
-11327
6730
17798
14619
3587
6301
8709
5161
3432
8671
14650
5640
-4845
-3395
7090
8426
-7183
-7183
-6082
-7270
-9944
-8714
-4824
-5365
-17126
-23094
-21025
-13607
-12840
-16274
-15925
-13631
-11699
-12202
-9746
-6781
-5619
-6703
-4188
3396
3396
1463
-1575
2706
2706
4148
3125
4580
6294
6503
5419
6658
9319
9539
8831
9609
12836
15043
14523
14667
15262
15846
16050
20868
18400
4145
-9248
-2831
17036
15944
-1790
-12713
-5525
-4280
-15632
-13808
-22097
-22097
-30508
-10562
5894
-3065
-20247
-17346
-6314
-6928
-8998
2116
13923
4896
-13639
-11746
8673
18112
10082
1972
6691
8828
2534
1462
10335
14961
3956
-6434
-2079
7777
6480
-2301
-6283
-3830
-5689
-9694
-8822
-6349
-8800
-18093
-20619
-16665
-12431
-15164
-19212
-16474
-12395
-10618
-11804
-9928
-7597
-8174
-8049
-3321
1924
1335
-2822
-3330
3694
3694
3961
3365
4795
4933
3908
4931
8058
10000
8907
8294
9947
12491
13394
13694
14271
15134
16481
16416
20903
13763
938
-8200
3008
20140
12625
-4336
-12799
-4565
-6893
-14829
-6763
3087
-5235
-28658
-27630
-5259
4649
-7657
-17806
-12278
-8523
-12540
-8213
8019
12656
-1044
-14339
-6028
9376
12501
7130
5277
8784
5895
1658
3967
12266
11387
2255
-2794
2339
7763
3467
-2440
-4153
-1896
-2951
-6052
-7101
-6684
-10401
-16514
-18137
-12919
-10195
-15589
-19614
-16708
-11025
-11150
-10546
-7528
-7268
-10602
-10126
-2349
2207
-2738
-2738
-1696
1651
1651
2694
5232
6193
5031
4123
5530
8100
9223
9820
10272
11066
11695
12916
13399
15367
15565
18161
17661
19979
13759
1067
-4790
3174
18449
12880
-9227
-9227
-7632
-9014
-12965
-3042
3696
-5759
-25671
-26163
-9863
-5854
-5854
-11522
-9752
-12126
-14898
-9423
5850
9989
1188
-7895
-4787
4499
7748
7290
7253
9317
6946
4357
4477
10189
9591
4869
1224
3792
7836
3758
-1113
-4142
-1772
-2065
-2065
-4801
-6811
-9957
-14341
-16110
-13813
-10425
-13843
-17698
-18254
-14512
-13068
-11729
-8024
-6434
-9197
-10984
-6647
-1586
2748
2748
5148
5971
6065
5644
6098
7341
9431
11143
11661
11328
11295
11373
13456
14836
16949
17686
18545
18704
6296
-3339
-3287
13454
19693
5340
-8384
-10039
-5445
-10069
-8996
2701
2749
-16076
-30435
-19037
-2253
-2044
-10875
-10669
-9045
-13065
-15313
-4370
7879
4719
-4596
-7232
1137
6534
4375
3661
6208
8919
7319
4525
6989
8727
6036
2515
2786
8218
8023
1531
-4189
-3612
1486
1897
-2539
-5938
-7922
-12598
-17054
-14809
-7558
-9006
-17214
-19857
-15874
-13521
-14382
-9805
-5159
-8575
-12983
-9821
-3565
-2508
-3419
1277
1277
-1265
-1265
3810
3810
4979
6022
6334
5868
5856
6807
9419
12342
12321
11178
10744
11996
13443
14220
18253
18578
19901
11045
-4271
-4271
6244
21608
13043
-3401
-10404
-6351
-7786
-11389
7152
7152
-7978
-28784
-25959
-7492
-1271
-8622
-10252
-8741
-13321
-18173
-11235
3957
6244
-1983
-7661
-3414
3632
3398
2616
5635
8245
7618
4523
5355
8065
6745
4687
3589
6941
8836
4102
-2430
-4136
4076
4076
-4967
-4967
-6931
-10630
-14660
-14364
-6914
-7295
-15615
-19858
-16884
-13426
-13871
-10622
-6890
-9345
-13445
-11211
-5487
-3305
-4470
-2533
-1203
-1203
2625
2625
3912
4870
5758
5455
5478
5152
7985
11412
12126
10877
10085
10924
11878
13205
16674
19365
18034
15582
3146
-2604
2078
18050
20216
2115
-8992
-8194
-4294
-7165
-3460
6244
-1397
-21507
-28397
-13328
-3796
-3796
-11234
-11479
-13119
-16635
-14536
-2346
6477
-7071
-7071
-6903
4480
4480
2934
4273
6702
6893
4817
3189
4972
6683
5420
4823
4444
6765
4918
-1668
-4757
-1122
4810
2026
-6199
-9244
-9051
-9720
-9267
-6344
-4830
-12307
-17624
-14290
-8383
-6773
-8565
-7598
-7827
-9737
-8617
-4623
-2822
-4171
-5270
-2873
-1993
-2213
-2007
-915
1467
2205
2701
2136
2197
3436
5489
8201
9973
8232
7633
7731
11322
14276
16925
17780
17075
9164
2019
2019
13206
21770
10277
-2575
-5955
-2050
6870
6870
4376
-9093
-19971
-13031
2799
2799
-4723
-9775
-10333
-11326
-9817
-4306
3126
-5621
-5621
-8467
-4464
1167
1198
1394
1394
-1281
-1281
-1180
-1180
1405
1405
-2263
-5708
-4327
1733
2613
-3672
-8455
-6476
-4465
-4278
-5196
-3581
-6064
-11271
-10545
-5034
-1836
-5801
-7462
-5316
-4561
-5858
-4812
-2659
-3383
-5534
-3895
-1357
-1357
-2663
-2487
1825
1825
1485
1530
2353
3700
4613
7055
9122
9288
7049
8155
11333
15062
16303
17445
14204
1950
-1325
7674
21785
16976
1380
-4122
-2228
7054
7054
10057
-2807
-17660
-15236
6282
6282
-6922
-6922
-8429
-10806
-10056
-4406
3936
3587
-5115
-9464
-6366
1950
1950
-1034
-1034
-1379
-1379
-1024
-1024
-1918
-1809
-1965
-1965
-6243
-5374
1092
1092
-4006
-7498
-5240
-4482
-5424
-3835
-1745
-3735
-9586
-8866
-4105
-2063
-3792
-4512
-3538
-4216
-5195
-3712
-1951
-2315
-3712
-3994
-2095
-1749
-1955
-1517
1477
1477
1260
1260
2310
3594
5036
6823
8833
9103
8081
9596
12000
14814
16219
16695
8623
2824
2824
15238
20351
7340
-2227
-2264
1934
1191
3180
9331
4134
-9975
-15706
-4115
6960
4495
-4483
-7410
-7247
-7430
-5329
1153
4634
-2066
-8548
-8099
-1401
1889
-1932
-1932
-2217
-1700
-1246
-1658
-2151
-1343
-1629
-1811
-2954
-1383
-1021
-4287
-5587
-2628
1456
-1214
-6078
-6603
-4453
-3787
-3259
-1497
-2542
-7148
-8893
-4613
-926
-1582
-3383
-4065
-4415
-4677
-3000
-1211
-1211
-3185
-4044
-2345
-1154
-994
-1104
1211
1211
2427
2427
4255
4292
5526
7398
8939
8432
10523
13309
15738
14509
14002
7269
3032
6631
16068
17450
3695
-3086
-1086
4336
3692
4546
7212
-10452
-10452
-11365
955
7563
2581
-6476
-7152
-5945
-4670
-1814
2459
3125
-4623
-8095
-5571
1715
1715
-2688
-2688
-2642
-2564
-2091
-1522
-1976
-1404
-3110
-2937
-3483
-2113
-2534
-5181
-4893
-2073
-2605
-2605
-6356
-6066
-3586
-2297
-1243
-2229
-4412
-7630
-6709
-2161
-1493
-1493
-4452
-5147
-4323
-2575
-2583
-2583
-3909
-3156
1274
1274
3259
4507
4391
4177
5724
7925
8764
10043
11071
13414
12372
13430
9926
6418
6520
10954
14864
6601
4021
4021
4904
3905
4183
-5347
-5347
-7673
-1402
3865
3450
-3506
-6769
-5982
-2869
948
948
-3269
-5529
-5245
-918
1875
-2450
-2450
-4535
-3469
-2006
-2590
-2590
-2708
-3419
-3302
-3962
-3337
-2012
-3741
-4783
-3407
-930
-2684
-5809
-5440
-2453
-1573
-2097
-2419
-3571
-5227
-4692
-1521
-2309
-2309
-4384
-4554
-3486
-1916
-2384
-2384
-2859
-1703
1066
1066
923
1043
1043
2622
4058
4697
4080
4373
6064
8199
8942
9569
10647
11496
10843
11649
8540
5979
5727
11605
13930
6495
4688
4688
4477
4117
5027
1530
-5439
-7741
-954
4648
2533
-4044
-5899
-5444
-3364
-1256
1069
1206
-3844
-6650
-5606
-1262
-2192
-2192
-3268
-3397
-2512
-1664
-2237
-2329
-3419
-3470
-4720
-4329
-3855
-3303
-2671
-2614
-3036
-4769
-5406
-4105
-2036
-1572
-2615
-4802
-5121
-4207
-2326
-1361
-2002
-3159
-4528
-4166
-2446
-977
-1202
-2599
-3065
-2324
-993
1104
1104
1089
983
983
2278
3922
4394
4961
4981
5758
7021
8055
8600
8815
9733
9994
8652
9674
10717
8637
3558
4030
9612
10114
1157
-2413
3111
7544
2215
-3239
1550
1550
-2997
-4883
1514
3592
-4086
-8422
-3031
2078
-1171
-4908
-3851
-1927
-4397
-3909
-3173
-3173
-6063
-3207
-947
-947
-2403
-3483
-3779
-4090
-3796
-2321
-1971
-3206
-4824
-4632
-2334
-2281
-3235
-3594
-3072
-3182
-4010
-3027
-2364
-3468
-3926
-2773
-2314
-3836
-4284
-2343
-1823
-2437
-2367
-2057
-2215
-2530
-976
1078
966
1623
1623
2464
3692
5276
5704
4571
4248
6110
8740
9718
9423
9038
8782
9021
10604
12553
8364
3934
3949
9448
10386
3955
1134
1134
2668
1698
3021
4605
-5759
-5759
-5020
1396
3281
-3970
-3970
-3966
-4594
-3599
958
958
-1777
-6736
-6378
-3304
-1396
-1396
-2524
-3976
-5388
-4899
-2405
-1155
-2872
-5106
-5415
-3686
-2560
-2004
-2760
-3130
-3300
-3087
-2397
-1915
-2213
-3096
-2941
-2509
-2529
-3685
-3483
-2591
-2265
-2726
-2959
-2645
-2966
-2778
-2008
-1629
-1629
-2124
-1433
981
981
1158
1490
1229
1644
2975
4551
4978
4414
4889
6259
7685
8420
8766
8282
8088
8500
10776
12210
7125
2858
3429
10448
11032
3811
2953
2953
2854
3363
3370
-1505
-6737
-4379
2574
4214
-1306
-6293
-5589
-3942
-1708
-3952
-3952
-7734
-5821
-1487
-2134
-2134
-4791
-5338
-4340
-3573
-2193
-2211
-4235
-5145
-4863
-2185
-2491
-3301
-3433
-2713
-2290
-2874
-2463
-2275
-2238
-2198
-1476
-1673
-2710
-3503
-2286
-1161
-1464
-2452
-3132
-2669
-2068
-981
-1642
-1642
-1626
1259
1259
1073
2186
2186
3658
3616
3311
3720
4742
5508
6156
6809
7088
6884
7295
8830
10103
9996
4590
2332
4873
11661
10148
2153
-1231
1282
4400
4199
5533
4326
-2455
-7531
-2219
5322
3942
-2901
-6193
-4814
-4337
-1956
-6122
-6122
-9066
-5221
-1203
-3431
-3431
-4815
-5881
-5337
-3385
-1306
-2146
-5297
-5507
-4569
-2616
-3167
-2841
-2699
-2927
-3133
-2649
-1658
-2094
-2334
-1876
-1142
-2206
-2650
-2211
-1123
-1123
-1941
-2146
-2409
-2132
-1547
-1410
-1410
-2136
1178
1178
1827
1827
3309
3359
2250
2235
3397
4911
5289
5370
5283
5413
5815
6940
8010
8194
5235
2966
4638
8631
9025
3085
1689
1689
4613
4742
4023
3379
-4062
-4062
-1038
4407
3762
-2085
-5171
-4070
-2733
-1574
-1369
-1369
-5625
-7792
-4679
-1480
-1846
-3697
-5085
-5637
-5362
-3257
-1833
-3048
-4771
-4955
-3523
-2903
-2985
-2703
-2797
-2977
-2743
-2143
-1813
-2295
-1921
-1462
-1374
-1860
-2241
-1690
-1220
-963
-1173
-1346
-1509
-1527
-1109
-1108
-1108
1104
1104
1931
2587
2542
2068
2168
2862
3980
4431
4171
3976
4098
4997
5771
6478
6406
5798
4444
3718
5285
6696
5749
2007
1000
2727
4351
3849
3009
1746
-1222
-1222
1080
3030
-2354
-2354
-3154
-2136
-1415
-2998
-2998
-5204
-4925
-2797
-2147
-3092
-3955
-4262
-4566
-4108
-2851
-2820
-3747
-4017
-3345
-3029
-3297
-2838
-2258
-2227
-2482
-2448
-2213
-2116
-1757
-1419
-1663
-1894
-1787
-1678
-1085
-1014
-1014
-1666
-1683
-1133
1288
1288
1029
1571
1571
2047
2007
1537
1546
1818
2798
3418
3433
2799
2691
3185
4060
4882
4960
4718
4457
4541
4730
5063
5017
4421
3299
2790
2652
2954
3140
3047
2230
966
1000
1000
-1791
-1791
-2006
-1165
-1010
-1813
-2613
-2978
-3376
-3387
-2673
-2423
-3302
-4035
-3671
-3101
-2952
-3095
-3065
-3353
-3349
-3241
-2665
-2270
-2315
-2634
-2760
-2250
-1912
-1971
-2151
-1987
-2052
-2135
-1826
-1188
-1174
-1675
-1764
-1414
-1341
-1383
-1123
-993
-933
1418
1418
1629
1690
1427
1618
1822
2238
2487
2521
2161
2125
2596
3084
3185
3179
3131
3294
3677
4162
4023
3617
3395
3409
3151
3065
2891
2449
1809
1474
2039
1945
1293
-1153
-1153
-1564
-1306
-1570
-1998
-2047
-2074
-2503
-2920
-2723
-2488
-2541
-2780
-2861
-2891
-3172
-3206
-2546
-2056
-2634
-3366
-3067
-2348
-2148
-2063
-1933
-2173
-2656
-2453
-1411
-1163
-1871
-2161
-1831
-1682
-1542
-1107
-1183
-1857
-1962
-1228
-1015
-1015
1328
1328
1348
1288
1267
1506
1499
1623
2073
2040
1927
1908
2208
2318
2182
2294
2430
2598
2601
2800
2736
2503
2519
2636
2780
2556
2167
1822
1817
1973
1906
1490
1063
-1228
-1228
-1372
-1626
-1707
-1482
-1533
-2016
-2280
-2149
-2057
-2264
-2416
-2381
-2517
-2484
-2364
-2215
-2163
-2754
-2731
-2412
-2009
-2207
-2430
-2281
-1988
-2094
-1937
-1660
-1785
-1979
-1820
-1392
-1496
-1766
-1638
-1022
-1060
-1142
935
935
1288
1288
1516
1281
1158
1447
1713
1831
1759
1807
1728
1624
1870
2086
2058
1987
1943
2025
1967
2072
2053
1939
1826
1821
1716
1465
1158
1057
1272
1258
1001
-953
-953
-1286
-1432
-1346
-1304
-1505
-1682
-1882
-2125
-2207
-2031
-1942
-2034
-2422
-2521
-2465
-2331
-2366
-2095
-1961
-1997
-2230
-2171
-1895
-1807
-1778
-1700
-1703
-1990
-1862
-1467
-1225
-1258
-1110
-1210
-1288
-1176
989
989
941
1005
1252
1318
1233
1382
1441
1415
1167
1095
1217
1305
1271
1263
1412
1300
1217
1333
1584
1746
1651
1388
1109
1019
1125
1209
1054
-1089
-1089
-1168
-1125
-1063
-1160
-1323
-1400
-1512
-1801
-1867
-1741
-1629
-1845
-2057
-1960
-1754
-1652
-1573
-1630
-1731
-1925
-1735
-1477
-1638
-1881
-1889
-1558
-1519
-1424
-1390
-1379
-1452
-1269
-960
1040
1040
968
918
947
989
928
1091
1317
1248
1105
1051
1090
1014
990
1103
1137
1005
1029
1021
1021
1097
1057
-960
-960
-1060
-1019
-1034
-1034
-1072
965
965
1019
963
1039
1138
1061
1059
1109
1191
1169
1217
1257
1186
1225
1299
1338
1410
1328
1411
1419
1386
1353
1429
1486
1445
1380
1443
1480
1354
1312
1430
1395
1302
1337
1332
1367
1335
1194
1187
1214
1132
1157
1138
1002
947
947
969
1017
1017
988
928
1012
1012
1154
1291
1335
1380
1329
1157
1125
1225
1436
1477
1356
1249
1254
1333
1448
1463
1329
1255
1202
1193
1127
1127
1286
1268
1157
1127
1139
1171
1078
1083
1137
1193
1118
954
927
943
952
952
942
944
916
916
986
1141
1235
1375
1414
1383
1450
1452
1513
1623
1598
1656
1591
1613
1666
1606
1629
1664
1662
1636
1703
1668
1559
1623
1589
1551
1503
1449
1382
1450
1502
1540
1471
1347
1193
1203
1164
1039
1082
1057
945
1033
1033
1020
1016
1016
1021
1140
1226
1228
1288
1372
1426
1364
1253
1217
1277
1264
1235
1154
1067
957
937
937
952
952
998
1093
1090
1132
1227
1337
1272
1223
1190
1173
1215
1288
1359
1282
1150
1129
1167
1213
1339
1267
1094
1070
1125
1135
1118
1043
925
914
914
928
961
961
971
988
976
976
925
925
982
993
995
951
981
981
1017
986
985
988
948
974
922
962
1040
1103
979
982
982
961
937
928
985
995
923
1024
1012
995
960
977
1066
1110
1039
-1027
-1027
-939
-1046
-1106
-1063
-1169
-1149
-1270
-1364
-1367
-1322
-1289
-1400
-1514
-1526
-1501
-1518
-1534
-1658
-1688
-1683
-1675
-1720
-1767
-1865
-1923
-1925
-1879
-1796
-1840
-1797
-1872
-1962
-2012
-1892
-1802
-1962
-1968
-1853
-1804
-1752
-1614
-1620
-1596
-1512
-1525
-1394
-1251
-1234
-1210
-1232
-1248
-1178
-1011
-926
-926
-920
-920
-940
-935
-935
-923
-923
939
939
952
952
1023
1068
1121
1116
1070
1080
1202
1172
1056
1042
1064
1075
1072
1159
1215
1080
1121
1136
1056
1120
1118
1118
1168
1065
1140
1182
1156
1079
1028
1025
940
976
1101
1137
1040
1051
1082
1022
1026
1053
1002
951
951
954
974
929
957
977
991
946
941
941
984
943
989
970
918
918
987
987
986
986
938
926
937
937
972
977
992
1124
1039
990
1072
1058
1124
1160
1111
990
1074
1027
999
968
1023
956
-927
-927
-923
-923
-935
-935
947
947
1027
960
1020
1010
929
967
962
917
944
944
923
965
965
1042
952
987
987
1289
1411
1442
1249
940
919
919
1013
1013
1175
1342
1340
1366
1239
999
1108
1108
1332
1319
1452
1369
1042
993
993
1138
1236
1334
1096
987
987
1102
1051
1052
1052
1121
972
914
914
1021
1050
956
956
1202
1253
1184
924
924
992
1031
982
-1076
-1076
-1108
-1084
-995
-1038
-1038
-1120
-944
-998
-981
-955
-955
-1175
-1257
-1198
-1180
-1150
-985
-947
-953
-970
-1016
-1078
-917
-1132
-1132
-1320
-1430
-1368
-1308
-1258
-1169
-1233
-1220
-1243
-1162
-993
-993
-993
-1210
-1455
-1474
-1394
-1421
-1380
-1328
-1369
-1307
-1169
-1146
-920
-1109
-1109
-1335
-1476
-1657
-1643
-1506
-1437
-1286
-1194
-1316
-1257
-1186
-948
-1049
-1049
-1326
-1537
-1710
-1683
-1613
-1577
-1453
-1454
-1363
-1178
-1090
-991
-940
-940
-1234
-1578
-1639
-1610
-1589
-1483
-1350
-1251
-1246
-1160
-1074
-949
-1001
-1001
-1322
-1520
-1660
-1842
-1713
-1564
-1394
-1277
-1204
-1021
-969
-967
-992
-992
-1336
-1531
-1559
-1585
-1482
-1325
-1149
-1203
-1095
-925
-1083
-1083
-1219
-1339
-1229
-1174
-1110
-980
-1003
-932
-967
-967
-1089
-1031
-972
-941
-952
-952
1180
1180
1454
1554
1446
1222
974
974
1365
1511
1487
1239
962
931
931
1165
1132
1069
1067
1067
1247
1237
1124
1071
1071
1047
946
1095
1095
1361
1371
1304
1082
1191
1191
1307
1162
1022
1022
1017
1015
987
987
920
937
937
1053
928
928
955
955
953
953
939
939
1124
1346
1377
1246
1050
1016
1016
1275
1606
1784
2177
2388
2361
2255
2119
1837
1525
1293
1201
1208
1121
1117
1173
1206
1295
1495
1751
1966
2276
2540
2586
2529
2264
2124
1937
1670
1566
1550
1434
1417
1551
1646
1693
1875
2151
2455
2637
2755
2818
2624
2300
1998
1677
1325
1185
1117
1097
984
1058
1058
1217
1347
1534
1544
1454
1286
970
1104
1104
1333
1245
1034
972
972
1125
1178
1044
1099
1099
1097
992
-939
-939
-1026
-1004
-915
-915
-964
-970
-965
-1009
-920
-915
-915
-923
-931
-931
-1100
-1203
-1224
-1211
-1149
-1146
-1003
-926
-926
-1086
-1150
-1140
-1166
-1066
-916
-968
-968
-955
-1028
-1130
-1084
-1112
-1011
-932
-1019
-1019
-1028
-1153
-1169
-1106
-999
-956
-956
-990
-914
-915
-1002
-1019
-1019
-1031
-1039
-951
-930
-930
-1076
-1266
-1362
-1340
-1202
-1115
-981
-1014
-1014
-1045
-1044
-1076
-1070
-959
1083
1083
1387
1581
1620
1607
1561
1320
1084
947
984
984
1212
1532
1813
1867
1830
1774
1664
1367
974
990
990
1154
1433
1580
1672
1745
1622
1434
1136
999
930
930
914
914
1047
1047
1195
1263
1300
1076
1205
1205
1511
1547
1612
1593
1498
1206
1058
1058
1182
1262
1237
1153
935
935
1040
1038
929
929
-1070
-1070
-1130
-1173
-1199
-1216
-1199
-993
-993
-979
-981
-980
980
980
-989
-989
-1033
-984
-992
-992
-1010
-981
-1025
-1025
-1118
-1115
-1102
-1044
-963
-963
-1155
-1165
-1106
-1032
-934
-934
-1017
-1092
-1134
-976
-968
-968
-937
-936
-936
-926
-930
-923
-930
-930
-992
-1054
-954
-1005
-1005
-1111
-1145
-1050
-1070
-1070
-1146
-1209
-1226
-1181
-1109
-923
-923
-985
-1122
-1102
-1048
-1005
931
931
1103
1218
1131
1134
1028
939
939
1181
1388
1495
1556
1529
1412
1256
1162
1108
968
955
955
1156
1294
1387
1505
1463
1383
1126
1023
931
931
1037
1037
1183
1245
1179
1090
1119
956
969
969
1100
1248
1344
1309
1288
1198
1073
1036
981
981
1214
1336
1498
1555
1497
1427
1368
1251
1055
1010
1010
1101
1066
1002
-964
-964
-1114
-1160
-1041
-959
-954
-954
-1015
-1099
-1273
-1306
-1238
-1056
-946
-946
-1042
-1042
-1041
999
999
1125
1209
1229
1088
1000
971
936
990
990
1014
949
-918
-918
-941
-941
-994
954
954
1182
1360
1483
1598
1681
1664
1531
1504
1593
1458
1503
1536
1407
1344
1360
1415
1400
1542
1638
1716
1830
1816
1794
1819
1784
1734
1693
1530
1497
1474
1471
1431
1380
1432
1364
1485
1593
1657
1706
1765
1726
1621
1614
1522
1516
1508
1366
1227
1139
1130
1130
1147
1157
1185
1302
1345
1342
1373
1377
1343
1283
1324
1245
1106
1003
929
952
952
921
-970
-970
-953
-958
-917
-917
-959
-959
-1028
-949
-1079
-1083
-1012
-935
-929
-929
-1027
-999
-1041
-1088
-1145
-1123
-1051
-1030
-1018
-927
-961
-961
-971
-1099
-1125
-1040
-1047
-1011
-988
-988
-1027
-1019
-1021
-1058
-982
-917
-917
-957
-957
-933
-926
-1029
-1068
-937
-937
-1001
-946
-951
-951
-1038
-1053
-927
-963
-961
-921
-921
-1001
-1105
-1056
-1064
-1069
-969
-914
-954
-951
1009
1009
1089
1116
1130
1003
988
924
924
-933
-933
-966
-968
-982
-1095
-1136
-964
-932
-949
-949
-971
-993
-1037
-1132
-1273
-1250
-1301
-1302
-1255
-1207
-1110
-1061
-1145
-1046
-922
-919
-967
-967
-1069
-1100
-1154
-1095
-1156
-1217
-1271
-1199
-1121
-1117
-1005
-945
-921
-921
-932
-932
-1129
-1175
-1182
-1204
-1226
-1198
-1123
-1065
-1071
-1038
-928
-928
-986
-960
-960
-922
-922
-948
-938
-938
934
934
939
939
915
915
994
920
920
930
930
1023
1195
1331
1470
1567
1724
1756
1807
1790
1738
1702
1628
1521
1472
1384
1276
1148
1075
1193
1248
1186
1247
1346
1331
1331
1309
1381
1364
1281
1094
1003
-980
-980
-1036
-1073
-1075
-1146
-1118
-1087
-1018
-1038
-1065
-1062
-1135
-1090
-1101
-1052
-1117
-1206
-1186
-1214
-1368
-1379
-1478
-1440
-1389
-1378
-1329
-1301
-1270
-1257
-1166
-1118
-1192
-1327
-1333
-1362
-1388
-1413
-1486
-1592
-1613
-1451
-1499
-1516
-1481
-1459
-1376
-1364
-1279
-1231
-1248
-1305
-1295
-1308
-1302
-1373
-1499
-1501
-1452
-1438
-1483
-1460
-1401
-1365
-1326
-1306
-1279
-1237
-1231
-1254
-1276
-1298
-1387
-1349
-1351
-1501
-1528
-1647
-1653
-1526
-1491
-1412
-1290
-1274
-1260
-1214
-1227
-1183
-1193
-1246
-1276
-1327
-1303
-1313
-1331
-1323
-1279
-1159
-1101
-1076
-1012
-982
-975
-940
-946
-967
-967
-938
-938
916
916
956
1023
1069
1138
1209
1276
1318
1355
1355
1362
1343
1344
1235
1138
1151
1216
1162
1170
1101
1060
935
965
1056
983
959
996
987
917
917
1009
1009
1239
1353
1353
1222
1131
939
939
958
958
951
951
1008
1040
1044
1055
1107
1063
1056
1050
1084
1009
1002
961
961
927
972
972
1089
1050
1093
1050
1096
1087
1026
944
993
1002
914
914
1040
966
984
969
933
939
1047
1047
1181
1309
1281
1203
1160
974
917
917
940
940
1025
1022
1025
918
918
974
974
970
1065
1065
958
935
935
1132
1195
1166
1114
1014
1062
1062
1132
1201
1109
947
-927
-927
-1068
-983
-953
-953
-1042
-1047
-1016
-940
-940
1038
1038
1141
1214
1071
1004
1004
1169
1245
1241
1145
918
929
929
1071
1186
1126
-960
-960
-977
-993
-993
-1054
-1161
-1340
-1345
-1189
-978
-985
-985
-1050
-1225
-1188
-1021
-917
-917
-1010
-1081
-953
-928
1009
1009
1105
995
983
983
990
1006
1006
1157
1163
1020
1319
1319
1439
1523
1468
1163
956
1318
1318
1537
1657
1680
1517
1216
962
942
942
1350
1625
1741
1822
1702
1396
1128
1218
1218
1437
1561
1587
1452
1242
979
1000
1000
1309
1501
1555
1376
1214
994
994
1309
1369
1391
1214
1017
1123
1123
1324
1351
1141
959
959
1269
1495
1552
1442
1091
1133
1133
1221
1164
975
-1034
-1034
-1037
-1040
1107
1107
1303
1205
993
940
940
1302
1417
1355
1147
-950
-950
-931
932
932
1289
1515
1496
1329
998
-928
-928
-919
973
973
1195
1336
1274
977
1160
1160
1397
1335
1131
1046
1046
1295
1406
1301
-925
-925
-991
-1117
-1044
1107
1107
1388
1410
1328
1080
1097
1097
1469
1568
1513
1331
932
1034
1034
1440
1604
1546
1295
954
-933
-933
-976
-1064
-1007
1201
1201
1279
1082
-1003
-1003
-1209
-1326
-1363
-1311
-1317
-1152
-1000
955
955
970
-978
-978
-1312
-1422
-1436
-1471
-1488
-1398
-1096
-1118
-1118
-1422
-1561
-1602
-1743
-1697
-1598
-1493
-1292
-929
-1011
-1011
-1220
-1452
-1540
-1583
-1742
-1729
-1470
-1266
-1109
-1109
-1338
-1437
-1499
-1605
-1636
-1553
-1446
-1125
-1049
-1049
-1288
-1465
-1578
-1681
-1701
-1678
-1577
-1273
-1158
-1158
-1462
-1739
-1932
-2009
-2114
-2053
-1798
-1494
-1117
-1129
-1129
-1374
-1687
-1745
-1829
-1855
-1813
-1699
-1350
-1088
-933
-933
-1209
-1402
-1380
-1471
-1420
-1335
-1033
1217
1217
1383
1426
1214
-953
-953
-1044
-1078
-976
1137
1137
1503
1730
1779
1526
1114
-990
-990
-1169
-1293
-1281
-1179
-986
-1260
-1260
-1589
-1776
-1930
-2100
-2113
-1920
-1664
-1435
-1045
-1079
-1079
-1379
-1715
-1998
-2115
-2215
-2267
-2227
-2154
-1815
-1561
-1114
-1154
-1154
-1327
-1487
-1568
-1510
-1320
-1077
1275
1275
1534
1583
1463
1248
1011
1011
1398
1689
1747
1663
1377
-1044
-1044
-1127
-1168
-1044
1092
1092
1378
1550
1424
1143
-927
-927
-1338
-1545
-1647
-1709
-1725
-1539
-1186
-1245
-1245
-1485
-1762
-1894
-2001
-2073
-2014
-1852
-1587
-1142
-1272
-1272
-1706
-1923
-2066
-2224
-2173
-2141
-2052
-1704
-1270
-1278
-1278
-1548
-1830
-1991
-2019
-2029
-1852
-1597
-1214
-1072
-1072
-1336
-1600
-1765
-1876
-1943
-1740
-1486
-1043
1137
1137
1126
969
-1016
-1016
-1226
-1417
-1385
-1269
-1020
1255
1255
1563
1706
1615
1370
941
-976
-976
-1110
-1068
-933
1030
1030
1393
1739
1881
1954
1809
1388
950
1217
1217
1550
1883
2174
2151
2011
1719
1294
1007
1007
1532
1935
2177
2223
1988
1613
1294
1249
1249
1671
2105
2161
2052
1816
1468
1006
1288
1288
1631
1978
2211
2122
1914
1581
1112
1040
1040
1539
1900
2192
2165
2080
1744
1120
935
935
1232
1647
2012
2108
2007
1651
1206
1108
1108
1640
2032
2088
1918
1717
1365
973
1071
1071
1464
1813
1970
1878
1733
1454
1028
-928
-928
1237
1237
1597
1820
1923
1747
1438
1206
1157
1157
1607
1926
1961
1781
1550
1258
-970
-970
-932
1186
1186
1521
1670
1691
1538
1162
-1006
-1006
-1019
-1065
1296
1296
1541
1523
1452
1133
-1052
-1052
-1269
-1364
-1410
