-835
-835
-860
-979
-955
-956
-914
-874
-903
-903
-831
832
832
828
828
896
1011
956
843
904
988
938
924
941
928
864
922
837
876
876
960
977
963
983
986
964
933
933
927
968
969
935
946
894
967
960
848
848
898
902
959
1012
1099
1211
1196
1199
1246
1294
1289
1346
1400
1465
1523
1410
1429
1431
1345
1347
1226
1166
1151
1068
1041
981
873
832
951
951
1000
1049
1026
1140
1313
1332
1377
1426
1294
1337
1364
1321
1359
1281
1309
1251
1256
1245
1134
1036
1005
969
-836
-836
-903
-903
-1032
-1032
-1027
-1014
-965
-980
-1028
-1025
-1003
-957
-957
-901
-931
-880
846
846
882
902
977
1175
1262
1260
1353
1461
1449
1495
1527
1520
1597
1560
1463
1479
1477
1447
1465
1310
1257
1138
1027
974
885
-847
-847
-850
-873
-973
-1016
-931
-906
-952
-926
-867
-879
-851
946
946
994
1080
1166
1250
1333
1307
1241
1306
1447
1466
1331
1385
1450
1482
1452
1407
1378
1350
1283
1241
1125
1008
968
853
-842
-842
-909
-885
-898
-850
-840
-910
-850
-833
-901
-925
-908
-840
870
870
976
1133
1116
1227
1252
1286
1441
1394
1355
1429
1435
1434
1484
1404
1378
1369
1264
1255
1185
1052
957
961
896
-842
-842
-918
-922
-1004
-1000
-978
-966
-1061
-1079
-1052
-1019
-963
-902
-868
-836
907
907
998
1011
1115
1119
1211
1235
1330
1331
1377
1431
1440
1402
1411
1421
1401
1334
1320
1199
1118
1076
1042
1027
855
842
-836
-836
-954
-945
-1013
-1075
-1140
-1087
-1066
-1177
-1214
-1082
-965
-995
-1045
-930
-878
-908
933
933
1061
1155
1214
1279
1386
1506
1449
1503
1508
1525
1590
1605
1553
1602
1553
1475
1505
1367
1339
1215
1204
1162
1024
974
860
-872
-872
-894
-967
-1021
-1091
-1133
-1056
-1080
-1078
-950
-946
-949
-967
-968
-905
-869
-865
-862
-848
-848
-845
-836
-874
863
863
1031
1158
1217
1295
1322
1410
1386
1482
1620
1614
1632
1739
1770
1760
1789
1722
1676
1602
1455
1497
1442
1268
1188
1017
951
-965
-965
-2441
-2514
-2377
-1939
-2062
-2130
-2507
-2405
-3298
-3627
-2956
-3032
-2781
-2794
-2850
-2635
-2494
-2662
-2579
-2589
-2237
-2170
-1942
-1511
-1021
856
856
991
1156
955
1097
-1089
-1089
-1271
-882
-1347
-2173
-2570
-2475
-2668
-3156
-3734
-3936
-4084
-4428
-4813
-4912
-4011
-3353
-3380
-3849
-3656
-3051
-2917
-3139
-3095
-2406
-1901
-1361
-843
1138
1138
1249
952
1406
2152
2508
2493
2532
2884
3243
3614
3868
3990
4373
4528
3755
2547
1517
1044
-1374
-1374
-2047
-2573
-3184
-3575
-3632
-3935
-4600
-4695
-4029
-2889
-2201
-2029
-1774
-1220
992
992
1802
2190
2336
2878
3555
3824
3168
2370
2040
1742
1452
928
-1474
-1474
-2225
-2619
-2891
-3420
-4071
-4368
-4085
-3593
-3077
-2768
-2644
-2234
-1677
-1113
-1593
-1593
-2468
-3126
-3151
-2998
-3206
-3544
-3880
-4202
-4502
-4733
-4241
-3794
-4039
-4132
-3590
-2697
-2083
-1619
-1471
-1008
1514
1514
2291
3061
3584
3808
4336
5333
6088
6521
6562
6937
7352
7853
8136
8251
8182
8293
8723
8532
8415
7934
5039
-3657
-3657
-3652
-1374
-1472
-3634
-5114
-5074
-5208
-6711
-7401
-6003
-4729
-5566
-6180
-3680
1180
4255
4110
3447
4601
6207
6582
6426
7264
8738
8591
7366
7098
7938
7908
5011
1038
-1211
-1409
-1294
-1730
-2451
-3247
-4049
-5271
-5918
-5584
-4790
-4217
-4188
-3933
-1936
1088
3343
3958
3773
4291
5336
6215
6646
7342
7928
7856
6779
5995
6282
6124
4294
1548
-1280
-1280
-3913
-5839
-6057
-5277
-6338
-9116
-9641
-8644
-7844
-7671
-6810
-4458
-2323
-1708
-1382
1826
1826
3048
2697
2403
3915
5288
4698
3758
3416
3937
3406
2302
1906
2100
2105
1282
1395
1395
3345
3919
3542
3925
5562
7444
8274
8687
9778
11076
11952
12155
12216
12481
10704
5146
2754
2754
3282
-3877
-3877
-4378
-5126
-7156
-8642
-7492
-5445
-6135
-7711
-5809
3164
3164
2399
1038
3033
6223
7225
7290
8337
9870
9733
7778
7033
8343
8417
5344
893
-1547
-1193
-1208
-2452
-3812
-4872
-6029
-7565
-8188
-7287
-5713
-5021
-5049
-4472
-2068
1048
2584
2708
2947
4036
5516
6555
7174
7805
7788
6601
4928
4143
4312
3877
1214
-1551
-4957
-7206
-7380
-6703
-6303
-8687
-11431
-12469
-12075
-10198
-8337
-7611
-6917
-5544
-3535
-1560
977
977
933
1702
1702
3989
4756
4205
2454
1096
1120
1501
1813
-1274
-1274
-1574
-1025
1910
1910
2024
2330
3166
4853
6371
7429
7756
8619
10057
11579
12030
11719
9984
4419
-2308
-3903
2457
2457
-5302
-5302
-7129
-7760
-9342
-10984
-9893
-6925
-6536
-8318
-7041
-1279
3056
2101
1590
1590
5511
7270
7184
8018
9086
8260
5585
4456
6140
6492
2864
-2328
-4755
-4090
-3879
-5137
-6396
-7007
-8174
-9552
-9592
-7665
-5533
-4935
-4768
-3302
2901
2901
3982
3734
3864
4691
5975
6995
7654
7571
6326
4241
2327
1894
1801
-2144
-2144
-4393
-6414
-9140
-10604
-9955
-8716
-9475
-10987
-10856
-9548
-8449
-7333
-6294
-4790
-2593
1197
1197
1869
1752
953
957
2555
3149
1923
-924
-924
-1342
-1818
-2019
-2182
-2524
-2317
1100
1100
1725
2996
4878
6459
7955
8662
9449
10172
11097
12487
13218
12238
9115
2087
-4431
-4760
-1029
-3971
-3971
-8379
-9662
-10492
-12665
-12763
-10271
-7404
-7358
-8273
-4937
1223
4153
2493
1621
4802
9008
9890
9726
10476
10289
7793
4771
4676
6260
5086
-4759
-4759
-6312
-5839
-6668
-8492
-9056
-9076
-9829
-10469
-9116
-6282
-4363
-4246
-3457
3491
3491
5707
5776
5778
6467
7091
7706
8476
8655
7307
4593
1903
-2718
-2718
-5153
-9299
-13050
-13162
-11165
-9204
-9609
-10405
-9591
-8532
-6733
-4445
-2867
-1593
1503
1503
3383
4527
4530
3067
1612
1669
2581
2416
1565
-1696
-1696
-2241
-2019
-1580
-1578
-2296
-2844
-3248
-2782
1981
1981
3999
5429
6772
8869
10786
11691
12704
13363
13814
14459
12866
6985
-1685
-5332
-1738
1680
-2234
-8463
-10294
-10848
-13709
-15828
-12547
-7198
-6785
-9387
-7434
4250
4250
3146
1520
4971
9947
11384
10618
11440
12465
10014
5587
4350
6504
6707
2135
-3996
-6712
-6250
-6792
-8726
-9493
-8990
-9318
-10844
-10475
-6952
-3699
-3123
-2898
4318
4318
6897
6937
7031
7997
8528
8465
8834
9743
8833
5283
1581
-1476
-1476
-3465
-5412
-9076
-13488
-14416
-12385
-9584
-9557
-10750
-10100
-8042
-5397
-2842
-1452
1055
1055
2486
4101
5543
5511
3903
2213
1916
3062
3251
2205
-2119
-2119
-2690
-2109
-1674
-1474
-1768
-2225
-2061
-923
1738
4484
5377
5713
6774
8653
10647
12518
14211
14913
14405
13073
9090
1049
-4841
-2907
2752
2155
-5079
-10002
-10197
-11747
-15312
-14565
-8572
-4697
-6860
-8540
-3687
2880
3771
1418
3052
9171
12521
10966
9916
11178
10616
6824
4204
5885
7674
4353
-2509
-6958
-7111
-6392
-7699
-9085
-8389
-7941
-9645
-10997
-8780
-4816
-2805
-2493
4167
4167
7082
6822
5996
7014
8580
8662
8629
9576
9621
6546
2083
-1132
-1132
-2833
-6158
-10233
-12538
-12887
-12021
-10671
-9345
-9222
-9324
-7990
-4467
-1912
-1269
1789
1789
3736
5180
5839
4973
3455
2312
2214
2592
2796
2255
-1558
-1558
-2207
-1827
-1422
-1265
-1170
-1366
-949
1012
3075
4998
6383
6322
7061
8460
11118
14157
14959
14567
13798
9598
1166
-5617
-4051
3958
5233
-3033
-10045
-10909
-11435
-14524
-14520
-8403
-3706
-6564
-9705
-5924
1050
3381
960
1736
7945
12248
11041
9105
9474
9490
6584
4388
6454
8908
5893
-1512
-7197
-7672
-5998
-6512
-8025
-7714
-7428
-9484
-11690
-10086
-5493
-3054
-3201
-1657
2866
6270
5927
4633
5781
8047
8500
8407
9461
9781
6794
2065
-1600
-1600
-4048
-7003
-10063
-12331
-12548
-11726
-10165
-9064
-8955
-7755
-5465
-4121
-3241
-1944
3430
3430
4812
5148
4833
3652
2470
2342
2763
3187
2619
1052
-1609
-1609
-1724
-1628
-1554
1343
1343
2863
4604
5998
7353
8601
9194
9939
11817
13763
14675
14507
11796
4342
-4526
-6788
5838
5838
1992
-6624
-11047
-11650
-12926
-13065
-8396
-2409
-2932
-7556
-7317
-1059
3952
3290
2143
5349
10030
10646
8411
7330
7078
4983
2353
2821
5940
5615
-7640
-7640
-10027
-7751
-5565
-5543
-5652
-5428
-6766
-9162
-8644
-4032
1214
1214
1082
3531
6853
7405
5649
5176
6742
7536
6890
6777
6698
4507
-3429
-3429
-3388
-1866
-3016
-5578
-7641
-8976
-10347
-12084
-10492
-7026
-5427
-5790
-5333
-3676
-2248
-2110
-1403
909
2746
3542
3097
2137
1238
-958
-958
-2502
-3097
-2591
-1754
1009
1009
2026
2898
4720
7286
9085
9928
10197
11064
12227
14469
15256
15402
13545
7489
-2183
-7726
-3325
5446
5619
-4001
-11239
-12158
-12055
-12796
-9189
-1684
-4810
-4810
-8255
-3343
3920
5697
3656
4802
9439
10906
7735
5424
5725
5033
1946
2777
2777
4101
-871
-9049
-13436
-11262
-7153
-5819
-6350
-6203
-6811
-9250
-9990
-5370
1566
4343
3059
3250
6315
8141
7108
6360
7996
9308
8083
6277
5879
4762
903
-3129
-3747
-1862
-1639
-3982
-7427
-9826
-11275
-11037
-8418
-5423
-3673
-4615
-6084
-5357
-2359
1293
1293
2088
2109
-1130
-1130
-1699
-1203
-1280
-2815
-4804
-5318
-4088
-2218
-886
832
832
3444
7043
9555
10201
9761
10180
11428
13112
15261
16166
15638
12725
5300
-3811
-6089
7104
7104
3266
-6078
-10560
-10561
-11727
-11323
-5162
1406
-6276
-6276
-7257
-906
4552
4810
4306
6998
9747
8196
4568
3953
4949
3555
943
2698
2698
1452
-4930
-11367
-12480
-9086
-6129
-5582
-6127
-6591
-8152
-10166
-8327
-1916
3560
3876
1970
2481
5132
6205
6059
7564
9572
9031
6307
4539
4325
3101
-2287
-2287
-1712
-899
-2651
-6003
-7891
-9233
-10151
-9631
-6203
-3123
-3637
-6087
-7172
-4694
-1470
931
1648
1384
-1061
-1061
-1627
1073
1073
913
-2148
-2148
-2407
-2327
-3149
-3672
-3211
-1962
-1010
1531
1531
3724
5901
8324
9286
9134
8928
9673
12783
15173
15792
14659
10832
2383
-4955
-2876
6379
10241
2202
-7485
-10171
-9612
-10008
-7083
3153
3153
-3053
-10324
-7961
5363
5363
4546
4011
5979
5933
2725
1363
4092
6088
3669
1996
1996
-6926
-6926
-10114
-7968
-4566
-3813
-5019
-6011
-7033
-8865
-8912
-4069
2570
4598
1182
-1621
3502
3502
5633
7264
9093
8567
4868
1959
2581
4225
3511
1177
-3110
-3110
-5926
-7678
-7685
-6463
-5455
-5090
-5332
-5650
-6837
-6893
-4259
1601
1601
-1810
-1810
-2294
-2240
-1754
1052
1052
-2395
-2395
-3868
-3654
-2713
-1989
-1568
-1554
-1682
-1839
-1796
-1048
3107
3107
4852
6221
6905
7278
7365
8299
10017
11965
13869
14159
12864
8866
2297
-2226
7296
7296
9344
2012
-6699
-9073
-7489
-6546
-3204
2495
3221
-4355
-11221
-8271
5813
5813
5171
3815
3182
1150
-1544
4518
4518
7042
3744
-1367
-2780
-1982
-3401
-6185
-6291
-3865
-3092
-5218
-6931
-6545
-5962
-6316
-5108
2917
2917
2127
-1282
-2055
1053
4586
6427
7514
7694
4911
887
3028
3028
5719
4696
1536
-1131
-3555
-5128
-5804
-4962
-3346
-2949
-4390
-6977
-7029
-5596
-4160
-3057
-1236
-1575
-1575
-3826
-3582
-1315
-1678
-1678
-3584
-4826
-3855
-2212
-1407
-1790
-2702
-3299
-3274
-1890
1301
1301
2323
2708
3466
4781
6311
7300
8243
9498
10680
11727
12121
12202
10437
6233
1867
1848
6176
9040
4507
-3013
-6533
-5139
-3362
-1671
1370
2276
-3047
-9667
-8671
-838
4846
4263
1529
-1545
-1545
-2566
4326
4326
6627
3001
-2717
-4667
-2734
-1382
-2263
-3087
-3052
-4144
-6712
-7450
-4990
-2928
-3714
-4621
-3083
-921
-871
-1755
2247
2247
3647
3570
3898
4885
4087
2407
2428
4458
5325
3607
1022
-1774
-1774
-2389
-2739
-2666
-2432
-3629
-5377
-6856
-6146
-4370
-3326
-3054
-3121
-3475
-4416
-4248
-2344
-1760
-1760
-2461
-3122
-3237
-2403
-969
-840
-2177
-2975
-3045
-2398
-1844
-1091
1081
1081
2761
4306
5158
5436
6077
7419
8743
9899
10478
11057
10297
7021
3767
4080
7665
9031
4961
-1688
-1688
-1288
-1537
2049
2049
1537
-3999
-8491
-6249
-918
1267
-839
-839
-1979
-4056
-4318
3489
3489
3576
-3583
-3583
-3605
-1879
-861
-2107
-2107
-4751
-6294
-4708
-1785
-1220
-3322
-4614
-4162
-3334
-3008
-1600
855
1298
1216
1216
3102
2921
2555
3298
3853
2871
1976
2005
1887
-1409
-1409
-2949
-3576
-3193
-2945
-3297
-3717
-3834
-4283
-4704
-3908
-2438
-2154
-3632
-4510
-3781
-2942
-2606
-1980
-1434
-2105
-3330
-2999
-1433
-865
-865
-1213
-1241
-912
969
969
2547
3375
3056
3176
3842
4824
5981
7273
8322
8640
8509
7810
6766
5567
5873
7071
7481
5102
2672
1853
1964
1840
2205
2661
1492
-2126
-4241
-2753
-1761
-1761
-3359
-4798
-3843
-1006
865
-2471
-2471
-3954
-4040
-3065
-1417
-1342
-1342
-3319
-4869
-4847
-3012
-1212
-1095
-2467
-3682
-3765
-3215
-2072
-1969
-1969
-1709
1648
1648
1687
1690
1596
1704
1704
3235
2812
1230
-1488
-1488
-2635
-2950
-2594
-1918
-1735
-2243
-2987
-3307
-3353
-3233
-2938
-2441
-2595
-2967
-3026
-2396
-2019
-2034
-1798
-1625
-1831
-2090
-1745
-1118
845
845
1183
2009
2884
3393
3730
4404
4923
5658
6316
6391
5882
5479
5774
5793
5210
4696
4596
4376
3610
3129
3395
2900
1665
829
829
-848
-848
-1612
-1995
-1512
-1273
-1440
-1863
-2145
-2133
-2119
-2157
-2241
-2448
-2566
-2777
-2881
-2657
-2383
-2368
-2735
-2944
-2839
-2701
-2361
-1949
-1631
-1784
-2136
-1895
-1316
-1125
-1125
-1515
-1508
-1310
-1203
-1084
-1472
-1919
-2250
-2264
-1954
-1775
-1839
-2220
-2498
-2445
-2238
-1926
-1713
-1848
-2064
-2195
-2062
-1628
-1176
-897
890
890
1541
2308
3056
3495
3770
4310
5138
5946
6272
6257
5827
5540
5402
5343
5585
5669
5285
4459
3436
2850
2614
2192
1755
1157
-1136
-1136
-1038
-866
-983
-1368
-2062
-2604
-2646
-2303
-1813
-1773
-2041
-2458
-2981
-3125
-3047
-2862
-2696
-2940
-3269
-3284
-3186
-2937
-2726
-2675
-2838
-2942
-2746
-2352
-1851
-1346
-1005
-942
-885
-905
-905
-1133
-1240
-1442
-1445
-1551
-1664
-1931
-2117
-2257
-2348
-2259
-2307
-2199
-2174
-2282
-2178
-1934
-1662
-1391
-1231
-1130
-1002
-925
1159
1159
1768
2266
2746
3039
3640
4481
5177
5657
5968
6169
5882
5376
5194
5465
5892
5936
5498
4881
3987
3181
2546
2281
2229
1520
-1002
-1002
-1152
-1263
-1475
-1716
-2241
-2552
-2713
-2362
-1826
-1750
-1927
-2253
-2454
-2351
-2317
-2135
-2131
-2390
-2501
-2596
-2614
-2475
-2505
-2674
-2701
-2642
-2492
-2287
-1884
-1569
-1324
-1258
-1036
-826
-826
-1059
-1156
-1321
-1538
-1915
-2173
-2463
-2713
-2679
-2707
-2750
-2797
-2902
-2764
-2453
-2017
-1786
-1704
-1617
-1423
-1169
-936
954
954
1536
2150
2575
3003
3467
4040
4812
5505
6047
6341
5926
5320
4991
5201
5760
6172
5988
5319
4391
3377
2963
2940
2789
2090
843
-1157
-1157
-1368
-1051
-1092
-1420
-2314
-3198
-3403
-3085
-2448
-2070
-2080
-2464
-3085
-3172
-2763
-2158
-1894
-2131
-2529
-2798
-2625
-2321
-2099
-2029
-2209
-2523
-2651
-2478
-2178
-1885
-1552
-1506
-1409
-1217
-839
-1150
-1150
-1330
-1464
-1457
-1909
-2217
-2454
-2692
-2779
-2864
-2601
-2625
-2739
-2711
-2662
-2238
-1899
-1727
-1640
-1403
-1098
918
918
1292
1808
2510
3178
3656
4153
4678
5458
6077
6212
6001
5499
5316
5617
5995
6351
6178
5597
4558
3642
3471
3392
3175
2435
1366
-1290
-1290
-2212
-2909
-3031
-2796
-2306
-2278
-2538
-2881
-3194
-3068
-2688
-2315
-2243
-2483
-2538
-2497
-2274
-1983
-1945
-1911
-2276
-2421
-2279
-2131
-1836
-1663
-1337
-1074
-910
-1005
-1005
-1172
-1057
-930
-1126
-1733
-2224
-2410
-2414
-2277
-2201
-2153
-2319
-2427
-2165
-1804
-1557
-1415
-1283
-1009
1037
1037
1602
2177
2603
3020
3328
3765
4473
5277
5913
6286
6210
5549
4896
5194
5833
6346
6419
5893
5341
4526
4111
4135
3865
3376
2358
1447
934
-933
-933
-1573
-1873
-2024
-2021
-1792
-2126
-2487
-2709
-2908
-2736
-2576
-2389
-2476
-2520
-2423
-2395
-2227
-1915
-1738
-1796
-1925
-1727
-1482
-1451
-1288
-1037
-999
-999
-1170
-1326
-1557
-1865
-1881
-1776
-1941
-2138
-2213
-1986
-1835
-1806
-1627
-1383
-1216
-1194
-1043
1180
1180
1738
2254
2717
3181
3589
3945
4320
5104
5695
6132
6149
5678
5030
4693
5065
5441
5644
5570
4987
4144
3474
3184
3270
3064
2324
1484
847
-1010
-1010
-1481
-1673
-1494
-1409
-1645
-2085
-2370
-2671
-2648
-2456
-2468
-2579
-2925
-2934
-2754
-2504
-2189
-2046
-1958
-2058
-2172
-1920
-1649
-1297
-1155
-955
-839
-839
-837
-1007
-1133
-1201
-1513
-1782
-1836
-1875
-1973
-2075
-2172
-2182
-2165
-1973
-1636
-1422
-1250
-1091
-892
1224
1224
1777
2302
2969
3586
4101
4531
4985
5598
6330
6872
6987
6456
5765
5443
5632
6024
6166
5861
4998
4074
3321
3215
3202
2791
2075
1027
-1217
-1217
-1576
-1483
-1271
-994
-997
-1383
-1732
-2012
-2018
-1912
-1871
-1959
-2315
-2386
-2321
-2313
-2215
-2110
-2020
-2135
-2041
-1883
-1713
-1446
-1244
-970
-860
-860
-1031
-1212
-1120
-1175
-1141
-1324
-1542
-1596
-1671
-1676
-1821
-1867
-1861
-1753
-1521
-1366
-1218
-1167
-1029
883
883
1615
2290
2883
3435
3950
4503
5079
5838
6584
7259
7295
6719
6131
5925
6351
6523
6528
6120
5370
4416
3529
3429
3351
2761
1831
-1406
-1406
-1735
-1532
-1277
-1177
-1264
-1554
-1544
-1615
-1668
-1607
-1680
-1798
-2177
-2096
-1880
-1847
-2028
-2224
-2254
-2426
-2218
-1923
-1712
-1631
-1606
-1342
-1107
-1202
-1202
-1546
-1735
-1727
-1682
-1919
-2198
-2330
-2357
-2304
-2257
-2236
-2332
-2375
-2187
-1856
-1490
-1147
-976
-840
1050
1050
1402
1835
2418
2978
3446
3904
4340
4916
5460
6013
6552
6621
6122
5485
5670
6036
6521
6620
5933
5178
4249
3653
3687
3547
2968
1837
-1598
-1598
-2304
-2536
-2236
-1726
-1643
-1925
-2245
-2548
-2458
-2081
-1761
-1789
-2044
-2169
-2098
-1951
-1702
-1640
-1632
-1739
-1895
-1740
-1498
-1381
-1322
-1350
-1088
-836
-1294
-1294
-1540
-1577
-1438
-1509
-1874
-2248
-2458
-2472
-2383
-2428
-2500
-2598
-2629
-2444
-2081
-1520
-1191
-1087
-906
836
836
1216
1838
2394
2991
3588
4033
4620
5017
5558
6115
6660
6653
5979
5401
5425
5833
6291
6214
5685
4980
3940
3410
3389
3277
2802
1618
-866
-866
-1549
-2278
-2525
-2376
-2094
-1914
-2091
-2378
-2573
-2499
-2362
-2170
-2090
-2382
-2502
-2333
-2003
-1667
-1808
-2000
-2110
-2141
-1739
-1499
-1405
-1438
-1402
-1153
-947
-979
-979
-1237
-1514
-1590
-1614
-2091
-2246
-2481
-2629
-2680
-2683
-2602
-2625
-2768
-2696
-2493
-2131
-1791
-1609
-1371
-1258
-931
1241
1241
1799
2484
3161
3837
4350
4661
5286
5938
6509
6632
6157
5595
5403
5704
6099
6312
6003
5314
4492
3783
3642
3454
2851
1798
-1117
-1117
-1745
-2440
-2715
-2438
-2282
-2205
-2495
-2742
-2812
-2911
-2584
-2262
-2184
-2419
-2564
-2356
-2183
-1818
-1704
-1803
-1768
-1815
-1768
-1537
-1405
-1366
-1392
-1200
-948
-894
-894
-1159
-1369
-1592
-1611
-1768
-1987
-2291
-2565
-2642
-2626
-2487
-2665
-2813
-2756
-2661
-2379
-2061
-1817
-1643
-1427
-1135
1164
1164
1602
2258
2893
3517
4194
4892
5500
6107
6545
6475
5959
5359
5307
5613
5931
5934
5398
4698
4006
3426
3298
3029
2445
1430
-1218
-1218
-1790
-2547
-2841
-2569
-2341
-2297
-2489
-2876
-3056
-3105
-2908
-2654
-2536
-2735
-2940
-2736
-2503
-2205
-2054
-2008
-1944
-1937
-1704
-1412
-1163
-1025
-975
-886
-928
-928
-1012
-1098
-1164
-1260
-1482
-1732
-1911
-1936
-1987
-2137
-2310
-2457
-2506
-2477
-2583
-2742
-2722
-2646
-2434
-2088
-1738
-1554
-1476
-1408
-1046
1326
1326
1882
2633
3324
3893
4518
5227
5844
6296
6303
6004
5682
5605
5760
5918
5901
5435
4844
4092
3502
3343
3067
2451
1503
-839
-839
-924
-1105
-1527
-2045
-2749
-2893
-2708
-2425
-2239
-2427
-2614
-2849
-2924
-2740
-2584
-2347
-2524
-2663
-2560
-2263
-1886
-1858
-1851
-1872
-1906
-1938
-1860
-1684
-1359
-1230
-1061
-871
-1001
-1001
-1341
-1589
-1703
-1850
-1926
-2136
-2389
-2638
-2920
-3025
-2880
-2870
-2940
-2964
-2956
-2763
-2338
-1955
-1659
-1401
-1225
-999
927
927
1271
1677
2267
2974
3546
3983
4661
5167
5694
5847
5602
5306
5144
5248
5342
5517
5265
4703
4109
3534
3314
3036
2392
1590
-835
-835
-1027
-1347
-1816
-2386
-3018
-3440
-3463
-3410
-3160
-3197
-3240
-3274
-3307
-3069
-2975
-2750
-2651
-2683
-2610
-2335
-2035
-1654
-1505
-1452
-1457
-1497
-1495
-1276
-992
-939
-921
-892
-852
-852
-1020
-1065
-1087
-1158
-1407
-1473
-1511
-1772
-1948
-2190
-2339
-2477
-2535
-2495
-2532
-2514
-2508
-2395
-2232
-1970
-1634
-1340
-1143
-1033
-854
1008
1008
1312
1845
2325
2934
3413
3835
4358
4603
4953
4924
4895
4881
4742
4746
4727
4685
4444
4241
3793
3506
3251
2735
2207
1644
855
-1076
-1076
-1657
-2082
-2509
-2761
-2973
-2978
-2893
-2892
-3135
-3177
-3159
-3102
-3016
-2961
-2843
-2672
-2580
-2317
-1929
-1579
-1344
-1384
-1308
-1277
-1175
-911
-969
-969
-1084
-1167
-1306
-1229
-1212
-1223
-1489
-1695
-1825
-2000
-2100
-2298
-2442
-2509
-2687
-2671
-2648
-2436
-2175
-1959
-1900
-1537
-1339
-1073
-847
1002
1002
1762
2352
2677
3304
3995
4403
4898
5206
5461
4980
4869
4346
4256
3872
3422
2805
2726
2519
1927
1582
1555
2019
1015
-1061
-1061
-1783
-2273
-1865
-2165
-2769
-3051
-2688
-2347
-2456
-2716
-2623
-2229
-2307
-2700
-2693
-2293
-2000
-2289
-2269
-1708
-1217
-1236
-1301
-916
-908
-908
-1016
-1016
-1072
-968
-938
-1127
-1160
-1059
-921
-921
-1607
-2420
-2977
-3250
-3640
-3928
-3817
-3316
-2947
-2732
-2485
-2071
-1947
-2260
-2497
-2995
-3873
-4573
-4771
-4944
-4792
-4402
-3757
-2960
-2046
1490
1490
2014
2315
2516
3275
4300
5010
5733
6901
8195
9038
9683
10429
11598
11684
11365
9204
6501
4463
2888
-2467
-2467
-3786
-3520
-4070
-6316
-6283
-4080
-3358
-5509
-6714
-5145
-4188
-5517
-6066
-3793
-1467
-1056
1970
1970
4829
5537
4893
5222
5914
5386
3539
2271
2054
1595
-1002
-1002
-972
-972
-2447
-2694
-2662
-3691
-5166
-5555
-5290
-5606
-6099
-5239
-3411
-1707
1300
1300
1860
906
-1244
-1244
-2294
-3771
-5243
-5115
-4463
-4318
-3813
-2696
-1681
-1297
-1481
-1409
-1746
-2832
-3794
-4232
-4503
-4563
-4106
-3362
-2271
-868
1756
1756
2971
3745
4247
4431
4789
5660
6282
6979
8248
9857
11157
12360
13307
14583
15762
16120
14150
8853
4235
1907
-4760
-4760
-8830
-9522
-8895
-10790
-11822
-9019
-5740
-6250
-8835
-8367
-5678
-4924
-6060
-5121
-1688
942
1906
4053
8740
12826
12989
11261
11276
12025
10375
6496
3588
2454
-2738
-2738
-4174
-3328
-2887
-4600
-6828
-7221
-6844
-7462
-8796
-9438
-9128
-8764
-8040
-6020
-2466
2614
2614
3747
5328
6427
5691
3697
1475
-3312
-3312
-5226
-5743
-5480
-5426
-5322
-4541
-3449
-2723
-2648
-3225
-4278
-5322
-6072
-6520
-6537
-5776
-4641
-3230
-1263
1578
4152
5578
6461
7423
8241
8500
8610
9185
9864
10471
11321
12604
14127
15022
15823
16924
17187
13276
5873
-2435
-2435
-5530
-11518
-16526
-16144
-14793
-15665
-14540
-9617
-4948
-4311
-5699
-3891
895
895
3270
3270
6240
8164
10248
14111
17313
16775
13991
12131
11282
8320
2629
-2597
-5915
-9018
-11478
-12499
-11659
-10374
-10493
-10508
-9033
-6684
-5344
-5394
-5300
-4153
-2624
2288
2288
5848
8540
9673
10544
10070
8469
6254
2324
-2106
-7232
-11127
-12882
-13857
-13598
-12574
-11307
-8688
-5446
-3323
-1614
-1045
-1178
-1993
-2586
-2145
-1777
-1472
895
895
2936
5558
8033
9173
9862
10290
10733
10464
9988
9872
9731
9377
9774
10891
12115
14056
15608
14390
7293
-2612
-2612
-4681
-9374
-16749
-19090
-17394
-16286
-15210
-11054
-4568
3662
3662
7218
7291
4468
3756
5993
8108
8842
10287
13038
14313
12293
8742
7079
6296
2194
-4774
-10829
-13742
-14160
-15241
-15625
-13529
-10771
-8563
-6723
-3325
1056
3402
2745
2015
3026
5303
6993
7390
8226
8682
7951
5952
3621
1787
-2673
-8466
-13974
-17182
-17935
-17444
-17112
-15607
-12204
-6791
-1615
884
3622
5295
4865
2645
1530
1645
-1642
-1642
-2494
2296
2296
4803
6178
7538
9322
10375
10127
9613
9936
9072
7800
7033
7973
9862
12376
15637
16927
10655
3344
-1246
-1246
-4520
-13859
-19080
-18829
-17324
-16378
-13396
-7286
1342
1342
3667
3667
9105
12062
7752
3264
4287
8173
8458
7221
8948
12788
12935
7671
4682
6681
5561
-2810
-12292
-15342
-13255
-14347
-17208
-15675
-10304
-6384
-5405
-2378
4704
9343
7680
4586
5026
8523
9132
6048
4262
5728
6624
3335
-1213
-1702
-2669
-8973
-16433
-18805
-17225
-16899
-18201
-16328
-10518
-4087
3281
3281
7291
9921
8989
5205
3276
3214
1253
-2619
-4489
-2759
2623
2623
4040
5983
8529
10279
10005
9560
9875
9798
8759
7147
8584
11644
14862
18081
17843
10994
4489
-1625
-1625
-6009
-15748
-21099
-21633
-19885
-17592
-14342
-7401
1552
1552
1836
5407
11687
14048
8990
4389
5828
9612
9686
8260
9602
13429
12474
6429
3706
5522
3339
-6065
-16038
-17988
-15195
-16286
-18043
-15109
-8300
-3662
-2489
1598
9510
13130
10338
6464
7206
10254
9130
5597
3590
4623
3575
-1138
-5022
-5784
-8006
-14453
-20746
-20941
-17780
-16335
-15531
-12097
-5300
1073
4740
7589
10359
11196
8607
3937
1916
1240
-862
-4104
-5167
-2777
929
3330
4680
6476
8668
9633
8847
8377
9221
10081
8503
8822
11540
15902
20297
21950
17038
7582
-2821
-2821
-5413
-14720
-23195
-25309
-22975
-19589
-16073
-9851
4469
4469
3548
4244
9513
15189
12202
5420
4016
8416
11272
10268
10079
13757
14948
9054
2441
1328
1117
-5815
-17336
-23261
-20464
-17329
-17056
-14845
-8024
2546
2546
4256
9654
14971
14508
9057
5472
7357
9582
7909
4141
2459
1776
-1660
-6827
-10507
-11974
-15795
-22520
-25204
-21524
-15122
-11243
-8887
-3205
4516
9722
11168
11100
11126
8611
2701
-1849
-2528
-1806
-3333
-5121
-3747
1076
4865
5680
5976
7390
8440
7970
7071
7712
9720
10561
11059
13912
18762
23937
23981
12852
2511
-3942
-6318
-11388
-22872
-27196
-25024
-21560
-18020
-13620
-3293
6469
5958
3063
4493
11353
13963
7972
3338
6235
11141
12181
11297
13654
16987
13438
3862
-2653
-3314
-5974
-14897
-24386
-25445
-20069
-16206
-13311
-7938
6126
6126
6459
7451
11611
14588
12242
5821
3288
6791
9215
7232
3389
2052
-953
-7371
-14010
-18186
-18478
-22135
-26111
-25066
-17276
-7346
-2357
5681
5681
10918
12291
9796
7205
6086
1800
-3809
-6135
-3835
-1587
-1587
4983
4983
6862
5756
4968
6373
7353
6367
7154
9891
13597
15986
18172
21786
26653
20274
5405
-4266
-8354
-8938
-19412
-28944
-26483
-20923
-16408
-13724
-7554
4730
8207
2889
4320
4320
11355
8863
2141
3540
10656
15163
14713
14160
17170
16385
7398
-3500
-8048
-8827
-13748
-22906
-27392
-21937
-14432
-9780
-6121
6146
6146
8329
6295
6685
9559
11067
7311
2605
4948
10611
11472
7666
1588
-832
-3928
-12220
-19509
-22720
-22357
-24309
-25424
-19024
-7611
2273
2273
4504
8882
11757
9129
4922
2034
-2052
-2052
-4984
-4073
1763
1763
2629
2629
4874
4461
2737
3572
5743
8148
9318
11276
15542
18831
20961
22823
24601
18314
4174
-7495
-13160
-13718
-19348
-26064
-25498
-19775
-13445
-9338
-4840
2992
6362
2099
-1458
7221
7221
9150
5506
5913
11738
18059
18462
15855
15079
12133
3336
-7876
-13488
-13899
-16031
-21293
-23398
-18139
-10215
-4908
-2192
3570
3570
4397
2710
3054
6107
8761
8272
6793
9186
14335
14867
9857
1492
-7089
-11823
-19488
-24412
-25526
-24092
-21715
-18289
-10423
5051
5051
5341
6118
5238
6084
4225
2281
1176
1741
1741
3324
2475
-2256
-2256
-1681
885
885
3884
7783
11654
14731
16819
19875
20599
21113
23366
22597
9027
-6272
-14786
-14148
-14245
-21975
-23825
-19083
-13490
-10105
-8132
-2914
3220
980
-4808
-5340
2128
11433
11585
8997
12702
19282
22467
18218
13356
10833
3970
-7690
-16275
-15870
-13078
-15212
-19652
-17484
-9741
-4171
-2928
-3186
-1976
-965
-965
-1323
2805
8970
12751
12023
11124
14745
16502
10500
-8769
-8769
-13184
-18510
-24505
-25006
-20305
-16846
-15098
-10667
-2594
2654
2323
1246
1246
3286
3815
3413
3279
4562
5468
4310
2798
2030
990
-1406
-4734
-5312
-2676
2652
2652
4717
9547
14477
16623
15572
16130
17386
18960
18185
19577
11233
-1599
-8893
-9357
-7467
-14811
-20727
-19822
-14347
-14946
-11822
-9225
-3234
-898
-5105
-2756
2849
12820
14758
10904
11021
15953
19654
14963
10669
8302
5051
-2952
-11711
-10651
-7855
-10698
-17825
-19184
-12975
-8193
-7858
-8755
-5856
-3446
-1341
1807
5493
10821
13035
12445
11542
11024
11721
7395
-1893
-9712
-13084
-15469
-19264
-20294
-17296
-14611
-14320
-12562
-6423
-1999
-2153
-2042
3215
3215
4980
5979
7077
6863
5952
4379
2573
1112
-1654
-1654
-2810
-2481
3948
3948
6438
7501
9360
12725
13731
12241
11045
12892
15831
18052
17093
9134
-7771
-7771
-6928
-9191
-15926
-20748
-18862
-13716
-13273
-10793
-6662
-1485
-1596
-3921
-1871
4325
10038
10307
9344
12055
16754
17621
14071
10749
9018
5102
-2667
-9481
-10535
-8970
-11041
-15533
-16401
-11620
-8542
-8338
-8141
-5480
-2607
-2193
4877
4877
10141
12397
11095
9296
8849
7507
1909
-4705
-9513
-10716
-12982
-15021
-13915
-12342
-10534
-11698
-10551
-9391
-7640
-5792
-4480
-2108
1708
5370
6856
7057
7505
7653
5132
2081
1141
1141
2644
5244
8454
10603
11264
12148
12042
11150
9436
7228
10316
14704
19127
13733
1830
-5856
-5126
-2981
-10836
-19482
-21334
-14147
-11151
-10559
-8199
-3300
-1018
-4252
-4538
1062
8064
9105
6278
7543
15047
19803
16998
10447
6715
5292
1567
-4059
-8000
-8980
-9651
-11829
-12951
-10378
-7899
-8500
-11457
-11897
-7685
-2729
3548
3548
8421
12398
12705
9744
5891
1812
-2744
-5666
-7324
-8724
-10929
-11844
-10942
-9309
-8564
-9638
-11097
-12751
-11133
-7029
-3853
-1868
2862
2862
5986
7156
6930
5304
3321
2391
2380
3749
5222
6966
7639
9318
11351
13700
13051
10782
9824
9300
11753
11278
14404
12421
5332
-4695
-10524
-6664
-6729
-11339
-18905
-17046
-9459
-5334
-5696
-7064
-5609
-4062
-4681
-2730
2843
7486
8533
7194
10561
16119
18124
13441
6534
2223
911
-1945
-1945
-4558
-7587
-8905
-9196
-8619
-8991
-10969
-12737
-13606
-12749
-8613
-3472
1181
2792
2903
5748
8477
8207
3683
-1766
-1766
-882
-1681
-1681
-3621
-4828
-5386
-6669
-8581
-10725
-11238
-12098
-12266
-9708
-6146
-3037
-2245
-1782
1848
1848
3151
2678
1628
2255
4886
7627
8748
9206
10379
11495
12641
13070
13260
11441
10367
10028
12752
15332
17126
13998
3960
-6300
-11916
-8698
-8147
-12510
-18907
-16753
-8640
-2471
-3571
-8458
-10097
-8854
-6717
-3909
5351
5351
7908
9317
12732
17124
18343
13906
7472
1975
902
1977
3495
1491
-2811
-5270
-4917
-3822
-6921
-12351
-16927
-17287
-14520
-10547
-6680
-3645
-1952
-1235
1261
1261
1995
1154
-879
-1871
4500
4500
6361
3650
-2677
-2677
-3379
-4329
-6982
-9469
-10519
-9007
-5878
-3742
-3510
-4425
-4387
-3609
-1793
1025
1025
4440
7406
8704
9037
9713
10775
11986
13322
13573
13055
11956
11864
14225
17019
16586
8919
-2522
-7745
-5718
-2464
-4949
-10897
-12746
-9430
-4888
-3498
-5743
-10886
-14877
-13965
-7639
2459
2459
4466
4466
10475
10823
7080
2794
1660
3536
5644
7816
7028
4781
2932
2695
3175
1939
-1097
-5224
-8367
-8742
-6398
-3751
-3326
-5001
-6841
-6111
-4669
-4649
-6320
-8640
-7801
-5498
-2801
-922
-867
-1505
-3017
-3787
-3500
-2638
-2790
-4189
-4673
-3377
-1064
-1084
-1084
-2416
-2419
-927
1070
1070
967
967
1962
3021
3991
4413
4365
4283
4612
5372
6848
7912
8579
8759
10163
11911
13172
9280
4270
3717
5210
6578
2293
1197
1197
4091
3174
-1216
-3767
-3905
-4920
-7771
-9832
-8296
-5422
-5279
-6110
-5439
-2723
-1627
-3179
-5950
-6326
-4733
-2269
-896
-896
2108
2108
5182
5542
2852
997
1001
1139
1827
1827
2891
2197
984
1045
1169
-3795
-3795
-6443
-6067
-3641
-2763
-4498
-6877
-6725
-4881
-4756
-6987
-9331
-9610
-8363
-6588
-5124
-4601
-4405
-3853
-2991
-1712
1565
1565
4328
5899
5539
4569
4023
4689
6213
7012
6576
5795
7037
9551
11484
11825
11789
11749
11064
7348
3630
4061
6462
6801
1109
-2788
6250
6250
5497
-2245
-8700
-9057
-6407
-5230
-7146
-9714
-9874
-7960
-4398
-1724
-1400
-3510
-6045
-6839
-5084
-1961
-976
-976
-1593
1754
7356
8958
4290
-1454
-2430
1041
4427
4825
2634
-939
-939
1698
4249
2963
-1177
-5259
-6854
-5310
-2021
-3181
-3181
-7594
-9153
-6847
-4300
-4402
-7413
-10555
-10721
-7066
-2856
-2330
-4317
-5594
-4777
-2038
1682
1682
1293
1293
4474
6465
6749
5666
4400
4411
5792
7396
7729
7100
7609
8924
10928
12577
12666
10927
6026
3614
6182
9676
9110
2396
-2392
862
7177
7948
-7218
-7218
-9430
-7311
-4421
-4490
-7822
-11244
-11925
-8145
-3207
-2089
-5001
-8686
-10090
-7793
-3321
997
2010
-2872
-2872
5498
5498
8780
5676
-3055
-3055
-1194
3088
5528
4830
1115
-1746
1824
1824
2674
-2958
-2958
-5509
-5844
-3287
-3684
-3684
-6313
-6595
-5435
-4430
-4867
-7323
-8973
-7844
-5339
-3686
-3484
-3399
-3218
-2437
916
916
1212
2517
4292
5105
5491
5895
6152
6763
7396
7689
7405
7738
9127
10712
11593
11774
9310
3990
2531
7256
11554
7626
-1227
-2433
4867
10740
8288
-6229
-6229
-7284
-4468
-1693
-3016
-7374
-11381
-11825
-7620
-3043
-2825
-6829
-10950
-11998
-9777
-5371
-3642
-3642
-5847
-1350
6163
8456
4398
-2304
-2304
3776
3776
5868
3688
-1211
-1211
1596
1596
1888
-2744
-2744
-5363
-4876
-2564
-1762
-2584
-3344
-4307
-5300
-5182
-4369
-4844
-6151
-6246
-5395
-4748
-3870
-2897
-2395
-2033
-1077
1199
1199
3538
4682
4992
5372
5859
7067
8922
9789
9245
8409
9050
10395
11760
9736
5037
3977
7754
11129
6508
-1705
-2285
5016
9471
5178
-1953
-5098
-3947
-1313
-1262
-1262
-5598
-9450
-9323
-5688
-2729
-3864
-7257
-10183
-10867
-9009
-5543
-2237
-2438
-6241
-8297
-4183
2278
3959
-2322
-2322
-2135
1017
4498
5165
2820
1370
1370
2284
1357
-1285
-1285
-2502
-2740
-2447
-2083
-1640
-2511
-4533
-5419
-4797
-3982
-3683
-3161
-2909
-3532
-3713
-2345
2412
2412
5045
5798
5024
4612
5660
8069
10538
11425
10263
9657
9127
6694
5862
8955
12409
8956
-2240
-2240
4239
10820
9086
1528
-4866
-6389
-2943
1155
1258
-3474
-8482
-9281
-5783
-1401
-3946
-3946
-8377
-10465
-9275
-6130
-2876
-1910
-4789
-8022
-6536
-1274
1059
-1246
-3691
-4072
-2891
-1113
937
937
864
1759
2510
1421
1821
1821
1669
-1541
-1541
-1862
-1299
-3201
-3201
-4188
-3685
-2839
-1994
-1539
-2123
-3042
-2507
833
833
1042
856
3418
3418
5296
5618
5708
6501
7888
9725
10839
9917
5502
3441
7820
13338
12060
4133
4615
4615
11193
10865
3892
-2570
-4533
-2626
1473
1473
-5169
-5169
-8300
-7027
-2728
-3200
-3200
-7328
-10049
-9932
-6907
-2523
-3446
-3446
-7712
-7457
-2823
-1242
-1242
-4380
-5879
-4993
-2326
-2002
-2002
-1891
-947
-947
-1475
-872
-872
-1620
-1620
-2194
-2337
-1516
-1289
-1289
-2367
-1782
1267
1267
1258
960
960
2718
4921
5816
5434
4913
5143
6580
8131
8567
5960
2421
4199
10521
13379
7313
7678
7678
12228
8489
1913
-1412
-1126
1432
4026
4556
-5412
-5412
-7938
-5238
-860
-3705
-3705
-7608
-9922
-9140
-5557
-1661
-1770
-6153
-8968
-6596
-1923
-1621
-1621
-3486
-4065
-3116
-1641
-1397
-1397
-1945
-1192
-1186
-1186
-2067
-1515
-929
-929
-1280
-1627
-2274
-2806
-1833
-1568
-1568
-1722
-1413
-1029
-1029
949
949
2129
2606
1861
829
1182
2820
4344
4926
5095
5541
6406
7452
8667
7823
3792
2486
7132
11798
8720
-2393
-2393
4168
10509
9193
2931
-1120
-2175
-1467
3123
3123
2744
-1682
-5641
-5107
2603
2603
1503
-2113
-5961
-7618
-5988
-2176
-2768
-2768
-7103
-7442
-4101
-1581
-2034
-3203
-4784
-6158
-5081
-2267
-913
-2332
-3029
-1850
-1888
-1888
-2169
-861
-861
-2497
-2053
-913
-1353
-1353
-2359
-3151
-1863
995
995
2121
2844
2337
1657
2336
4062
5697
6697
7403
8296
9042
9605
8116
3629
1403
7186
14817
12508
2324
-2819
3655
10397
8786
2621
-1106
-1106
-3643
-5903
-3860
-1738
-1738
-6750
-9169
-6626
-3343
-3568
-6159
-8225
-8967
-7362
-2845
1451
996
-2814
-3282
2011
2011
1524
1584
3113
2912
1414
1289
1567
853
-2131
-2131
-3184
-3731
-2244
-996
-2942
-6384
-7155
-5996
-6105
-6610
-5995
-5499
-6082
-6276
-4925
-4199
-4689
-4508
-3340
-1257
1701
1701
1882
1366
2091
3932
5910
7251
8854
10555
11077
11372
12143
13527
14280
15271
16708
18269
17251
9421
-2780
-2780
7209
13025
6170
-3572
-4080
-1729
-8301
-14818
-11371
-5476
-8534
-14308
-10261
-3762
-6124
-13756
-14369
-7619
-2942
-1407
3862
3862
3909
4218
4218
9072
9287
8734
10759
10748
7255
4265
5701
6544
3731
2308
4306
3743
-1373
-6692
-8776
-10255
-10785
-9769
-10310
-11195
-12321
-12410
-13999
-15033
-12215
-8817
-6340
-5002
-2486
-2321
-4371
-3586
2954
2954
4068
5523
6087
5036
5593
6311
6809
6286
7236
9421
9832
10332
10202
10091
9132
9666
12907
16022
17538
16878
10543
-1158
-8393
-950
11861
11204
-5556
-5556
-4544
-7620
-14281
-11511
-2097
-1652
-10696
-13367
-5828
-2619
-8946
-12692
-6161
1173
2202
1517
4475
6346
1018
-3331
2559
12194
13960
9075
6882
7254
4114
3140
3140
8136
6540
-1768
-1768
-2553
-2553
-6875
-7558
-6356
-8216
-11124
-11017
-9610
-10525
-13037
-13423
-11591
-9374
-7488
-6849
-6700
-6195
-5084
-3815
-1536
1841
3399
2689
1634
2351
3379
3513
4940
6346
6285
5468
5888
7509
7511
7408
7546
8159
8812
9781
11909
13358
14660
13925
12553
4854
-2237
-1292
8728
14287
5930
-2602
-4545
-4908
-9491
-9702
3605
3605
-5767
-14487
-10758
-4755
-6608
-9839
-5667
-1533
-1533
-4154
4316
4316
2260
-3449
-1283
7984
12009
7640
3969
5119
4452
2185
2185
9576
10573
2038
-4292
-2578
-2709
-2709
-3751
-1719
-3513
-10568
-14566
-12757
-9696
-10784
-11810
-10138
-8891
-9782
-10452
-8289
-6266
-5997
-5296
-2023
895
1770
1770
2676
3701
5545
6282
5099
3333
3707
5791
7679
8519
9263
9983
9434
8328
9059
11814
14740
14767
13697
10916
1888
-3499
11516
11516
12429
2418
-3291
-3539
-6648
-11255
-6546
3215
1221
-10591
-13141
-6609
-5092
-8904
-8720
-2639
-836
-4409
-3472
1592
3143
-1440
-3643
2505
9147
8792
4934
4578
5445
2730
1211
6381
11560
6939
-1003
-2812
-1367
-1367
-3257
-1362
-1105
-7711
-14246
-12224
-7931
-8308
-11413
-11430
-10127
-11367
-10934
-8074
-6516
-7633
-7416
-3613
-1763
-1763
-1778
-835
1087
3663
5548
6203
4575
2268
3042
6482
9414
8914
8182
9035
9472
9196
10731
13923
15000
13817
13171
14309
6487
-1612
9316
9316
12615
3071
-2460
-1212
-4280
-12051
-10364
1466
1466
-9534
-14131
-8060
-5678
-9557
-10109
-4111
-1097
-5399
-6237
-852
2419
-850
-3846
1116
8661
8863
4753
4730
6960
4868
1924
6142
12565
9518
1348
-971
1753
1111
-1786
-1149
-6613
-6613
-14199
-11866
-6434
-6574
-11159
-11492
-10498
-12511
-12206
-7528
-5844
-8795
-9206
-4586
-1268
-1268
-1621
-986
-1491
1970
1970
5442
6701
4584
2192
2942
6748
10046
9531
8617
8900
8822
8725
11001
14702
15118
13387
12903
15213
7652
8895
8895
11681
2594
-1983
-3980
-3980
-11303
-9681
-1023
-10508
-10508
-14379
-8713
-7099
-10318
-10046
-5638
-3896
-7425
-6684
2266
2266
-985
-4533
-1031
5804
7502
5877
6760
7931
4589
1267
5530
12377
10644
3795
1699
3232
2233
-7105
-7105
-11870
-8684
-4523
-7072
-11657
-11673
-11314
-12822
-11097
-6732
-7117
-10415
-10185
-5867
-2570
-2936
-2383
-1514
-1002
2289
2289
4114
4074
3277
3018
4928
8474
9768
7801
7186
8737
10223
11077
12726
13928
13636
11918
12689
14104
5886
2057
2057
10745
11024
1913
-2246
-1480
-4798
-8920
-4728
1376
-2993
-14147
-15908
-8806
-5499
-6843
-7715
-7468
-9536
-11905
-7362
2982
2982
-1195
-5837
-3899
1699
3629
4360
7355
8292
4707
2072
6372
11056
7586
2679
3256
5971
4077
1427
-2254
-2254
-5832
-5745
-1550
-2314
-8283
-12353
-12034
-9871
-8254
-6981
-7804
-10916
-12420
-10115
-5036
-2063
-3038
-5355
-5781
-3100
1818
1818
3573
3734
3100
3281
6154
8413
8582
8253
9108
10457
11565
12444
12976
12931
12974
12987
14369
15025
6032
1910
1910
11686
13032
3005
-2870
-2881
-5678
-9003
-3759
2863
-2695
-16023
-18704
-10339
-5433
-6283
-7286
-7906
-11541
-15457
-10938
-835
3412
-931
-5987
-3763
1958
2773
3137
7138
8840
4700
1913
7176
12349
7505
2974
4358
6546
1749
-1488
1605
1147
-3949
-7143
-3354
-3606
-8954
-11111
-8645
-7980
-10179
-9459
-7581
-9148
-10897
-9635
-6112
-4851
-5295
-4680
-3668
-1852
2752
2752
4227
4526
4628
6840
9160
9330
9164
10777
12855
12669
12519
13463
14860
13979
15926
14586
4501
3915
3915
14328
10707
-3755
-3755
-2428
-5992
-8079
-866
3033
-7131
-19393
-16815
-7007
-5326
-7777
-7656
-8632
-13219
-15204
-7378
1414
1145
-4112
-6422
-2012
2065
2119
4104
7845
7586
3970
4041
9526
10724
5575
2256
3982
4339
1991
1544
1688
-2081
-6357
-5688
-2526
-3831
-8463
-10639
-10268
-9534
-8784
-6987
-6666
-9631
-11282
-8913
-5070
-3345
-4093
-3370
-2537
-1919
2347
2347
4135
3190
3308
5548
7927
8525
8887
9788
11012
11640
12750
13419
13334
12162
14542
14846
4756
4328
4328
14574
10676
-2930
-2930
-1116
-5015
-8525
-1984
2793
-6113
-18370
-16419
-6656
-4892
-8689
-8592
-8108
-11400
-14583
-8723
897
1196
-4573
-6657
-1212
2504
1580
1580
6807
6206
1638
6815
6815
8515
2541
1912
5660
5982
-1827
-1827
1565
-4315
-4315
-3798
-3741
-3741
-9739
-9087
-6125
-6027
-8795
-7996
-7400
-10317
-10177
-6564
-3005
-3600
-5611
-4124
-2111
1802
1802
3584
4009
3762
5768
8015
8776
7898
8968
11100
11798
10406
10952
12634
14295
14201
4151
3809
3809
13053
11499
1954
-1930
-1014
-3590
-6428
3929
3929
-3770
-15536
-15064
-5789
-2633
-6334
-7312
-7838
-10273
-12792
-8410
1015
1753
-4539
-8104
-3681
1625
4856
4856
5626
-2210
-2210
3529
5727
1785
3364
3364
2339
-2924
-3737
-2825
-2825
-2896
-1372
-3481
-6870
-5595
-2095
-2391
-5241
-5899
-4758
-4853
-5299
-3260
-1168
-1168
-3799
-3290
1000
1000
921
921
2883
3579
2950
4134
6152
7321
7617
8545
9807
9767
9318
11045
12677
4329
2667
2667
11988
10489
-3006
-3006
-3493
-3493
1076
5137
-2118
-13479
-12220
-2491
967
-3240
-5324
-5762
-7986
-9062
-4324
3511
2764
-3722
-7241
-3175
1866
1318
2275
2275
2022
-2965
-3652
1349
3526
-1790
-5071
-1720
-1227
-4936
-5931
-2179
-2886
-6257
-5639
-2940
-4136
-7437
-5762
-2489
-2423
-3855
-3482
-2654
-2909
-2338
2599
2599
1933
3025
3025
4430
4634
4265
5241
5288
4948
5505
7726
7911
7268
7392
8781
8591
9622
6341
5027
5027
11795
5195
-3045
-4657
-1884
-2670
-1820
3208
2513
-7410
-13761
-6982
2071
1918
-3041
-4696
-5530
-6911
-5720
1116
6364
1843
-5264
-5471
1177
3722
877
1054
2960
-4115
-4115
-1638
3539
2172
-4611
-5260
-3215
-4776
-6004
-4350
-1957
-6288
-8826
-6723
-3844
-4971
-6285
-4454
-3827
-4616
-4559
-2527
-981
-1767
-1623
888
888
2081
2081
3916
3414
3194
3918
4936
4590
4316
6443
7413
6449
6097
7017
7987
7395
7457
9514
2684
-1940
8854
8854
9122
-1429
-5310
-2916
-1327
-3503
3963
3963
-1785
-11210
-9757
4175
4175
-3466
-3466
-3392
-4108
-3617
5409
5409
5459
-1069
-4587
-828
4737
3609
1327
1327
1690
-2525
-3980
2295
2295
-2891
-6827
-4091
-2631
-5944
-8689
-6410
-4924
-6994
-7099
-5395
-6017
-8929
-7572
-2679
-1244
-3452
-4812
-3438
-1940
-1088
1055
2359
-1667
-1667
2954
2954
4903
3825
2293
2555
3216
3976
4765
6280
6013
4387
4001
6257
7577
7024
6672
8311
2595
-1153
1419
9499
8760
-1183
-3908
1282
1282
-1553
973
4105
-1171
-9264
-7106
1267
3673
-1284
-3787
-2574
-3098
-3083
3974
3974
3257
-2459
-4136
3285
3285
1564
-1043
-2436
-2436
-3519
-3538
-3538
-5951
-3198
-2397
-5421
-7795
-5182
-4101
-5499
-5073
-4049
-4939
-7602
-5719
-1572
-942
-3023
-4132
-3181
-2552
-1531
1251
1251
-2172
-2172
-1113
1552
2126
1964
1281
1357
1927
3051
4010
5031
4841
4825
5300
6487
6952
6831
7120
8919
7603
4526
4526
10615
5278
-1195
-1195
-1015
-1015
-996
4015
3618
-3720
-8502
-3604
2132
2292
-931
-2156
-2928
-4200
-2740
4305
4305
1591
-3431
-4149
2387
2387
-881
-881
-947
-947
-4136
-3381
-4046
-4046
-4504
-2357
-3253
-5733
-5318
-2729
-4683
-5665
-4785
-3622
-5236
-5608
-2820
-1741
-2888
-3757
-2896
-2025
-1483
-1598
-1598
-1479
1646
1646
1767
1099
1671
1671
2692
3304
3805
3452
3634
4529
5993
6092
6669
6846
8690
6043
861
1456
6305
10985
4599
-989
-1566
1026
1650
1650
4761
2676
-4720
-7922
-2231
3862
3635
-1111
-3016
-3416
-3052
-1045
2210
4942
-4535
-4535
-3918
1325
3486
-1356
-1356
-2358
-2358
-4883
-2792
895
-1210
-5850
-5637
-2924
-3632
-5835
-5039
-3404
-4746
-6197
-4870
-3866
-4605
-5087
-2946
-1743
-2955
-3695
-2618
-1262
-1262
-875
1988
1988
1397
1742
1742
3238
3361
3702
3619
3713
3675
5074
6490
6814
6461
7473
8010
2049
3782
3782
10676
7612
-1643
-1643
1305
1305
4074
4074
4215
-2058
-7834
-4034
2783
4148
-2711
-2711
-2922
-3321
-1731
1100
4338
1907
-3524
-4315
3272
3272
1217
-1010
-1338
-1338
-3907
-3022
-5023
-5023
-5880
-3522
-3317
-5022
-5150
-3973
-4588
-5381
-4554
-3858
-4999
-5534
-3731
-1724
-2258
-3368
-3141
-1774
-1258
-1258
-1270
1599
1599
1427
2131
2131
3000
2975
3023
2703
3327
4290
5666
5677
5435
5757
7758
7117
2149
1909
5309
10206
5897
923
1205
1205
1560
1896
4527
2868
-3189
-6846
-2602
2566
3168
-3050
-3050
-3593
-3429
-1391
1476
3500
-4243
-4243
-3931
2836
2836
-2220
-2220
-3647
-1687
1014
-4277
-4277
-4085
-2677
-2662
-4176
-3754
-2866
-3859
-4669
-4402
-3784
-4177
-3847
-2644
-1945
-3211
-3840
-2998
-1564
-938
-996
-1213
-1774
-1777
-1056
1000
1000
1171
1171
2300
2833
2564
2640
3085
3585
4693
5765
5721
5600
6032
7987
6003
1993
2452
6484
9818
4684
2148
2148
2458
3048
4681
2167
-3799
-5880
4236
4236
2901
-2395
-4229
-3872
-3277
-1258
1376
2356
-2632
-6577
-4091
1219
2137
-1173
-2342
-2264
-3580
-3561
1316
1316
-2133
-5372
-3617
-1502
-2499
-3000
-2173
-2336
-4142
-4116
-2515
-2600
-3296
-2826
-1652
-2301
-3483
-3472
-2385
-1555
-1587
-2225
-2543
-2403
-2151
-1486
-984
-984
-1722
1404
1404
1854
2073
2394
2803
2520
3985
5455
5651
5334
5720
6901
7809
7547
3552
2795
5167
9681
6444
921
2313
2313
3154
2313
4329
2804
-2880
-6029
-1030
4093
2713
-2048
-4080
-3680
-3328
-965
1673
1667
-3295
-6793
-4088
1625
1625
-1287
-3013
-3315
-4228
-3553
-3173
-3173
-5590
-3581
-1397
-2129
-3092
-2259
-2487
-3911
-3264
-1345
-1308
-3009
-2814
-1650
-1881
-3041
-2413
-1076
-1248
-2175
-2071
-1754
-2176
-2188
-1320
-926
-926
-1619
-1429
1052
1052
1344
1373
1570
2363
3752
4835
4755
4336
4916
6361
7230
7728
4186
2960
4436
8790
7938
2644
967
2064
3736
2957
4558
4121
-5048
-5048
-1704
3743
3733
-3725
-3725
-3345
-3423
-1792
1508
1508
-2406
-6523
-5046
-1467
-1467
-3185
-3553
-4321
-4134
-1454
-2558
-2558
-5338
-4398
-2654
-2681
-2777
-2241
-2516
-4007
-4059
-2304
-1665
-2322
-2256
-1859
-1934
-2501
-2119
-1247
-1224
-1679
-1875
-1732
-1800
-1741
-1422
-926
-951
-1477
-1361
844
844
929
1274
1520
2029
2754
3708
3778
3922
4218
5403
6419
7210
5699
2734
3492
6342
8847
4461
1426
1265
3458
3522
3841
4533
1770
-2634
-2706
2354
4167
1366
-2312
-2805
-2747
-1928
1230
1230
-930
-4880
-5249
-2256
-1358
-1358
-3317
-4192
-4674
-5026
-3238
-1440
-2470
-5293
-5477
-3143
-2471
-2976
-2907
-2470
-3548
-3872
-1840
-1981
-1981
-2729
-1845
-1475
-1804
-1507
-865
-865
-1647
-1629
-1250
-1475
-1779
-1212
-871
-1034
-1374
-1178
975
975
1262
2188
3296
3238
3018
3839
4912
5376
5267
6388
4546
3085
3868
7016
6855
2345
1282
2648
4420
3335
3944
3475
-2288
-2288
3562
3562
3012
-2297
-2297
-1838
-1608
-2424
-2424
-4750
-3482
-1061
-2163
-2163
-3630
-4242
-4424
-3908
-2023
-2296
-4459
-5688
-4180
-2940
-3462
-3219
-2936
-3156
-3861
-2496
-1460
-2171
-2964
-1876
-885
-1265
-1485
-1157
-949
-1182
-1576
-1576
-1540
-989
-989
-842
903
903
1045
1045
2169
2519
2603
3022
3419
3825
4142
5003
5428
3981
2412
3810
6020
6111
2828
1695
2638
3560
3308
3686
3580
951
-1270
3255
3255
2883
-1714
-1714
-1305
-985
-2585
-2585
-4523
-3263
-1091
-1199
-3224
-4258
-4438
-4451
-4257
-2962
-3020
-4541
-5432
-4307
-3205
-3748
-3602
-2895
-2933
-3396
-2791
-1989
-2263
-2432
-1488
-974
-1557
-1769
-1260
-973
-962
-1132
-1132
-1161
916
916
1517
1929
2002
2335
2692
3112
3248
4045
4644
4279
3465
2854
4223
4841
4446
2769
2625
3012
3377
3615
3802
2875
1590
1590
2801
1658
-917
-917
-980
-977
-977
-2776
-3268
-2198
-1972
-2604
-3241
-3373
-3875
-4189
-3472
-2947
-3415
-4245
-3854
-3342
-3561
-3595
-2963
-2562
-2953
-2979
-2474
-2177
-2128
-1604
-1046
-1350
-2004
-1747
-947
-867
-867
-1008
-1250
-1001
931
931
1040
1099
1283
1867
2283
2394
2327
2475
2883
3184
3477
3502
3874
3904
4051
3662
3441
3606
3945
3835
2896
2613
2852
3353
2991
2917
2367
1503
1253
1253
1828
1165
-898
-898
-982
-916
-1446
-2503
-3123
-2779
-2465
-2997
-3630
-3918
-3967
-3901
-3685
-3506
-3759
-3997
-3908
-3422
-3048
-3147
-3107
-2841
-2693
-2692
-2473
-2171
-1950
-1862
-1720
-1381
-1181
-1289
-1286
-951
-953
-953
1084
1084
1403
1436
1382
1561
2064
2197
2288
2602
2712
2370
2561
3266
3897
3615
3099
3239
3706
3982
3859
3598
3124
2469
2271
2886
3269
2889
2084
1661
1451
1451
1487
1240
-1001
-1001
-1593
-2009
-2268
-2350
-2499
-2703
-3040
-3339
-3532
-3667
-3822
-3615
-3707
-3740
-3900
-3945
-3883
-3688
-3252
-2858
-2836
-2845
-2525
-2296
-2029
-1728
-1350
-1415
-1480
-1150
909
909
1022
1052
1068
1406
1453
1360
1565
1799
1921
1890
2337
2869
2883
2614
2711
2851
3129
3227
3532
3462
3384
3001
3213
3384
3486
3313
2711
2418
1982
2107
1902
1861
1330
-1508
-1508
-2037
-2250
-2210
-2269
-2517
-2840
-3069
-3238
-3167
-3200
-3140
-3351
-3383
-3512
-3482
-3414
-3213
-3144
-3294
-3189
-3049
-2837
-2769
-2565
-2282
-2009
-1987
-1913
-1600
-1144
-945
831
831
1058
1137
1168
1287
1345
1307
1322
1474
1575
1774
1950
2162
2196
2096
2157
2414
2841
2905
2832
2824
2954
2956
3118
3370
3417
2974
2515
2645
2949
2834
2254
1747
1458
1309
1064
1242
967
-1340
-1340
-1703
-1947
-2275
-2297
-2115
-2416
-2888
-3353
-3280
-3234
-3343
-3518
-3528
-3487
-3549
-3515
-3289
-3147
-3092
-2975
-2686
-2362
-2277
-2309
-2055
-1658
-1451
-1364
-1229
-1006
-961
904
904
841
1119
1374
1619
1512
1546
1766
1667
1725
1949
2177
2110
1996
2070
2278
2407
2302
2306
2446
2396
2216
2455
2627
2522
2349
2458
2585
2495
2406
2313
2298
1968
1725
1724
1616
1057
-940
-940
-1198
-1382
-1660
-1930
-2117
-2185
-2246
-2321
-2334
-2705
-2931
-2999
-2837
-2860
-3061
-3041
-3047
-2889
-2640
-2363
-2211
-2182
-2107
-1739
-1539
-1513
-1223
-908
909
909
1000
1005
993
1277
1645
1745
1610
1612
1847
2095
2156
2198
2202
2156
2036
2189
2390
2494
2249
1958
2084
2184
2148
2065
2026
1841
1706
1568
1632
1657
1429
1206
931
-837
-837
-1335
-1725
-1766
-1803
-1896
-2103
-2298
-2409
-2402
-2284
-2348
-2394
-2439
-2412
-2445
-2237
-1939
-1793
-1819
-1754
-1631
-1396
-1216
-1095
-905
858
858
1077
1245
1077
1021
1159
1267
1371
1479
1663
1666
1570
1659
1856
1985
1869
1692
1788
1870
1925
1876
1839
1590
1517
1514
1488
1394
1299
1076
-1059
-1059
-1110
-1206
-1374
-1637
-1817
-1849
-1807
-1858
-1873
-1798
-1919
-2047
-1869
-1666
-1580
-1619
-1489
-1247
-1087
-1018
-834
907
907
993
995
1010
989
1012
1157
1159
1348
1349
1280
1037
1068
1113
1032
883
-865
-865
-850
-850
-1006
-1115
-1204
-1222
-1175
-1079
-932
-960
-1097
-1159
-1027
-856
-856
-875
-907
-907
-995
-894
-859
-985
-1144
-1141
-1067
-1092
-1030
-932
-933
-994
-916
-848
-848
-915
-945
-853
841
841
850
850
866
881
876
-826
-826
-975
-975
-1022
-859
-859
-901
963
963
894
921
921
927
914
-844
-844
-904
-978
-978
-1073
-1092
-997
-965
-1027
-985
-1119
-1167
-1077
-1030
-960
-894
-910
-874
949
949
970
835
835
-892
-892
856
856
859
859
831
865
865
850
874
828
828
831
872
872
939
913
886
950
1031
974
985
988
952
891
834
921
921
994
1015
914
979
1008
872
826
826
905
905
969
843
843
860
862
843
849
849
837
871
886
