1385
1385
-1466
-1466
-1438
-1588
-2254
-2648
-2384
-2424
-3293
-3211
-3266
-3354
-2883
-2819
-2906
-3043
-2910
-2463
-2154
-1938
-1737
-1716
-1445
-1376
-1376
-1623
-1775
-1892
-1888
-1912
-1871
-1928
-1949
-1602
-1583
-1659
-1691
-1523
-1466
-1360
-1361
-1361
-1414
-1718
-2158
-2628
-2988
-3288
-3543
-3690
-3929
-4174
-4497
-4626
-4624
-4471
-4377
-4311
-4231
-3974
-3726
-3435
-3184
-2974
-2925
-2800
-2558
-2392
-2190
-2170
-2125
-2127
-1861
-1738
-1808
-1816
-1733
-1547
-1485
1811
1811
2150
2678
3414
3939
4557
5280
5924
6516
6900
7484
8225
8401
8670
8613
8060
7754
7055
6929
6947
6971
5537
2599
-1391
-1391
-1379
-2276
-2846
-3631
-4267
-4434
-4387
-3520
-2925
-2766
-2760
-1947
2005
2005
3270
4111
5508
6981
8163
8925
9035
8876
8151
7935
8356
8664
8353
6863
5100
3860
2914
1627
-1453
-1453
-1710
-1656
-1419
-1529
-1529
-1486
1867
1867
2681
3492
4569
6052
7524
8368
8168
7749
7335
6557
5338
3759
3107
2454
1764
-2913
-2913
-3850
-4195
-3882
-3686
-3407
-3210
-2229
1377
1377
2209
3063
3663
4116
4344
4966
5497
5499
5040
4466
4490
4540
4506
4551
4632
4380
4113
4266
4390
4418
4341
4912
6045
7349
8048
8453
9002
9697
10403
10926
11603
11897
11589
11061
9907
6790
2546
-1416
-1416
-3642
-5031
-5604
-6500
-6982
-6409
-5574
-5698
-5472
-3431
1731
1731
2166
3080
5178
6897
7386
7414
7546
7610
7341
7288
7569
7184
4820
1803
-2430
-2430
-3990
-5178
-5752
-5919
-6231
-6544
-6429
-6375
-6222
-5139
-3094
1604
1604
2741
4273
5599
6290
6455
6483
6371
6043
5327
4507
2580
-4861
-4861
-7167
-7526
-8022
-9063
-11116
-11333
-11230
-11055
-10158
-9041
-8351
-7402
-5896
-3532
2167
2167
3142
2409
1675
1362
1542
1542
1597
-1506
-1506
-1397
-1404
-1404
1738
1738
2299
3108
3609
4286
4998
6863
9332
10203
10995
11529
12646
13425
13076
12040
11081
7780
-5920
-5920
-4768
-2504
-2504
-8980
-10815
-10347
-11643
-13659
-12661
-9418
-8950
-9412
-6111
3245
3245
1823
5053
5053
9420
9482
8645
9228
9251
8029
6662
7446
6914
2687
-2417
-5116
-5145
-5860
-8442
-10352
-10206
-9790
-10373
-10660
-9948
-8896
-8581
-6405
-1943
1719
3405
3334
4306
6586
8074
8331
8298
8585
8191
6910
5809
4972
2589
-3951
-3951
-5470
-5870
-8601
-13599
-17936
-17740
-14634
-12892
-12177
-12212
-11287
-10128
-7432
-3515
3082
3082
5510
6180
3934
1737
1473
2055
1834
-1692
-1692
-4017
-5731
-5350
-4190
-3783
-4857
-5674
-5193
-3201
-1720
2904
2904
5681
7275
8270
9055
9283
10526
13190
15510
16891
16005
14913
13959
12274
10591
6511
-2902
-9104
-8561
-3940
-4356
-12045
-15666
-15420
-15895
-16041
-13302
-9245
-8185
-8781
-4057
3639
6984
5603
5117
8805
13601
13588
12520
12291
10466
8081
6440
7064
5496
-7512
-7512
-9314
-9127
-9616
-11931
-13462
-13355
-13122
-12649
-10970
-9491
-8033
-6231
-2330
3622
6966
7392
7199
8251
10402
11925
12017
11619
10026
7910
6043
4063
1641
-1843
-6018
-7710
-8275
-9230
-11484
-13030
-14892
-18489
-16619
-14435
-10546
-8768
-8851
-5343
-3501
2132
2132
3344
4982
4565
5514
5055
2853
-1372
-1372
-4548
-6239
-7612
-8097
-7248
-6266
-5347
-4896
-5109
-4287
-2492
3291
3291
6730
9572
10440
11013
11293
11973
13232
14925
15934
15630
14878
13535
12502
10769
7645
3079
-6884
-12867
-10762
-5864
-5734
-13699
-17351
-15533
-14834
-14501
-11591
-7025
-5479
-5065
7320
7320
9377
6940
7253
11268
15506
14899
12132
11161
8767
6060
4740
4565
2020
-5113
-10746
-11411
-10856
-11900
-13736
-14070
-13021
-11762
-10957
-9109
-7325
-5746
-2456
2323
7731
9821
9059
9003
10300
11935
12404
11890
10608
8460
5880
3455
-2415
-2415
-5923
-8606
-9421
-9392
-10808
-12562
-13930
-13016
-12173
-14056
-12897
-10550
-7126
-4200
-3048
1828
1828
3633
4036
3882
2125
1963
1958
-1516
-1516
-3286
-4521
-5199
-6773
-7169
-7274
-8037
-7246
-5410
-3814
-3148
-3246
-2019
3124
3124
5464
7221
8739
10875
12438
13072
12728
12500
12440
13593
14981
15479
14301
12005
9937
7138
1612
-5990
-10402
-9335
-5576
-6175
-10720
-14459
-15432
-15273
-13577
-9538
-5554
-4141
-3399
5244
5244
7712
7522
8625
11621
14187
14097
12738
10815
8360
5817
4915
4563
1689
-3950
-9134
-10902
-10941
-11108
-11896
-12016
-11818
-11580
-10875
-8982
-7022
-4788
-1612
2849
6960
8681
8635
8576
9650
11196
12323
12405
11219
8858
5925
3391
-1383
-1383
-4208
-6507
-7523
-8437
-9663
-10955
-12114
-12247
-12378
-13035
-11763
-9640
-6954
-4773
-3379
-1809
1367
1367
2888
3224
3294
2480
2250
1828
-2560
-2560
-3753
-4716
-5797
-6486
-6606
-6566
-6088
-4999
-4205
-3900
-3103
-1663
2732
2732
5016
7365
9159
10092
10711
11639
13229
14270
14675
15168
14855
14600
14159
13793
12189
8781
5330
-5082
-13447
-11287
-2824
-1549
-11398
-17802
-16248
-14937
-15708
-11532
-5428
-3966
-5547
-2132
5735
8935
5987
6029
11771
17010
16511
13062
11530
9697
6541
5746
7608
5380
-1957
-9000
-10193
-9165
-10139
-12113
-12698
-12383
-12637
-12083
-10718
-8382
-6927
-4118
6090
6090
7845
6825
6874
9017
11893
13563
14012
12969
10418
7661
5451
3882
1592
-1534
-4346
-5891
-6983
-9104
-11365
-12792
-12980
-15028
-15191
-14049
-12682
-10444
-8909
-5991
-4110
-3184
-1792
1881
1881
3293
3948
3725
4246
3462
2165
-1778
-1778
-3220
-4361
-4868
-5644
-6451
-6396
-5933
-5640
-5071
-4222
-3006
1524
1524
3720
5631
7600
9089
10155
11755
14194
15134
15663
16591
17424
18216
18067
16302
12753
7404
-4317
-10502
-6293
2045
-12424
-12424
-19087
-18271
-17617
-18140
-12999
-7717
-8361
-10725
-6431
1598
4290
2231
4834
11675
16333
15709
13175
13197
12275
10713
11079
12969
9485
-5718
-5718
-6552
-5484
-6926
-9386
-11447
-13331
-15639
-15734
-14282
-11912
-10452
-8329
-3872
1374
1374
2732
2732
6824
11048
13678
14675
14085
11839
9855
9476
9639
8392
5087
1498
-3269
-3269
-5768
-8147
-10310
-12729
-14610
-16764
-16788
-17000
-15632
-13274
-10763
-8563
-7659
-6057
-4375
4028
4028
5405
5469
5338
4366
3860
3210
2404
-2924
-2924
-4499
-5373
-5573
-5694
-5395
-5092
-4490
-4234
-2440
1815
1815
3883
5132
7373
8597
10870
13157
16019
17706
18408
19153
19195
18777
16188
12658
3248
-3963
-2749
4565
4107
-6793
-15998
-17725
-16640
-17326
-13484
-9236
-10641
-15230
-13144
-5519
5598
5598
9831
11499
11215
12494
12918
12388
12619
14691
14032
7656
-2786
-2786
-6328
-9789
-13449
-14702
-13129
-11056
-10538
-11075
-10063
-7443
-5054
-3987
-2320
5222
5222
8089
9772
10423
9904
9319
10068
12046
12575
10767
6982
3694
1982
-2465
-2465
-6087
-11811
-15439
-16723
-14718
-13561
-13446
-14065
-14057
-13546
-11926
-8552
-5939
-2783
2351
2351
2641
2318
2816
4052
4951
4784
2741
-1369
-1369
-1635
-1635
-3057
-4141
-4352
-3125
-1441
2133
2133
3538
3646
3780
5130
8907
11311
13017
14506
16396
16099
15807
16424
15803
12905
2794
-2419
8616
8616
6056
-4766
-12236
-12707
-12345
-13274
-7908
-4448
-8909
-15804
-12897
-4770
-1885
-1885
-1492
2392
4108
5273
6609
9099
9278
7766
7649
9779
9899
4795
1621
1621
1606
-3718
-3718
-6928
-10417
-10819
-7775
-5120
-5451
-7727
-8561
-6461
-3669
-1706
1796
1796
3436
4510
5978
7333
7766
7180
7260
8898
9402
8047
5106
2739
1788
1437
-4158
-4158
-11179
-16226
-14944
-9642
-7137
-9701
-13634
-14896
-14010
-10843
-5450
-2357
-2702
-4050
-3394
1742
1742
1716
1831
1831
1674
-1869
-1869
-1935
-2953
-2953
-4830
-3468
2883
2883
4376
4374
4217
3239
5227
8734
12400
13566
12972
14341
15675
17681
16531
16033
9947
-2062
-2062
4680
12012
6081
-5678
-12471
-11511
-11451
-8893
-3508
-2466
-10477
-16270
-10972
-2203
1504
1390
1390
3132
6621
9628
8622
5884
5241
6710
6258
2499
-2735
-2735
-5828
-8936
-10987
-9562
-5771
-3369
-4783
-7993
-8691
-5984
-2020
3019
3019
3322
3068
3384
5722
8438
9874
8801
7709
7587
7637
6839
5382
3628
2693
-3913
-3913
-11123
-13632
-11606
-6237
-7072
-9511
-13743
-14745
-13841
-8697
-2260
-2209
-4354
-7185
-5256
-1720
1802
1858
-2283
-2283
-2586
-2586
-2821
-1388
-1690
-2951
-3248
-1802
2741
2741
3401
3192
2995
2636
5948
9300
11870
11802
11280
12517
15000
17723
17420
17402
10061
1672
7877
7877
13951
7641
-3575
-9238
-8489
-10074
-6075
-10244
-10244
-16032
-9876
-1507
-2223
-2223
-3239
5382
5382
8718
6428
2316
3150
3150
3556
1568
-1867
-1867
-3533
-4403
-6399
-8588
-7704
-3945
-2121
-4100
-6847
-7061
-4356
1753
1753
3354
2656
4294
4294
8083
9387
7613
5451
5073
5037
5963
5674
5106
2462
-2334
-2334
-5453
-6047
-6845
-5998
-8061
-8575
-10163
-10829
-10932
-8997
-5552
-5657
-5503
-6486
-5902
-4576
-2314
-1897
-1897
-3399
-3127
-2347
-1400
-1400
-2586
-2832
-2751
-1879
1731
1731
2789
3564
4431
6214
7079
8176
8206
9975
11299
13159
14813
16077
15865
13424
7090
3419
4937
11176
11218
4582
-2430
-5256
-6049
-5097
2316
2316
-2876
-11329
-11613
-6008
-2602
-2602
-6009
-5777
4887
4887
5591
1940
-1461
-2271
-1479
-3690
-3690
-4966
-4458
-3673
-4520
-4961
-4010
-3027
-3337
-3891
-3154
-1523
2583
2583
2970
2188
1862
3581
6064
7067
6518
4805
3882
3438
4189
4980
4778
2512
-3346
-3346
-5734
-5882
-4114
-2650
-5381
-8089
-10538
-9333
-7914
-4744
-3210
-4761
-7324
-8261
-5604
-2855
-1945
-1945
-3601
-5260
-5370
-3763
-2051
-1695
-2928
-4450
-4678
-3694
-2465
-1409
1973
1973
3361
4182
5670
7032
8320
8245
8084
8661
10738
12804
14168
14541
13958
12465
6520
3983
5981
12366
10410
3460
-1950
-2174
-2730
-2284
2233
3963
-2826
-11171
-8779
-2067
-1690
-1690
-3794
-7932
-7126
5070
5070
2542
-2777
-5093
-4397
-3333
-3842
-3842
-6312
-5328
-2891
-2022
-2938
-3611
-3442
-3292
-3118
-1577
1877
1877
2259
2013
3051
4539
4581
3944
4060
4070
3268
3146
3989
4455
2656
-2117
-2117
-3192
-3564
-1860
-2926
-5388
-7746
-7439
-6094
-5262
-4076
-4518
-6197
-7871
-6833
-4406
-2972
-3672
-4857
-5740
-5791
-4913
-3277
-2512
-3624
-4993
-5267
-3898
-2701
-1530
2812
2812
3541
4195
5139
5914
7088
7618
8485
8725
9757
10447
11593
11877
12135
11789
8453
5623
5596
9495
8942
4798
1578
1578
3364
-6494
-6494
-5929
-1546
-1785
-1785
-2446
-3588
-6438
-6541
-1563
2001
-4635
-4635
-5649
-4929
-4205
-2596
-1909
-1909
-5332
-6533
-4456
-2167
-2202
-2868
-3255
-3446
-3553
-1975
1472
1472
1993
2852
2869
2169
2249
3283
3660
2839
2630
2808
2794
1405
-2093
-2093
-2703
-1744
-2803
-2803
-4397
-5407
-4701
-4706
-3463
-2713
-4374
-6411
-6294
-4304
-3383
-3954
-4602
-5398
-5857
-5380
-3224
-2347
-3521
-4924
-4843
-3481
-2586
-1729
1584
1584
2360
2473
2447
3400
4588
5363
6266
6501
7003
7254
8680
9515
10126
9822
10206
8504
7476
7245
8895
7781
5446
3908
4181
3606
2307
2794
3048
-2180
-2180
-2413
-2413
-2420
-2609
-4116
-4159
-1438
-2786
-2786
-4522
-3757
-3484
-4007
-3174
-2196
-2999
-4734
-4385
-2852
-2664
-3298
-3093
-2644
-3119
-3142
-1925
-1493
-1493
1789
1789
1476
1363
2010
2408
2193
2481
2830
2740
1949
1733
-1783
-1783
-2001
-1732
-2333
-2313
-2630
-3328
-3799
-3503
-3020
-3251
-3682
-3921
-3828
-3724
-3304
-2538
-2831
-3371
-3633
-3224
-2537
-2253
-1809
-1549
1361
1361
1867
2504
3198
3807
4419
5080
5587
6281
7128
7970
8721
9203
8852
8201
7910
7823
7449
6374
6134
6197
5942
5232
4933
4451
3136
1933
1855
1727
-1940
-1940
-2175
-1486
-1650
-2897
-3441
-2884
-2763
-3069
-2654
-2169
-2625
-3291
-3011
-2384
-2502
-2687
-2378
-2069
-2387
-2561
-1997
-1695
-1962
-2015
-1690
-1388
-1434
1576
1576
2109
2064
1645
1455
1452
-1822
-1822
-2422
-2694
-2652
-2693
-2846
-3217
-3252
-3422
-3292
-2972
-2805
-2790
-2887
-2608
-2277
-1953
-1520
1800
1800
2307
2725
3234
3721
4397
4987
5667
6344
7062
7840
8416
8953
9068
8595
7784
7332
7766
8219
8448
7661
6448
5311
4457
4165
4028
3400
1853
-1871
-1871
-2725
-3545
-3962
-3348
-2828
-3208
-3682
-3811
-3744
-3760
-3555
-3247
-3336
-3687
-3436
-2670
-2417
-2561
-2587
-2420
-2252
-1896
1441
1441
2063
1913
-1553
-1553
-1900
-2217
-2282
-2411
-3057
-3443
-3631
-3309
-3202
-3165
-3081
-3131
-3171
-3025
-2696
-2592
-2352
-1979
-1547
1555
1555
2191
2601
3054
3967
4758
5394
6039
6728
7130
7562
8186
8818
9354
9030
8079
7083
7098
7654
8135
7830
6675
5532
4320
3701
3803
3541
2567
-1891
-1891
-3023
-3866
-3688
-3055
-3216
-3718
-3793
-3927
-4237
-4200
-3775
-3767
-4369
-4352
-3606
-3125
-3377
-3246
-3000
-2855
-2615
-1946
-1433
-1433
-1680
1500
1500
2366
2599
1876
1412
1412
1426
-1967
-1967
-2382
-2698
-2913
-3102
-3376
-3768
-3905
-3555
-3353
-3454
-3603
-3617
-3408
-3274
-3006
-2888
-2906
-2730
-2097
-1479
1609
1609
2591
3296
3799
4552
5309
6145
6715
7357
7973
8607
9476
10053
9538
8239
7235
7505
8215
8677
8030
6742
5301
4035
3751
4109
3769
2312
-2126
-2126
-3347
-3806
-3287
-2750
-3156
-3862
-3906
-3948
-4383
-4254
-4039
-4534
-5043
-4846
-4179
-3982
-4357
-4267
-4057
-3881
-3408
-2818
-2499
-2524
-2265
1919
1919
2729
2687
2141
1751
1761
2052
2214
1936
-1875
-1875
-2523
-2842
-2828
-3088
-3470
-3806
-3968
-3946
-3879
-3700
-3776
-3945
-3635
-3326
-3255
-3325
-3330
-2908
-2345
-1858
-1395
1746
1746
2162
2917
3500
4220
5296
6494
7229
7611
8274
9127
9937
9603
8572
7658
7953
8634
9119
8793
7558
6064
4693
4148
4560
4160
2543
-2433
-2433
-3742
-4161
-3474
-2910
-3455
-4067
-4064
-4115
-4255
-4106
-3928
-4530
-5057
-4624
-3880
-3715
-4271
-4531
-4647
-4584
-4011
-3220
-3158
-3599
-3579
-2643
-1659
1407
1407
2326
2423
2167
2052
2008
2200
2552
2452
1865
-1665
-1665
-2165
-2308
-2739
-3167
-3585
-3812
-3939
-3952
-3790
-3902
-3896
-3829
-3664
-3470
-3611
-3403
-3013
-2725
-2227
-1707
-1382
1578
1578
2406
2945
3611
4447
5502
6240
6819
7759
8540
9126
8832
8056
7184
7658
8561
9142
8762
7556
6471
5371
4968
5396
5122
3435
1382
-1534
-1534
-2958
-3403
-2699
-2341
-3105
-3761
-3799
-3932
-4178
-4069
-4080
-4808
-5166
-4565
-3755
-3954
-4530
-4457
-4401
-4364
-3991
-3276
-3255
-3807
-3621
-2468
-1570
-1384
1399
1399
1379
1379
1785
1920
1860
-1383
-1383
-1695
-1938
-2554
-2870
-3257
-3398
-3556
-3577
-3487
-3725
-3610
-3695
-3714
-3817
-3674
-3282
-2918
-2418
-2064
-1749
-1523
1362
1362
2008
2813
3514
4501
5159
5686
6170
6900
7859
8487
8435
7764
6696
6563
7506
8316
8136
7063
5847
4816
4203
4371
4497
3447
1595
-2292
-2292
-2987
-2787
-2347
-2828
-3628
-3697
-3446
-3787
-4232
-4167
-4480
-5029
-4787
-3985
-3796
-4365
-4713
-4454
-4245
-3939
-3431
-3306
-3619
-3595
-2833
-1792
-1775
-1775
-2018
-2114
-2481
-2706
-2923
-2891
-3080
-3175
-3022
-3178
-3163
-3229
-3026
-3227
-3309
-2982
-2675
-2271
-2057
-1614
1432
1432
2114
2961
3841
4423
5283
6061
6723
7593
8267
8867
8583
7842
6923
7041
7864
8284
8067
6787
5495
4488
4134
4410
4270
3132
-1551
-1551
-2586
-3044
-2791
-2182
-2486
-3147
-3356
-3359
-3400
-3509
-3481
-3966
-4421
-4223
-3697
-3365
-3901
-4168
-3993
-3857
-3573
-3163
-2987
-3352
-3424
-2587
-1555
1419
1419
1361
1383
1383
1430
-1570
-1570
-1791
-2356
-2655
-2649
-3054
-3288
-3619
-3387
-3374
-3271
-3081
-3175
-2929
-3067
-2670
-2603
-2574
-2289
-1896
-1396
1876
1876
2509
2956
3520
4549
5389
6168
6971
7813
8308
8974
9041
8647
7485
7086
7911
8599
8638
7589
6578
5256
4309
4324
4484
3718
1821
-1446
-1446
-2612
-3502
-3476
-2759
-2737
-3391
-3642
-3578
-3480
-3500
-3300
-3404
-4047
-4456
-3881
-3086
-3201
-3494
-3503
-3419
-3318
-2938
-2378
-2464
-2952
-2689
-1566
1687
1687
1853
1438
1438
1660
1464
-1936
-1936
-2174
-2324
-2638
-2890
-3454
-3831
-3991
-3643
-3375
-3479
-3722
-3740
-3450
-3351
-2931
-2774
-2594
-2189
-1657
1397
1397
2337
3223
3735
4170
4781
5776
6720
7447
8240
8668
9168
9061
8522
7574
7561
8137
8522
8508
7570
6355
5069
4184
4229
4276
3373
1580
-1556
-1556
-2819
-3828
-3771
-3146
-3082
-3653
-3988
-4150
-4275
-4190
-3752
-3808
-4301
-4596
-4077
-3364
-3534
-3852
-3781
-3599
-3344
-3035
-2518
-2436
-2849
-2590
-1649
1699
1699
1622
-1748
-1748
-2253
-2371
-2494
-2707
-3036
-3376
-3955
-4069
-3633
-3391
-3538
-3716
-3607
-3299
-3013
-2795
-2602
-2472
-2379
-2044
1764
1764
2543
3409
4077
4650
5065
6018
7144
8132
8719
8971
8920
8459
7790
7663
8001
8221
7978
7377
6619
5579
4591
4136
3868
3117
1754
-1553
-1553
-1926
-2757
-3694
-3980
-3689
-3596
-3892
-4092
-4184
-4393
-4487
-4248
-3970
-4007
-4266
-4205
-3813
-3743
-3814
-3674
-3545
-3353
-3299
-2758
-2463
-2561
-2457
-1936
1422
1422
-1613
-1613
-2131
-2450
-2716
-2892
-3050
-3239
-3511
-3940
-3873
-3572
-3411
-3329
-3227
-2971
-2774
-2458
-2090
-1711
-1572
-1389
1444
1444
2048
2694
3523
4225
4855
5377
5960
6946
7856
8654
8798
8265
7333
7108
7738
8277
8564
7621
6534
5450
4687
4604
4509
3927
2244
-1710
-1710
-2767
-3693
-3979
-3497
-3193
-3669
-4318
-4638
-4531
-4382
-4091
-3953
-3996
-4248
-4303
-3632
-3249
-3334
-3523
-3502
-3044
-2766
-2473
-2248
-2319
-2313
-2041
-1367
-1553
-1553
-2272
-2848
-2947
-2707
-2975
-3201
-3585
-3809
-3970
-3657
-3252
-3267
-3247
-3333
-2884
-2433
-2190
-1945
-1562
1466
1466
1904
2655
3490
4172
4840
5335
5967
6575
7394
8192
8360
7991
6924
6577
6897
7261
7620
7061
6085
4937
4132
4041
3944
3339
2007
-1936
-1936
-2926
-3834
-4319
-4118
-3664
-3710
-4250
-4735
-4731
-4673
-4312
-4127
-4017
-4258
-4537
-4189
-3670
-3232
-3271
-3407
-3338
-3104
-2559
-2225
-2034
-1941
-1895
-1555
-1502
-1502
-1640
-1575
-1809
-2288
-2980
-3534
-3480
-3444
-3483
-3785
-3951
-4086
-3964
-3366
-3055
-2695
-2798
-2706
-2217
-1795
1365
1365
2039
2345
2828
3363
4080
4877
5334
5885
6269
6940
7354
7978
7852
7591
7117
7006
7121
7353
7308
6611
5986
5070
4532
4201
3725
2973
1738
-1722
-1722
-2435
-3287
-3741
-4285
-4087
-4144
-4177
-4544
-4977
-4842
-4796
-4397
-4317
-4200
-4195
-3995
-3648
-3311
-2923
-2661
-2611
-2597
-2196
-1780
-1473
-1486
-1486
-1943
-2233
-2665
-2648
-2761
-2841
-3182
-3129
-3331
-3150
-3215
-2771
-3267
-4800
-3605
-3115
-2633
-2275
1489
1489
2690
2213
1846
2892
3543
3723
4068
5682
6856
7504
7997
9680
9574
8579
7916
8179
7053
5048
4415
4518
4340
2898
2976
3178
3314
2238
2055
2119
-1925
-1925
-2182
-2791
-3581
-4063
-3709
-3271
-3162
-3108
-2596
-2507
-2865
-3465
-3594
-3752
-3969
-4637
-4497
-3998
-3492
-3516
-3175
-2350
-1979
-2135
-2075
-1722
-1641
-1941
-2074
-2943
-2530
-2556
-2602
-2261
1712
1712
2892
2586
-2878
-2878
-3143
-2318
-2502
-2980
-1851
-2223
-2223
-1995
-2019
-4335
-5546
-5386
-5667
-6204
-5585
-4284
-3045
-2144
-1397
-1428
-1428
2713
2713
3809
4588
6211
7204
7104
7182
8322
8895
9029
10321
12587
13903
14216
12642
10489
8797
7494
4257
-3172
-3172
-5133
-4578
-2859
-4291
-6673
-6027
-4914
-6780
-8588
-7026
-5174
-5519
-5455
-2366
1487
1487
1745
3416
4167
3616
2719
2499
2046
1465
-1698
-1698
-1996
-3460
-5130
-5442
-5492
-6743
-7303
-5817
-3793
-3237
-2766
-1375
-1881
-1881
-2574
-2427
-2746
-3301
-4014
-3675
-3919
-4541
-4884
-4924
-5123
-6226
-6793
-6155
-5366
-5510
-5424
-4426
-3503
-3293
-3035
-1814
2147
2147
2993
3986
5331
6993
8208
9669
10776
11788
12663
13335
14132
15020
15961
16582
17457
18532
20797
17252
8773
4247
4835
2847
-6655
-11247
-7841
-6461
-13951
-15406
-7620
-5664
-12808
-15466
-8499
-7070
-12003
-11446
-3075
-2772
-2772
8409
8409
13467
11562
11859
12802
13641
11784
9925
8467
7928
6257
2973
1926
3028
3750
-5381
-5381
-5715
-5895
-10326
-13553
-12395
-11852
-13435
-14566
-10146
-5969
-4666
-4499
-1842
1442
1442
2717
1375
-1456
-1456
-2923
-2923
-2312
-2103
-4288
-6157
-5820
-6463
-9003
-9966
-7928
-6237
-6602
-6624
-4882
-2933
-2325
-1975
1467
1467
3249
6217
8538
9350
10725
13848
16530
17027
18060
19524
20569
19615
18921
19462
20942
20984
21300
14604
4191
-4176
-4176
-15910
-19609
-15953
-15727
-24051
-21500
-10897
-8894
-16160
-16278
-6065
-3697
-5957
-4256
4873
6351
6123
10485
19420
22811
19971
18657
17922
18485
14963
10353
4969
2915
-5355
-5355
-7818
-7118
-6858
-11839
-15200
-14893
-13039
-15252
-16268
-15383
-13209
-12156
-10434
-4763
4444
4444
5062
7322
10507
12681
11031
8062
5501
2209
-1992
-4941
-5783
-7091
-10320
-12800
-12587
-11333
-11433
-12849
-13318
-12970
-12643
-11820
-9312
-6603
-4866
-3685
2425
2425
5193
5844
6071
6825
7651
8152
8713
9946
11218
11578
12803
15905
17945
19254
19436
19990
20357
19275
18998
19574
21741
16503
3465
-5118
-5065
-5041
-14745
-22075
-20160
-16785
-22689
-22335
-11831
-5673
-11497
-15206
-6328
6366
6366
10756
11856
13367
19360
24726
23520
18257
13832
14205
12327
6243
-1788
-4773
-7882
-11896
-14802
-12985
-10844
-14196
-17225
-16307
-11922
-10514
-11025
-10754
-7592
-3992
-1611
2573
9229
13457
12583
11719
13381
15648
11795
4135
-4793
-4793
-10389
-15018
-16908
-17520
-19384
-21645
-20172
-15387
-13012
-12861
-12229
-10227
-6917
-4671
-3102
2280
2280
2602
3784
6788
9586
9250
6942
6280
7561
7491
6501
6834
8460
9126
10795
13365
16727
18325
17677
18226
19303
20997
21292
23708
20350
6936
-3808
-5517
-3021
-11588
-21747
-22896
-17520
-20778
-21476
-12785
-5389
-8155
-13507
-7302
3564
3564
4801
4801
8283
11054
14179
19437
24213
22936
18328
13736
13013
9852
4833
-2563
-8423
-13338
-15596
-15465
-14110
-13402
-14959
-14828
-13660
-9754
-6319
-5269
-6117
-5093
2631
2631
7112
11844
14626
13576
13115
14039
14314
9608
-6354
-6354
-12844
-17472
-20772
-23417
-25287
-25592
-24352
-20366
-14438
-10318
-8130
-6919
-4558
-1490
2789
2789
3542
3320
3709
5866
7613
8380
7462
5841
4152
4357
4781
4746
3697
3979
5577
9341
13449
17036
19647
20047
21951
22315
24189
25730
29452
17375
-7907
-7907
-4699
-5727
-18377
-26657
-23869
-19237
-23595
-19116
-10671
-3947
-10547
-13286
-7494
4070
6780
3646
4923
10124
18053
20643
23600
25886
25204
17632
11323
8499
7749
1452
-10033
-18706
-19503
-15791
-15940
-17518
-17047
-13836
-13079
-12722
-7247
-1721
-1517
-4728
-2899
4495
11456
13971
14698
15065
16023
15162
12741
9355
2760
-7954
-17747
-23291
-24299
-25498
-29146
-30490
-27264
-20761
-14407
-9420
-6804
-3198
-1466
3031
3031
6434
6602
4369
2973
5477
8629
8140
5872
3760
2546
2133
2106
2035
1961
2347
3526
6929
12018
17161
20583
21702
23933
25417
28555
30823
32767
20341
1638
-8142
-6062
-7692
-21236
-31123
-27711
-22915
-25454
-20704
-12218
-3981
-10257
-14114
-8397
4976
8574
3846
3553
11096
21272
23533
25018
27954
28231
18732
10083
6665
6455
-1445
-16288
-25131
-23497
-18443
-18929
-20368
-17768
-12525
-11598
-10657
-3895
2067
1451
-2690
8188
8188
15755
16983
17257
17957
18585
16333
12293
7402
-1844
-13196
-24641
-29436
-30808
-31770
-32768
-32677
-29099
-19534
-11906
-6890
-3206
2853
2853
3713
6096
7710
7949
4340
3131
5520
8234
6711
3115
-1753
-1753
-1912
2159
2159
7243
14493
19821
21579
22272
26401
30324
32767
32468
32767
19175
-8733
-8733
-5390
-8852
-25906
-32768
-29634
-25341
-25553
-22212
-13001
-5198
-11949
-14930
-6057
9364
10165
3626
4360
16748
27049
26829
26740
30222
27713
16179
7870
5472
3732
-9071
-24426
-29605
-25228
-20989
-21949
-22188
-17781
-12408
-10576
-6809
3764
3764
2522
5514
5514
14350
20922
21261
19958
18523
17779
15271
8486
-11168
-11168
-22569
-31323
-32768
-32739
-32739
-32768
-31617
-23487
-12792
-5575
-2392
3377
3377
5762
6357
7910
8819
6900
3370
3405
6287
7093
3776
-2282
-2282
-2323
-2356
-2981
-2077
2349
2349
6628
13781
19762
23020
24164
27201
30060
32767
32175
32767
27050
4767
-9046
-9101
-5610
-21526
-32768
-32293
-26478
-25807
-25432
-18281
-4926
-6796
-15405
-10152
6762
15876
8105
4797
14518
28829
30408
28248
29329
30125
19249
7529
2565
-7236
-7236
-23486
-32226
-29708
-23161
-20997
-22146
-19604
-13360
-9034
-6462
3892
3892
5830
4018
6164
14043
22843
25409
20868
16130
14404
13400
4958
-7116
-17797
-27045
-32597
-32725
-32768
-32032
-30403
-28329
-20016
-8749
2828
2828
2788
4411
7788
9012
8629
8523
7167
4590
2921
4300
5512
3085
-2231
-5392
-4737
-1975
2762
2762
7799
12967
17631
23284
26627
30125
29350
31685
32474
32767
29150
6759
-11393
-11510
-6624
-21910
-32768
-32423
-26874
-27299
-27274
-19526
-3812
-4479
-15714
-13146
4329
17630
10915
6513
14655
30104
32109
29456
29900
30431
19279
4488
-1938
-3013
-7640
-23428
-32768
-31308
-23184
-18450
-20230
-18142
-12198
-8102
-7187
-2272
4565
8602
6856
7454
16224
26529
30330
24195
16169
12687
8850
-13206
-13206
-23254
-31563
-32768
-32590
-32768
-29673
-25794
-24024
-18393
-8156
4397
4397
2452
4285
7934
10208
10583
11054
10880
7735
3181
1565
2837
-5002
-5002
-9654
-8715
-4063
1895
1895
5636
11584
16591
20469
24986
28540
31233
30322
32546
32088
32767
23194
-12663
-12663
-7460
-10979
-29390
-32768
-30422
-26864
-30377
-27536
-14808
-9459
-9459
-16845
-8097
10956
16719
9977
10283
22082
32767
32253
31166
30927
27130
12615
-6449
-6449
-7178
-14704
-28922
-32768
-29723
-20295
-17981
-20730
-17014
-10441
-7683
-7617
-1929
6474
10745
9092
12772
23696
32331
30694
19794
12355
6922
-12583
-12583
-23561
-30851
-32768
-32454
-32768
-29370
-22482
-19649
-19178
-14327
-4140
2729
2061
6029
6029
11933
13117
12590
13528
12936
7105
-3654
-3654
-8827
-9865
-4638
5634
5634
8137
13729
17376
19101
22347
24665
28388
28648
32256
32567
32767
17306
-10195
-10195
-7315
-16853
-31891
-32768
-29089
-25088
-27718
-21354
-10894
-2338
-9463
-11472
-3306
10235
13239
11025
14052
24606
32767
32001
30221
27299
21598
8385
-3546
-9841
-11040
-18026
-29006
-31735
-24734
-16128
-16196
-18945
-15839
-10060
-8505
-7550
-1697
6369
10453
11964
18270
28106
31848
28726
17807
10737
-11057
-11057
-20024
-30350
-32288
-32768
-32732
-32192
-24758
-21183
-15706
-16779
-15117
-6124
2222
2222
3504
10490
15343
17305
14573
15403
13001
5425
-2071
-4121
-3194
-3620
-5639
-4436
1644
8020
12296
15891
18241
19448
20016
21416
23155
26864
31424
32767
31308
10761
-4541
-7836
-4027
-20179
-32768
-32694
-27901
-25914
-24692
-14947
-9314
-7557
-13242
-8060
6776
6776
9405
13186
16537
24344
32543
32767
30875
22720
16147
6854
-3744
-11396
-13286
-15876
-24079
-27493
-21906
-13717
-14251
-18625
-18064
-14448
-12634
-9838
-1369
6760
10708
13112
20785
28915
28762
19600
10337
-8673
-8673
-14424
-17976
-22226
-29352
-29193
-23891
-20236
-22107
-22494
-20255
-20030
-18331
-11845
-2475
2698
4842
8969
14765
17050
12522
7675
4630
1908
-2189
-2189
3726
3726
4465
5274
9454
12819
14351
15271
16774
17827
18123
22993
26494
31884
32593
32741
11757
-9923
-17122
-8797
-15041
-31267
-32768
-26721
-14495
-17681
-14235
-9690
-8414
-15828
-15598
-6221
3427
8969
12618
17824
26125
32692
32767
28344
14519
6873
4284
-1972
-11723
-16234
-11954
-10366
-16823
-20091
-15242
-13333
-22006
-28344
-21811
-12441
-10270
-7878
4409
17590
21819
21293
22224
21039
12261
5273
-2403
-7720
-13484
-15765
-14628
-16374
-17414
-20903
-20896
-25368
-26563
-26076
-22050
-16423
-12828
-5801
2725
10946
11473
7951
6931
6355
3041
3307
3307
4944
5068
8801
12298
11680
9589
9549
12898
14244
16160
18544
22352
25627
29453
32157
32767
21596
-6144
-20645
-17475
-9995
-23068
-32570
-27448
-11864
-8974
-13422
-9353
-10246
-16928
-22610
-12575
6578
6578
9965
17726
26956
31977
32070
28856
17547
3617
-1446
2628
2628
-3644
-10215
-8060
-4595
-6747
-14936
-20165
-21714
-26770
-28596
-21245
-8179
4486
4486
13884
21042
18593
10532
2772
-1381
-1381
-3102
-3113
-4412
-9468
-10880
-13250
-14285
-22686
-28346
-26499
-19554
-11662
-7286
-3733
1399
1399
4522
3871
-1845
-1845
-2015
1665
6101
11240
14160
13586
13370
14259
15618
14791
13681
15205
17876
21648
25695
28128
29197
29944
31885
26141
2635
-20208
-26273
-12805
-11399
-23646
-27870
-17470
-3903
-9217
-14269
-14875
-15392
-19748
-18866
-5387
9109
15667
18835
21004
26837
28803
26037
17788
6009
2246
2246
7795
8573
3900
-3281
-3281
-6150
-11066
-17795
-22640
-26329
-26778
-20127
-10418
-2745
2107
2107
4087
5786
5380
-2620
-2620
-1445
4307
7525
4353
-3413
-3413
-6243
-10187
-12850
-15932
-19660
-19169
-15242
-9312
-5801
-4928
-6205
-8269
-7314
-5067
-4115
-5383
-4326
6908
6908
11626
13113
12987
11104
11104
13462
16103
18058
20615
25006
28434
31460
31882
32070
31118
29417
22044
-18624
-18624
-23138
-9230
-6674
-18856
-25655
-21324
-9374
-13706
-18307
-22951
-25147
-22642
-15693
-1440
7380
12080
15897
17215
21203
21469
20990
14891
6846
6124
10769
18226
17221
11039
4361
-1990
-1990
-7168
-13421
-17263
-19152
-18806
-14847
-8025
-4062
-5713
-9776
-11000
-8619
-5291
-3587
-6424
-9165
-7019
5514
5514
2828
-1597
-4779
-4006
-2538
-2449
-3484
-6249
-5498
-2702
-2997
-2997
-6294
-6773
-4731
-3273
-3909
-5713
-4092
2871
2871
4415
3752
2761
3648
7739
12421
15621
17246
19207
22287
24635
26486
28478
30027
28376
16542
1495
-2396
5785
7274
-3172
-12797
-7651
-1440
-1440
-9410
-14302
-14141
-16679
-16227
-13329
-10751
-6747
-3120
3608
3608
2121
-2461
-6733
-3036
4392
5050
2879
4698
4698
7956
6794
3219
1954
1954
4913
6259
4766
4978
6697
7383
6012
3179
-3087
-3087
-8635
-11292
-9521
-7820
-10950
-16399
-17804
-14491
-9837
-9346
-14244
-18748
-17321
-9375
-2441
-2303
-4640
-4655
4259
4259
6078
3639
-1447
-4243
-2131
2558
5830
5341
2970
1679
3279
7358
10217
8619
5041
4514
9243
16472
21350
21760
20235
20997
24582
22563
10814
5617
11701
16877
7488
-5572
12916
12916
15231
2439
-9648
-11485
-11320
-7951
-6004
-11300
-16025
-14968
-4706
1447
-2169
-2169
-5259
-8680
-12126
-9376
-5837
-5837
-9316
-5586
2949
6075
4228
-3364
-9831
-7734
8392
8392
7527
2546
3285
7839
13136
14886
12282
6874
-2171
-2171
1480
1480
-2793
-8892
-13477
-12044
-6414
-6456
-14083
-22103
-22520
-16054
-9139
-5949
-8486
-11811
-9586
-3367
1908
-3645
-3645
-4971
-3589
4559
4559
7197
6375
3621
3919
6189
8719
9651
8587
7991
8327
12424
17868
20731
20739
20430
21760
23066
15774
8115
12108
20536
19042
2763
-4866
6109
17145
13211
-2319
-11630
-13533
-12531
-5939
-4742
-10967
-19053
-18828
-8201
-3108
-3199
-5542
-10909
-15291
-16274
-6191
3853
-6597
-6597
-10214
-4276
3416
6778
5709
-2811
-8920
-5869
4157
11838
8714
4277
4155
5726
9120
11715
11582
4869
-3781
-4113
3556
3556
2537
-2586
-7678
-10756
-8846
-5959
-9332
-16132
-19338
-16367
-12365
-10467
-8739
-9366
-10470
-8564
-5167
-3136
-4324
-3897
2516
2516
4286
6420
8922
9719
9227
10928
11829
11274
10837
12727
15314
16228
17415
18884
20406
21738
19939
11322
6827
14199
23213
17139
-2461
-2461
12523
21766
13025
-6337
-6337
-8464
-7388
-1781
-9650
-9650
-19729
-17230
-7586
-4648
-5977
-9448
-14272
-19413
-17300
-4165
2474
-3023
-9305
-8015
3533
3533
6128
5201
-1707
-6338
-2551
7490
10990
6448
4327
4495
4311
4422
6224
6218
-3843
-3843
-1599
-2175
-2175
-6716
-7718
-6661
-7940
-9586
-8835
-8119
-10218
-10169
-6942
-5317
-6393
-7340
-6767
-6988
-6639
-2003
3332
3879
2438
3704
7415
10375
11840
12829
12056
10936
12865
17739
20748
20481
20403
20579
16015
7786
8426
18990
22322
9700
-4470
14162
14162
19662
11907
-5741
-5741
-7990
-3876
3587
3520
-6220
-15316
-14073
-6640
-3045
-3393
-7120
-14703
-20831
-18309
-7265
-5821
-5821
-11278
-11052
-6263
-1420
2344
2802
-2042
-6005
-3420
3893
7001
5771
5232
4460
1876
2463
2463
4338
1718
-1894
-3405
-3725
-3002
-2308
-2308
-7791
-9744
-7659
-5785
-5670
-5549
-6146
-7767
-7056
-3744
-1360
-2242
-3639
-4020
-3901
-2379
4545
4545
4377
3159
4322
7521
9474
9909
10791
11965
12804
14890
18221
20845
18787
10374
5830
12255
22419
19700
5189
9727
9727
18671
14564
3744
-2964
-5748
-7874
-3757
4069
3016
-8881
-16707
-12129
-5952
-4354
-4554
-7758
-14903
-19493
-12102
-1428
-1714
-9866
-12383
-7036
-3306
-2001
1674
-5623
-5623
-8302
-2122
4579
4127
2818
3029
2197
4650
4650
3132
-2161
-3307
-2366
-2366
-1407
-1363
-5257
-8639
-7287
-5275
-7182
-8377
-6356
-5611
-6903
-6781
-4150
-3172
-4292
-3074
1933
1933
5898
5955
5632
7190
9407
9553
9367
12013
14172
14216
15213
18733
21240
15270
6270
7619
18537
21958
9241
-4458
10949
10949
14086
7393
-2458
-2458
-8351
-9383
-1875
3987
-2630
-13766
-14772
-8527
-5323
-3977
-3282
-7317
-16487
-18013
-7288
-2979
-2979
-8536
-7425
-4713
-5004
-1718
3440
2081
-5129
-6480
2617
2617
2200
2200
-2497
-2497
2073
2073
-4772
-4772
-2955
-2771
-2771
-5502
-3770
-2525
-4396
-6163
-4883
-5390
-8872
-8790
-4816
-2559
-4357
-5782
-4485
-3738
-3001
1984
1984
-2308
-2308
3838
3838
5913
6276
7374
7819
7157
8362
12539
15279
14364
13510
16201
16857
9595
5115
13496
23453
17714
-3924
-3924
7040
14801
9896
3553
2397
-2292
-9571
-7538
2579
4722
-6212
-14752
-12768
-9377
-8530
-6007
-3447
-8806
-17846
-15892
-5414
-5316
-5316
-6902
-4423
-5741
-7698
-2694
3765
1695
-4841
-4292
-2008
-2008
1547
1547
-3931
-3931
-2215
-3661
-3661
-5411
-2002
-3488
-3488
-7393
-6060
-3314
-4271
-4836
-3369
-4472
-8509
-9146
-3954
-2381
-2381
-5000
-4876
-4177
-3587
2751
2751
2668
3967
3967
6939
7330
8202
9007
8671
8751
11960
16754
21955
24702
16460
1692
13217
13217
22348
13560
4927
4927
15319
10881
-2199
-2199
-8396
-8396
-14996
-7028
2657
-1453
-13525
-14765
-11551
-16036
-18321
-13503
-8840
-15170
-18146
-7075
-5156
-5156
-11370
-6904
-2952
-5833
-1990
7937
12459
5660
2141
8626
9730
4515
2211
2211
1752
-2707
3292
3292
-10444
-10444
-13795
-11281
-13075
-15713
-13662
-10755
-12431
-16106
-13422
-10983
-14033
-16321
-12590
-6173
-4611
-3695
-1549
-1549
3739
3739
7188
7441
9364
13257
15120
13738
15505
19163
19865
19215
21260
25478
26335
26156
30009
25861
6611
-10617
21616
21616
19518
-6328
-6328
-9017
-9017
-30393
-25842
-3489
-2717
-25122
-26910
-8353
-7964
-25010
-26898
-9667
-7008
-16678
-7574
9183
9375
-5418
-5305
5331
3566
2059
13152
25161
17843
5171
7474
10177
5337
3537
13207
17405
4456
-3365
-7876
-7876
-12206
-10717
-17194
-24677
-18418
-9990
-15482
-28023
-29993
-23851
-22501
-18570
-9248
-5205
-12421
-17188
-8815
-1916
3250
3250
4333
5832
5832
10929
9336
5759
6315
12498
12847
13643
16265
15972
12518
11561
18403
23451
22796
23621
25761
28665
23968
6483
-9587
-9056
14755
23560
8092
-6112
-5957
-10450
-30275
-29334
-2915
9789
-15071
-31608
-13825
-7267
-25576
-27399
-3246
7589
-10060
-11629
9869
11971
-5565
-9470
9315
16249
9255
16024
24501
15757
10187
10187
9704
8543
13403
11303
-2175
-11355
-6115
-3368
-7292
-6401
-4582
-13348
-24223
-23942
-16668
-19297
-21919
-17401
-14940
-17517
-20656
-13989
-12440
-14943
-11258
-3858
1664
-2853
-2853
5517
5517
11663
8972
6048
6849
5596
5781
8466
14439
14511
11790
13739
17991
19053
18007
18954
22415
25093
30859
26650
5126
-11720
-3157
21608
20233
5071
-1562
-1562
-19490
-32768
-14831
12346
3804
-25605
-26480
-11316
-20017
-30215
-11903
7199
-4622
-22788
-8914
10310
-10359
-10359
-1566
13105
9683
6394
18456
21510
8162
-2500
4930
16834
16922
14246
11863
3490
-5772
-8241
4074
4074
-4377
-4377
-17356
-24026
-23712
-18185
-14277
-17748
-16277
-22264
-24902
-23604
-17258
-12028
-15604
-10482
-5616
-2596
-3960
-2938
-3261
-3261
7494
7494
12138
10125
4138
4272
5699
8080
12786
16222
15838
10685
10641
14519
19138
21344
22205
22246
22982
25859
28885
14993
-5067
-8597
11108
25432
12126
-2370
-2370
-13121
-32077
-27558
4567
12829
-12731
-30820
-19925
-16629
-28312
-18919
6270
5681
-17738
-20770
5843
5843
-8159
-4653
11557
14963
4631
9017
20916
13649
16141
16141
22178
14960
10362
6890
-2193
-7573
-1807
8879
6777
-5674
-15842
-21357
-21580
-20939
-15891
-12251
-16417
-23195
-27494
-22706
-18422
-17903
-15356
-10050
-5348
-6929
-7291
-4293
-2891
-2858
9860
9860
12735
7836
3773
4726
8474
11096
14868
18821
16614
11679
10640
15315
19952
22124
22720
24098
25002
26178
28576
10687
-6065
-6924
15194
26507
9886
-6515
-6515
-16626
-32768
-22059
10122
9348
-18574
-32768
-21785
-18762
-27591
-13823
7042
-22217
-22217
-19723
3707
4724
-8723
12999
12999
13258
4468
10754
21060
10143
-2030
6155
22001
23533
12346
6770
4171
-3387
-4719
4402
12392
5128
-12087
-21894
-22566
-18442
-14757
-12873
-12753
-22594
-29637
-28228
-20601
-14224
-18114
-16537
-11943
-9136
-8347
-7788
-3001
-3759
-3733
3266
11595
12758
6538
3657
6552
10600
15367
19464
20797
15633
10214
12280
18751
24763
25184
23366
21771
21216
25835
26531
5613
-7524
-2597
20464
20249
2175
-3013
-6816
-21808
-32768
-11119
14990
-28667
-28667
-30530
-15543
-21051
-25459
-4480
7286
-12993
-28484
-10460
10563
-9505
-9505
3971
12760
6770
4711
19432
22795
4217
-2975
12266
24673
20125
11084
9183
3759
-6544
-3735
8739
10926
-2377
-17169
-21553
-20103
-18593
-14664
-11831
-16438
-27361
-29791
-22936
-16418
-15150
-18387
-14987
-12399
-11825
-7760
-3941
-1594
-4723
-3471
4369
9005
8044
6143
6845
8769
9417
12967
17773
18206
15043
14031
17781
20683
20994
21128
21659
23826
24207
29235
20974
-8695
-8695
3048
23525
14808
-4713
-4713
-11021
-24906
-24474
2031
12090
-13518
-32768
-24728
-11562
-17002
-14436
-3814
-3814
-27280
-27780
13874
13874
-5311
-5311
2359
-5806
-5806
4317
23543
21177
2674
11228
11228
14160
10754
11504
15023
8203
-1813
6555
6555
3077
-7955
-11860
-9393
-9866
-13404
-15572
-15297
-20827
-25359
-21030
-14561
-14517
-21146
-21966
-16153
-12907
-11071
-7785
-5666
-7668
-9203
-2915
5799
6967
4679
4154
6371
8459
11144
16025
18344
16118
13779
16738
21495
23078
23693
23750
25005
26689
27396
30507
12292
19859
19859
26771
8819
-3153
-7581
-15831
-22995
-9021
12211
-1437
-28406
-32768
-23943
-14660
-16586
-6111
-1591
-21715
-32768
-22823
3646
7692
-2618
1503
1503
-6496
-5329
12721
25948
16028
5430
11182
15871
13640
11691
15142
15546
6833
3865
7018
6684
-3453
-10180
-9561
-7721
-9305
-14865
-16196
-20508
-25128
-23229
-16513
-13576
-19516
-24943
-22885
-16974
-12262
-8367
-4861
-7339
-10918
-8795
8333
8333
8341
7729
7254
8193
10860
15516
20403
21360
18416
18144
20697
23589
25975
25912
26898
27404
28093
28051
11477
3985
3985
21104
23429
7012
-3006
-7447
-15633
-22141
-7060
10732
-3686
-29219
-32768
-22714
-15536
-17496
-6371
-3481
-23917
-32768
-21746
2498
4609
-3384
-7942
-7942
-5211
13073
24900
16002
7121
12032
15116
13708
12870
16923
16870
8708
4107
6088
4104
-3518
-7907
-7729
-5329
-11002
-16285
-18804
-20278
-22863
-21371
-15035
-15576
-21240
-26322
-21652
-14190
-11474
-8209
-7229
-9384
-11433
-7748
2512
8582
7741
6787
6687
8298
11777
16208
21269
21444
19079
18723
21490
23996
26229
26157
27437
28006
27717
24573
8981
2118
7105
21835
19799
4775
-4219
-8908
-16132
-19352
-4406
7052
-9442
-31127
-31937
-20266
-15194
-15481
-6454
-7369
-26299
-32768
-17034
3392
2802
-3424
-2305
-2305
-7865
-2308
14468
22356
13464
6314
10140
12597
12515
13154
15929
14990
6919
3567
3507
2702
-2346
-6149
-5851
-7698
-12254
-17686
-17844
-18244
-20318
-19119
-15922
-17370
-22488
-24549
-18447
-12787
-11631
-9786
-8825
-9279
-10465
-5421
3051
6865
5707
4940
7313
9013
12157
16230
20235
19822
17262
17714
21631
23771
25165
25890
26745
26703
25405
23790
11082
3738
7848
20947
19165
4031
-5064
-7386
-12795
-16283
-4600
4858
-10146
-30938
-30693
-17692
-12805
-14994
-9689
-10421
-26402
-31877
-14910
3722
2109
-5143
-3712
-3470
-6990
14232
14232
19987
11869
5074
9165
12200
12557
13399
14746
13518
6472
3816
3483
-1967
-1967
-5261
-5213
-7046
-11970
-16354
-17512
-17127
-18191
-17264
-15689
-17431
-21011
-22158
-16943
-11064
-10949
-10676
-10831
-10192
-8837
-4528
3712
5882
4687
3424
5954
9678
12763
16370
18778
18799
16700
18358
22086
24707
25900
25515
26803
26121
26412
20389
8101
5080
13185
24381
15468
1855
-5139
-7274
-12920
-11340
2099
3302
-17169
-32768
-25312
-13314
-11877
-13660
-9419
-16598
-32263
-27877
-8404
4873
-2731
-7346
-5052
-6432
-6234
3537
16633
15784
7146
4179
10330
12775
13259
14656
15506
12523
4428
2951
3384
3245
-3751
-3751
-4977
-9214
-13608
-15833
-12304
-13414
-17025
-18363
-17553
-18598
-20055
-16718
-11555
-10007
-12446
-11853
-9739
-8228
-6406
-2391
1743
2192
2946
2946
6802
9228
11908
13825
16323
15478
14554
16292
20182
21965
22612
23128
24594
24699
23092
14213
6047
7646
17073
21099
9624
-2646
-2646
-4440
-7548
-2062
5550
-1955
-20973
-25493
-13246
-6762
-8642
-9387
-8381
-18407
-25778
-14512
1604
2729
-7740
-9131
-6414
-7027
-4785
5661
11405
5014
-2673
6999
6999
6652
5860
6365
7011
2096
-1501
1526
1526
-5208
-5208
-6361
-5015
-8583
-11700
-11408
-8920
-9895
-12220
-11224
-9923
-11948
-13295
-8833
-4490
-5310
-8287
-7040
-5068
-4257
-2510
1890
3820
1526
2379
2379
6644
8775
9749
11539
13002
11357
12748
15477
20093
19603
20212
20527
22904
7946
7725
7725
22452
22329
3971
-1826
-1826
-3308
-7344
5171
13079
-22894
-22894
-20189
-2750
-4301
-4301
-4042
-2767
-18074
-23010
-7290
8373
4481
-9825
-7677
-5346
-7043
-4907
5766
9767
-8062
-8062
-3020
3289
2239
2239
-4519
-8570
-3752
-1687
-5260
-8271
-6478
-4897
-10246
-12019
-8406
-5431
-7305
-8717
-5789
-6475
-9258
-8048
-2119
-2803
-2803
-5199
-3233
-2478
-1791
3597
3597
3518
3335
3335
5317
6311
6356
8858
8156
7823
9079
13549
15391
16276
17159
19131
17205
1917
2512
11186
25558
16273
2152
-3355
-3355
-1386
12834
12891
-6835
-22164
-10391
2871
2340
-4401
-4401
-19468
-14652
2980
11714
-9781
-9781
-6039
-5214
-6697
-1380
6880
3849
-7168
-11102
-3142
-4183
-4183
-3871
-2062
-2827
-8861
-9242
-4524
-4480
-7117
-7010
-3669
-6100
-10558
-9244
-3608
-1453
-4461
-5299
-4561
-5642
-5997
2880
2880
-4252
-4252
-4903
-1470
1557
1557
1502
-2461
-2461
3803
3803
4117
3460
4299
6208
5289
6466
8926
11978
12673
12933
15864
17811
15494
2576
3581
11382
23192
15902
3412
1999
1999
13420
11950
-5129
-17472
-7126
5391
4062
-5185
-5185
-16363
-11433
4074
9534
-2002
-12321
-7893
-4781
-5077
-1683
3174
-9344
-9344
-11001
-3143
-4231
-4231
-6305
-4736
-4182
-7819
-9293
-4826
-4810
-7159
-8218
-4753
-5326
-9611
-8160
-3450
-4618
-4618
-5796
-3848
-3659
-4216
3247
3247
-3988
-3988
-4464
1371
1371
-1472
-1472
1751
4283
4202
2715
3503
6468
6419
6964
8066
11570
11841
13595
14561
18296
11663
2277
5131
14242
21880
9900
2558
1442
1442
4889
4889
13402
6608
-10003
-14025
5655
5655
2816
-7926
-7926
-14458
-4163
7767
6400
-5794
-9294
-5497
-5569
-5310
2410
2410
-4834
-12132
-9221
-2744
-4016
-7231
-6301
-4899
-7325
-9126
-6306
-3225
-5699
-7228
-5596
-3666
-5563
-8073
-4020
-1888
-2153
-4310
-3271
-2062
-4005
-3274
1779
1779
-4276
-4276
-2800
-1406
-1406
1962
1962
3279
1821
2191
3626
5779
5123
6967
8343
9739
9490
11707
14399
15258
13175
4933
5985
9324
17700
13416
5853
1465
2139
2139
4268
10142
7881
-2734
-10728
-4760
3522
4283
-4706
-4706
-11040
-6758
2315
5628
-1505
-7618
-6028
-5105
-4424
-1909
-2326
-2326
-7837
-8414
-4242
-3523
-6156
-6135
-5307
-5736
-8572
-6863
-5186
-4805
-7654
-6872
-4633
-5667
-7115
-6243
-2176
-2368
-4070
-4227
-2407
-2779
-3113
1521
1521
-3302
-3302
-2060
2012
2012
3124
1975
3074
3074
4774
5384
5336
6709
7898
9133
10904
13391
13971
13259
9311
6693
7829
12301
15070
9653
3852
1936
1936
3402
6176
7324
2774
-5329
-7293
-1635
3253
2494
-2746
-2746
-6002
-7131
-2338
2652
2035
-3656
-6052
-4964
-3737
-2512
-1719
-1719
-4870
-7048
-5796
-3731
-4147
-5572
-6108
-5543
-6028
-6948
-6055
-5055
-4509
-5235
-4738
-5064
-5873
-5835
-3598
-1567
-2239
-3631
-4054
-3481
-2942
-2780
-2780
-3505
-1735
1538
1538
2562
2715
1890
3202
4530
5499
5595
6375
6893
7453
8897
10885
12520
11338
10819
7910
7484
6371
10325
10883
8573
3613
1705
2914
3706
4838
4570
2390
-2236
-3622
2356
2356
1606
-2642
-2642
-4302
-4117
-2119
-3497
-3497
-5136
-4524
-3096
-2671
-2208
-2849
-4619
-6082
-5725
-4543
-4357
-5240
-5524
-5912
-6515
-6244
-5613
-4570
-5034
-5494
-4606
-4658
-4593
-4836
-3599
-2340
-2365
-2169
-2670
-2354
-2547
-1834
-1447
-1447
-1800
-1807
-1613
1781
1781
2987
3580
4603
4973
5977
6798
7619
8916
9867
10271
10496
10759
10637
9458
6103
7570
8085
9678
5141
3256
3097
2823
2272
2492
3636
-3219
-3219
-2454
-1991
-1991
-1995
-3636
-4087
-2339
-2339
-4961
-4154
-3056
-3759
-3801
-3352
-4457
-6298
-6220
-4969
-4735
-5962
-5812
-5667
-5749
-6210
-5710
-4668
-4926
-4957
-4049
-3266
-3987
-4138
-3345
-1847
-1808
-2294
-2342
-2134
-2199
-1596
-1866
-1866
-2237
-1535
1675
1675
1891
1891
2751
3080
3922
4710
6542
6288
7051
7504
8382
8123
9136
10538
10908
3899
3423
6671
10800
7623
1851
3633
2419
1697
1612
6262
3689
-3761
-4835
2369
2369
-4067
-4067
-6655
-1478
1726
-1571
-5275
-5068
-3253
-4279
-3712
-2241
-3456
-6323
-6514
-4360
-4081
-5795
-5869
-4643
-5335
-5725
-5309
-3831
-4237
-5121
-3997
-3197
-3421
-4393
-2723
-2045
-2045
-3164
-2820
-1694
-1864
-1635
-2716
-2716
-3080
1543
1543
1880
1880
2940
3195
3397
4296
5564
6011
6473
7133
6976
6447
7375
8920
11137
9205
4134
3809
5411
9885
6685
4731
2914
2536
2536
7435
4296
-3289
-4383
-5678
-5678
-7594
-1731
-1531
-1531
-4281
-3550
-3846
-5683
-4220
-1821
-3542
-6215
-6127
-3758
-4528
-5941
-4777
-3661
-4388
-5674
-4644
-3505
-4120
-4535
-2858
-2062
-3301
-4218
-2550
-1807
-1807
-2499
-1965
-1492
-2090
-1443
-2284
-2284
-2293
1461
1461
1667
1667
2488
2962
2741
3412
3635
4380
5046
5848
5441
5261
5738
6795
7631
7858
7492
2788
4282
4600
8981
5187
3543
1850
2107
2107
3297
5401
1748
-1839
-1903
1555
1555
-1614
-1614
-3752
-3561
-2150
-2150
-3768
-3389
-3561
-3857
-3253
-3245
-4844
-5038
-4532
-3750
-4457
-4984
-4000
-4034
-4045
-4518
-3783
-3614
-3456
-3032
-2681
-2911
-3563
-3052
-2179
-1502
-2183
-2271
-2492
-2195
-2212
-1701
-1682
-2140
-2180
-1536
1557
1557
2639
2999
2677
2247
3430
3613
4666
4960
4784
4480
4019
5534
6176
6815
5920
6657
4608
3935
4278
5936
5930
3029
2437
1666
2316
1890
3004
2611
-1583
-1583
-2638
-1867
-1542
-1542
-2539
-2747
-3086
-3733
-4019
-3491
-3477
-3886
-4121
-4196
-4326
-4727
-4836
-4177
-3866
-3745
-3643
-3680
-3877
-3551
-2855
-2274
-2630
-2822
-2871
-2316
-1989
-1550
-1769
-1769
-2046
-1636
-1621
-1362
-1362
-1628
1703
1703
2174
2133
2118
2289
2818
3238
3479
3293
3145
3525
4015
4482
4067
4180
4179
4518
4422
3936
3724
3417
3148
2421
2404
2337
1859
1447
1447
1448
-1948
-1948
-2234
-2187
-2422
-2489
-2639
-2743
-3399
-3417
-3396
-3755
-3723
-3949
-3720
-4319
-4117
-4170
-3763
-3818
-3580
-3421
-3946
-3918
-3466
-2756
-2817
-2666
-2628
-2412
-2539
-2079
1901
1901
1992
1968
1995
2124
2511
2750
3034
3135
2833
2929
2985
3344
3387
3468
3514
3447
3495
3294
3320
2969
3054
2576
2630
2148
1879
1800
1872
1878
-1492
-1492
-1728
-1814
-2266
-2527
-2426
-2424
-2695
-3318
-3884
-3555
-3507
-3049
-3636
-3927
-4039
-3823
-3485
-3397
-3301
-3598
-3650
-3235
-2733
-2383
-2416
-2421
-2188
-1861
-1532
1361
1361
1744
1856
1716
1508
1730
2033
2068
2011
1969
1945
1908
2077
2340
2413
2148
1988
2302
2489
2384
2081
2207
2292
2338
2327
2191
2024
1724
1701
1723
1921
1374
-1401
-1401
-1444
-1686
-1862
-2317
-2498
-2837
-2747
-2777
-3056
-3156
-3501
-3487
-3679
-3376
-3232
-3312
-3490
-3454
-3206
-3191
-3010
-2746
-2519
-2301
-2259
-2109
-1897
-1625
-1430
1515
1515
1415
1513
1513
1577
1395
1395
1571
1461
1458
1458
1526
1606
1610
1654
1463
1461
1523
1515
1444
-1554
-1554
-1751
-1811
-2059
-2327
-2561
-2538
-2586
-2625
-2555
-2548
-2674
-2945
-2941
-2870
-2780
-2774
-2666
-2602
-2544
-2421
-2366
-2266
-2082
-1885
-1834
-1617
-1526
-1365
-1361
-1361
-1628
-1517
-1528
-1438
-1518
-1395
-1503
-1503
-1669
-1632
-1554
-1438
-1488
-1565
-1561
-1538
-1573
-1550
-1588
-1391
