-210
-210
-224
-240
-249
-263
-273
-281
-287
-294
-298
-294
-293
-284
-278
-269
-258
-243
-229
-209
-219
-219
-244
-277
-303
-327
-354
-372
-381
-397
-400
-400
-400
-389
-372
-358
-338
-316
-293
-267
-238
219
219
226
231
235
236
235
226
216
-227
-227
-249
-280
-307
-332
-355
-372
-385
-396
-403
-406
-403
-392
-377
-357
-346
-331
-309
-287
-260
-235
222
222
242
260
276
286
285
277
259
256
248
233
228
216
208
-211
-211
-236
-255
-283
-303
-327
-343
-369
-383
-399
-400
-399
-385
-367
-357
-332
-320
-297
-280
-258
-240
-225
208
208
231
254
268
273
271
264
267
262
265
258
246
226
-220
-220
-251
-279
-312
-342
-362
-383
-396
-403
-404
-399
-389
-371
-359
-349
-340
-324
-307
-289
-272
-250
-234
-213
226
226
251
265
284
285
277
270
270
271
276
279
277
263
234
-214
-214
-245
-286
-312
-331
-349
-358
-371
-367
-354
-337
-323
-319
-317
-317
-299
-280
-265
-250
-226
213
213
227
253
271
295
302
309
302
300
305
311
328
338
340
319
291
253
220
-222
-222
-257
-277
-303
-323
-351
-372
-372
-358
-339
-331
-315
-319
-325
-329
-316
-301
-294
-290
-283
-261
-231
225
225
259
302
326
341
343
336
346
358
380
405
411
389
352
319
291
260
214
-211
-211
-244
-275
-295
-327
-366
-400
-417
-410
-400
-394
-391
-395
-392
-391
-376
-367
-366
-356
-344
-307
-274
-221
212
212
254
298
344
378
379
378
354
362
370
397
425
439
424
400
439
371
322
259
-258
-258
-298
-392
-381
-667
-988
-742
-704
-509
-332
-250
-249
-278
-352
-425
-516
-463
-383
-328
-248
-248
-337
-396
-415
-390
-415
-333
-234
-241
229
229
281
279
294
281
295
310
375
471
604
718
767
811
822
881
953
1096
1221
1416
1427
1075
460
-313
-313
-253
-301
-355
-655
-855
-936
-1043
-1073
-1215
-914
-552
318
318
526
570
538
560
619
554
226
-238
-238
-282
-282
-447
-662
-852
-909
-865
-856
-922
-926
-710
-499
-416
-544
-683
-737
-662
-509
-384
-232
-270
-270
252
252
361
401
495
632
779
876
987
1123
1304
1479
1565
1618
1613
1709
1782
1916
1631
739
-453
-1154
-938
-578
-453
-666
-720
-952
-1286
-1646
-1635
-1406
-1184
-921
-577
773
773
934
564
306
365
578
847
1145
1451
1533
1278
719
-218
-218
-511
-876
-899
-647
-449
-573
-892
-1139
-1284
-1293
-1224
-957
-579
-269
-252
-327
-301
-326
-326
-363
-229
-278
-278
-352
-396
-308
-257
-242
-260
362
362
598
707
780
826
929
1044
1244
1410
1550
1572
1590
1618
1752
1791
1815
1224
-1233
-1233
-1695
-1104
-557
-426
-747
-869
-1253
-1570
-1850
-1551
-1070
-620
254
254
998
1230
1002
350
398
398
822
1200
1419
1425
1024
335
-461
-923
-996
-899
-948
-1039
-898
-727
-779
-1070
-1301
-1263
-1042
-709
-345
-354
-354
-354
-232
-219
-231
-221
-221
-418
-571
-584
-498
-334
239
239
451
710
870
891
888
824
877
980
1153
1279
1451
1495
1467
1346
1363
1415
1564
1472
465
-855
-1788
-1259
-519
-503
-503
-693
-936
-1387
-1661
-1551
-837
-401
211
211
783
1146
914
297
256
256
645
977
1114
1106
688
-802
-802
-1228
-1109
-772
-646
-774
-761
-646
-700
-871
-943
-832
-539
-260
-424
-424
-646
-611
-346
-244
-278
-388
-466
-660
-767
-756
-608
-357
341
341
485
690
834
829
681
595
572
695
903
1132
1305
1323
1203
1034
1020
1223
1474
1817
1642
465
-1052
-1835
-1103
-271
-441
-441
-593
-870
-1331
-1641
-1369
-647
-209
421
421
953
1072
605
387
387
868
1104
1088
870
255
-480
-1077
-1215
-883
-480
-395
-595
-644
-654
-826
-1011
-879
-427
240
240
-209
-209
-402
-580
-622
-457
-241
-234
-373
-548
-667
-911
-988
-772
-348
229
229
464
590
592
584
629
653
632
622
678
831
1020
1125
1119
1047
969
1012
1110
1428
1639
1942
1117
-381
-1838
-1732
-449
289
-462
-462
-627
-1228
-1596
-1649
-831
307
307
536
716
990
595
-487
-487
793
793
1179
1113
788
-645
-645
-1226
-1363
-992
-456
-381
-381
-703
-855
-985
-1068
-911
-411
443
443
315
-582
-582
-812
-757
-576
-350
-259
-340
-630
-830
-930
-920
-888
-672
-316
206
206
233
233
511
669
658
575
493
498
549
660
765
867
963
1043
1100
1037
1071
1017
1123
1291
1515
1758
1837
953
-653
-1883
-1466
589
589
267
-453
-848
-1485
-1816
-1573
-588
494
494
546
639
747
270
-351
-531
212
1068
1349
1071
495
-238
-934
-1292
-1181
-641
-445
-445
-917
-1067
-1020
-915
-563
352
352
311
-585
-585
-925
-910
-783
-586
-441
-428
-585
-918
-1062
-1035
-841
-645
-332
305
305
547
680
686
631
514
501
625
814
902
964
1005
1019
1001
962
1048
1202
1429
1513
1603
1514
1639
1326
-1242
-1242
-1849
-630
349
505
-408
-1003
-1432
-1881
-1764
-1072
407
407
445
251
408
375
-253
-253
999
999
1433
1210
623
-589
-589
-833
-735
-341
-289
-289
-841
-1058
-974
-741
-477
260
260
327
-412
-412
-766
-859
-546
-288
-473
-473
-812
-1144
-1289
-1113
-833
-551
-429
-281
284
284
554
668
608
456
326
260
442
709
923
914
818
729
717
844
1006
1184
1345
1391
1388
1361
1503
1724
1899
770
-741
-1904
-1063
269
614
-1087
-1087
-1303
-1796
-1777
-1351
-229
225
388
388
761
761
1349
1267
698
-404
-404
-667
-623
-303
-249
-249
-903
-1141
-920
-545
-282
-326
-326
-804
-980
-864
-478
-270
-317
-666
-948
-1080
-1051
-818
-565
-316
-259
-222
-236
-226
439
439
615
613
473
419
450
540
664
835
925
884
780
705
777
1005
1277
1466
1484
1399
1294
1340
1576
1957
1215
-219
-1563
-1219
573
573
-980
-980
-1274
-1655
-1661
-1288
-355
225
226
226
238
718
718
1257
1208
674
-221
-221
-404
-395
-216
-216
-846
-1125
-1056
-728
-447
-223
-448
-448
-809
-1014
-1033
-748
-476
-412
-685
-1020
-1180
-1108
-793
-499
-337
-375
-390
-371
-274
405
405
497
533
505
537
564
639
673
775
862
831
770
742
853
952
1105
1147
1241
1299
1390
1366
1349
1510
1728
817
-529
-1569
-796
437
676
-1208
-1208
-1477
-1861
-1718
-1127
331
331
-503
-503
-517
306
306
916
1196
915
354
227
227
256
-334
-334
-879
-925
-591
-434
-434
-667
-798
-681
-428
-293
-420
-728
-1054
-1177
-1113
-915
-570
-323
-323
-565
-597
-418
250
250
456
496
389
244
383
642
876
866
804
768
712
696
793
993
1164
1258
1264
1232
1245
1330
1446
1451
1692
1507
446
-867
-1384
685
685
534
-636
-1314
-1563
-1825
-1618
-794
-518
-518
-981
-792
-414
508
508
961
851
269
310
310
358
350
-632
-632
-912
-697
-298
-272
-272
-469
-650
-769
-773
-650
-404
-358
-558
-909
-1139
-1014
-843
-642
-452
-332
-463
-682
-619
-269
210
210
267
332
377
336
327
531
773
885
813
734
760
760
796
902
1038
1140
1097
1125
1221
1378
1524
1516
1519
1653
942
-1139
-1139
-535
699
935
-1238
-1238
-1474
-1637
-1573
-1092
-373
-373
-1199
-1258
-685
684
684
788
365
305
305
571
566
461
336
-292
-292
-647
-558
-253
-318
-318
-465
-595
-686
-668
-596
-570
-614
-744
-839
-979
-973
-823
-712
-629
-628
-629
-605
-476
-234
215
215
251
266
273
334
592
788
856
765
716
745
776
846
959
1085
1116
1061
1026
1083
1270
1387
1510
1418
1649
1141
-912
-912
-772
563
1003
407
-1042
-1495
-1619
-1542
-1176
-311
-482
-482
-1462
-1670
-1045
-378
227
227
339
-265
-265
350
350
607
515
262
-239
-239
-360
-360
-452
-448
-531
-601
-648
-632
-684
-818
-937
-994
-1039
-941
-871
-757
-714
-708
-704
-638
-378
304
304
425
437
598
774
826
770
678
785
881
984
1049
1096
1074
947
929
991
1182
1289
1408
1333
1427
1365
680
-636
-636
232
819
734
-394
-1138
-1262
-1299
-1165
-634
-327
-327
-1224
-1778
-1342
-705
-347
-389
-242
-374
-374
284
284
506
345
-234
-234
-306
-213
-216
-216
-451
-626
-707
-695
-701
-707
-709
-891
-1006
-1032
-903
-769
-704
-661
-636
-528
-381
-216
266
266
323
443
655
761
801
738
750
785
823
971
1138
1229
1106
926
880
1012
1180
1286
1361
1344
1491
1024
509
226
226
795
826
225
-629
-751
-871
-912
-744
-807
-807
-1537
-1420
-866
-574
-638
-601
-390
-399
-599
-460
380
380
264
264
313
297
-359
-359
-468
-511
-482
-443
-502
-712
-914
-902
-787
-729
-761
-764
-700
-616
-512
-333
295
295
480
629
714
695
663
692
773
898
1051
1125
1088
951
891
914
1038
1130
1199
1149
1193
947
661
292
443
745
647
229
-370
-398
-475
-581
-586
-291
-257
-754
-1281
-1235
-822
-708
-855
-895
-714
-641
-751
-579
-207
-380
-380
-307
209
209
214
261
261
-254
-254
-350
-333
-213
-249
-495
-675
-596
-464
-534
-653
-681
-602
-591
-555
-361
230
230
276
399
542
583
489
462
578
752
865
921
939
921
832
806
861
1010
1084
1133
1052
854
653
559
769
697
508
-215
-215
-277
-258
-208
-461
-752
-908
-778
-724
-836
-896
-877
-786
-815
-704
-474
-333
-442
-560
-513
-382
-344
-288
-209
-209
-300
-300
-295
-272
-272
-440
-457
-380
-322
-289
-286
-339
-454
-510
-385
277
277
339
377
358
357
409
486
620
755
866
886
879
889
973
1006
1067
1024
1008
847
720
756
665
621
325
265
-308
-308
-545
-727
-613
-687
-769
-789
-807
-799
-942
-872
-711
-575
-612
-682
-686
-679
-666
-522
-338
-253
-236
-251
-260
-260
-242
-304
-304
-429
-365
-273
-267
-267
-301
-260
303
303
427
462
392
422
469
580
638
738
795
855
898
989
1048
1122
1124
1067
938
794
805
683
722
578
518
363
-311
-311
-540
-705
-888
-956
-834
-838
-851
-997
-960
-876
-802
-762
-726
-717
-789
-822
-725
-557
-480
-433
-405
-298
-208
-211
-211
-215
-215
-364
-443
-432
-329
-262
228
228
333
341
336
375
453
523
576
690
811
913
943
936
974
1020
1157
1233
1304
1231
1065
925
651
690
640
730
616
428
219
-431
-431
-627
-815
-880
-810
-871
-865
-925
-883
-826
-781
-717
-740
-817
-929
-912
-744
-595
-549
-542
-550
-490
-408
-243
-235
-235
-269
-219
-314
-314
-380
-369
-260
267
267
323
334
317
360
507
664
812
862
941
1003
1095
1195
1195
1249
1183
1091
1002
742
772
702
744
597
377
-232
-232
-518
-694
-888
-982
-904
-924
-898
-1018
-1045
-947
-837
-727
-748
-800
-877
-932
-861
-734
-559
-470
-472
-461
-435
-357
-305
-303
-305
-314
-280
-264
-206
208
208
225
221
209
283
360
469
571
691
782
839
899
1008
1087
1187
1202
1281
1221
1092
918
742
877
839
877
688
514
327
240
-376
-376
-583
-805
-869
-851
-909
-909
-1025
-1011
-969
-900
-872
-923
-952
-970
-872
-734
-600
-530
-541
-546
-458
-310
-281
-281
-343
-331
-306
-222
-210
-242
-242
-249
-211
287
287
330
309
302
364
532
726
885
919
932
986
1074
1215
1298
1354
1135
1022
759
791
829
805
764
546
410
253
277
-505
-505
-648
-735
-676
-759
-838
-939
-1030
-969
-876
-775
-812
-918
-1001
-987
-875
-740
-623
-491
-424
-332
-238
-213
-213
-235
-243
-231
-260
-273
-235
280
280
332
341
334
353
440
571
709
813
881
919
1012
1135
1269
1340
1366
1228
1052
921
776
898
834
822
631
430
261
238
227
-405
-405
-576
-724
-742
-729
-817
-822
-909
-858
-837
-810
-858
-938
-998
-1020
-973
-863
-774
-702
-658
-586
-430
-317
-214
-213
-213
-206
-225
-225
-329
-413
-431
-355
-215
264
264
321
343
345
360
444
613
766
889
941
1002
1077
1143
1210
1257
1336
1204
1134
878
828
844
794
802
629
499
292
229
-468
-468
-710
-879
-774
-864
-738
-793
-929
-964
-978
-740
-803
-874
-914
-1020
-1067
-892
-706
-617
-572
-529
-477
-428
-318
-247
-223
-224
-226
-269
-227
-225
-225
-303
-323
-320
-283
275
275
324
343
392
488
618
742
840
929
1008
1093
1208
1265
1286
1414
1280
1225
1021
819
906
837
929
821
571
394
229
-308
-308
-592
-788
-862
-734
-798
-784
-957
-992
-912
-819
-705
-796
-909
-974
-915
-796
-647
-588
-560
-566
-485
-385
-267
-216
-216
-245
-325
-270
-224
-227
-227
-257
-244
248
248
300
311
374
456
617
769
917
1030
1085
1169
1202
1325
1365
1459
1317
1192
976
830
916
840
876
681
537
373
313
255
-475
-475
-651
-807
-822
-826
-922
-954
-1067
-1018
-964
-888
-893
-973
-1024
-1011
-932
-808
-693
-598
-522
-452
-345
-268
-215
-215
-206
-211
-232
-232
-208
299
299
446
596
726
841
953
1090
1219
1363
1486
1536
1560
1354
1273
1008
1000
1038
998
963
696
517
320
312
-483
-483
-657
-844
-794
-850
-878
-969
-1104
-1087
-1048
-958
-972
-1064
-1143
-1158
-1071
-910
-759
-624
-565
-472
-363
-238
-210
-210
-288
-275
-241
254
254
395
536
692
824
920
992
1080
1211
1303
1420
1443
1317
1233
955
995
999
1005
913
685
483
347
305
-276
-276
-549
-718
-838
-778
-850
-916
-1040
-1095
-1031
-986
-963
-1065
-1161
-1231
-1218
-1130
-985
-890
-826
-756
-623
-476
-333
-235
-215
-212
-212
-284
-309
-249
215
215
208
236
327
452
578
706
782
872
951
1083
1224
1320
1391
1416
1280
1228
1023
1085
1120
1072
974
708
524
372
351
-235
-235
-564
-753
-935
-886
-947
-1007
-1090
-1155
-1094
-1047
-965
-994
-1057
-1128
-1144
-1059
-910
-784
-720
-688
-605
-504
-369
-262
-221
-224
-224
-268
-268
-289
-275
229
229
236
249
303
383
509
631
744
809
874
976
1074
1185
1245
1329
1338
1193
1106
847
933
911
928
861
674
519
354
314
-270
-270
-554
-732
-894
-852
-953
-1005
-1119
-1165
-1086
-1010
-919
-963
-1047
-1101
-1074
-945
-823
-734
-698
-665
-528
-409
-270
-219
-208
-220
-252
207
207
230
288
361
478
613
748
853
930
1023
1124
1251
1308
1380
1344
1197
1091
856
966
916
937
806
606
421
303
282
-322
-322
-609
-801
-934
-902
-1016
-1090
-1215
-1271
-1202
-1128
-1049
-1114
-1192
-1255
-1194
-1061
-902
-786
-712
-618
-502
-387
-258
-207
-207
-213
283
283
416
571
710
825
924
1060
1193
1349
1417
1474
1465
1299
1238
967
1022
948
955
849
643
470
309
283
-303
-303
-560
-737
-913
-893
-1018
-1058
-1169
-1221
-1164
-1103
-1036
-1094
-1146
-1204
-1159
-1087
-957
-846
-740
-657
-541
-392
-253
-244
-244
-244
240
240
254
261
283
339
460
551
677
773
893
1020
1138
1266
1369
1436
1464
1333
1289
1068
1064
1026
998
945
729
558
357
312
-247
-247
-516
-685
-899
-899
-993
-1045
-1130
-1217
-1152
-1099
-999
-1013
-1043
-1119
-1112
-1055
-930
-805
-724
-646
-554
-387
-261
-236
-236
-275
-288
-233
256
256
311
333
352
369
420
511
601
699
792
872
977
1073
1188
1294
1319
1338
1175
1140
942
959
960
932
897
695
565
404
389
235
-420
-420
-606
-814
-828
-932
-1009
-1094
-1181
-1115
-1040
-963
-989
-1039
-1104
-1079
-1022
-916
-822
-764
-683
-596
-433
-297
-208
-208
-259
-260
-239
-207
244
244
280
311
345
382
484
588
712
801
871
962
1074
1188
1285
1308
1363
1230
1200
1005
933
953
888
903
721
621
417
374
223
-372
-372
-530
-749
-782
-890
-1016
-1090
-1220
-1183
-1145
-1054
-1046
-1070
-1111
-1108
-1047
-944
-838
-751
-648
-556
-422
-262
-222
-222
-257
-267
-251
-207
207
207
265
305
406
507
636
738
823
918
1022
1127
1231
1293
1333
1260
1163
1057
869
920
792
808
647
520
359
252
-385
-385
-551
-757
-863
-906
-1034
-1040
-1164
-1156
-1162
-1093
-1044
-1061
-1068
-1075
-1022
-950
-835
-768
-669
-597
-482
-344
-238
-238
-235
-230
-212
216
216
264
308
385
482
559
675
750
865
945
1067
1146
1223
1226
1268
1156
1131
942
847
824
754
757
579
499
302
243
-393
-393
-530
-765
-783
-881
-929
-1003
-1081
-1066
-1055
-951
-946
-925
-969
-955
-926
-835
-731
-653
-592
-560
-454
-335
234
234
258
351
405
500
582
652
738
799
913
973
1044
1075
1121
1049
969
854
718
752
656
685
567
463
314
215
-323
-323
-440
-645
-718
-773
-847
-883
-983
-1012
-1032
-976
-923
-878
-879
-864
-836
-775
-671
-605
-517
-517
-463
-393
-279
247
247
297
365
413
464
492
560
621
666
736
761
788
820
845
888
812
795
673
630
609
542
549
431
333
-220
-220
-355
-451
-634
-688
-779
-812
-899
-995
-1034
-1037
-910
-858
-832
-843
-775
-737
-874
-760
-644
-608
-591
-368
218
218
242
242
316
398
470
523
575
615
692
754
803
861
892
983
972
983
866
823
670
573
511
383
377
234
-216
-216
-306
-431
-618
-752
-828
-978
-1024
-1079
-1038
-1009
-1023
-1026
-982
-814
-722
-657
-644
-527
-454
-366
-259
224
224
283
298
258
230
-223
-223
-221
-207
-241
-292
-326
-324
-325
-309
-268
-234
-240
-231
208
208
268
367
406
451
470
504
478
524
592
694
740
764
825
859
882
927
971
879
764
546
504
364
392
248
210
-316
-316
-332
-484
-594
-858
-918
-915
-928
-925
-977
-837
-829
-798
-842
-746
-631
-605
-562
-546
-355
-216
252
252
254
251
249
343
300
234
-247
-247
-348
-346
-384
-439
-492
-478
-405
-354
-289
-224
306
306
389
480
525
569
584
571
585
588
654
632
661
668
739
798
852
916
838
698
397
285
-300
-300
-476
-433
-521
-617
-875
-928
-873
-872
-862
-890
-705
-596
-493
-514
-406
-236
-219
-219
220
220
319
439
437
426
349
396
320
223
-240
-240
-364
-353
-413
-457
-570
-566
-564
-587
-592
-573
-445
-348
-248
210
210
307
430
513
530
544
541
518
401
348
354
396
385
430
527
630
714
860
920
774
516
-228
-228
-276
-276
-383
-332
-440
-611
-901
-947
-874
-809
-807
-723
-481
-320
-242
-234
225
225
313
329
422
481
451
348
279
212
-235
-235
-465
-543
-590
-651
-721
-770
-732
-804
-869
-893
-910
-978
-985
-913
-781
-576
-365
287
287
386
478
566
722
864
923
931
918
907
866
859
873
859
941
1021
1113
1149
1317
1416
1091
606
-214
-214
-351
-445
-715
-693
-650
-549
-672
-756
-656
-822
-1054
-1382
-1295
-1067
-865
-779
-561
348
348
443
662
669
606
454
376
531
658
679
581
544
544
480
247
-352
-352
-639
-917
-1196
-1285
-1314
-1273
-1319
-1307
-1156
-1002
-938
-992
-1016
-967
-870
-811
-595
-322
413
413
691
891
928
874
855
899
934
938
963
1001
1062
1090
1093
1117
1142
1096
1087
1015
1089
1091
1224
1226
797
244
-290
-443
-444
-600
-890
-899
-820
-730
-873
-868
-771
-914
-1171
-1349
-1133
-790
-615
-566
-333
507
507
641
772
945
984
912
647
621
794
835
625
411
346
391
211
-408
-408
-724
-1025
-1449
-1709
-1775
-1744
-1768
-1799
-1626
-1300
-1055
-980
-938
-819
-604
-527
-402
417
417
610
893
1197
1349
1306
1174
1100
1114
1041
917
814
811
844
832
829
913
998
1042
992
999
1061
1194
1075
507
-497
-497
-524
-448
-598
-784
-741
-531
-443
-538
-571
-513
-667
-979
-1105
-836
-435
-298
-285
433
433
786
861
867
890
904
655
334
289
472
471
221
-401
-401
-747
-955
-1224
-1563
-1777
-1795
-1720
-1696
-1634
-1404
-1033
-773
-724
-737
-610
-436
-367
-335
403
403
605
843
1109
1249
1142
973
908
882
797
623
526
603
747
845
913
1036
1210
1272
1237
1255
1363
1425
888
210
-354
-471
-332
-509
-772
-853
-589
-462
-526
-671
-654
-692
-1020
-1254
-1112
-673
-450
-443
-332
221
705
882
868
840
921
762
470
278
346
353
-398
-398
-817
-994
-1186
-1506
-1831
-1930
-1877
-1772
-1695
-1471
-1075
-749
-597
-550
-402
398
398
601
732
974
1174
1197
1074
1006
932
840
598
439
456
600
710
772
877
1095
1304
1356
1421
1469
1628
1188
413
-283
-554
-405
-562
-911
-1099
-755
-487
-427
-624
-662
-619
-941
-1230
-1219
-810
-557
-571
-537
702
702
1045
1023
936
1062
970
682
336
283
240
-254
-254
-306
-364
-364
-806
-1012
-1120
-1350
-1747
-1954
-2018
-1855
-1755
-1543
-1161
-792
-545
-445
-245
311
311
535
676
889
1095
1213
1153
1122
1008
917
654
476
423
515
633
703
858
1125
1429
1586
1701
1753
1856
1293
472
-294
-576
-499
-785
-1164
-1249
-806
-522
-380
-586
-538
-583
-976
-1235
-1268
-912
-779
-779
-613
760
760
1155
1152
1137
1228
1056
712
312
-208
-208
-509
-390
-237
-215
-448
-822
-932
-1072
-1364
-1795
-2007
-2061
-1833
-1708
-1437
-1043
-695
-435
-295
238
238
404
525
767
997
1149
1161
1099
982
853
550
411
378
494
632
713
892
1225
1523
1761
1921
1995
2016
1327
508
-255
-517
-536
-882
-1246
-1212
-771
-465
-331
-539
-426
-578
-948
-1197
-1202
-909
-837
-847
-594
812
812
1223
1197
1245
1300
1096
725
309
-403
-403
-652
-501
-354
-311
-567
-871
-942
-1042
-1364
-1778
-2050
-2065
-1852
-1732
-1414
-1016
-604
-309
218
218
-241
-241
246
246
388
647
919
1106
1134
1082
1020
871
624
481
434
559
696
824
1067
1408
1710
1965
2095
2277
2097
1248
344
-411
-533
-718
-1198
-1517
-1301
-832
-462
-430
-461
-279
-580
-918
-1224
-1125
-924
-934
-954
-488
307
993
1312
1276
1430
1367
1092
579
-340
-340
-698
-797
-619
-426
-383
-690
-858
-914
-1033
-1406
-1758
-1974
-1827
-1668
-1524
-1213
-825
-384
209
209
-287
-287
355
355
644
980
1141
1102
1023
981
800
607
461
526
707
843
1019
1337
1707
2013
2159
2278
2394
1785
827
-600
-600
-635
-1068
-1566
-1648
-1210
-701
-502
-610
-377
-394
-691
-1025
-1148
-882
-795
-927
-768
690
690
1226
1255
1357
1458
1332
908
346
-280
-280
-657
-951
-919
-696
-458
-589
-750
-768
-779
-1048
-1482
-1866
-1878
-1721
-1598
-1338
-989
-484
260
260
377
281
-235
-235
-255
320
320
710
1042
1128
1084
1053
955
797
587
496
615
753
915
1157
1563
1955
2211
2277
2426
2345
1551
508
-494
-762
-921
-1441
-1857
-1815
-1241
-729
-630
-628
-382
-478
-738
-1058
-1040
-731
-736
-759
-444
334
1142
1493
1484
1567
1600
1359
814
-503
-503
-914
-1141
-1095
-785
-661
-834
-948
-873
-855
-1108
-1558
-1809
-1690
-1526
-1359
-1134
-735
-260
334
334
379
212
-335
-335
-258
304
304
709
994
1032
1003
923
818
632
492
526
696
875
1082
1412
1853
2263
2450
2619
2605
1926
921
-647
-647
-861
-1396
-1863
-1935
-1460
-883
-615
-564
-325
-344
-561
-825
-937
-744
-750
-801
-540
969
969
1451
1520
1622
1679
1477
989
294
-580
-580
-998
-1263
-1252
-961
-736
-842
-941
-808
-722
-879
-1392
-1757
-1726
-1548
-1381
-1192
-871
-359
233
233
436
490
381
-351
-351
-388
-264
-220
412
412
841
955
1000
934
886
738
527
488
606
778
981
1277
1715
2249
2539
2759
2787
2187
1206
-568
-568
-827
-1375
-1947
-2121
-1729
-1059
-688
-597
-358
-300
-477
-718
-915
-782
-804
-933
-729
808
808
1394
1519
1571
1669
1513
1074
324
-263
-703
-1174
-1471
-1482
-1159
-813
-738
-846
-685
-587
-688
-1156
-1636
-1659
-1523
-1361
-1176
-846
-344
319
319
509
568
438
-334
-334
-450
-385
-362
-356
672
672
849
881
856
800
715
500
399
477
657
885
1208
1634
2168
2534
2730
2941
2601
1725
576
-411
-797
-1215
-1831
-2185
-2006
-1386
-809
-648
-442
-243
-372
-576
-856
-840
-721
-826
-767
-280
562
1345
1665
1687
1795
1703
1356
656
-632
-632
-1101
-1481
-1621
-1453
-1086
-859
-898
-803
-600
-544
-829
-1317
-1519
-1384
-1221
-1068
-879
-463
362
362
552
646
572
290
-383
-383
-355
-333
-339
-271
524
524
828
878
839
768
712
594
470
517
645
838
1103
1489
1983
2431
2648
2819
2672
1855
840
-228
-729
-1163
-1784
-2244
-2178
-1552
-996
-699
-527
-255
-255
-372
-614
-712
-626
-763
-741
-357
435
1167
1603
1610
1777
1719
1368
757
-738
-738
-1265
-1660
-1860
-1670
-1378
-1007
-897
-760
-517
-474
-690
-1157
-1451
-1437
-1242
-1122
-896
-564
392
392
625
758
654
373
-327
-327
-417
-394
-487
-400
327
327
750
869
908
838
755
653
544
473
585
726
1035
1488
1969
2468
2778
3016
2981
2158
1025
-741
-741
-1138
-1857
-2370
-2329
-1747
-1105
-706
-523
-354
-354
-505
-659
-547
-696
-767
-391
442
1215
1680
1737
1825
1864
1439
803
-793
-793
-1393
-1882
-2108
-1900
-1538
-1174
-991
-805
-432
-304
-487
-966
-1278
-1252
-1065
-968
-771
-477
390
390
579
713
633
335
-423
-423
-506
-432
-518
-479
-222
250
705
804
813
774
721
605
485
445
610
782
1022
1427
1929
2486
2796
2982
2949
2212
1076
-835
-835
-1214
-1862
-2414
-2410
-1834
-1112
-667
-495
-291
-291
-468
-627
-530
-612
-692
-327
484
1290
1790
1834
1858
1855
1452
791
-906
-906
-1491
-1965
-2175
-1965
-1579
-1148
-874
-671
-310
-342
-342
-797
-1217
-1269
-1109
-999
-777
-488
434
434
667
763
685
304
-513
-513
-632
-571
-635
-562
-295
638
638
783
769
769
701
603
505
471
632
824
1108
1592
2122
2613
2926
3140
3110
2234
1003
-870
-870
-1273
-1972
-2522
-2454
-1782
-1083
-644
-441
-259
-259
-477
-568
-421
-526
-608
-218
711
1530
2004
1946
1951
1848
1339
536
-454
-1174
-1755
-2209
-2409
-2057
-1580
-1084
-859
-650
-264
-305
-305
-794
-1150
-1129
-898
-804
-582
-308
470
470
582
615
489
-361
-361
-677
-725
-563
-573
-463
354
354
811
886
802
749
690
638
566
561
772
1002
1300
1738
2243
2697
2952
3085
2966
2016
718
-492
-1150
-1502
-2152
-2624
-2477
-1746
-1041
-635
-462
-376
-376
-567
-604
-381
-419
-425
989
989
1776
2148
1982
1892
1693
1120
268
-724
-1406
-1927
-2294
-2391
-1995
-1495
-1027
-832
-609
-260
-326
-326
-770
-1017
-948
-711
-595
-381
431
431
502
470
272
-614
-614
-849
-838
-652
-593
-457
323
323
696
779
690
601
572
552
587
676
919
1197
1544
2025
2503
2883
3038
3084
2791
1738
411
-768
-1323
-1652
-2198
-2541
-2269
-1508
-834
-479
-332
-408
-408
-574
-496
-227
-209
408
408
1342
2036
2263
1938
1701
1321
664
-220
-1156
-1747
-2145
-2364
-2283
-1795
-1275
-883
-766
-540
-229
-349
-349
-742
-903
-728
-438
-289
252
252
319
284
-463
-463
-838
-935
-745
-482
-407
-240
472
472
732
690
582
506
459
479
564
809
1153
1413
1708
2072
2483
2772
2791
2756
2456
1398
-1025
-1025
-1480
-1643
-2154
-2481
-2258
-1500
-822
-550
-465
-292
-292
-452
-543
-416
605
605
1448
2093
2187
1701
1322
861
-650
-650
-1550
-2041
-2312
-2445
-2317
-1819
-1250
-831
-726
-546
-313
-335
-335
-659
-744
-524
-214
313
313
245
-338
-338
-684
-1016
-1070
-843
-526
-365
473
473
693
663
581
504
548
637
759
1037
1329
1621
1945
2263
2557
2726
2658
2612
2230
1054
-212
-1352
-1675
-1769
-2237
-2417
-2125
-1381
-715
-482
-367
-305
-305
-431
-456
-226
253
296
415
924
1695
2225
2150
1550
1115
539
-983
-983
-1794
-2143
-2321
-2360
-2074
-1525
-948
-611
-619
-459
-237
-237
-541
-573
-279
244
244
-219
-219
-344
-620
-946
-1176
-1130
-755
-417
-257
427
427
598
530
472
410
476
662
908
1263
1555
1769
1993
2273
2539
2629
2480
2374
1995
840
-414
-1449
-1705
-1769
-2242
-2392
-2022
-1236
-669
-507
-381
-210
-210
-336
-290
552
552
603
697
1163
1872
2269
2032
1323
804
-514
-514
-1304
-2028
-2268
-2388
-2359
-2054
-1485
-900
-608
-617
-407
-219
-219
-476
-450
-226
-226
-402
-510
-711
-997
-1180
-1051
-694
-381
-251
206
206
533
650
618
632
671
786
925
1117
1433
1700
1866
2041
2278
2451
2497
2331
2258
1863
665
-578
-1583
-1763
-1764
-2156
-2258
-1839
-1090
-519
-341
-286
-286
-251
646
646
666
730
1158
1788
2110
1782
1034
458
-243
-942
-1645
-2203
-2300
-2368
-2270
-1846
-1233
-641
-405
-440
-246
-257
-257
297
297
288
-535
-535
-696
-782
-944
-1165
-1268
-1016
-581
-271
403
403
534
589
642
673
740
892
1179
1519
1680
1760
1864
2045
2183
2132
1991
1952
1941
1033
-283
-1379
-1772
-1586
-1955
-2265
-2043
-1327
-648
-407
-285
-326
-326
-365
596
596
741
627
891
1496
2007
1818
1085
484
-821
-821
-1479
-2090
-2152
-2124
-2118
-1810
-1260
-597
-278
-428
-399
-211
-211
225
225
-597
-597
-836
-815
-820
-932
-1180
-1053
-635
-299
402
402
566
652
771
866
962
1005
1168
1485
1649
1693
1704
1887
2126
2117
1971
1869
1961
1521
-1156
-1156
-1897
-1794
-1780
-2174
-2094
-1463
-694
-316
-208
225
225
-502
-502
-315
320
831
737
844
1365
1957
1989
1322
551
-795
-795
-1494
-2048
-2168
-1923
-1835
-1628
-1181
-572
-284
-284
-522
-419
-264
-264
-259
-259
-636
-945
-932
-769
-728
-933
-966
-592
-215
341
341
566
703
875
1067
1140
1102
1127
1379
1575
1607
1583
1658
1921
1994
1986
1936
1996
1532
-1127
-1127
-1899
-1802
-1758
-2076
-1951
-1309
-497
-292
-292
-561
-346
311
855
837
1005
1467
1968
1925
1187
345
-356
-1076
-1619
-2025
-2046
-1763
-1623
-1362
-954
-464
-330
-330
-558
-465
-229
301
301
311
-409
-409
-877
-1172
-1099
-886
-744
-879
-878
-567
-236
453
453
675
887
1077
1130
1001
1007
1172
1355
1410
1383
1561
1841
2011
2030
1948
1996
1950
993
-417
-1585
-1979
-1663
-1764
-1811
-1402
-729
-321
-321
-788
-790
695
695
1023
1090
1434
1833
2031
1479
615
-890
-890
-1437
-1759
-1796
-1467
-1259
-1139
-948
-727
-448
-528
-878
-944
-715
-213
257
257
238
-319
-319
-535
-808
-1003
-913
-606
-319
-394
-673
-714
-542
-332
-271
585
585
927
1113
1242
1280
1053
841
868
1127
1379
1467
1590
1934
2186
2233
2116
1972
1929
905
-577
-1689
-2035
-1532
-1538
-1634
-1229
-653
-275
-275
-464
-421
-762
-1132
-937
834
834
1156
1150
1442
1677
1740
1138
256
-352
-959
-1289
-1357
-1303
-1054
-1013
-1073
-1040
-1033
-889
-925
-1062
-889
-515
395
395
323
212
-383
-383
-538
-678
-730
-609
-428
-316
-530
-902
-994
-791
-419
-228
246
246
686
1068
1142
1052
904
615
464
586
943
1326
1464
1648
1922
2157
2145
1817
1572
1486
1448
537
-662
-1478
-1562
-1083
-1210
-1351
-1092
-731
-534
-751
-779
-634
-858
-1026
-621
323
1132
1194
1116
1370
1512
1378
741
-624
-624
-858
-848
-745
-703
-941
-1126
-1136
-1122
-996
-1015
-1003
-781
-388
305
305
-423
-423
-375
-346
-428
-433
-448
-324
-235
-304
-304
-680
-1022
-1037
-666
215
215
473
758
930
758
566
439
375
550
887
1377
1709
1798
1872
1951
2000
1872
1696
1581
1682
1171
-919
-919
-1401
-1069
-1088
-1408
-1325
-1036
-683
-764
-922
-753
-888
-1021
-808
858
858
1096
1028
1236
1470
1470
1037
472
-267
-267
-503
-579
-554
-621
-908
-1155
-1201
-1293
-1292
-1355
-1307
-1127
-841
-417
-218
-217
-391
-512
-386
-232
-218
-242
-333
-212
-315
-315
-588
-786
-841
-596
287
287
429
668
611
442
331
264
478
780
1159
1504
1597
1737
1847
1971
2060
1912
1793
1844
1818
966
-254
-1179
-1287
-995
-1206
-1447
-1251
-916
-815
-1143
-1195
-1123
-1338
-1307
-752
343
1003
1055
1083
1378
1489
1242
760
454
209
-478
-478
-967
-1275
-1386
-1521
-1582
-1600
-1391
-1105
-750
-489
-468
-561
-689
-621
-331
-400
-400
-585
-610
-412
252
252
235
235
352
406
212
238
238
612
965
1291
1424
1521
1724
1925
1990
1930
1855
1996
2048
1262
-906
-906
-1144
-859
-1033
-1343
-1212
-1042
-1001
-1367
-1536
-1413
-1720
-1669
-1039
872
872
800
863
1137
1353
1179
787
668
639
470
448
522
432
-713
-713
-1146
-1312
-1446
-1571
-1668
-1546
-1276
-1083
-919
-1011
-1115
-1197
-1085
-626
321
321
292
-433
-433
-352
238
238
475
426
321
529
529
827
1112
1209
1297
1535
1793
1939
2044
2042
2295
2410
1543
349
-606
-663
-383
-616
-999
-998
-913
-958
-1507
-1787
-1754
-2061
-1945
-1292
569
569
371
408
709
1046
971
693
785
969
1037
1164
1135
992
348
-347
-765
-956
-1057
-1252
-1407
-1443
-1294
-1261
-1293
-1634
-1752
-1718
-1411
-860
-439
221
221
435
435
801
876
649
505
360
397
284
399
399
537
686
675
811
1113
1444
1676
1776
1919
2322
2371
1501
370
-261
255
255
-410
-410
-422
-394
-744
-1399
-1723
-1808
-2130
-2008
-1311
-264
-372
-372
-417
293
293
236
454
454
856
1130
1410
1369
1163
592
-235
-235
-252
-421
-604
-771
-813
-1023
-1393
-1956
-2177
-2051
-1670
-1217
-927
-721
-678
-621
-496
-395
-395
-304
380
380
816
1113
1138
890
778
726
750
657
468
397
458
488
522
432
378
335
373
610
877
1054
1129
1324
1689
2021
1652
736
530
530
665
323
-221
-221
-836
-1196
-1456
-1613
-1309
-782
-272
-493
-855
-869
-559
-384
-461
-553
-324
516
516
864
782
590
347
418
442
374
295
277
214
-458
-458
-1029
-1346
-1312
-1027
-1002
-1150
-1219
-1094
-963
-953
-1003
-1003
-935
-786
-388
311
311
352
376
531
667
682
581
506
583
679
746
827
816
779
695
709
795
862
864
899
1045
1248
1379
1457
1405
1013
543
271
414
450
215
256
256
-333
-333
-737
-815
-1069
-1180
-1042
-811
-796
-944
-847
-619
-714
-1034
-1064
-855
-576
-536
-220
262
262
322
322
295
239
239
339
387
332
303
-327
-327
-448
-583
-752
-820
-851
-834
-839
-853
-983
-1126
-1114
-888
-648
-532
-443
-208
273
273
319
481
741
969
1057
1059
1155
1270
1242
1167
1153
1264
1386
1426
1517
1635
1616
1176
542
281
281
306
-223
-223
245
245
-460
-460
-913
-861
-1003
-1327
-1248
-890
-614
-872
-1018
-808
-691
-1011
-1242
-1045
-541
-383
-290
227
227
323
323
469
534
454
411
243
-250
-250
-410
-475
-593
-600
-572
-585
-776
-932
-996
-986
-979
-923
-735
-552
-403
-293
244
244
493
654
792
885
1044
1168
1219
1213
1186
1256
1364
1415
1496
1537
1618
1629
1330
788
332
246
496
375
299
299
-657
-657
-1067
-870
-1098
-1167
-975
-770
-779
-1112
-1113
-978
-1155
-1481
-1422
-1001
-494
-458
-306
283
283
598
635
621
510
433
-352
-352
-444
-538
-415
-399
-584
-860
-927
-923
-924
-987
-885
-711
-593
-388
442
442
628
708
856
999
1194
1230
1344
1302
1250
1271
1386
1566
1582
1558
1407
1101
658
497
550
619
278
443
443
277
-389
-675
-796
-609
-869
-856
-676
-801
-897
-1108
-922
-1008
-1396
-1545
-1278
-754
-542
-583
-581
-561
-411
-325
-289
-348
-393
368
368
608
542
387
330
226
-230
-230
-339
-298
-260
-260
-531
-798
-781
-693
-688
-676
-671
-588
-497
-314
482
482
615
651
768
928
1085
1192
1295
1317
1250
1300
1461
1688
1671
1322
852
678
803
938
675
273
446
446
556
-448
-448
-635
-501
-558
-677
-681
-603
-816
-1066
-1033
-880
-1158
-1597
-1569
-1067
-651
-785
-925
-919
-747
-643
-645
-578
-561
-469
234
234
460
331
-471
-471
-687
-591
-458
-465
-466
-511
-439
-355
-212
287
287
561
632
662
792
978
1182
1241
1315
1372
1396
1505
1592
1509
1159
858
874
1055
939
599
384
537
652
253
-253
-425
-299
-314
-435
-505
-403
-591
-823
-895
-823
-978
-1343
-1393
-1111
-774
-854
-977
-990
-953
-893
-887
-824
-816
-800
-533
233
233
-224
-224
-445
-398
-268
-317
-312
-352
-359
-393
-346
-210
-210
-289
-236
369
369
437
413
564
791
1024
1116
1230
1399
1480
1620
1651
1489
1143
940
1033
1185
975
684
570
725
580
-318
-318
-463
-437
-517
-511
-376
-473
-722
-821
-718
-658
-1039
-1314
-1153
-791
-585
-757
-840
-840
-823
-759
-781
-766
-858
-886
-635
-457
-364
-451
-510
-363
-290
-244
-244
243
243
374
480
570
703
914
1233
1358
1440
1464
1395
1218
1054
1123
1310
1206
925
841
1011
1044
475
-265
-265
-210
-210
-403
-404
-449
-681
-850
-837
-703
-929
-1272
-1176
-887
-606
-722
-844
-806
-869
-790
-747
-633
-629
-713
-562
-469
-489
-611
-767
-708
-726
-616
-373
-228
-213
-213
-223
-223
-258
217
217
231
243
253
278
259
368
507
540
535
571
814
1066
1238
1282
1105
833
771
985
1266
1103
744
757
1063
1203
696
-608
-608
-831
-772
-657
-972
-1330
-1244
-928
-642
-751
-852
-944
-1068
-992
-893
-716
-733
-708
-443
-282
-261
-440
-575
-603
-759
-694
-506
-314
-278
-377
-238
-244
-244
-367
-397
-255
-271
-287
253
253
352
489
513
470
560
687
760
732
779
960
1109
1243
1204
1004
747
735
987
1159
871
584
688
994
857
328
-547
-547
-732
-476
-426
-922
-1217
-1021
-612
-564
-790
-789
-882
-973
-1050
-937
-738
-845
-846
-665
-444
-399
-560
-515
-505
-594
-577
-493
-330
-440
-546
-439
-368
-329
-394
-309
-273
-273
-272
227
227
361
538
510
493
658
883
1026
950
1020
1168
1341
1322
1097
813
736
897
1136
978
666
591
755
809
329
-411
-411
-654
-551
-315
-633
-965
-912
-596
-382
-571
-606
-639
-741
-744
-728
-523
-585
-721
-658
-579
-528
-710
-766
-677
-707
-617
-530
-407
-402
-576
-549
-572
-569
-592
-547
-315
-223
-210
245
245
465
523
383
408
597
865
913
911
1059
1255
1374
1231
963
832
900
1061
1095
880
818
826
971
739
346
-356
-356
-648
-694
-475
-575
-893
-1016
-858
-575
-601
-628
-617
-733
-759
-759
-511
-384
-479
-431
-346
-247
-377
-576
-587
-647
-679
-635
-544
-444
-540
-537
-478
-549
-677
-809
-695
-550
-534
-464
-356
379
379
583
556
469
548
731
877
834
893
1040
1195
1148
949
716
780
905
1038
803
576
665
877
885
469
212
-488
-488
-686
-483
-343
-698
-1016
-946
-657
-559
-738
-689
-703
-824
-879
-792
-486
-458
-486
-346
-325
-325
-346
-260
-369
-500
-509
-362
-273
-408
-457
-499
-575
-654
-667
-553
-575
-692
-681
-534
-400
-409
-367
-231
206
206
439
578
516
488
657
821
908
882
1000
1157
1284
1196
951
783
861
951
922
556
474
635
855
694
301
-445
-445
-395
-646
-646
-925
-742
-503
-546
-659
-566
-625
-744
-827
-693
-563
-700
-687
-502
-290
-296
-368
-278
-289
-289
-374
-346
-234
-240
-300
-253
-296
-408
-515
-471
-361
-418
-514
-513
-412
-357
-343
-307
-301
-296
-213
300
300
322
317
309
633
859
858
806
781
1089
1110
1103
926
814
974
1099
1153
698
533
671
884
711
338
-567
-567
-411
-504
-504
-775
-552
-367
-488
-585
-581
-681
-852
-828
-583
-523
-703
-766
-579
-438
-525
-607
-492
-393
-425
-406
-264
-226
-226
-289
-212
-245
-404
-513
-400
-255
-314
-405
-395
-307
-332
-357
-319
-326
-404
-379
404
404
622
662
733
836
966
1100
1070
951
841
989
1132
1105
767
656
839
1012
863
509
311
214
238
238
214
-471
-471
-337
-459
-459
-667
-505
-361
-434
-442
-382
-519
-724
-750
-564
-528
-718
-760
-595
-479
-583
-648
-517
-499
-599
-632
-453
-298
-353
-371
-247
-249
-249
-400
-361
-229
-248
-316
-300
388
388
577
600
659
745
887
833
715
709
940
1080
1054
751
581
731
871
835
597
452
347
242
316
316
320
-342
-342
-395
-235
-235
-461
-422
-303
-373
-386
-285
-284
-464
-589
-492
-368
-448
-579
-566
-452
-502
-620
-543
-431
-492
-647
-644
-473
-441
-512
-494
-540
-428
-422
-504
-329
-253
-305
-428
-385
-217
275
275
211
345
565
675
714
856
972
1202
1264
1180
825
726
886
1152
1390
986
763
663
610
458
211
211
252
-561
-561
-1094
-872
-645
-593
-786
-860
-517
-644
-774
-608
-398
-297
-410
-319
-250
-250
-240
-240
-424
-594
-561
-495
-520
-623
-689
-633
-674
-780
-673
-554
-495
-589
-534
-261
-278
373
373
287
383
638
865
993
1112
1406
1571
1613
1843
1603
995
939
1132
1911
1916
1009
520
224
453
325
220
400
-924
-924
-1027
-763
-339
-773
-1408
-1288
-1265
-1102
-1329
-1116
-687
-907
-866
-696
-388
-285
-411
220
220
387
395
359
359
445
377
526
483
289
-296
-296
-623
-623
-908
-838
-780
-799
-836
-934
-1116
-1145
-877
-556
-482
-648
-696
-422
219
219
328
383
504
621
962
1309
1393
1423
1434
1809
1925
1255
938
1029
1720
2202
1349
635
295
284
516
405
617
206
-737
-1065
-778
-280
-280
-1129
-1348
-1259
-1006
-1027
-1080
-786
-1040
-1180
-985
-692
-480
-641
-506
343
343
399
473
436
334
283
283
318
-381
-381
-604
-410
-330
-489
-725
-815
-885
-907
-759
-492
-429
-619
-592
-326
410
410
764
963
1086
1321
1591
1752
1065
904
1158
1767
2132
1441
757
577
695
842
678
591
347
-340
-557
-398
-942
-942
-1057
-937
-752
-896
-1179
-840
-796
-874
-841
-862
-690
-738
-619
-378
-337
-392
-498
-323
-302
-302
-371
-354
-433
-422
-405
-408
-413
-464
-416
-298
328
328
426
801
1059
1286
1192
460
644
1114
1937
2015
1102
529
607
981
1285
898
648
245
-314
219
219
-270
-1059
-966
-804
-626
-858
-1172
-888
-1002
-1047
-948
-853
-653
-712
-569
-453
-486
-452
-344
-286
-286
-286
-326
-326
-277
-293
-293
-473
-380
331
331
294
294
397
558
797
1020
1101
1044
304
350
831
1589
1790
876
330
330
872
1327
984
586
291
355
355
507
-780
-780
-843
-583
-426
-550
-976
-815
-938
-1216
-1152
-1006
-735
-888
-944
-862
-892
-799
-578
-241
-241
-427
441
441
311
293
251
251
508
245
-213
-365
-217
-217
-257
-381
-439
-285
276
276
426
502
695
1039
1122
1254
612
380
854
1466
1957
1286
362
214
684
1263
1128
479
-303
-303
388
388
-703
-703
-967
-609
-339
-312
-794
-845
-718
-926
-858
-818
-618
-679
-835
-749
-854
-761
-671
-456
-236
-458
-715
-567
-262
337
337
258
263
263
314
314
304
314
727
942
1155
726
703
703
1282
1932
1510
493
265
769
1346
1415
697
399
370
370
469
247
-570
-1080
-656
-378
-366
-890
-1132
-845
-1003
-959
-911
-805
-724
-914
-787
-780
-729
-582
-446
-302
-302
-591
-466
-256
-256
-211
248
248
241
231
238
327
513
542
423
647
901
970
915
278
278
780
1498
1559
543
350
350
965
1377
763
336
300
300
516
477
-940
-940
-690
-214
-531
-531
-1058
-798
-814
-940
-886
-923
-764
-988
-905
-789
-853
-772
-729
-408
-333
-652
-683
-344
212
212
249
249
222
222
266
513
649
547
539
954
1076
1196
785
279
694
1149
1728
1217
224
584
584
1191
1153
312
349
349
383
-586
-586
-852
-345
-751
-751
-954
-622
-750
-683
-795
-692
-671
-830
-677
-788
-747
-680
-560
-316
-489
-689
-504
-219
-235
-235
-386
-264
252
252
450
450
583
573
662
962
990
1178
984
460
685
1083
1781
1371
407
671
671
1257
1177
356
307
307
214
-572
-908
-516
-695
-695
-883
-581
-703
-701
-778
-584
-567
-751
-635
-751
-707
-630
-442
-270
-522
-784
-607
-243
-261
-261
-417
-330
-230
-269
-269
-210
218
218
407
407
551
545
586
786
931
1079
1169
537
673
1052
1705
1633
724
654
654
1187
1373
618
333
253
253
377
307
-420
-944
-711
-279
-232
-601
-1049
-768
-821
-816
-738
-653
-549
-785
-678
-697
-597
-474
-372
-279
-377
-578
-437
-333
-333
-255
-213
-213
-218
-218
287
287
470
420
409
467
766
954
1118
1077
386
552
1017
1694
1461
522
667
667
1186
1252
496
296
261
261
392
242
-511
-935
-630
-214
-223
-683
-1110
-854
-890
-844
-846
-733
-701
-916
-798
-754
-614
-498
-462
-388
-431
-519
-381
-242
-242
-223
-225
-225
-335
-312
-210
308
308
297
401
522
794
855
977
983
348
590
1007
1665
1556
579
624
624
1247
1373
599
311
446
446
517
347
-387
-799
-497
-569
-569
-1005
-749
-740
-684
-745
-737
-731
-895
-740
-753
-688
-606
-531
-386
-438
-572
-448
-231
-231
-242
-290
-290
-294
-252
-234
-234
-215
297
297
438
558
769
708
1082
635
455
757
1268
1697
945
239
444
1099
1466
924
248
297
422
422
427
413
-632
-632
-575
-240
-240
-908
-808
-547
-592
-597
-741
-541
-739
-811
-726
-652
-496
-555
-541
-478
-550
-494
-285
-383
-383
-285
-273
-273
-233
-336
-336
-293
273
273
370
408
651
710
1058
594
280
655
1343
1743
903
389
389
1059
1418
987
289
231
445
445
556
466
-683
-683
-631
-245
-245
-893
-889
-663
-637
-559
-702
-647
-886
-865
-684
-640
-553
-532
-435
-445
-601
-434
-217
-217
-331
-257
-245
-245
-312
-312
-248
-254
-254
-416
-213
-216
-216
357
357
394
381
445
614
938
1097
397
387
831
1559
1427
585
228
724
1209
1241
552
310
220
228
448
397
265
-382
-677
-323
-626
-626
-1006
-684
-552
-495
-669
-735
-694
-792
-647
-652
-575
-573
-548
-461
-479
-457
-279
-325
-325
-336
310
310
283
348
553
730
982
436
618
618
1244
1502
744
380
380
954
1332
883
303
447
447
556
475
-676
-676
-511
-236
-236
-849
-808
-681
-582
-524
-642
-641
-876
-794
-653
-572
-467
-482
-515
-514
-533
-307
-317
-317
-399
-240
-240
-344
-344
-209
318
318
334
222
282
420
761
854
995
410
233
743
1284
1541
761
326
326
992
1306
824
220
469
469
511
364
-617
-617
-478
-260
-260
-858
-744
-521
-555
-573
-715
-554
-678
-674
-659
-612
-431
-450
-473
-424
-475
-332
-298
-298
-228
-228
-227
-227
-227
-227
-207
-207
347
347
316
271
376
629
806
951
663
488
488
991
1540
1049
264
712
712
1184
981
307
259
259
447
340
-543
-543
-573
-238
-749
-749
-884
-569
-465
-409
-645
-622
-684
-627
-539
-549
-410
-393
-377
-383
-455
-361
-335
-335
-225
-210
-210
214
214
-312
-312
-214
337
337
439
580
644
846
485
514
514
1095
1338
691
214
214
761
1135
779
296
296
402
382
-479
-479
-442
-626
-626
-705
-529
-435
-477
-516
-424
-634
-569
-500
-445
-428
-419
-356
-362
-356
-314
-226
-262
-262
-233
-233
-364
-364
-247
-323
-323
-234
260
260
326
423
365
535
749
302
231
522
1104
1099
385
369
369
838
989
495
226
370
370
418
445
-540
-540
-259
-309
-309
-633
-562
-526
-278
-392
-436
-525
-616
-488
-515
-348
-331
-412
-376
-379
-341
-238
-258
-258
-262
-262
-235
403
403
521
506
569
262
262
733
1196
1059
292
546
546
1065
1153
497
329
329
627
579
378
-447
-447
232
232
253
-272
-763
-557
-325
-310
-310
-489
-589
-684
-469
-366
-264
-350
-498
-453
-354
-258
-243
-243
-280
-280
-283
-237
-237
-292
-343
-235
-288
-288
-295
-222
210
210
346
446
540
579
212
322
791
1205
1023
345
221
691
1143
1092
546
327
310
425
646
606
389
-304
-304
279
279
235
-271
-604
-402
-271
-347
-347
-406
-506
-588
-477
-456
-384
-441
-501
-460
-435
-388
-332
-264
-280
-365
-307
-225
-225
-242
-231
-232
-265
-329
-212
-287
-299
208
208
318
454
527
719
479
314
626
1067
1261
756
425
581
984
1158
898
545
491
372
554
599
587
221
-219
220
220
-507
-507
-552
-429
-328
-363
-514
-598
-719
-605
-533
-520
-592
-703
-634
-541
-498
-521
-504
-429
-390
-359
-279
-297
-269
-206
-206
-279
-212
-322
-322
-484
-384
-244
-251
-251
-385
-374
-259
356
356
565
657
688
469
422
688
1220
1339
883
523
631
1008
1190
979
624
421
386
507
547
493
-264
-264
-349
-594
-594
-722
-638
-498
-553
-709
-787
-847
-761
-754
-726
-772
-758
-688
-616
-621
-607
-535
-387
-288
-229
-305
-266
247
247
324
247
207
207
207
283
253
-289
-289
-294
-292
-271
-258
-258
-248
-329
-295
309
309
587
697
676
585
788
799
786
907
1075
1133
807
578
661
869
920
604
307
-549
-549
-592
-379
-377
-377
-800
-909
-797
-601
-557
-646
-736
-851
-760
-604
-443
-412
-533
-559
-431
-247
230
230
332
267
224
224
275
-240
-240
206
206
225
225
323
482
515
481
540
641
564
384
409
647
787
556
219
356
356
464
394
-412
-412
-533
-319
-467
-467
-573
-531
-424
-351
-358
-410
-485
-494
-437
-324
-270
-319
-347
-306
-240
215
215
313
313
303
227
208
208
251
285
226
-310
-310
-334
-269
-240
-240
-312
-229
257
257
310
223
252
252
523
568
458
281
260
378
516
508
379
309
309
279
-212
-212
-258
-338
-338
-472
-398
-290
-277
-346
-483
-513
-493
-381
-311
-314
-400
-448
-340
333
333
425
220
297
297
408
290
-255
-255
-260
-314
-314
-489
-503
-453
-419
-441
-491
-508
-546
-478
-374
-282
-293
-368
-261
311
311
462
393
316
332
546
680
658
490
384
423
569
606
485
301
307
307
357
215
-224
-224
-269
-223
-223
-340
-350
-284
-223
-231
-278
-358
-342
-281
-225
-229
-267
-267
-266
-246
-246
-283
-344
-355
-351
-384
-382
-376
-379
-406
-426
-415
-317
-222
-259
-259
-235
250
250
443
525
485
432
519
730
842
768
621
586
658
759
760
666
473
376
384
464
440
269
-238
-238
-412
-503
-431
-380
-369
-496
-600
-624
-573
-485
-470
-500
-517
-494
-418
-360
-308
-266
-238
-219
-248
-248
-255
-244
-234
-234
-274
-289
-291
-234
207
207
293
392
441
466
375
314
402
669
732
572
322
311
477
616
591
364
309
309
321
-267
-267
-238
-238
-424
-425
-304
-212
-259
-401
-531
-537
-431
-330
-337
-475
-589
-535
-396
-330
-390
-429
-411
-333
-258
-221
-215
-210
-234
-234
-271
-308
-279
-251
-268
-269
-267
-214
218
218
351
339
251
255
386
544
529
477
392
380
406
469
455
363
245
-274
-274
-371
-401
-451
-438
-471
-508
-529
-527
-530
-531
-522
-531
-521
-456
-393
-370
-389
-368
-319
-212
247
247
305
345
335
308
293
311
311
296
249
217
217
363
363
337
269
209
209
298
346
331
232
222
222
-249
-249
-279
-271
-211
-259
-356
-416
-420
-380
-364
-395
-459
-475
-404
-340
-319
-333
-331
-299
-233
213
213
226
226
300
235
206
206
255
281
212
-209
-209
-270
-270
-298
-310
-295
-277
-284
-306
-347
-320
-253
-208
-215
-253
-233
227
227
240
240
307
262
220
217
217
283
227
-248
-248
-269
-227
-241
-241
-316
-299
-243
-267
-267
-297
-250
-243
-243
-251
-231
-210
-210
-209
-208
236
236
252
252
-211
-211
-213
206
206
217
217
239
262
254
206
206
206
225
208
-215
-215
-208
-215
-222
-252
-263
-257
-239
-236
-230
-238
-218
-219
-217
-217
-237
-211
-237
-237
-260
-275
-255
-220
-209
-225
-246
-247
-227
-208
-208
-212
-212
-212
-225
-207
