-282
-282
-277
-296
-302
-309
-323
-322
-317
-309
-290
-274
-271
-271
-295
-314
-337
-350
-360
-370
-381
-402
-411
-412
-385
-357
-329
-305
-274
-282
-282
-298
-314
-324
-331
-354
-358
-374
-358
-334
-319
-302
-286
-269
-287
-287
-291
-309
-318
-348
-368
-387
-380
-369
-370
-356
-343
-322
-304
-275
-276
-276
-293
-307
-331
-363
-384
-389
-378
-362
-347
-339
-327
-317
-300
-291
-277
272
272
-301
-301
-327
-351
-367
-349
-343
-317
-320
-301
-307
-300
-296
-299
-293
-293
-272
272
272
269
276
-289
-289
-323
-352
-355
-331
-332
-314
-328
-321
-326
-315
-320
-324
-331
-340
-325
-310
-268
271
271
291
291
305
340
326
322
274
-278
-278
-341
-366
-389
-386
-376
-374
-378
-390
-395
-412
-401
-406
-401
-411
-403
-383
-347
-298
285
285
277
284
277
292
313
327
337
329
317
279
276
-275
-275
-330
-368
-394
-395
-399
-402
-419
-437
-449
-445
-450
-450
-450
-457
-450
-425
-386
-339
-295
271
271
300
307
306
312
313
328
341
357
358
349
324
299
283
-290
-290
-333
-379
-413
-435
-449
-451
-465
-473
-489
-499
-501
-510
-506
-503
-481
-464
-419
-376
-324
-281
291
291
320
344
339
343
339
343
354
364
384
388
374
333
315
280
-296
-296
-340
-402
-456
-483
-504
-499
-504
-497
-512
-517
-540
-537
-530
-524
-503
-491
-449
-407
-334
-271
274
274
308
308
292
305
292
332
336
367
354
355
314
286
-281
-281
-335
-375
-422
-478
-501
-533
-519
-526
-524
-545
-555
-569
-580
-567
-569
-539
-530
-489
-442
-377
-310
280
280
309
357
345
347
335
346
392
387
439
401
403
349
333
298
270
-280
-280
-358
-380
-443
-497
-526
-553
-535
-546
-535
-582
-573
-595
-597
-583
-586
-551
-547
-497
-460
-375
-305
290
290
328
348
360
337
357
328
388
399
430
424
405
378
325
326
-283
-283
-312
-392
-419
-499
-526
-566
-557
-544
-553
-545
-586
-574
-602
-581
-572
-557
-535
-516
-454
-395
-301
271
271
320
366
415
441
388
398
340
404
423
459
495
467
433
347
335
-304
-304
-388
-409
-487
-488
-592
-637
-687
-672
-638
-614
-599
-614
-596
-630
-611
-625
-601
-595
-587
-547
-479
-368
-279
-446
-605
-557
-514
-372
323
323
318
270
270
400
460
470
471
497
519
521
524
594
746
783
846
995
1288
1533
1640
1764
1386
843
-461
-461
-586
-339
-425
-483
-327
-394
-485
-1011
-1053
-1311
-1374
-1646
-1436
-830
-283
432
432
468
-349
-349
-786
-1037
-1092
-1043
-937
-599
-382
-343
-523
-645
-713
-852
-973
-989
-670
-286
-375
-375
-454
-342
344
344
475
393
406
406
689
857
938
1007
1141
1176
1206
1250
1466
1669
1803
1892
1894
2077
2015
2144
1317
286
-1113
-1543
-1418
-1064
-912
-999
-747
-1081
-1312
-1836
-1610
-1476
-1259
-1024
-273
727
1219
1134
731
673
480
349
495
495
783
801
442
-607
-607
-1181
-1747
-1797
-1482
-1164
-804
-525
-437
-437
-656
-655
-514
-447
-513
-513
-670
-726
-772
-670
-344
527
527
804
936
941
943
1061
1100
1151
1245
1455
1610
1589
1509
1440
1225
1105
1002
1185
1581
1635
679
-574
-1570
-1549
-1176
-845
-811
-521
-434
-656
-1017
-1169
-917
-912
-765
-393
492
1114
1053
501
-457
-457
-718
-913
-1123
-1310
-1193
-712
-391
-284
-284
-419
-421
-284
-280
-318
-417
-480
-648
-936
-1072
-980
-721
-547
-455
-315
337
337
548
661
776
980
1171
1158
1071
969
1033
1117
1133
1177
1359
1464
1537
1392
1365
1360
1422
1522
1654
1850
819
-453
-1829
-1653
-988
-397
-377
-516
-391
-885
-1268
-1656
-1225
-871
-534
589
589
1141
896
-453
-453
-358
471
471
411
-743
-743
-1185
-1318
-1359
-1247
-958
-302
-452
-452
-640
-521
-470
-405
-327
-405
-405
-621
-822
-1022
-1224
-1189
-896
-510
-354
-395
-471
-360
283
283
585
809
889
871
874
944
938
926
959
1152
1303
1345
1287
1323
1373
1416
1312
1385
1445
1710
1730
1995
1682
-1261
-1261
-2351
-1446
-628
-364
-364
-452
-726
-1364
-1710
-1837
-1016
-562
420
420
1074
1202
387
-572
-702
372
372
595
711
690
-522
-522
-1376
-1499
-1369
-1040
-617
-281
-607
-607
-1073
-1056
-636
-286
-545
-545
-893
-1163
-1235
-1185
-1010
-690
-395
-311
-503
-743
-753
-394
605
605
895
1027
972
833
690
737
973
1151
1293
1363
1429
1426
1204
1047
1011
1216
1469
1609
1740
1773
1814
1771
1739
341
-1003
-2188
-1500
-311
374
-563
-563
-832
-1621
-1800
-1869
-999
435
435
728
801
-721
-721
-827
595
595
962
810
577
-629
-629
-1259
-1375
-1045
-723
-345
-821
-821
-1168
-1178
-626
-416
-416
-957
-1298
-1346
-1210
-976
-834
-615
-504
-523
-782
-994
-951
-457
703
703
888
866
702
599
572
656
975
1265
1480
1426
1336
1151
1036
932
1044
1283
1648
1698
1691
1484
1522
1505
1879
1275
-1583
-1583
-2146
-795
-541
-541
-804
-1291
-1727
-1778
-1422
-490
487
487
671
399
-402
-887
-419
353
981
902
616
-409
-409
-854
-1218
-946
-549
-289
-702
-702
-934
-979
-571
-498
-498
-866
-1313
-1277
-1183
-916
-807
-707
-687
-710
-828
-997
-942
-616
459
459
716
627
527
480
503
704
969
1249
1334
1246
1113
1025
1022
1051
1205
1428
1622
1657
1584
1406
1483
1514
1900
1845
301
-1174
-2396
-1449
-463
-402
-402
-963
-1189
-1824
-1905
-1806
-897
-271
337
337
525
408
-911
-911
-515
323
1055
1094
614
-373
-373
-804
-1143
-997
-471
-292
-292
-708
-1113
-1052
-703
-473
-473
-932
-1361
-1378
-1223
-983
-816
-755
-739
-849
-931
-1020
-841
-531
432
432
626
534
396
470
653
917
1162
1417
1479
1368
1173
1030
1080
1158
1410
1567
1850
1732
1642
1390
1383
1477
1737
1937
325
-1027
-2353
-1404
-330
-387
-387
-1134
-1314
-1926
-1981
-1781
-839
348
348
-395
-395
-1025
-573
376
1095
1223
601
-312
-312
-670
-933
-929
-380
-321
-321
-676
-1039
-887
-617
-635
-635
-1002
-1291
-1180
-984
-816
-689
-665
-655
-794
-873
-966
-678
-347
510
510
596
466
309
420
659
941
1150
1349
1411
1362
1201
1134
1137
1211
1366
1506
1839
1731
1751
1403
1526
1565
2060
1448
-280
-1682
-2276
-677
407
407
-577
-1150
-1588
-2043
-1870
-1334
-360
-852
-852
-1070
669
669
1141
750
-319
-319
-782
-798
-786
-446
-486
-486
-663
-969
-992
-644
-268
-460
-460
-1055
-1337
-1351
-922
-746
-664
-780
-731
-769
-781
-774
-686
-290
486
486
677
660
447
396
713
1111
1420
1440
1405
1327
1229
1162
1181
1400
1495
1497
1587
1632
1624
1448
1262
1456
1825
2037
285
-1141
-2290
-1255
347
347
-950
-950
-1280
-2007
-2103
-1605
-726
-390
-390
-833
-1250
-545
464
954
898
-524
-524
-667
-505
-319
-620
-620
-819
-1011
-650
-350
-532
-532
-1067
-1458
-1546
-1189
-830
-834
-980
-1124
-983
-939
-812
-806
-481
491
491
536
515
465
672
1024
1365
1416
1454
1334
1453
1392
1447
1504
1603
1632
1586
1600
1664
1778
1767
1788
1894
1986
318
-1051
-2127
-1022
299
553
-1053
-1053
-1404
-2078
-2198
-1676
-702
-319
-319
-519
-821
-1098
-1294
-486
554
938
690
-436
-436
-514
-452
308
308
285
-491
-491
-676
-746
-394
-344
-344
-768
-1167
-1344
-1487
-1191
-909
-947
-1205
-1436
-1207
-1048
-778
-747
-502
352
352
486
676
832
1086
1300
1384
1413
1372
1500
1518
1628
1674
1711
1678
1665
1566
1719
1582
1895
1926
2372
1701
-290
-1575
-2008
725
725
706
-302
-1152
-1583
-2089
-1967
-1161
-369
-369
-548
-673
-987
-1270
-1231
748
748
762
-571
-571
-536
-550
349
349
362
-272
-272
-426
-420
-694
-694
-1061
-1259
-1195
-1232
-893
-922
-1125
-1546
-1580
-1234
-927
-716
-786
-568
-412
321
321
561
806
985
1096
1176
1221
1299
1358
1583
1654
1815
1754
1674
1649
1639
1700
1696
1650
1895
1954
2289
978
-589
-1646
-1259
377
776
393
-803
-1408
-1812
-1845
-1406
-454
-813
-813
-959
-972
-871
-941
-542
419
575
295
-510
-781
-437
296
296
359
-273
-273
-377
-268
-612
-612
-894
-1106
-976
-897
-937
-853
-1091
-1395
-1638
-1421
-1020
-652
-671
-764
-665
-515
408
408
665
815
914
1054
1113
1281
1418
1576
1706
1659
1705
1768
1790
1817
1697
1813
1728
1767
1705
1957
1799
343
-872
-1478
741
741
619
-435
-1360
-1651
-1733
-1538
-857
-835
-835
-1352
-1329
-1066
-839
-741
371
371
-456
-456
-985
-583
417
417
309
-314
-314
-403
-403
-644
-758
-793
-714
-956
-1013
-1061
-1206
-1458
-1474
-1143
-827
-716
-1013
-1018
-770
-453
317
317
441
561
741
1024
1239
1391
1427
1574
1640
1640
1676
1709
1983
2043
2112
1995
1799
1722
1696
1988
1132
-1014
-1014
-616
621
796
-1163
-1163
-1690
-1722
-1606
-1147
-359
-859
-859
-1602
-1686
-1364
-1006
-959
-652
-547
-547
-1082
-903
406
406
-272
-272
-344
373
373
659
357
-423
-423
-554
-614
-520
-662
-986
-1140
-1181
-1201
-1343
-1186
-977
-795
-996
-1183
-989
-621
309
309
627
1056
1371
1481
1417
1481
1614
1759
1890
1942
2123
2203
2233
2098
2049
1969
2261
1699
488
-421
-518
574
996
504
-615
-1373
-1648
-1538
-1240
-490
-798
-798
-1618
-1879
-1629
-1090
-965
-867
-385
-368
-739
-1177
-1159
-350
294
294
-337
-337
269
269
683
497
-420
-420
-554
-903
-988
-965
-870
-1017
-1041
-1025
-894
-929
-1196
-1053
-787
-405
278
278
599
914
1110
1193
1289
1448
1587
1760
1872
1978
2008
2105
2141
2272
2225
2346
2099
1055
655
655
1212
913
-997
-997
-1416
-1176
-1036
-482
-794
-794
-1592
-2020
-1728
-1091
-789
-913
-799
-701
-960
-1171
-1190
-610
-346
-346
-302
445
445
465
-359
-359
-344
-344
-413
-734
-940
-908
-705
-694
-856
-1017
-995
-827
-913
-1011
-888
-628
-432
-280
-268
292
292
508
736
867
991
1113
1401
1592
1700
1752
1877
1964
1999
2010
2057
2179
2291
1547
797
315
713
1208
1082
331
-498
-899
-901
-733
-462
-547
-547
-1333
-1860
-1812
-1255
-877
-961
-1064
-1125
-1106
-1197
-1209
-820
-328
-453
-453
-683
-503
348
348
360
272
272
-309
-309
-437
-471
-619
-628
-573
-693
-822
-901
-793
-707
-781
-894
-836
-744
-527
-391
-281
345
345
565
744
841
978
1223
1410
1580
1644
1816
1936
1918
1888
1900
2053
1680
1262
833
1066
1234
1036
462
-293
-293
-285
-314
-472
-472
-1072
-1478
-1496
-1123
-955
-1062
-1128
-1234
-1249
-1314
-1266
-979
-651
-673
-832
-995
-805
-538
-304
-304
-335
-467
-579
-565
-500
-357
-445
-610
-635
-629
-510
-403
-329
392
392
476
525
557
765
969
1194
1386
1555
1622
1664
1588
1715
1692
1521
1273
1145
1266
1079
901
437
-553
-553
-819
-1098
-1071
-902
-984
-983
-1058
-1135
-1145
-1200
-1174
-899
-775
-810
-936
-986
-898
-697
-606
-420
-328
-328
-363
-376
-315
-273
-337
-361
-330
-312
288
288
403
395
440
544
719
942
1143
1354
1462
1507
1523
1598
1568
1536
1382
1440
1284
1093
806
540
429
360
306
284
284
-275
-275
-569
-865
-758
-832
-933
-928
-992
-952
-978
-1084
-1062
-934
-973
-1024
-1074
-1080
-953
-866
-852
-605
-502
-401
-331
-349
-349
-338
-308
-336
-336
-331
-325
298
298
415
478
445
448
501
689
899
1104
1255
1360
1400
1507
1545
1616
1545
1380
1379
1129
1134
953
802
633
492
314
280
282
-469
-469
-743
-742
-941
-910
-940
-1033
-1038
-1011
-1067
-965
-963
-1020
-1067
-1145
-1169
-1024
-979
-899
-742
-776
-650
-583
-449
-279
-279
380
380
464
484
498
455
632
778
1028
1153
1272
1324
1424
1467
1600
1655
1506
1400
1049
1066
1020
986
860
701
412
323
289
-378
-378
-725
-804
-965
-878
-911
-1034
-1092
-1091
-1145
-1039
-996
-1058
-1077
-1189
-1267
-1107
-1015
-907
-820
-907
-839
-715
-602
-359
-291
-300
-363
-379
-354
-273
-276
-276
308
308
397
401
447
486
627
775
960
1077
1196
1290
1382
1477
1614
1645
1540
1467
1102
1111
1054
1051
948
790
547
450
390
-603
-603
-714
-923
-806
-808
-949
-1036
-1046
-1041
-985
-953
-1009
-970
-1056
-1166
-1062
-951
-817
-721
-822
-799
-690
-602
-410
-325
-318
-368
-442
-434
-346
323
323
390
362
357
426
611
778
935
1045
1113
1196
1285
1415
1620
1656
1501
1414
1044
1063
1043
1042
944
812
515
424
394
-630
-630
-743
-963
-851
-825
-945
-1041
-1085
-1091
-1031
-981
-1101
-1069
-1147
-1235
-1129
-1025
-850
-722
-801
-819
-737
-622
-461
-398
-411
-430
-463
-454
-415
-318
370
370
409
354
346
372
545
712
923
1048
1140
1202
1305
1409
1594
1637
1504
1434
1062
1118
1081
1076
967
804
542
428
416
-615
-615
-770
-1015
-916
-884
-957
-1049
-1115
-1146
-1066
-1013
-1075
-1077
-1165
-1257
-1169
-1071
-910
-780
-852
-847
-781
-664
-490
-445
-443
-498
-521
-488
-447
-350
-291
268
268
393
429
414
391
401
564
725
866
980
1065
1152
1280
1356
1518
1508
1388
1226
922
1011
1036
1060
938
733
477
454
423
-609
-609
-788
-969
-864
-866
-952
-1044
-1109
-1119
-1033
-1055
-1104
-1123
-1201
-1272
-1177
-1089
-883
-756
-829
-817
-785
-659
-509
-460
-433
-463
-493
-480
-437
-363
-271
293
293
310
339
405
454
468
469
492
531
674
812
964
1040
1111
1203
1310
1393
1524
1453
1348
1221
915
1037
1046
1040
939
707
436
462
437
284
-589
-589
-735
-905
-765
-779
-928
-1042
-1103
-1114
-982
-1025
-1101
-1116
-1214
-1237
-1150
-1110
-954
-788
-829
-774
-747
-652
-457
-427
-430
-476
-491
-466
-399
-325
317
317
382
413
444
455
456
528
597
715
847
964
1049
1129
1212
1323
1436
1573
1478
1349
1184
919
1034
1045
1043
917
695
422
458
448
311
-575
-575
-712
-864
-717
-702
-837
-990
-1098
-1106
-966
-966
-1048
-1092
-1233
-1297
-1205
-1117
-973
-845
-899
-849
-772
-702
-535
-461
-416
-436
-475
-472
-422
-328
-272
290
290
347
443
492
513
529
515
571
660
789
901
972
1047
1110
1215
1325
1426
1515
1489
1303
1198
930
1008
1045
1044
926
722
467
414
461
320
-506
-506
-675
-827
-738
-683
-753
-897
-1002
-1044
-976
-906
-995
-1038
-1175
-1274
-1239
-1152
-1034
-848
-887
-884
-848
-802
-637
-546
-484
-484
-507
-505
-461
-346
-280
309
309
411
463
506
530
535
577
636
751
892
997
1085
1139
1240
1335
1436
1501
1548
1331
1256
974
944
1060
1036
942
768
489
348
456
325
-427
-427
-626
-798
-815
-686
-728
-858
-978
-1038
-996
-886
-980
-1025
-1109
-1233
-1214
-1128
-1075
-892
-871
-881
-809
-767
-648
-559
-506
-476
-505
-494
-479
-379
-287
317
317
380
435
464
468
515
557
662
810
900
1004
1076
1173
1251
1372
1422
1494
1502
1332
1265
952
990
1026
1017
914
716
423
381
435
278
-500
-500
-651
-818
-784
-691
-771
-915
-987
-1031
-955
-873
-973
-1003
-1112
-1206
-1156
-1089
-985
-796
-793
-785
-694
-628
-503
-421
-433
-449
-459
-431
-367
335
335
414
453
499
503
556
601
713
835
922
1029
1083
1201
1225
1346
1389
1507
1517
1347
1240
903
974
990
1023
923
697
426
360
375
-549
-549
-711
-918
-852
-808
-904
-1030
-1092
-1163
-1062
-1023
-1076
-1074
-1201
-1278
-1202
-1102
-992
-818
-860
-804
-715
-632
-471
-428
-414
-432
-461
-414
-314
312
312
388
454
505
517
559
615
737
877
996
1091
1148
1216
1254
1347
1439
1535
1601
1401
1304
984
1012
1052
1040
919
703
446
315
358
-549
-549
-745
-935
-930
-880
-940
-1052
-1128
-1190
-1142
-1035
-1070
-1067
-1158
-1246
-1156
-1049
-960
-807
-806
-789
-702
-611
-472
-385
-391
-420
-457
-401
-330
352
352
425
503
505
556
609
709
859
970
1066
1108
1160
1216
1276
1440
1480
1615
1476
1338
1177
985
1095
1030
993
814
627
355
349
-378
-378
-663
-818
-991
-966
-995
-1102
-1203
-1250
-1295
-1137
-1129
-1133
-1169
-1257
-1244
-1110
-1042
-917
-764
-825
-746
-679
-579
-363
-346
-320
-361
-347
-319
325
325
399
472
507
533
616
674
805
938
1011
1051
1092
1162
1295
1377
1506
1493
1576
1353
1358
1123
1013
1057
946
939
760
540
322
303
-457
-457
-622
-872
-1012
-990
-1072
-1120
-1195
-1242
-1252
-1105
-1148
-1103
-1134
-1210
-1161
-1053
-980
-815
-764
-786
-674
-612
-443
-269
-269
-311
-311
-311
-270
312
312
364
436
448
493
555
650
754
821
896
960
1060
1175
1273
1377
1439
1495
1535
1397
1371
1060
1048
1013
1010
947
771
517
346
283
-491
-491
-675
-985
-1050
-1042
-1097
-1158
-1240
-1315
-1248
-1110
-1101
-1037
-1091
-1158
-1106
-1017
-919
-724
-729
-677
-582
-534
-306
313
313
412
478
482
532
578
654
750
838
925
998
1069
1148
1219
1321
1366
1448
1432
1291
1242
975
1016
952
933
828
684
450
306
-522
-522
-715
-995
-1029
-1071
-1132
-1186
-1221
-1290
-1221
-1131
-1116
-1035
-1090
-1139
-1092
-998
-881
-701
-682
-604
-535
-510
-310
329
329
438
469
479
491
527
625
749
822
898
938
982
1105
1168
1286
1329
1370
1381
1241
1249
985
996
900
890
816
668
473
271
-497
-497
-643
-935
-1017
-1091
-1119
-1163
-1220
-1306
-1318
-1190
-1158
-1055
-1094
-1145
-1115
-1060
-941
-761
-697
-608
-538
-490
-317
269
269
388
413
416
459
491
593
692
747
789
795
865
943
1069
1100
1183
1174
1242
1204
1115
1057
835
870
786
798
687
585
359
-300
-300
-475
-659
-891
-898
-978
-1000
-1108
-1123
-1223
-1132
-1067
-1033
-950
-991
-984
-942
-893
-790
-666
-620
-537
-483
-425
-278
270
270
331
379
407
438
477
545
603
632
682
672
737
763
853
917
982
1022
1019
1029
899
961
736
747
666
635
622
480
359
-377
-377
-433
-701
-750
-870
-917
-981
-1035
-1097
-1128
-1033
-1037
-911
-901
-873
-839
-837
-767
-663
-592
-533
-472
-444
-305
269
269
296
312
329
354
430
458
529
539
566
601
658
720
771
790
811
806
807
751
760
696
610
629
508
596
635
501
344
-433
-433
-509
-658
-671
-698
-837
-782
-878
-981
-1135
-1073
-1102
-1046
-900
-836
-792
-757
-665
-598
-523
-401
-349
-322
-311
286
286
378
456
463
477
455
486
536
584
616
629
626
665
765
777
790
667
623
442
466
409
418
347
-400
-400
-566
-643
-773
-714
-756
-719
-732
-777
-824
-903
-811
-776
-654
-621
-590
-495
-430
-292
315
315
339
344
353
342
402
453
481
534
529
499
568
645
771
834
754
642
493
426
358
413
320
321
-392
-392
-502
-557
-588
-520
-582
-568
-624
-623
-652
-669
-589
-542
-477
-521
-489
-422
-296
-271
-271
-273
-277
-315
-374
-346
-325
-268
-268
279
279
289
344
400
434
479
499
500
529
557
639
707
821
846
758
594
451
378
317
378
290
274
-326
-326
-500
-589
-607
-569
-513
-574
-578
-625
-559
-612
-658
-606
-548
-438
-451
-375
286
286
-270
-270
-385
-482
-498
-619
-666
-675
-633
-652
-665
-564
-411
292
292
374
455
388
333
299
327
359
395
464
516
614
693
741
848
944
1128
1058
903
611
415
301
335
349
286
313
-308
-308
-430
-601
-822
-963
-941
-746
-682
-684
-659
-705
-598
-630
-623
-485
-302
-269
-269
365
365
428
487
407
391
418
-321
-321
-517
-579
-538
-518
-679
-851
-1026
-1039
-1010
-1085
-1126
-1073
-947
-907
-759
-614
-364
427
427
465
377
529
597
641
714
800
859
822
759
676
618
725
875
905
997
1178
1273
1302
1437
1608
1357
918
339
-289
-289
-566
-722
-817
-964
-1236
-1508
-1536
-1072
-684
-571
-508
-357
489
489
942
1132
975
695
493
353
-478
-478
-664
-953
-1216
-1362
-1279
-1152
-1236
-1543
-1726
-1717
-1539
-1413
-1460
-1376
-1122
-819
-522
388
388
487
493
653
939
1201
1286
1199
1204
1308
1397
1428
1341
1252
1204
1120
1039
1084
1201
1343
1350
1281
1274
1510
1467
859
-543
-543
-734
-594
-584
-619
-561
-525
-456
-631
-822
-783
-820
-1075
-1339
-1467
-1032
-415
494
494
708
712
590
660
629
481
302
343
694
1005
890
532
-754
-754
-1287
-1520
-1765
-1941
-2036
-1968
-1662
-1458
-1569
-1672
-1606
-1351
-1078
-1072
-1057
-780
-375
369
369
648
1002
1217
1191
1172
1193
1250
1242
1058
931
999
1098
1161
1078
932
947
986
952
922
985
1084
1279
1272
1451
1473
956
389
-303
-528
-365
-404
-601
-665
-601
-421
-358
-626
-671
-734
-959
-1145
-1356
-1083
-595
-347
299
299
642
780
599
613
548
362
303
303
556
509
284
-754
-754
-1369
-1661
-1905
-2105
-2194
-2178
-1896
-1538
-1468
-1359
-1134
-893
-655
-718
-821
-617
-282
381
381
624
1021
1379
1473
1479
1437
1314
1192
926
704
749
762
784
766
739
921
1147
1219
1241
1251
1245
1397
1415
1509
1138
544
-422
-422
-324
-397
-397
-686
-742
-691
-576
-682
-867
-884
-1101
-1237
-1334
-1164
-742
-393
-304
503
503
812
757
654
629
503
364
283
358
452
455
-551
-551
-1134
-1593
-1836
-1943
-2119
-2229
-2151
-1837
-1586
-1431
-1200
-835
-503
-436
-509
-460
358
358
456
692
1060
1328
1369
1336
1320
1237
1067
781
643
630
586
538
484
620
884
1123
1226
1338
1438
1624
1730
1844
1782
1113
467
-358
-358
-349
-349
-640
-877
-764
-572
-523
-811
-885
-1067
-1329
-1450
-1530
-1164
-731
-539
-484
427
427
959
1121
932
911
807
704
514
378
399
435
-728
-728
-1384
-1734
-1937
-2141
-2463
-2612
-2389
-1914
-1593
-1259
-885
-447
-268
-268
377
377
848
1257
1449
1463
1467
1506
1393
1077
707
548
396
304
303
303
632
933
1178
1345
1577
1763
1936
1877
2001
1711
891
-477
-477
-388
-287
-454
-859
-968
-750
-534
-653
-1039
-1051
-1323
-1482
-1650
-1619
-1091
-702
-588
-459
822
822
1310
1190
990
977
863
749
448
316
332
275
-441
-441
-1195
-1632
-1835
-2041
-2416
-2777
-2751
-2298
-1831
-1513
-1070
-611
293
293
283
283
592
1043
1243
1337
1372
1509
1527
1266
890
580
446
345
345
644
900
1167
1465
1868
2028
2137
2130
2280
1638
756
-529
-529
-292
-471
-846
-1282
-1043
-688
-608
-939
-1156
-1158
-1419
-1604
-1872
-1517
-978
-759
-701
-354
591
1302
1481
1273
1278
1310
1232
812
380
385
288
-369
-369
-327
-822
-822
-1459
-1712
-1826
-2122
-2698
-2989
-2735
-2244
-1880
-1494
-898
326
326
514
691
514
299
299
704
1021
1109
1116
1296
1552
1433
1115
716
518
328
514
514
813
1136
1647
2053
2252
2265
2379
2460
1614
652
-289
-536
-413
-703
-1265
-1572
-1112
-742
-733
-1109
-1212
-1226
-1461
-1769
-1938
-1448
-980
-805
-748
1005
1005
1649
1707
1560
1609
1661
1474
819
391
334
-271
-271
-560
-393
-325
-325
-1118
-1679
-1810
-1880
-2324
-2952
-3169
-2703
-2102
-1739
-1288
-634
435
435
548
648
919
906
554
280
414
876
1100
1058
1033
1339
1574
1427
1054
642
415
-387
-387
444
444
780
1196
1837
2257
2435
2467
2675
2582
1572
515
-420
-560
-555
-1030
-1625
-1726
-1120
-797
-846
-1200
-1209
-1217
-1509
-1806
-1866
-1317
-956
-842
-691
1412
1412
1909
1951
1814
1932
1945
1570
769
351
-649
-649
-881
-603
-418
-645
-1332
-1746
-1810
-1982
-2438
-3081
-3073
-2609
-2133
-1665
-1087
-315
414
802
885
1091
1266
1116
689
393
521
815
935
883
977
1251
1429
1236
834
520
295
-364
-364
-413
415
415
801
1391
2069
2443
2664
2760
3011
2675
1496
400
-490
-585
-792
-1349
-1996
-1859
-1224
-1004
-1034
-1305
-1159
-1198
-1453
-1764
-1663
-1131
-879
-779
-515
664
1735
2138
2137
2075
2253
2192
1609
674
298
-598
-598
-1140
-1285
-986
-884
-1193
-1728
-1807
-1743
-1892
-2524
-3043
-2826
-2369
-1947
-1525
-926
674
674
1040
1203
1452
1534
1226
725
504
601
723
619
543
677
1011
1179
946
571
343
-472
-472
-525
-312
305
305
791
1491
2174
2519
2795
2929
3242
2850
1616
503
-441
-643
-966
-1640
-2282
-2078
-1496
-1259
-1211
-1436
-1211
-1196
-1431
-1683
-1542
-1039
-803
-704
-363
852
1847
2272
2293
2277
2472
2405
1702
685
-302
-302
-897
-1497
-1710
-1478
-1301
-1640
-2138
-2101
-1905
-1901
-2466
-2892
-2656
-2082
-1598
-1212
-712
864
864
1136
1342
1556
1609
1272
774
479
559
736
527
365
476
889
1062
832
462
-352
-352
-410
486
486
961
1714
2377
2743
2973
3124
3250
2354
1136
-744
-744
-890
-1499
-2304
-2614
-1942
-1449
-1191
-1371
-1290
-948
-1046
-1326
-1554
-1122
-805
-720
-689
1445
1445
2134
2402
2317
2582
2744
2321
1199
449
-719
-719
-1419
-1986
-1867
-1594
-1569
-1951
-2092
-1850
-1686
-2019
-2566
-2582
-2207
-1782
-1429
-1038
-327
566
1076
1291
1519
1691
1516
1029
546
383
451
334
515
515
867
851
596
411
315
-276
-276
453
453
873
1528
2275
2725
3058
3243
3503
2869
1637
351
-659
-885
-1459
-2281
-2856
-2405
-1782
-1376
-1319
-1313
-811
-759
-912
-1229
-979
-611
-550
-594
1188
1188
2003
2443
2425
2617
2899
2655
1651
685
-587
-587
-1328
-2066
-2184
-1943
-1874
-2124
-2223
-1841
-1534
-1649
-2163
-2237
-1901
-1564
-1362
-1163
-604
841
841
1074
1357
1607
1573
1191
747
537
513
337
272
272
663
687
494
406
423
334
494
494
826
1376
2070
2529
2860
3056
3372
3118
1905
660
-526
-852
-1265
-2143
-2953
-2815
-2128
-1664
-1401
-1478
-966
-686
-764
-1006
-920
-532
-441
-521
-338
812
1755
2222
2275
2383
2754
2736
1963
881
300
-435
-1223
-2020
-2380
-2182
-2016
-2171
-2287
-1988
-1540
-1446
-1837
-2046
-1817
-1478
-1289
-1098
-752
617
617
897
1134
1443
1555
1267
830
462
437
310
418
418
599
511
407
475
450
327
304
304
539
829
1268
1866
2386
2780
3038
3340
3195
2129
901
-350
-892
-1260
-2112
-2991
-3052
-2436
-1833
-1411
-1378
-956
-557
-510
-680
-641
-326
-340
-340
-275
661
1610
2123
2247
2294
2634
2744
2102
1062
408
-345
-1176
-2014
-2495
-2395
-2195
-2249
-2380
-2037
-1536
-1277
-1513
-1738
-1571
-1284
-1096
-1034
-804
433
433
742
987
1287
1457
1301
926
574
424
314
470
470
456
412
461
543
472
321
296
296
521
809
1228
1735
2173
2544
2905
3228
3086
1991
795
-422
-898
-1318
-2209
-3058
-3126
-2500
-1954
-1460
-1380
-834
-477
-397
-491
-403
737
737
1589
2038
2113
2182
2568
2579
1962
957
394
-400
-1273
-2126
-2525
-2399
-2341
-2426
-2478
-1928
-1325
-1088
-1316
-1375
-1125
-904
-865
-900
-669
491
491
836
1191
1315
1109
822
688
590
308
-278
-278
289
289
417
417
571
638
581
515
514
609
655
869
1334
1810
2140
2361
2727
3195
3188
2048
848
-329
-821
-1217
-2195
-3043
-3163
-2569
-2122
-1583
-1405
-767
-332
-321
-299
722
722
1530
1885
1996
2052
2440
2450
1867
904
393
-404
-1333
-2204
-2676
-2530
-2496
-2600
-2628
-1972
-1274
-923
-1123
-1161
-857
-654
-687
-834
-667
549
549
945
1140
969
692
601
619
411
-278
-278
296
296
371
371
640
793
726
672
677
813
814
931
1358
1835
2135
2320
2578
3089
2975
1786
542
-592
-891
-1357
-2345
-3213
-3102
-2460
-1972
-1536
-1323
-499
405
405
278
883
883
1555
1819
1752
1942
2321
2285
1485
584
-613
-613
-1489
-2396
-2638
-2377
-2211
-2371
-2240
-1581
-940
-725
-1087
-1051
-742
-566
-764
-837
-650
469
469
832
1028
754
473
354
474
-307
-307
339
339
367
335
523
896
961
861
772
809
1006
924
974
1336
1853
2133
2311
2542
2947
2519
1317
-911
-911
-1085
-1740
-2749
-3412
-2922
-2263
-1721
-1435
-1039
321
321
505
278
1066
1066
1557
1662
1497
1829
2146
1916
858
-291
-291
-1054
-1904
-2691
-2641
-2277
-2082
-2256
-1901
-1185
-586
-643
-992
-873
-555
-483
-786
-856
-576
332
332
697
766
471
278
278
-302
-302
-300
460
460
476
448
737
1089
1102
1034
893
1049
1140
1120
1194
1579
2011
2202
2362
2631
2765
1846
654
-685
-1228
-1487
-2355
-3282
-3444
-2659
-1989
-1409
-1242
-477
446
446
320
318
697
654
271
642
642
1371
1706
1557
1488
1875
2005
1354
-854
-854
-1545
-2441
-2831
-2504
-2050
-1942
-1900
-1199
-481
-494
-494
-780
-635
-401
-620
-956
-925
-453
406
406
663
525
-388
-388
-424
344
344
526
528
634
1029
1299
1194
1062
982
1166
1132
1155
1324
1761
2061
2178
2335
2708
2557
1322
-1171
-1171
-1410
-1842
-2812
-3620
-3288
-2397
-1697
-1240
-981
448
448
508
286
530
827
679
1039
1039
1593
1725
1409
1520
1825
1714
706
-638
-638
-1257
-1949
-2768
-2789
-2268
-1793
-1789
-1541
-845
-444
-444
-599
-442
-354
-676
-902
-838
393
393
538
-404
-404
-375
598
598
700
654
836
1249
1345
1272
1076
1122
1271
1233
1226
1468
1926
2108
2146
2226
2569
1996
756
-644
-1614
-1685
-2222
-3149
-3644
-2910
-2054
-1289
-1022
-533
369
689
577
332
667
851
632
389
389
1253
1717
1649
1288
1439
1615
1184
-764
-764
-1205
-1720
-2430
-2963
-2659
-1963
-1550
-1603
-1181
-409
-420
-420
-569
-369
-370
-774
-982
-729
331
331
289
-388
-388
-315
-349
-349
-487
-302
369
838
838
782
1034
1389
1417
1221
1007
1221
1332
1317
1338
1661
2032
2208
2172
2289
2252
1163
-1477
-1477
-1862
-2010
-2678
-3453
-3305
-2325
-1487
-840
-760
559
559
699
400
398
697
683
299
868
868
1471
1748
1363
1216
1357
1248
305
-800
-1251
-1770
-2177
-2814
-2765
-2162
-1474
-1258
-992
-336
315
399
-580
-580
-643
-514
-836
-1110
-1071
-468
343
343
-359
-359
-521
-298
-398
-579
-498
820
820
1070
1077
1091
1399
1515
1443
1148
1124
1232
1231
1314
1536
1986
2229
2311
2329
2396
1416
-1332
-1332
-2113
-2185
-2789
-3485
-3557
-2542
-1561
-689
-529
737
737
844
599
373
668
666
334
730
730
1478
1885
1569
1250
1369
1262
389
-896
-1476
-1954
-2299
-2887
-2828
-2100
-1245
-933
-762
493
493
732
-483
-483
-630
-435
-665
-963
-1010
-464
338
338
-553
-553
-776
-501
-440
-567
-497
847
847
1158
1285
1264
1487
1542
1464
1227
1224
1357
1303
1387
1566
2091
2374
2445
2373
2444
1488
-1358
-1358
-2300
-2283
-2793
-3410
-3573
-2478
-1414
-430
-306
882
882
915
677
272
599
648
408
706
706
1558
2061
1747
1207
1251
1097
288
-1155
-1798
-2267
-2438
-2936
-2830
-1978
-988
-467
-349
758
758
1000
-574
-574
-914
-777
-925
-1266
-1203
-622
322
322
-705
-705
-952
-723
-542
-610
-462
963
963
1244
1388
1377
1540
1538
1384
1101
1107
1343
1252
1376
1554
2072
2425
2551
2513
2551
1503
-1476
-1476
-2456
-2397
-2903
-3460
-3529
-2394
-1222
468
468
1004
849
591
481
481
537
746
746
1670
2164
1850
1226
1182
837
-1509
-1509
-2149
-2566
-2699
-3089
-2803
-1729
-683
389
389
921
978
-766
-766
-1095
-878
-932
-1226
-1030
-413
-537
-537
-1133
-1291
-985
-703
-721
-476
1083
1083
1325
1407
1345
1500
1432
1191
987
1086
1341
1255
1438
1670
2272
2482
2475
2318
2476
1592
-1593
-1593
-2718
-2452
-2833
-3253
-3395
-2268
-1041
400
400
1023
670
371
279
279
574
430
708
708
1782
2306
2000
1103
1003
548
-310
-1748
-2378
-2558
-2515
-2834
-2606
-1456
-404
284
314
314
651
722
-887
-887
-1231
-1009
-927
-1198
-831
-307
-627
-627
-1215
-1351
-1121
-638
-601
-282
1058
1058
1268
1329
1246
1384
1364
1040
972
1090
1456
1491
1630
1834
2426
2563
2528
2363
2336
1366
-398
-1972
-2920
-2531
-2820
-3160
-3254
-2012
-766
476
476
943
556
-272
-272
405
739
603
1036
1036
2043
2468
1883
898
698
-773
-773
-2143
-2538
-2527
-2364
-2590
-2111
-929
568
568
418
418
704
635
-426
-1076
-1302
-878
-810
-944
-580
334
334
-323
-323
-291
-984
-1422
-1418
-889
-371
-361
505
505
1207
1278
1186
1044
1250
1160
892
942
1236
1626
1668
1714
2012
2557
2534
2324
2053
2194
1492
-1812
-1812
-2796
-2382
-2450
-2825
-2991
-1920
-763
781
781
372
-368
-368
396
1016
955
498
1145
2123
2449
1825
673
410
-1002
-1002
-2232
-2532
-2295
-2027
-2235
-1890
-774
492
492
279
279
-519
-945
-1033
-583
-445
-681
-319
-505
-505
-627
-474
-974
-1331
-1211
-748
418
418
900
807
735
703
1028
1055
864
1010
1401
1834
1818
1841
1980
2427
2285
2028
1788
1968
1687
-1446
-1446
-2547
-2253
-2165
-2539
-2853
-2168
-1045
-428
568
568
277
-333
-333
330
1135
1193
690
937
1936
2227
1819
558
-275
-275
-980
-2023
-2414
-2108
-1787
-1935
-1891
-898
333
333
-288
-288
-579
-579
-966
-958
-604
-358
-662
-282
-282
-639
-690
-560
-867
-1210
-1032
-649
438
438
760
692
545
600
925
1044
840
1067
1408
1919
1966
1924
2088
2342
2216
1955
1767
1938
1768
-1377
-1377
-2489
-2274
-2017
-2441
-2670
-2124
-1036
-458
468
468
-413
-413
1248
1248
1314
889
1060
2006
2209
1784
439
-543
-543
-1312
-2163
-2461
-1948
-1599
-1664
-1643
-665
307
307
-306
-481
-517
-517
-913
-728
-437
-498
-498
-505
-505
-875
-774
-658
-814
-1107
-771
-375
280
280
478
388
377
377
703
886
777
1185
1554
1979
1838
1691
1881
2117
2057
1741
1719
1830
2208
1167
-360
-1543
-2286
-2005
-2309
-2557
-2420
-1607
-926
-379
-314
328
328
-322
-413
-349
686
1226
1134
974
1720
2266
2193
1264
-912
-912
-1631
-2327
-2087
-1556
-1388
-1582
-1068
-332
-804
-804
-669
-650
-644
-952
-732
-878
-878
-919
-796
-717
-863
-727
-316
563
563
888
947
1124
1548
1886
1910
1617
1741
1956
2035
1865
1751
1906
2147
2120
892
-593
-1783
-2471
-2213
-2359
-2344
-2097
-1351
-617
-727
-727
-645
-341
810
1338
1337
1409
2076
2450
2061
953
-406
-406
-1232
-1754
-2149
-1593
-1033
-1080
-1242
-886
-356
-311
-847
-1341
-1023
-780
-534
-631
-332
-332
-644
-1045
-730
-435
-304
-437
-387
-410
-410
-271
438
438
833
1028
1042
1144
1495
1610
1539
1464
1738
1993
2132
2010
2098
2253
2246
2104
619
-859
-2154
-2757
-2210
-2253
-2081
-1797
-1039
-427
-492
-492
-439
-710
-1200
-818
1158
1158
1695
1749
1868
2479
2495
1836
510
-295
-589
-1344
-1559
-1697
-956
-637
-1000
-1362
-1095
-936
-1132
-1690
-1798
-1025
-677
-366
478
478
-280
-280
-296
-291
-458
-655
-750
-397
-397
-417
-332
-430
-728
-634
356
356
791
997
888
802
950
1251
1471
1440
1661
2071
2300
2312
2168
2127
2082
1818
1686
513
-924
-2034
-2739
-1885
-1741
-1651
-1618
-1136
-626
-571
-972
-1107
-1003
-1369
-698
1382
1382
1986
1932
1847
2144
2192
1480
424
-310
-834
-834
-835
-1045
-573
-546
-1213
-1785
-1734
-1555
-1662
-1885
-1809
-806
-410
-463
-463
-330
326
326
-664
-664
-749
-679
-684
-705
-464
281
281
298
576
560
456
490
917
1405
1669
1729
1882
2276
2279
2290
1990
1911
1820
1676
1810
1151
-380
-1642
-2546
-1948
-1479
-1809
-1756
-1584
-865
-829
-1117
-1311
-1028
-1350
-948
1082
1082
2148
1826
1841
1969
2288
1733
833
-476
-476
-519
-505
-430
-1366
-1968
-2079
-1794
-1912
-1995
-1982
-1032
-559
326
326
452
452
300
-560
-560
-787
-577
-638
-528
-324
393
393
447
326
564
944
1531
1776
1822
1959
2188
2228
2301
2068
1928
1815
1707
1977
1339
-286
-1521
-2396
-1832
-1353
-1825
-1627
-1560
-937
-1095
-1432
-1496
-1289
-1489
-1129
1173
1173
2288
1747
1831
1953
2165
1652
750
312
475
289
-279
-279
-440
-1655
-2281
-2378
-2183
-2241
-2306
-2056
-1153
-558
-445
-290
-488
-434
-434
488
488
436
337
371
480
295
-441
-685
-866
-505
-378
-286
572
572
1165
1751
1955
1976
1999
2160
2215
2201
2143
1989
1989
2057
2146
937
-676
-1916
-2165
-1436
-1512
-1758
-1768
-1384
-1125
-1691
-1873
-1889
-1663
-1684
-879
502
1712
2044
1496
1662
1956
2004
1205
669
754
1082
890
602
323
-947
-947
-2149
-2520
-2542
-2342
-2540
-2363
-1831
-1167
-933
-965
-1024
-872
-585
-338
458
458
694
468
535
545
470
-363
-363
-412
-293
-405
-405
-467
-519
-377
-305
751
751
1236
1588
1610
1666
1712
2003
2199
2339
2316
2327
2357
2570
2048
476
-986
-1785
-1414
-1013
-1333
-1537
-1585
-1352
-1637
-2328
-2474
-2410
-2084
-1753
-441
808
1545
1291
927
1403
1635
1674
1093
1140
1718
2013
1776
1270
675
-1240
-1240
-2087
-2211
-2260
-2279
-2539
-2285
-1976
-1736
-1849
-1944
-1770
-1433
-760
322
322
453
441
432
599
721
596
290
399
399
583
636
310
-450
-450
-519
-484
-309
-312
-301
-295
703
703
930
906
926
1306
1623
1877
2136
2459
2483
2480
2834
2790
1749
-845
-845
-660
-925
-925
-1263
-1215
-1274
-2134
-2831
-2878
-2635
-2259
-1485
-327
443
291
757
757
1293
1147
1118
1802
2697
2923
2388
1631
944
-558
-558
-878
-1050
-1182
-1539
-1928
-2054
-2220
-2384
-2730
-2850
-2462
-1706
-1039
-686
-602
-482
-291
310
310
531
694
840
1086
1287
1410
1167
750
369
357
357
343
353
353
633
874
1129
1297
1568
1787
2059
2404
2403
1632
503
315
315
933
685
-436
-436
-470
-450
-1149
-2017
-2448
-2296
-1764
-1280
-970
-849
-996
-1110
-999
-646
801
801
1583
2104
2022
1411
958
828
823
751
390
-739
-739
-1300
-1747
-2003
-1906
-1708
-1543
-1566
-1662
-1591
-1396
-1104
-939
-843
-734
-428
412
412
529
478
469
558
650
659
624
616
638
689
757
802
812
711
577
489
387
339
338
486
734
925
1060
1197
1384
1573
1520
1062
568
409
541
759
679
480
445
-412
-412
-740
-869
-1230
-1353
-1280
-939
-749
-987
-1215
-1126
-869
-719
-735
-656
-318
303
303
328
-453
-453
-518
-556
-672
-779
-810
-816
-851
-964
-1006
-1006
-1057
-1141
-1044
-832
-593
-556
-545
-304
468
468
679
836
906
1046
1110
1042
924
1065
1280
1361
1331
1340
1543
1743
1778
1782
1769
1431
767
307
307
527
386
-506
-506
-1248
-1392
-1311
-1539
-1598
-1389
-836
-729
-1091
-1117
-758
-406
-649
-976
-682
296
296
317
317
296
453
453
456
-366
-366
-434
-391
-391
-598
-631
-499
-501
-734
-906
-929
-944
-1101
-1121
-911
-718
-625
-608
-428
306
306
606
632
625
704
894
976
964
1072
1281
1451
1481
1550
1739
1905
1922
1822
1849
1612
1001
574
521
729
556
-475
-475
-1349
-1581
-1254
-1330
-1488
-1528
-1084
-703
-972
-1167
-1081
-845
-865
-1068
-865
302
302
442
455
361
361
380
-475
-475
-350
-283
-283
-497
-530
-505
-513
-836
-1060
-1019
-911
-854
-914
-775
-443
444
444
606
613
558
701
1006
1176
1091
1116
1327
1656
1737
1636
1649
1845
1993
1683
1033
697
910
1083
760
601
601
423
-373
-1108
-1242
-895
-1107
-1421
-1444
-1038
-720
-1098
-1385
-1348
-1127
-1182
-1366
-1114
-566
-349
-349
-430
434
434
534
299
281
281
-336
-336
-271
-271
-414
-474
-548
-766
-965
-959
-794
-725
-740
-690
-466
-280
-280
-278
374
374
489
531
486
568
867
1072
1111
1079
1288
1604
1763
1652
1559
1730
1765
1286
852
871
1217
1140
553
385
632
767
-809
-809
-1099
-723
-732
-1211
-1413
-1193
-741
-1107
-1538
-1602
-1291
-1221
-1512
-1462
-929
-508
-634
-802
-670
-318
-318
-347
370
370
410
-325
-325
-421
-388
-473
-673
-842
-707
-575
-565
-722
-708
-539
-338
-342
-303
353
353
401
355
343
502
786
974
1044
1124
1326
1508
1612
1646
1712
1689
1392
1096
1184
1412
1406
944
732
933
1034
448
-286
-562
-365
-396
-967
-1187
-1132
-824
-1140
-1665
-1769
-1497
-1285
-1561
-1635
-1326
-857
-875
-1029
-924
-563
-273
-296
325
325
330
-316
-316
-521
-466
-459
-638
-754
-639
-452
-426
-604
-650
-563
-431
-365
274
274
378
378
536
422
302
388
705
902
845
921
1090
1356
1375
1381
1512
1532
1309
1003
1198
1356
1457
960
1039
1142
1232
733
-623
-623
-796
-700
-615
-880
-1685
-1621
-1661
-1334
-1759
-1719
-1440
-1190
-1155
-1496
-1272
-1011
-614
-605
-448
304
304
351
380
380
278
278
482
269
-361
-361
-359
-413
-623
-814
-788
-529
-508
-632
-826
-733
-620
-528
-428
287
287
320
362
598
626
563
555
755
1051
1129
1078
1043
1222
1331
1339
1324
1278
1135
901
1049
1139
1271
928
834
1079
1017
837
356
356
-492
-492
-456
-293
-740
-1336
-1514
-1436
-1311
-1566
-1777
-1505
-1305
-1422
-1660
-1694
-1407
-1067
-1002
-817
-415
321
321
352
352
628
662
361
-333
-333
-580
-706
-599
-504
-556
-776
-889
-836
-794
-707
-503
361
361
498
556
644
845
1038
1184
1258
1335
1384
1443
1483
1487
1345
1067
843
1129
1176
1160
766
672
1069
985
612
352
352
269
-304
-304
-292
-512
-512
-1099
-1228
-1157
-1100
-1381
-1569
-1349
-1110
-1300
-1635
-1771
-1565
-1259
-1248
-1205
-872
-455
-275
-275
532
532
655
519
-360
-360
-499
-435
-369
-509
-752
-744
-703
-722
-773
-681
-399
288
288
428
439
479
761
1083
1169
1206
1341
1551
1687
1656
1572
1457
1105
902
1076
1160
1239
812
798
996
889
470
-323
-323
-526
-526
-1082
-1179
-1020
-919
-1236
-1417
-1143
-941
-1203
-1552
-1683
-1411
-1273
-1413
-1314
-919
-538
-406
-535
-527
391
391
423
291
-381
-381
-507
-638
-700
-703
-598
-438
-374
-316
269
269
480
725
929
1109
1308
1485
1611
1689
1831
1816
1609
1195
1270
1413
1420
1129
746
1061
1162
895
323
323
-389
-389
-507
-784
-784
-1118
-911
-663
-897
-1374
-1216
-715
-776
-1264
-1512
-1300
-973
-1191
-1429
-1156
-769
-643
-829
-834
-468
-392
-392
-371
-388
-388
-441
-353
-306
-276
341
341
477
658
788
961
1114
1256
1453
1654
1784
1663
1381
1241
1475
1503
1463
940
978
1214
1171
805
406
406
-274
-274
-554
-642
-642
-1165
-1047
-722
-745
-1232
-1360
-918
-805
-1115
-1377
-1291
-1038
-1069
-1243
-1058
-796
-745
-866
-888
-681
-519
-520
-400
-324
-324
-299
388
388
593
750
905
970
1083
1227
1410
1587
1526
1357
1150
1427
1469
1558
1018
917
1217
1202
942
562
562
418
-428
-428
-416
-416
-1083
-1026
-687
-618
-1044
-1288
-906
-728
-1078
-1347
-1351
-1112
-1105
-1350
-1162
-888
-735
-855
-983
-825
-697
-686
-623
-434
325
325
500
594
698
852
990
1091
1159
1379
1424
1275
999
1265
1432
1549
1206
763
1196
1258
1122
426
564
564
620
-931
-931
-1024
-642
-517
-821
-1204
-942
-603
-922
-1207
-1246
-1111
-1034
-1341
-1322
-1023
-859
-894
-1005
-956
-761
-844
-791
-619
-427
-359
-359
329
329
484
636
657
759
871
1001
1049
1176
1267
1195
949
1043
1319
1478
1350
730
909
1134
1234
746
410
410
837
399
356
356
-501
-966
-756
-407
-443
-939
-971
-537
-615
-1015
-1141
-1031
-818
-1053
-1327
-1117
-898
-847
-1025
-1095
-964
-926
-1015
-876
-642
-453
-490
-435
268
268
290
290
310
300
274
274
398
584
637
711
824
926
1055
1114
1207
1027
794
822
1194
1306
1382
750
817
1085
1111
761
779
779
462
556
556
-842
-842
-716
-405
-442
-822
-940
-487
-428
-901
-1026
-904
-748
-861
-1249
-1101
-895
-858
-963
-1009
-980
-991
-1169
-1136
-850
-772
-708
-660
-450
-366
-470
-360
385
385
376
359
359
395
379
304
295
301
388
453
497
596
739
909
1048
1104
1058
828
716
1034
1149
1367
918
794
1106
1231
971
368
679
679
574
528
528
-690
-690
-759
-452
-408
-790
-1002
-694
-406
-754
-974
-798
-658
-657
-1018
-1016
-791
-743
-859
-826
-732
-821
-997
-1132
-879
-761
-925
-852
-642
-465
-573
-633
-423
367
367
274
282
369
369
340
277
296
399
306
306
480
430
477
405
447
416
485
670
830
1024
1268
1205
880
575
738
746
1240
1145
1128
1324
1261
864
527
527
789
-948
-948
-1080
-673
-569
-787
-1086
-854
-461
-1044
-1501
-1300
-1014
-604
-826
-723
-437
-471
-792
-890
-754
-439
-474
-723
-484
-396
-646
-985
-927
-551
-576
-582
-569
-406
-345
-660
-742
-540
405
405
639
717
786
772
706
858
930
1169
1272
1457
1576
1709
1821
1704
921
681
1006
1265
2069
1564
1135
811
342
1098
1098
546
-775
-1131
-1113
-545
-771
-1502
-1158
-699
-861
-1433
-1929
-1452
-952
-1306
-1129
-626
-536
-536
-1283
-1028
-386
-386
-435
434
434
-624
-624
-692
-426
-442
-637
-808
-575
-590
-821
-1038
-1076
-739
-609
-513
431
431
910
986
970
979
1163
1428
1648
1869
2025
2180
2257
2449
2039
1106
985
1399
2232
2628
1285
402
317
317
327
301
488
-716
-1425
-1418
-1179
-686
-1368
-1732
-1174
-1022
-1501
-2058
-2085
-1064
-643
-990
-1025
-1080
-856
-860
-801
412
412
-427
-427
-491
569
569
-360
-360
-442
-582
-658
-754
-635
-794
-1085
-1189
-812
-416
-350
-583
-665
-284
512
512
695
813
966
1184
1451
1834
2160
2299
2380
2626
2482
1560
1191
1531
2414
3144
1906
484
671
671
359
315
315
-294
-1283
-1391
-1231
-585
-842
-1633
-1418
-907
-1024
-1752
-2032
-1136
-320
-654
-1268
-1330
-905
-459
-629
-552
-309
-662
-662
-809
337
337
-565
-565
-677
-316
-392
-392
-510
-347
-465
-465
-516
-446
-441
-588
-556
-315
-461
-461
440
440
375
421
421
952
1430
1501
1609
1706
2241
1956
1116
1121
1725
2703
3004
1719
584
528
867
1396
877
616
535
-796
-796
-936
-768
-899
-899
-1578
-1519
-1198
-1286
-1939
-2015
-909
-418
-1028
-1795
-1793
-815
-502
-502
-578
-406
-415
-415
-633
542
542
-499
-499
-687
-338
-436
-436
-483
-456
-486
-763
-841
-473
-419
-672
-785
-688
-445
-289
-304
708
708
1007
1192
1159
1288
1645
1955
2146
1341
839
1226
1890
2671
2289
746
301
538
1122
1266
557
436
337
-341
-497
-573
-334
-841
-841
-1150
-952
-896
-1229
-1567
-1228
-395
-657
-1483
-1750
-1185
-789
-789
-839
-617
-311
-483
-521
-499
-499
-409
-353
-353
-397
-274
-465
-807
-595
-357
-357
-751
-881
-685
-347
-337
-300
724
724
888
962
1004
1409
1732
2082
1636
814
947
1581
2370
2531
1501
510
730
1085
1487
815
272
431
273
-360
-360
-607
-312
-483
-1046
-983
-809
-1018
-1356
-1486
-719
-329
-1097
-1742
-1558
-604
-603
-603
-1119
-976
-543
-399
-399
-295
-472
-472
-459
-343
-343
-334
-402
-402
-495
-467
-467
-712
-697
-355
-299
-299
-303
-360
491
491
646
591
568
892
1364
1842
1594
621
722
1322
2239
2436
1470
532
763
1144
1526
1014
417
636
424
-382
-382
-382
-382
-941
-956
-836
-1092
-1431
-1566
-865
-505
-1263
-1829
-1683
-747
-647
-647
-1095
-965
-607
-295
-455
-293
-324
-324
-406
356
356
-379
-379
-462
-462
-747
-692
-312
-352
-352
674
674
563
379
488
1162
1581
1762
978
406
864
1557
2205
2077
942
429
718
1092
1458
815
481
546
-347
-347
-476
-476
-872
-793
-871
-1130
-1286
-1208
-460
-719
-1537
-1808
-1405
-490
-357
-1052
-1261
-1098
-668
-390
-503
-463
-463
-551
-342
437
437
-383
-383
-384
-368
-368
454
454
541
357
681
681
1235
1672
1074
432
432
1192
2136
2107
1024
309
690
1052
1362
816
482
725
-324
-324
-858
-833
-758
-975
-1250
-1316
-604
-607
-1411
-1768
-1460
-561
-908
-908
-1164
-1071
-649
-408
-623
-388
-391
-391
-515
-505
362
362
-308
-308
-275
-275
-323
513
513
688
579
334
605
1162
1590
1314
878
878
1822
1995
1015
424
424
819
1173
829
334
598
301
-688
-688
-840
-703
-850
-959
-1091
-451
-409
-1314
-1708
-1441
-563
-943
-943
-1305
-1154
-728
-363
-564
-460
-360
-360
-448
-371
-280
-280
-303
508
508
730
686
560
835
1331
1532
1524
433
358
935
1741
2104
1340
376
376
682
1064
937
377
377
-346
-346
-290
-443
-745
-745
-959
-849
-936
-918
-1088
-670
-413
-1204
-1552
-1437
-682
-695
-695
-1150
-1120
-818
-364
-479
-471
-456
-456
-589
-546
-268
-268
-325
-329
-291
-291
288
288
362
564
564
801
770
596
728
1328
1657
1669
581
355
957
1803
2212
1491
322
353
723
1037
951
316
424
-322
-322
-356
-500
-844
-844
-1105
-1044
-1049
-1032
-1170
-796
-543
-1290
-1610
-1472
-697
-668
-668
-1115
-1078
-776
-302
-427
-410
-347
-347
-411
-411
-409
-409
-381
-381
-330
289
289
433
433
641
737
662
686
1267
1486
1686
1152
724
724
1478
2110
1953
696
644
644
979
1385
706
380
380
-300
-300
-295
-306
-572
-572
-1064
-985
-1061
-1040
-1099
-1156
-636
-1108
-1672
-1635
-1203
-409
-500
-1166
-1263
-1113
-583
-269
-454
-338
-338
-480
-322
-290
-290
-419
-419
-365
-322
-322
276
276
273
273
500
633
671
598
921
1477
1549
1695
752
396
1160
1812
2401
1775
457
372
819
1338
1390
420
332
-768
-768
-999
-1005
-1021
-857
-1129
-928
-693
-1343
-1589
-1492
-885
-276
-797
-1318
-1373
-1047
-275
-467
-467
-376
-712
-433
347
347
-270
-270
-273
-273
-335
-283
-283
-277
-277
281
281
273
378
527
523
987
1319
1212
1474
950
384
1152
1462
2183
1974
684
644
644
1377
1862
720
278
278
-569
-569
-865
-967
-936
-558
-833
-1082
-719
-1113
-1394
-1386
-1110
-290
-570
-1304
-1505
-1281
-347
-660
-660
-659
-798
-644
-341
-325
-348
-348
-409
-444
332
332
-292
-292
-292
-274
-274
-281
520
520
653
653
651
840
1052
1158
1161
1355
527
744
1248
1773
2199
1267
282
360
1076
1800
1351
329
329
-288
-288
-790
-913
-927
-637
-600
-1172
-1013
-987
-1329
-1350
-1291
-607
-352
-1079
-1401
-1331
-618
-414
-414
-648
-566
-616
-321
-282
-364
-364
-468
-297
-424
-424
-302
-306
-320
-320
-419
365
365
429
485
485
658
721
876
900
1122
1244
1338
677
731
1170
1785
1964
1149
392
392
1302
1717
1096
327
327
414
347
-375
-375
-648
-703
-566
-483
-654
-1150
-989
-831
-1168
-1216
-1201
-750
-606
-1146
-1406
-1271
-663
-497
-497
-776
-730
-515
-319
-319
-357
-340
-340
-515
-343
-336
-336
-484
-462
308
308
461
461
589
633
653
757
1206
1255
1381
908
578
1197
1579
1882
1465
512
381
1151
1425
1309
454
454
387
365
-380
-380
-424
-424
-571
-604
-668
-661
-988
-993
-568
-869
-1106
-1173
-899
-359
-689
-1138
-1183
-801
-290
-290
-768
-670
-469
-333
-333
-306
-306
-291
-291
-380
-380
-408
-276
278
278
434
511
563
687
801
1090
1079
1435
1009
652
1024
1485
1992
1442
503
447
1111
1365
1194
425
425
349
-461
-461
-661
-708
-741
-637
-933
-803
-659
-981
-1092
-1088
-684
-327
-687
-1013
-997
-630
-482
-482
-416
-395
-274
-274
-401
-401
-374
-374
-306
-306
-355
309
309
421
410
363
685
987
1031
1157
1146
596
889
1129
1721
1593
909
504
812
1179
1382
652
510
510
414
360
-424
-424
-642
-731
-561
-723
-849
-647
-809
-977
-1138
-967
-391
-475
-850
-1117
-912
-427
-427
-522
-536
-293
-293
-280
-280
-455
367
367
290
428
742
647
895
1062
1082
516
646
1059
1754
1405
861
334
644
1249
1229
644
426
426
401
289
-480
-480
-681
-521
-411
-594
-750
-666
-689
-925
-1029
-766
-366
-437
-822
-1075
-812
-307
-403
-403
-607
-511
-301
-319
-319
-277
-277
-356
-356
-375
-314
-314
324
324
438
694
810
993
777
596
596
958
1503
1344
723
316
671
982
1230
601
331
464
320
320
-383
-383
-519
-594
-435
-637
-657
-451
-718
-905
-989
-738
-277
-485
-794
-968
-743
-449
-449
-420
-401
-285
-285
-276
-276
-332
-332
-279
300
300
283
283
407
648
758
973
591
552
552
981
1509
1124
566
288
624
1058
1204
624
456
404
281
360
295
295
-341
-341
-443
-308
-456
-456
-513
-538
-716
-835
-868
-571
-305
-594
-876
-1081
-700
-397
-397
-593
-565
-309
-309
-487
-404
-384
-384
-522
-277
307
307
415
639
651
759
644
535
535
992
1453
1221
511
602
602
1133
1418
668
303
303
369
625
435
-278
-278
-401
-401
-634
-510
-610
-608
-700
-601
-338
-549
-835
-983
-699
-520
-520
-692
-668
-389
-389
-408
-290
-290
-481
-526
-274
-274
321
321
509
613
478
755
666
357
640
930
1382
1143
562
341
782
1204
1319
530
306
471
550
656
-281
-281
-471
-471
-584
-474
-516
-483
-711
-651
-407
-497
-617
-848
-685
-274
-301
-490
-613
-607
-374
-374
-352
-352
-314
-305
-318
-268
-343
-340
-399
-469
-302
-277
-369
-369
-311
304
304
436
400
533
609
968
568
376
671
1128
1329
947
429
523
900
1138
1004
410
511
488
495
436
280
280
-498
-498
-344
-330
-502
-630
-738
-456
-378
-586
-752
-881
-589
-359
-448
-599
-695
-636
-352
-442
-316
-358
-385
-366
-377
-296
-296
284
284
276
374
509
523
615
758
860
462
480
684
1178
1171
809
379
503
892
1120
851
412
404
410
538
422
318
-304
-304
-500
-402
-349
-493
-691
-742
-504
-470
-638
-922
-934
-613
-469
-594
-858
-843
-618
-459
-531
-518
-486
-337
-359
-362
382
382
563
633
777
605
387
555
903
1287
1114
800
552
736
1013
1251
913
658
482
487
578
482
446
-503
-503
-611
-689
-755
-822
-880
-792
-771
-905
-1016
-1150
-960
-713
-656
-769
-911
-814
-568
-440
-316
-300
-310
-283
495
495
600
651
634
790
683
684
847
1141
1255
1093
721
688
849
1094
1040
613
432
307
307
-513
-513
-568
-528
-470
-636
-890
-888
-879
-885
-932
-989
-862
-772
-802
-929
-969
-702
-491
-455
-554
-590
-449
315
315
366
484
535
629
747
853
756
467
523
793
1121
957
579
306
306
531
726
457
-545
-545
-692
-578
-362
-337
-595
-760
-716
-600
-553
-564
-591
-505
-492
-498
-601
-501
-307
-307
-307
-378
-362
284
284
401
438
474
319
319
531
630
452
377
377
477
-404
-404
-340
-277
-277
-440
-405
-365
-376
-391
-455
-356
-321
-357
-466
-520
-370
-337
-337
-384
-334
269
269
295
295
369
369
492
499
334
393
393
441
342
-296
-296
-280
-280
-389
-372
-296
-301
-301
-344
-358
-336
-346
-332
-275
-275
281
281
288
323
422
473
501
432
401
384
463
491
511
410
303
329
329
305
-288
-288
-323
-362
-343
-340
-331
-356
-375
-372
-362
-347
-351
-335
-332
-285
-276
342
342
445
461
465
457
533
635
677
637
606
498
544
553
595
556
417
308
274
274
289
-294
-294
-294
-312
-344
-362
-419
-440
-446
-429
-411
-449
-476
-461
-429
-358
-384
-404
-395
-313
299
299
310
323
329
416
396
396
403
447
487
480
446
408
362
365
365
341
315
-292
-292
-317
-313
-322
-336
-370
-421
-423
-394
-359
-389
-399
-380
-343
-320
-320
-333
-288
293
293
334
329
335
328
370
420
438
423
362
315
361
403
386
310
-299
-299
-342
-338
-292
-327
-334
-373
-380
-362
-345
-320
-338
-337
-322
-328
-314
-286
-273
-274
-279
-286
284
284
317
304
270
282
282
320
309
268
-282
-282
-294
-347
-364
-356
-346
-373
-362
-376
-382
-386
-362
-309
-284
-278
-286
300
300
351
331
292
284
284
-276
-276
-276
-273
-277
-273
-273
-272
-272
-272
-274
-304
-312
-310
-283
-283
-282
-277
