-472
-472
-469
-469
-471
-471
-500
-500
-489
-489
-489
-473
-473
-494
-494
-493
-493
-470
-477
-477
-494
-494
-507
-507
-491
-491
-480
-543
-539
-513
-571
-482
-493
-493
-503
-493
-544
-557
-615
-670
-681
-746
-687
-854
-824
-745
-754
-794
-766
-712
-690
-615
-655
-646
-676
-554
-506
520
520
499
480
497
526
544
577
480
521
521
670
618
537
554
543
486
-510
-510
-491
-678
-678
-602
-640
-619
-650
-709
-664
-721
-765
-746
-624
-625
-659
-770
-654
-598
-664
-609
-652
-588
-579
-616
-564
-528
-496
-496
-507
-546
-546
-579
-621
-624
-702
-681
-697
-696
-733
-719
-672
-687
-615
-669
-745
-745
-760
-750
-657
-676
-713
-657
-609
-639
-579
-563
-518
-522
-522
-541
-505
-491
-563
-563
-543
-628
-610
-637
-573
-698
-536
-707
-477
-911
-875
-1327
-1533
-1349
-2103
-1359
-1640
-1623
-1849
-1559
-1585
-1652
-1997
-2112
-2388
-2450
-2088
-2147
-1732
-1712
-1456
-1629
-1623
-1560
-1427
-1263
-997
-553
546
546
738
685
774
897
905
840
914
1090
1042
1055
929
1049
878
807
698
713
666
-526
-526
-839
-1010
-1309
-1411
-1523
-1511
-1551
-1569
-1582
-1679
-1678
-1802
-1699
-1709
-1588
-1331
-1103
-834
-619
-486
-486
-701
-701
-788
-1060
-1169
-1364
-1591
-1685
-1656
-1691
-1766
-1802
-1884
-1957
-2070
-2295
-2818
-3367
-3601
-3161
-2688
-2637
-2753
-2605
-2255
-2159
-2155
-2284
-2285
-2329
-2116
-1940
-1784
-1571
-1570
-1725
-1808
-1605
-1651
-1960
-2139
-1741
-1379
-1150
-952
-897
-766
-469
754
754
1013
1542
2081
2431
2534
2516
2858
3008
3094
3140
3219
3308
3499
3534
3383
2819
2041
1082
-1386
-1386
-2364
-3047
-3414
-3428
-3739
-4186
-4351
-4198
-4020
-4201
-4379
-3960
-3171
-2407
-1576
-775
818
818
1111
1359
1759
2133
2210
2015
1831
1878
1788
1417
733
-618
-618
-1426
-2240
-2866
-3355
-3692
-3948
-4070
-4116
-4021
-4009
-3931
-3701
-3427
-2824
-2179
-1475
-767
878
878
1100
1123
1088
1173
1140
984
818
628
-967
-967
-1585
-2124
-2640
-3130
-3532
-3770
-3853
-3953
-3928
-4013
-3969
-4524
-5569
-5872
-4743
-3321
-3191
-3447
-3150
-2318
-2211
-2493
-2653
-2755
-2766
-2644
-2536
-2301
-2213
-2615
-3397
-3613
-3166
-3183
-3870
-4387
-3902
-3093
-2732
-2649
-2426
-2154
-1722
-1388
-1084
-628
823
823
1778
3173
3934
3679
3852
4161
4364
4245
4037
4162
4138
3954
3746
3518
3111
2368
1057
-476
-1992
-2845
-3372
-4135
-4982
-5406
-5139
-4797
-4625
-4910
-4852
-3865
-2910
-2354
-1722
805
805
1477
1715
2089
2829
3147
2891
2368
2182
2056
1520
655
-1007
-1007
-1858
-2752
-3558
-4145
-4603
-5141
-5302
-5206
-4926
-4478
-3945
-3364
-2836
-2196
-1339
1037
1037
1740
2417
2875
2907
2733
2527
2197
1629
929
-795
-795
-1696
-2458
-2978
-3488
-3974
-4716
-5960
-6777
-6126
-4583
-3773
-3826
-3498
-2520
-1616
-1036
-469
495
495
847
1365
1832
1951
1591
640
-883
-883
-2201
-2425
-2167
-2046
-2093
-1927
-1703
-1243
-615
702
702
1218
1759
2338
3115
4012
4903
5223
5703
6624
7592
7967
7742
7936
8503
8996
8840
8251
7678
7531
7106
6278
5270
4306
3404
2254
1195
-1057
-1057
-1433
474
474
832
832
2281
3280
3572
4456
5954
7169
7786
8281
9280
10106
9988
9138
8643
8835
8742
7308
5901
5391
4878
3895
2821
2101
1585
1145
830
809
1201
1790
2309
2926
3835
5025
6268
7076
7776
8409
9042
9578
9953
9957
9698
9263
8827
8110
7150
6128
5133
4091
3036
2251
1846
1459
1038
-1239
-1239
-2015
-1521
1243
1243
1694
2280
3358
4226
4681
4968
5207
5403
5705
6002
6141
5681
4692
3547
2657
2467
2230
1484
718
717
717
967
1046
1256
1589
2259
2966
3838
4614
5197
5806
6193
6777
7866
8924
9534
9690
9861
9878
9745
9552
9747
9871
9397
8774
8464
8343
7656
6239
4135
2515
1026
-673
-1626
-1015
793
1248
-862
-862
2093
2093
2795
2842
3843
5577
7063
7491
7766
8606
9086
8614
7755
7879
8349
7823
6132
4488
3806
3242
2325
1324
-541
-541
-554
-690
-558
1091
1091
2108
3503
4695
5424
5785
5949
6675
7593
8053
7795
7243
6800
6243
5261
4037
3070
2066
937
-542
-542
-832
-1234
-1853
-3040
-3853
-3670
-2705
-1724
-1223
492
492
1169
1820
2393
2944
3219
3532
3770
3776
3499
2663
1800
973
485
-508
-508
-1244
-1521
-1640
-1672
-1559
-1258
-763
601
601
1391
2072
2807
3477
4111
4639
5171
5893
6695
7465
7973
7837
7688
7281
7099
6712
6475
6398
5849
4984
4198
3468
2243
-1580
-1580
-3124
-3879
-3531
-2363
-1172
-1839
-2908
-2950
-1389
790
790
1323
2372
3734
4278
4418
4832
5266
5099
4292
4037
4394
4223
2863
787
-898
-898
-1294
-2047
-2858
-3382
-3837
-4032
-4150
-3709
-3133
-2736
-2051
-1112
1424
1424
2017
2331
2441
2936
3546
3967
3799
3174
2448
1606
826
-1045
-1045
-2190
-3397
-4232
-4769
-5011
-5488
-6617
-7611
-7697
-6951
-6042
-5221
-4346
-3483
-2828
-2249
-1315
-547
-1388
-1388
-2246
-2771
-3280
-4016
-4504
-4775
-5098
-5300
-5188
-4709
-4167
-3619
-3011
-2379
-1478
-602
961
961
1793
2728
3567
4125
4305
4324
4097
4064
4055
3957
3732
3458
3090
2369
1372
-1287
-1287
-3414
-5678
-6999
-6470
-5395
-4718
-5177
-6028
-6283
-5406
-3852
-2621
-1748
-996
715
715
1505
2238
2746
2733
2435
2186
2404
2358
1337
-1621
-1621
-2310
-2616
-3229
-4098
-5081
-5875
-6273
-6327
-5938
-5401
-5023
-4647
-4021
-2873
-1555
-637
977
977
1713
2253
2398
2073
1520
849
-1079
-1079
-2121
-3391
-4486
-5276
-5619
-6255
-7149
-8282
-9111
-8658
-7854
-7067
-6923
-6566
-5499
-4301
-3133
-2728
-2551
-2224
-1843
-1273
-1104
-1381
-2126
-2824
-3173
-3389
-3743
-4506
-5171
-5455
-5317
-5197
-4988
-4899
-4543
-4064
-3405
-2702
-1977
-1343
-881
916
916
2128
2773
3017
3117
3830
4205
4548
4286
4100
4078
4099
4074
3216
2225
971
-688
-3169
-5500
-6559
-6219
-5205
-4990
-5962
-7135
-7390
-6180
-4682
-3458
-2628
-1667
-763
702
702
1790
2885
3150
3144
3293
3578
3510
2288
854
-796
-796
-1780
-2881
-4087
-5142
-5734
-5876
-5432
-5066
-5027
-4891
-4483
-3696
-2468
-1350
-720
1075
1075
2000
2609
2678
2665
2496
2313
2068
1580
885
-1530
-1530
-2820
-3722
-4331
-5055
-6153
-7355
-7990
-7844
-7283
-7187
-7070
-6435
-5271
-4222
-3337
-2479
-1999
-1569
-1016
-588
-588
-1092
-1433
-1784
-2342
-3134
-3835
-4135
-4440
-4438
-4490
-4441
-4285
-4066
-3513
-3037
-2317
-1821
-1173
577
577
1772
2537
3430
3663
3998
4412
5047
5441
5486
5444
5073
5052
4501
3936
2900
1174
-1313
-4086
-5693
-5310
-4353
-4068
-5458
-7169
-7872
-6916
-5228
-4004
-3188
-2545
-1882
-1301
1266
1266
2697
3287
3393
3757
4264
4315
3593
2452
1778
1595
1654
691
-812
-2311
-3744
-4524
-4744
-4501
-4448
-4943
-5476
-5453
-4668
-3550
-2630
-1868
-1195
555
555
1491
2108
2626
2848
2975
3139
3129
2776
1818
693
-1154
-1154
-1702
-2613
-4301
-6466
-7563
-7152
-6521
-6850
-7735
-7898
-7108
-6178
-5163
-4263
-3513
-2888
-2179
-1337
-521
-498
-498
-494
-1278
-1278
-2269
-2530
-2491
-2583
-2842
-3177
-3670
-4056
-3791
-3245
-2887
-2798
-2412
-1805
-748
1127
1127
1956
2453
3527
4326
5029
5509
5622
5937
6387
7203
6957
5974
4203
2027
-2887
-2887
-3329
-2119
-1064
-2931
-6522
-8787
-8029
-5898
-5194
-4860
-4476
-3984
-4347
-4139
-1847
872
2387
2248
2409
3407
4478
4591
3991
4105
4527
4632
3834
2434
1020
-1507
-1507
-1829
-1829
-2151
-3320
-5071
-6210
-6128
-5012
-3815
-3410
-3626
-3540
-2875
-1773
-534
730
1875
2391
2650
2928
3333
3520
3226
2836
2504
2242
1539
-1639
-1639
-3668
-4645
-4051
-3464
-4302
-6009
-7243
-7313
-6868
-5875
-4769
-4224
-4281
-4332
-3562
-2348
-1404
-873
-657
-657
-481
-885
-885
-2071
-2760
-2448
-1742
-1424
-1691
-2217
-2360
-2027
-1167
596
596
1107
1576
2230
2577
3351
4234
5017
5570
6502
7269
6719
5435
3569
2622
945
1084
1084
690
-2651
-5728
-6445
-4271
-3080
-3495
-4273
-4609
-5078
-5615
-4067
-1298
936
494
1515
1515
2792
3170
3867
4464
4669
4066
3501
3137
2825
2232
1750
1676
1048
-1920
-1920
-2944
-3281
-2838
-2314
-2641
-3491
-4610
-4608
-3862
-2670
-1524
-712
-614
-941
-833
1635
1635
2219
2301
2112
2044
1497
1154
645
-893
-893
-798
-1023
-1023
-2809
-4170
-4043
-3573
-3347
-3233
-3726
-4591
-5298
-4761
-3570
-2482
-2282
-2549
-2704
-2444
-1853
-1460
-978
533
533
529
-999
-999
-948
625
625
1041
1224
1285
1242
1434
2116
2730
3203
3317
3766
4726
5035
4571
3851
3490
3058
2369
1280
765
658
482
-1238
-1238
-2241
-2599
-2202
-2010
-2476
-2943
-3027
-3055
-2922
-2035
-1007
-644
-644
-912
-536
655
1641
1852
1918
1997
2182
1773
1608
2065
2412
2126
1384
849
570
-526
-526
-491
-614
-1118
-1724
-1941
-1878
-1693
-1309
-843
-566
-566
-680
-516
685
685
885
691
-744
-744
-905
-748
-1348
-1348
-2406
-2382
-1883
-1927
-1776
-1820
-2488
-3550
-3831
-3025
-2305
-2317
-2758
-2805
-2800
-2722
-2595
-2138
-1511
-1221
-1238
-1220
-793
-609
-635
-472
583
583
598
598
1114
1543
1579
1199
1022
1710
2580
3202
3374
3577
3672
3949
4541
5023
4836
3487
2383
1785
1855
1891
1734
1418
-1143
-1143
-2069
-1161
-1719
-1719
-2493
-2546
-2329
-1964
-1022
-531
-531
-1607
-1875
-819
919
919
951
864
678
602
602
1088
1372
1053
-572
-572
-776
-889
-642
543
543
994
1133
617
-487
-487
-1324
-1324
-1882
-1495
-896
-797
-1100
-1701
-2151
-2422
-2093
-1780
-1756
-2150
-2582
-2702
-2743
-2426
-2288
-2123
-2050
-1943
-1872
-1744
-1275
-1013
-577
562
562
891
1189
1545
1504
1826
1737
2219
2417
3023
2983
3209
3518
3866
4097
4143
4321
3888
3505
2777
2677
2232
1878
1816
2082
1909
561
752
752
-642
-642
-985
-1455
-695
-1012
-1012
-1350
-925
-667
-667
-660
-643
-643
-926
-739
649
649
817
722
640
819
1150
1178
1257
1105
1212
893
483
-531
-531
-539
-868
-1202
-1639
-1445
-1191
-1149
-1516
-1717
-1654
-1518
-1186
-1054
-1001
-1359
-1655
-1797
-1528
-1349
-1605
-1763
-1915
-1871
-1797
-1632
-1354
-1232
-1247
-1055
-853
-491
582
582
794
1106
1437
1800
2049
2421
2817
3055
3006
3164
3671
4055
4179
3896
3654
3340
3154
2925
2563
2043
1907
2002
1721
1115
666
845
859
541
-554
-554
-474
-474
-893
-890
-699
-577
-707
-685
-548
-736
-930
-889
-789
-596
-549
-545
-739
-678
-474
503
503
528
555
619
542
-522
-522
-641
-782
-740
-855
-1153
-1234
-1231
-1143
-1109
-1238
-1274
-1278
-1295
-1377
-1157
-1150
-1385
-1597
-1537
-1301
-1167
-1063
-1136
-1176
-1195
-1101
-963
-867
-833
-828
-784
-624
796
796
1180
1459
1681
1926
2281
2538
2799
3034
3144
3414
3432
3308
3177
3102
2988
2620
2473
2552
2512
2373
2249
2123
1994
1775
1612
1320
1245
945
620
472
-494
-494
-694
-674
-685
-654
-710
-715
-768
-841
-778
-745
-773
-717
-794
-769
-802
-781
-667
-484
-608
-608
-710
-701
-657
-809
-1002
-1131
-1074
-1196
-1210
-1189
-1135
-1009
-1091
-1107
-1118
-1107
-1107
-1073
-925
-941
-981
-957
-916
-851
-735
-666
-689
-704
-530
534
534
811
1195
1669
1907
2090
2260
2703
3191
3544
3889
3946
3918
3842
3858
3937
3739
3627
3357
2988
2895
2849
2650
2457
2203
1787
1339
942
704
478
-476
-476
-700
-789
-980
-1122
-1221
-1245
-1260
-1233
-1306
-1312
-1212
-1169
-1108
-1073
-1075
-1157
-1263
-1192
-1184
-1094
-937
-715
-531
-530
562
562
674
692
547
562
469
-556
-556
-756
-814
-1021
-1255
-1493
-1668
-1707
-1697
-1734
-1837
-2004
-2007
-2024
-1987
-1888
-1812
-1656
-1486
-1239
-1067
-775
-669
533
533
612
788
908
1028
1351
1519
1761
1862
2181
2393
2719
3067
3272
3600
3707
3800
3709
3712
3675
3616
3477
3265
3016
2896
2746
2520
2241
1939
1483
1113
606
-493
-493
-848
-1030
-1284
-1445
-1543
-1585
-1686
-1714
-1634
-1526
-1287
-1125
-979
-913
-955
-954
-930
-861
-685
-545
-503
-503
-642
-642
-798
-896
-959
-1049
-1267
-1437
-1493
-1554
-1656
-1776
-1964
-2064
-2003
-1860
-1800
-1690
-1573
-1433
-1215
-1050
-753
-576
481
481
780
1072
1294
1528
1688
1954
2421
2566
2779
2869
3260
3622
3863
4108
4209
4203
4001
3805
3652
3551
3414
3172
2968
2926
2749
2503
2232
1854
1442
934
-602
-602
-838
-1069
-1276
-1525
-1841
-2065
-2063
-2025
-1953
-1915
-1744
-1585
-1517
-1525
-1563
-1601
-1436
-1232
-1164
-1043
-840
-516
492
492
613
601
625
565
512
567
515
-555
-555
-713
-807
-859
-921
-997
-1133
-1361
-1377
-1490
-1495
-1559
-1647
-1654
-1652
-1464
-1382
-1310
-1278
-1208
-1026
-815
-568
491
491
911
1136
1431
1665
1935
2195
2549
2981
3384
3736
3840
4132
4589
4824
4796
4705
4426
4056
3804
3651
3604
3560
3286
2921
2709
2291
2132
1893
1546
1053
582
-480
-480
-724
-1137
-1421
-1642
-1763
-1872
-2020
-2157
-2108
-2084
-1979
-1857
-1923
-2053
-2148
-2240
-2143
-1829
-1726
-1618
-1514
-1413
-1144
-984
-799
-639
-551
563
563
580
601
528
586
568
533
552
480
-601
-601
-799
-995
-1093
-1180
-1215
-1270
-1499
-1716
-1823
-1884
-1914
-1926
-1958
-1963
-1839
-1756
-1643
-1482
-1373
-1302
-1184
-1141
-895
-523
666
666
955
1191
1481
1916
2213
2568
2969
3308
3728
4128
4367
4517
4571
4389
4180
3861
3714
3592
3518
3402
3183
2916
2531
2126
1773
1314
822
-571
-571
-715
-1042
-1173
-1371
-1617
-1732
-1859
-1952
-1878
-1864
-1795
-1812
-2015
-1974
-2044
-2255
-2296
-2257
-2226
-2082
-1935
-1781
-1753
-1707
-1530
-1371
-1233
-1082
-904
-759
-516
-603
-603
-680
-677
-701
-764
-849
-900
-1015
-1119
-1092
-1164
-1206
-1271
-1146
-1025
-1070
-1066
-987
-962
-900
-837
-684
-667
-562
557
557
796
1016
1347
1664
1950
2360
2688
3168
3429
3713
4072
4130
4081
3942
3749
3568
3512
3619
3636
3540
3330
2875
2423
2069
1722
1281
821
-689
-689
-901
-1224
-1626
-1838
-1913
-2029
-2006
-1949
-1846
-1752
-1704
-1706
-1654
-1723
-1792
-1887
-1753
-1608
-1472
-1413
-1507
-1486
-1473
-1309
-1334
-1263
-1137
-1040
-920
-772
-529
-662
-662
-806
-978
-1047
-992
-1109
-1257
-1414
-1417
-1380
-1458
-1310
-1260
-1211
-996
-887
-639
619
619
828
997
1350
1582
1836
2099
2181
2263
2511
2884
3148
3465
3773
3829
3778
3524
3229
3010
2888
2714
2779
2765
2691
2605
2207
1958
1734
1404
1075
606
-716
-716
-894
-1151
-1503
-1734
-1759
-1774
-1806
-1866
-1905
-2008
-1981
-2011
-2049
-2011
-2096
-2068
-1937
-1817
-1620
-1518
-1286
-1181
-1150
-926
-746
-607
-555
-506
-543
-543
-636
-764
-700
-723
-783
-915
-1120
-1086
-1082
-1149
-1328
-1336
-1353
-1305
-1237
-1179
-1114
-1115
-934
-753
-629
-480
721
721
894
1096
1348
1542
1907
2255
2491
2725
3042
3332
3726
3895
3978
3918
3756
3544
3332
3228
2958
2825
2712
2464
2308
1999
1683
1301
1005
580
-759
-759
-1028
-1197
-1282
-1473
-1711
-1963
-2105
-2095
-1993
-1745
-1734
-1632
-1624
-1646
-1548
-1559
-1536
-1571
-1524
-1473
-1435
-1270
-1287
-1188
-1098
-990
-776
-723
-595
-540
-489
-489
-554
-723
-814
-999
-1010
-1114
-1142
-1131
-1161
-1105
-1199
-1156
-1098
-1141
-1125
-1107
-980
-903
-719
-581
-477
549
549
747
980
1276
1492
1551
1782
2254
2491
2792
3150
3441
3791
4071
4168
3997
3830
3644
3421
3306
3059
2943
2702
2568
2411
2078
1889
1546
1092
631
-758
-758
-1146
-1522
-1728
-1846
-2089
-2317
-2379
-2396
-2350
-2403
-2427
-2242
-2260
-2162
-2058
-2144
-2040
-1907
-1853
-1714
-1616
-1499
-1276
-1081
-953
-901
-856
-759
-677
-498
-540
-540
-758
-1036
-1220
-1252
-1340
-1363
-1383
-1346
-1377
-1403
-1349
-1395
-1401
-1332
-1062
-1023
-810
-544
-469
536
536
674
777
972
1221
1500
1753
2048
2142
2336
2674
3019
3374
3541
3840
4027
4067
3928
3904
3698
3261
3058
2841
2859
2741
2593
2378
2027
1822
1515
1135
655
-707
-707
-948
-1088
-1413
-1709
-1934
-2082
-2313
-2408
-2406
-2375
-2494
-2616
-2509
-2414
-2363
-2324
-2260
-2234
-2046
-1914
-1713
-1593
-1471
-1301
-1120
-990
-855
-651
-542
540
540
-583
-583
-839
-888
-1041
-1158
-1298
-1443
-1462
-1564
-1569
-1497
-1472
-1499
-1505
-1439
-1196
-1109
-953
-733
-628
562
562
756
995
1344
1688
2005
2289
2385
2601
2960
3243
3508
3798
3936
4023
4056
3842
3594
3104
2626
2220
1876
1767
1689
1625
1524
1590
1545
1371
1201
1032
556
-582
-582
-833
-1188
-1557
-1745
-1875
-1858
-1814
-1662
-1475
-1419
-1611
-1724
-1902
-2043
-2171
-2399
-2494
-2563
-2436
-2261
-1948
-1590
-1306
-1093
-964
-804
-656
-657
-776
-726
-555
662
662
814
879
656
-556
-556
-736
-936
-1649
-1850
-2059
-2181
-2274
-1895
-1256
-938
-499
-691
-691
-1621
-2192
-1997
-1883
-1723
-1259
1047
1047
1309
1262
841
787
787
1582
2864
3845
4790
5281
5840
5955
6065
6098
5600
4624
3995
3445
2623
1521
627
-494
-494
-1049
-1345
-1432
-1570
-1850
-2059
-1919
-1830
-1912
-1670
-1027
-473
906
906
1116
952
576
-967
-967
-1406
-1740
-1937
-2203
-2539
-2567
-2486
-2577
-2715
-2686
-2264
-1975
-1885
-1519
-858
750
750
1290
1888
2204
2040
1756
1494
871
-1079
-1079
-1485
-1850
-2703
-3350
-3260
-2908
-2945
-2785
-2280
-1791
-1653
-1696
-1394
-1028
-927
-900
-936
-761
-564
-597
-793
-831
-605
756
756
1043
1359
1892
2153
2080
2108
2348
2741
2761
2730
3197
3785
4302
4565
4982
5289
5854
6384
6970
6948
6583
5818
4594
2838
583
-1238
-2174
-2866
-3915
-4537
-3880
-2535
-1901
-1770
-946
-981
-981
-1317
-819
-470
-614
838
838
1844
2482
2733
3054
2956
2357
1314
-1398
-1398
-2377
-3317
-4079
-4244
-4027
-3518
-3022
-2690
-2270
-1632
-1116
-1200
-1412
-1198
-803
-557
584
584
1612
2260
2367
2505
2415
1469
-1394
-1394
-2573
-4002
-5246
-5648
-5546
-5305
-4716
-3718
-2748
-1829
-1086
-763
-834
-822
-706
-988
-1251
-1089
-736
-619
656
656
903
1125
1452
1547
1505
1653
1828
1997
1905
2244
2633
3077
3652
3938
4403
4674
5113
5457
5466
5505
6053
6603
7029
7008
6321
5246
3419
730
-2075
-3710
-4692
-6215
-7762
-7528
-5660
-4076
-3267
-2166
498
498
947
947
2478
3823
4326
4595
4938
4653
3589
1792
-1930
-1930
-3688
-5258
-6230
-6386
-5899
-4998
-4273
-3633
-2440
-1300
-748
-851
-947
574
574
1685
2779
3219
3007
2537
1903
698
-1147
-3332
-5033
-6239
-7087
-7317
-6938
-5883
-4888
-3743
-2330
-1051
-493
-552
-765
-893
-989
-1258
-1417
-1423
-975
1300
1300
2052
2674
2792
2827
2848
2897
2472
2150
2020
2391
2940
3544
4419
4919
5379
5698
6255
6213
6365
6231
6695
7125
6565
5400
3044
-2107
-2107
-3714
-5427
-7064
-8636
-8860
-7414
-5846
-4400
-2988
-1150
951
951
1548
1345
1159
1785
3175
4321
5174
5572
5853
5409
4417
2725
723
-1290
-3561
-5458
-6849
-7206
-6832
-6035
-5229
-4393
-3157
-1749
-885
-665
-546
743
743
1877
2913
3550
3647
3554
2869
1463
-494
-3087
-5553
-7527
-8822
-9448
-9146
-8162
-6792
-5110
-3128
-1057
566
566
624
594
-701
-701
-607
661
661
1404
2059
2478
2810
2820
2812
2649
2213
1883
1857
2159
2657
3469
4189
4871
5347
5984
6413
6343
6416
6755
7408
7526
6866
5249
2612
-3145
-3145
-4937
-6548
-8535
-10235
-10079
-8108
-5944
-4071
-2277
1014
1014
1484
1890
2651
3121
2806
2554
3138
4624
5951
6577
6519
6056
5166
3734
1489
-1276
-3776
-6303
-8261
-9408
-9459
-8481
-7148
-5810
-4436
-2579
-665
619
834
807
1032
1312
1568
2121
3092
3964
4441
4060
3515
2452
473
-2652
-6119
-8970
-10977
-12166
-12725
-12009
-10294
-7539
-4878
-2006
1952
1952
2663
2546
2239
1696
972
-570
-570
-556
801
801
1282
1678
2089
2279
2192
1816
1488
1182
812
816
1407
2296
3300
4179
5222
6132
6815
7066
7249
7600
7773
8648
8751
7896
5332
1271
-2467
-4909
-6427
-9049
-11764
-13108
-11020
-8142
-5975
-3533
-848
1546
2129
2476
2988
4300
4394
3557
3252
4629
6915
7884
7609
6906
6587
4989
2464
-925
-3912
-6506
-9311
-11363
-11805
-10242
-8036
-6516
-5391
-3046
1653
1653
1862
1839
2403
2601
2561
2818
3935
5148
5462
5151
4321
3211
942
-2576
-6542
-9894
-12627
-14317
-14934
-14085
-11779
-9027
-5802
-2584
570
2664
3530
3519
3226
2827
2128
1276
573
548
739
952
1042
1419
1484
1123
658
997
997
2438
3967
4823
5750
6478
7556
7516
7401
7066
7794
8301
9364
9815
8864
6087
1245
-2855
-5981
-7852
-11015
-14117
-15353
-12777
-9078
-5899
-2806
3185
3185
4018
4298
4698
5603
5337
4165
3598
5136
7754
9000
8602
7541
6560
4796
1616
-2319
-5935
-8966
-11524
-13006
-12547
-10167
-7146
-5103
-3322
-807
1936
3490
3474
2970
2979
3114
3259
3955
5221
6504
6716
6058
5231
3460
-4743
-4743
-9874
-13796
-16224
-17556
-17607
-15522
-12102
-7720
-3649
2986
2986
4725
4721
3929
3216
2425
1553
496
612
612
1362
1455
1274
818
-821
-821
-1078
-974
-695
1075
1075
2556
4040
5227
6148
6825
7377
7600
7873
7860
8154
9080
10471
12330
11683
9409
4320
-1675
-6096
-9337
-11785
-15449
-17199
-16318
-11388
-7115
-2842
3387
3387
4794
4232
4037
4182
5194
4180
4135
5280
8758
11385
11853
10553
8448
5904
1879
-2656
-7402
-10764
-13499
-14809
-14074
-11181
-7013
-3869
-2016
1543
1543
3086
3066
2350
1931
2423
3500
5128
7302
9266
9989
8761
6825
4289
842
-4535
-10816
-15934
-18642
-19187
-18548
-16334
-12886
-8444
-4264
2205
2205
3936
3848
2890
2460
2660
3048
2676
2379
2281
2620
2352
1228
-537
-2434
-3492
-3805
-3287
-2218
-634
741
2302
3568
4964
5655
5689
5512
5447
6078
6638
7866
8989
10663
12180
13729
15204
13478
9817
1445
-6020
-11159
-13163
-15172
-18116
-18052
-14517
-7751
-3899
2412
2412
4534
3270
1332
731
2432
4389
4681
6170
8738
13687
15370
14308
10772
6750
1706
-4180
-9183
-12403
-13560
-14344
-13767
-11203
-6678
-2484
-1091
-1654
-1902
-1216
-778
-775
2027
2027
4773
7385
10258
12628
13554
11747
7704
2675
-2358
-6984
-11948
-16151
-18178
-17483
-15583
-12983
-10182
-7091
-4851
-3495
-2086
-766
817
817
1686
3046
5083
6425
6546
5252
3530
1590
-640
-3035
-4655
-4982
-4212
-2590
2149
2149
3881
4541
4239
3728
3414
3234
2986
3465
4776
6976
9039
11290
12935
14726
15205
15479
11681
6440
-1552
-8206
-12157
-14012
-13933
-15318
-13363
-10567
-4841
-2669
-631
-1113
-1113
-2086
-1093
2003
5618
7628
10563
12881
16003
15296
12230
7172
2269
-2542
-7014
-9721
-10611
-9838
-9150
-8136
-6641
-4610
-3352
-4161
-6186
-6808
-5722
-3433
-911
2237
5877
9411
11595
12782
12658
10817
7233
1807
-3468
-7364
-9398
-10905
-12298
-12747
-11980
-10766
-9956
-9318
-8854
-8400
-7332
-5464
-2648
2853
2853
4599
5741
6539
6498
4809
2172
-1793
-1793
-2889
-2927
-1892
-613
760
1717
2741
3519
3498
2623
1502
1628
2632
4134
5278
6794
8252
9640
10644
10711
11294
11146
11760
9474
5597
539
-4403
-7543
-10329
-10487
-11567
-11579
-11038
-7407
-4146
-2565
-1960
-1466
-966
-558
2188
2188
5171
7435
9608
10327
12436
12521
11189
7037
3001
-3442
-3442
-5827
-7650
-7386
-7242
-6843
-6816
-6378
-5404
-5252
-6054
-6762
-5789
-3263
-521
2175
4817
7678
8981
9488
9242
8211
5912
1544
-2886
-6153
-7188
-7736
-9274
-10987
-11154
-10090
-9309
-9376
-9075
-8575
-7191
-5204
-2622
2005
2005
3307
3647
4017
4229
3610
1888
-798
-798
626
626
1257
2020
2554
2925
3281
2959
2277
2368
3247
5088
5822
7072
7097
7921
7953
8727
9050
8742
9765
10365
9051
4737
-576
-4309
-6609
-8703
-9585
-10770
-9963
-8974
-5058
-2636
-1298
-1429
-1599
-1416
-1910
2000
2000
4821
6536
8271
10593
12082
11350
9050
5618
2294
-859
-2996
-4601
-5170
-5414
-4765
-4532
-4565
-4762
-5220
-5982
-7199
-7104
-5674
-3186
-539
1863
4405
6503
7698
7608
6396
5046
2276
-819
-3766
-5153
-4932
-5528
-7107
-8317
-8005
-7403
-8173
-9072
-9189
-8237
-6399
-4459
-2220
806
806
1722
2117
2252
1755
1252
519
1556
1556
2675
2670
2458
2596
3180
3570
3153
2513
2452
3429
5187
6305
6733
6089
6233
6789
6947
7006
6817
8282
9751
9412
6486
1914
-1664
-4912
-7785
-8686
-9254
-8159
-8290
-5889
-2705
-807
-579
-2449
-2410
-2540
-2216
-801
1360
4870
6780
8381
9853
10012
9298
6335
3704
1334
-1430
-1430
-1926
-2104
-2002
-2281
-2537
-3572
-4766
-5811
-7177
-7388
-6857
-5034
-2846
-807
1438
2537
3185
3491
3013
2153
-1987
-1987
-2690
-2452
-1590
-2263
-3186
-4463
-5063
-5072
-6015
-6760
-7845
-7175
-5534
-3921
-2097
-1578
-1137
-1075
-844
-478
-478
1521
1521
2598
3532
3515
3126
2738
2839
3579
3887
4553
4935
5850
6748
7225
6819
5708
5079
4704
5223
5899
7006
8288
8889
7870
4628
-4168
-4168
-6179
-6007
-5785
-6301
-7001
-5460
-2419
-2143
-2143
-3502
-4079
-3569
-2023
1409
1409
2907
4668
6582
7412
6466
4660
3167
2473
1954
1577
1437
1583
1833
1524
1112
507
-1275
-1275
-2927
-3928
-4007
-3100
-2316
-1638
-1224
-1104
-1204
-1744
-2081
-3150
-4169
-4618
-4419
-3499
-2599
-1852
-2060
-2832
-3457
-3728
-3732
-4000
-4092
-3785
-3031
-2039
-1251
-673
-570
-826
-1146
-1315
-1225
-1267
-930
817
817
1047
1209
1047
961
1001
1308
1730
2295
3125
4101
5056
5708
6010
6255
6200
5839
5887
6184
6986
7966
8622
7813
5044
1992
-1079
-1079
-2295
-2640
-2439
-2804
-2635
-2293
-2681
-4577
-6467
-5947
-4031
-2259
-2277
-2558
-1559
1156
1156
1053
-794
-794
882
882
2363
3144
2755
2267
2331
3085
3651
3153
1671
1315
1315
2696
2939
1933
688
-1467
-1467
-2881
-4090
-4860
-5842
-6705
-6438
-5281
-4381
-4637
-5710
-6501
-6777
-6510
-5931
-5671
-5142
-4146
-2511
-861
932
932
1781
2011
2040
2513
3227
3468
3111
2279
1701
1631
2089
2783
3412
3928
4751
5659
6224
6488
6491
6504
6457
6712
7333
7403
5893
2730
636
1059
2117
1462
-736
-1674
-1132
-863
-2055
-3442
-3853
-4907
-6513
-7576
-6360
-3698
-2539
-2457
-2651
-1802
853
853
1134
-702
-702
-879
481
2396
3358
3106
2436
2399
2457
2310
2128
1950
1507
861
560
1439
2824
3161
2132
592
-775
-775
-2468
-4197
-4699
-4400
-4231
-4378
-4479
-4663
-5082
-5787
-6252
-6632
-6390
-5889
-5721
-5231
-4497
-2926
-1920
-1895
-1765
-1622
-596
818
818
1329
2324
2871
3193
2805
2571
2574
2644
2505
2050
2167
2797
3304
3361
3384
3727
4562
5126
5441
5629
5699
6490
7393
7850
6290
2646
1000
1000
2936
2316
-769
-2036
1284
1284
-2777
-2777
-3995
-4586
-5503
-6884
-6824
-5564
-4345
-3214
-2621
-1815
-1205
-539
-1057
-1057
-1293
2198
2198
3065
2707
2129
2336
3106
2710
1543
764
782
1250
1160
1360
1898
2399
2100
1304
708
-1838
-1838
-2710
-2653
-2756
-3473
-3625
-3040
-2833
-3494
-4534
-5151
-5548
-5848
-5588
-5461
-5322
-5002
-4149
-3315
-3390
-3647
-3483
-2612
-1742
-1120
595
595
1413
2157
3067
3493
2917
2594
2884
3126
3036
2910
3153
3426
3433
3463
3735
3919
3767
3834
4457
5002
5602
6446
7503
7774
5291
1749
2102
2102
4186
2269
-1568
-2387
779
3407
1684
-1624
-4036
-4897
-4939
-5112
-4501
-5013
-5417
-4866
-3256
-1685
-1670
-1714
-1597
-1721
-1911
-1387
484
2261
2517
1485
591
1532
3017
3365
2149
530
530
1883
2927
2645
1432
-1003
-1003
-1496
-1986
-2595
-3667
-3537
-1668
-487
-1477
-3828
-5560
-5977
-4771
-3225
-3126
-4700
-6135
-5164
-2966
-1478
-2455
-4348
-5273
-4828
-2966
-640
618
561
1106
1106
2500
3531
3585
2863
2673
2837
3867
4915
4949
4190
3264
3368
3850
4756
5137
4668
3918
3933
5554
7631
8256
5377
651
-848
2560
6181
4110
-1298
-3091
3826
3826
2494
-739
-3397
-4696
-5157
-4761
-3609
-4233
-5631
-6229
-4686
-3158
-2995
-3058
-3104
-3290
-3703
-2896
-487
1981
2620
1320
997
997
2923
3838
2714
808
2223
2223
3840
4049
2346
-968
-968
-969
-1354
-1354
-2761
-3998
-3397
-1635
-1141
-1141
-3407
-5144
-5347
-3890
-2766
-2808
-4457
-5825
-5294
-3347
-1917
-2692
-4102
-4950
-4217
-2528
-830
-494
-494
1135
1135
2354
2873
2804
2535
2708
3635
4622
5227
4871
4071
3472
3272
3450
3547
3742
3834
3637
3958
4777
6144
5816
2534
-1151
-922
3589
5951
2392
-2482
-2202
2480
4532
2256
-1173
-3392
-4310
-4361
-2728
-1531
-2675
-4914
-5539
-3837
-2410
-2328
-3013
-3599
-4168
-4268
-2757
2294
2294
1927
-1090
-1090
2568
2568
3344
1833
1972
1972
3527
3654
1553
-1150
-2203
-1425
-1210
-1210
-2654
-3625
-2946
-1042
-869
-869
-2995
-4159
-3931
-2480
-1356
-1485
-3052
-4515
-4284
-3146
-2335
-2855
-3889
-4053
-3420
-2426
-1333
-561
-561
960
960
1414
1870
2319
2656
3110
4049
4909
5287
4758
4005
3931
4174
4337
4296
4561
4468
4370
4953
5204
3048
3251
3251
5105
1729
-2409
-1492
2902
4543
2012
-692
-1738
-2189
-2926
-2395
-1238
-1707
-3509
-4509
-3638
-2568
-2292
-2509
-3061
-4044
-4722
-4014
-1554
567
712
-554
-1260
1791
1791
2682
2324
1661
1176
815
1204
2306
2928
1620
-767
-1851
-968
-1278
-1278
-2027
-2210
-1852
-1464
-1538
-2422
-3490
-3331
-2459
-1851
-1838
-1927
-2544
-3486
-3247
-1855
-1191
-2335
-3405
-3366
-2132
-1334
-1156
-867
715
715
993
1061
1470
2368
3158
3947
4910
6204
7145
7412
7528
8156
8672
8705
7812
7441
6720
4035
-1530
-1530
2020
4549
1015
-4516
-4625
-1451
-2178
-6174
-6918
-4003
-3735
-6715
-7169
-3641
-1500
-3753
-5962
-5182
-3222
-2164
-1717
891
891
879
654
1099
2295
2691
2875
2849
3252
3810
3694
3304
3317
3442
2685
1583
1826
2666
1516
-1447
-3720
-4267
-4834
-5725
-6012
-5718
-5810
-6652
-6795
-6237
-5955
-5918
-5637
-4967
-4147
-3235
-2459
-2364
-2777
-2468
-1305
986
986
1459
1595
1365
1324
1911
2361
2276
2399
3290
4029
4411
4437
4894
5279
5660
6022
6275
6623
6992
7707
8739
10055
10920
10194
5636
-878
-4974
-540
6073
5878
-562
-5293
-3656
-4704
-8852
-9007
-4124
-1423
-7055
-10473
-6684
-2351
-3364
-7567
-6206
-2263
648
648
1907
4353
3584
936
532
2689
6199
6838
5106
3927
3300
3550
3180
2948
3143
1756
-616
-616
883
883
-1130
-2750
-4281
-4608
-4192
-3729
-3659
-5084
-5542
-5839
-5563
-5250
-4497
-3933
-4862
-4378
-2972
-1058
-648
-1452
-1463
-1747
-662
881
881
1769
1433
1525
1826
2354
3120
2858
2950
2982
4062
5307
4910
5619
6200
7146
7187
7076
8259
8680
9316
9713
9384
4728
-1716
-4475
1317
7484
4960
-1776
-5539
-3500
-5220
-9044
-6418
-1370
-819
-8013
-10464
-5547
-3023
-4759
-7247
-3937
-844
-844
-1228
2738
2738
2581
1467
1467
4732
7111
6596
3742
2952
3110
3367
3644
3825
4469
3182
728
-473
-473
-1113
-1113
-2585
-3740
-4344
-4421
-5785
-6293
-6494
-5961
-5813
-5668
-4307
-3612
-4699
-5961
-4931
-2666
-1649
-1473
-1170
-736
-799
-962
483
483
1278
1514
1576
1512
1684
2170
2499
2889
3378
3810
4032
4231
4781
4936
5169
5293
5958
6731
6954
7319
7743
8645
9384
9415
9718
6309
-4022
-4022
-1399
6527
6352
-5051
-5051
-5028
-4717
-8652
-7229
-1542
-5935
-5935
-11560
-8223
-4500
-5035
-6223
-4068
-1047
-1047
-2296
-986
1137
1661
762
762
3982
6089
6020
3803
2348
2888
3426
4185
4774
4960
3881
1443
513
513
-1194
-1194
-2518
-3289
-4486
-5889
-6850
-6722
-6391
-6717
-6574
-5729
-5329
-6175
-7074
-5844
-3858
-2225
-1362
-1362
-1712
-2439
-2203
-801
1528
1528
2003
1748
1584
1492
2436
2825
3034
3688
4213
4532
4220
4343
4737
5025
5027
5697
6876
7839
7350
7339
7286
8373
8443
8638
7989
2626
-1388
-2100
4133
6623
1393
-3870
-5320
-4247
-6871
-7477
-2857
-1240
-5071
-10562
-9244
-5202
-5363
-6321
-5571
-2641
-2229
-3138
-1699
875
875
474
474
2855
5206
5261
4206
2525
2773
3595
4154
4862
4995
4254
2489
561
561
911
-1879
-1879
-2635
-3464
-4241
-5128
-5847
-5272
-5711
-5993
-5662
-5691
-5450
-6669
-6485
-5444
-4298
-2814
-2829
-2242
-2186
-2239
-1538
-1119
1012
1012
1035
1279
1343
2008
2274
2824
3837
4449
4564
4522
4854
5297
5476
5280
5942
6865
7242
7397
7369
8156
8132
8754
8226
8640
4686
-1895
-1895
2107
7306
4004
-1750
-4647
-3757
-4428
-6559
-3642
-1061
-3711
-9496
-10638
-5524
-4207
-5559
-6567
-4854
-3580
-4295
-2671
-1257
-1257
-1627
3274
3274
4351
4280
3546
2683
2700
3247
4325
5427
5042
3868
1666
502
847
1132
1359
-1192
-1192
-2549
-4079
-5078
-5471
-4786
-4744
-5861
-6137
-6233
-5997
-6290
-6131
-4723
-4140
-3947
-3977
-3429
-2593
-2396
-2081
-1294
-771
1043
1043
2078
2382
2489
2354
2935
3922
4480
4994
5345
5634
5335
5123
5451
6109
6694
7438
7474
7865
7385
7938
7839
7950
6810
2244
5743
5743
5965
512
-3967
-4016
-2654
-4394
-3780
-731
-1999
-7502
-10944
-7052
-3143
-4143
-5736
-6020
-5109
-5868
-4820
-1439
806
-1931
-1931
-1897
1854
1854
2797
3602
3231
3000
2999
2936
3479
3631
3654
3155
2267
2081
1574
625
-601
-1020
-732
-1303
-2819
-4562
-5236
-5341
-5030
-5043
-5026
-5557
-6369
-6629
-5898
-4219
-3652
-3800
-4117
-4146
-3246
-2581
-1436
-677
-703
-535
772
772
1343
1786
2404
2852
3281
3575
4079
4562
4988
5431
5544
5671
5845
6247
6544
6942
7307
7766
7288
7789
7342
7905
5716
1095
1673
1673
7056
4835
-863
-4447
-3815
-2747
-3472
-1954
-3868
-3868
-9483
-10636
-5667
-2130
-3272
-5002
-6400
-6860
-7155
-4829
-1070
530
-909
-2314
-2477
-1043
751
2114
3315
3143
3113
2928
2783
3119
3664
4010
3900
3310
2975
1832
-724
-724
-822
-822
-2685
-4383
-5949
-5820
-4935
-3864
-4370
-6323
-7299
-7640
-6120
-4130
-3159
-3459
-4636
-4661
-3750
-2595
-1135
-625
-827
-835
675
675
1172
1780
2533
3252
3544
3689
3448
3492
3822
4673
5489
5675
5843
5729
5832
6833
7629
8460
7952
7547
7191
7958
7236
2036
-1394
7359
7359
7117
-5255
-5255
-3732
-1695
-3510
-2844
-1934
-1934
-8818
-11521
-6344
-1107
-2180
-4855
-5873
-5806
-6040
-5059
-1408
649
-2540
-2540
-3022
-1185
1031
2343
2894
2879
2744
2819
2206
1970
2571
3226
3140
2309
2080
1744
535
-884
-665
1074
-2162
-2162
-4355
-4609
-4093
-4558
-4165
-4242
-5690
-7373
-7368
-5204
-3887
-3849
-4142
-4680
-4678
-4188
-2857
-1620
-1200
-1042
-1007
1017
1017
1683
2333
3043
3082
3002
3201
3752
4147
4657
4838
5144
5316
5206
5706
6009
6920
6951
6941
7145
7197
8424
3605
6004
6004
9192
2991
-2374
-3218
-1037
-2030
-2229
962
-6494
-6494
-10288
-7146
-1764
-2210
-4328
-5404
-6169
-6579
-5800
-2207
-1150
-1150
-3200
-3459
-2563
-659
631
1078
1090
470
667
887
669
913
1127
1625
1635
-1042
-1042
-1640
-1403
-2210
-2210
-3981
-4284
-3587
-2654
-2627
-2975
-4474
-5775
-5298
-4171
-2958
-2968
-3465
-3825
-4089
-3200
-1991
-1472
-1471
-1774
-1477
-744
731
731
1071
1330
1591
2070
2505
3188
3250
3613
3671
3939
4191
4335
4928
5450
6072
6322
6368
6840
6997
7131
2883
613
1831
6835
6883
879
-1652
-903
598
-962
2532
2532
-5851
-5851
-7142
-2818
-2027
-2027
-4234
-4583
-4932
-4862
-3612
-609
-2166
-2166
-4059
-3587
-1857
-718
-718
-854
-1014
-573
-616
-616
-1096
-1328
-1850
-2572
-2108
-966
-1155
-1155
-2322
-2749
-2838
-2275
-1509
-1185
-2297
-3689
-3503
-2572
-1708
-1353
-1432
-1974
-2935
-2894
-1995
-1278
-1329
-1990
-2200
-2060
-1462
-884
494
494
966
966
1783
2603
3382
3614
3841
3946
4479
5348
6259
6977
6649
6373
5939
6682
5610
2832
2459
4494
7260
4083
-861
-861
605
1153
647
647
-2587
-2587
-4860
-3516
-2544
-2544
-3930
-4259
-4038
-3268
-2145
-1228
-2067
-3271
-3545
-2866
-1817
-1026
-906
-1331
-1712
-1780
-1544
-1557
-1478
-1001
-1204
-1342
-1674
-1771
-1703
-1691
-1201
-1017
-1287
-1841
-2024
-1747
-1861
-1703
-1475
-1408
-1871
-2425
-2011
-1548
-1527
-1754
-1674
-1849
-2120
-2064
-1798
-1491
-1662
-1745
-1539
-1282
-1213
-1157
-670
491
491
1254
1254
2041
2739
3108
3560
3994
4224
4742
5115
6095
6131
6523
6306
6807
7063
3950
2211
2448
6411
5874
1496
-717
1478
1478
885
885
1839
-4030
-4030
-4309
-959
796
-1065
-3173
-3518
-3598
-3283
-2418
-1081
-1345
-2710
-3553
-2967
-1634
-1220
-1384
-1995
-2243
-2374
-2268
-1980
-1694
-1480
-1832
-2009
-1777
-1467
-1523
-1532
-1167
-668
-1171
-1619
-1440
-1155
-1169
-1141
-922
-949
-1515
-1638
-1306
-1205
-1306
-1496
-1431
-1716
-1894
-1670
-1505
-1479
-1463
-1307
-1268
-1240
-1187
-818
769
769
854
1195
1984
2543
2825
3121
3932
4476
4667
4987
5487
5370
5724
6180
7246
4840
2423
2262
4826
6355
2868
1045
770
1756
736
755
2382
1055
-2206
-3959
-1582
-2172
-2172
-3004
-3489
-3452
-2614
-1482
-1224
-2424
-3294
-3221
-2266
-1548
-1409
-1696
-2064
-2157
-2379
-2191
-1747
-1574
-1834
-2268
-2003
-1825
-2095
-2196
-1765
-1367
-1516
-1272
-1059
-1123
-1415
-1033
-549
-599
-766
-845
-754
-1025
-883
-490
-686
-686
-1225
-1364
-1390
-1473
-1364
-1305
-1016
-1206
-1176
-734
870
870
1476
1484
1543
1963
2616
3191
3601
4343
4734
4734
5079
5490
5832
5987
5744
6203
3678
2291
2437
5186
5324
1713
1733
1733
902
1324
2027
-2596
-2596
-2713
507
507
-796
-2006
-2275
-3004
-2873
-2268
-1413
-2057
-3412
-3623
-3158
-2393
-2171
-2279
-2300
-2304
-2212
-2114
-2336
-2235
-1839
-1458
-1594
-1947
-1642
-1363
-917
-743
-819
-954
-1484
-1410
-1082
-1028
-1206
-1728
-1554
-1432
-1209
-932
-1038
-1146
-1289
-975
-657
-651
-767
-938
-976
-695
898
898
1236
1674
1983
2359
2718
2970
3539
4249
4737
4920
5126
5495
5773
5709
5192
3170
2770
3723
5619
3850
1011
743
743
955
583
1197
-1720
-1720
-2996
-1358
-631
-631
-2152
-2661
-2768
-2929
-2011
-1350
-1544
-2772
-3299
-2573
-1692
-1339
-1843
-2295
-2481
-2526
-2368
-2512
-2078
-2097
-2011
-2073
-2103
-1804
-1695
-1329
-1175
-992
-1248
-1330
-1232
-884
-743
-699
-843
-998
-1100
-1030
-674
-757
-1202
-1653
-1209
-941
-934
-992
-1049
-943
-952
-777
-483
561
561
1071
1411
1547
1506
1620
1709
2031
2579
3047
2888
2888
3308
3620
3827
3835
4583
4897
4710
4568
2901
2714
3033
4918
4086
1353
478
1221
2491
1652
1682
939
-818
-2231
-1014
878
-2239
-2239
-3375
-3059
-2892
-2088
-1445
-1591
-3246
-4125
-3284
-2132
-1679
-2004
-2271
-2677
-2678
-2212
-1549
-1388
-1623
-2040
-2069
-1781
-1550
-1317
-1357
-1270
-1561
-1771
-1492
-978
-819
-1012
-1017
-1123
-1284
-1242
-840
-544
-544
-985
-880
-773
-670
-581
-581
-784
-752
741
741
1049
1235
1491
1471
1877
2342
2785
3078
3115
3357
3589
3887
3998
4284
4362
4213
4405
3179
3145
2986
4316
3556
1305
663
1405
2598
1551
1431
927
-1358
-1358
-538
1050
-1664
-1664
-2580
-1759
-1643
-1287
-1264
-1520
-2903
-3706
-2851
-2130
-2056
-2802
-3139
-3278
-3131
-2514
-2074
-2015
-2494
-2829
-2341
-1718
-1300
-1201
-1389
-1386
-1078
-599
-540
-540
-490
-575
-664
-549
-673
-673
-753
-814
-809
-820
-529
-506
-663
-851
-875
-740
499
499
631
833
940
1115
1400
1785
2037
2141
2347
2517
2762
2961
3360
3760
3810
4199
3889
4248
3537
3220
3078
3769
4441
2424
1413
1397
2674
2416
1635
1395
743
-588
-588
532
596
-867
-2305
-1827
-1428
-1315
-1310
-1529
-2341
-3186
-2744
-2037
-1854
-2043
-2550
-2779
-2702
-2369
-2155
-2339
-2391
-2430
-2345
-2101
-1848
-1657
-1724
-1621
-1413
-1134
-1107
-1041
-706
-633
-640
-481
-481
-481
-562
-578
-578
-645
-603
547
547
684
1146
1427
1529
1536
1711
2120
2432
2793
3028
3131
3059
3108
3425
3827
3645
3821
3848
2936
2554
2601
3674
2876
1444
1239
1831
2115
1282
1333
1308
-577
-577
1048
1048
-1610
-1610
-1444
-1004
-1415
-1422
-1243
-1710
-2814
-2674
-1755
-1605
-2247
-2459
-2502
-2413
-2297
-1833
-1744
-2257
-2325
-2076
-1605
-1700
-1459
-1377
-1553
-1444
-1152
-751
-808
-793
-841
-726
-659
-588
-570
-484
477
477
765
765
940
1083
1220
1499
1930
2212
2567
2552
2573
2739
3145
3541
3492
3376
3571
3483
3031
2841
2965
2900
1834
1236
1565
1974
1523
1028
840
-1010
-1010
-1484
-1113
-973
-1011
-1033
-1122
-1769
-2140
-1818
-1536
-1752
-1994
-2170
-2155
-1971
-1837
-1847
-2191
-2323
-2039
-1919
-1967
-1834
-1715
-1633
-1492
-1217
-1037
-1124
-1021
-852
-654
-503
504
504
699
926
1075
1145
1161
1228
1338
1491
1839
2066
1823
1811
2150
2566
2525
2634
2703
2756
2645
2459
2521
2661
2649
1998
1392
1163
1406
1008
798
683
-650
-650
-731
-731
-1182
-1198
-1262
-1434
-1412
-1569
-1830
-1877
-1737
-1611
-1699
-1802
-1602
-1602
-1653
-1571
-1575
-1841
-2107
-2005
-1697
-1629
-1808
-1964
-1959
-1820
-1757
-1495
-1511
-1489
-1361
-1017
-760
-695
-653
-489
592
592
550
593
771
937
1132
1278
1492
1739
1808
1838
2000
2021
2315
2346
2411
2358
2103
2021
1922
1870
1296
1062
1071
970
770
664
628
-568
-568
-906
-940
-1035
-1319
-1244
-1214
-1364
-1580
-1556
-1482
-1442
-1615
-1676
-1859
-1931
-1595
-1468
-1539
-1780
-1747
-1821
-1717
-1511
-1465
-1517
-1650
-1453
-1254
-1381
-1286
-1233
-1080
-907
-926
-729
-702
-679
699
699
765
779
919
1142
1244
1391
1585
1740
1781
1821
1937
2069
1958
1907
1892
1888
1559
1154
1057
1065
1010
722
557
-795
-795
-894
-925
-1012
-1255
-1361
-1357
-1679
-1644
-1539
-1577
-1733
-1737
-1772
-1719
-1625
-1410
-1426
-1637
-1753
-1552
-1472
-1637
-1554
-1636
-1511
-1423
-1499
-1556
-1565
-1395
-1172
-966
-951
-1028
-982
-848
-597
-495
-505
-565
-526
496
496
525
525
644
863
925
953
980
1241
1434
1527
1599
1570
1557
1586
1751
1883
1760
1608
1523
1411
1216
1111
944
838
761
547
561
515
-655
-655
-794
-918
-1165
-1230
-1161
-1164
-1224
-1243
-1243
-1292
-1210
-1071
-1158
-1330
-1384
-1360
-1198
-1233
-1379
-1328
-1285
-1233
-1248
-1154
-1036
-987
-1104
-1093
-847
-791
-886
-781
-602
-554
-585
-541
-541
-521
485
485
619
797
924
960
962
970
1016
1073
1189
1343
1293
1349
1303
1483
1653
1488
1568
1474
1612
1775
1638
1553
1318
1377
1238
1031
1045
995
719
508
-625
-625
-703
-753
-860
-1055
-1055
-1032
-993
-1096
-1061
-1020
-904
-912
-938
-955
-1030
-1086
-981
-957
-1091
-1033
-808
-776
-891
-766
-564
-586
-612
-574
534
534
650
744
728
784
931
1040
990
998
1124
1233
1325
1412
1430
1474
1469
1449
1599
1671
1711
1629
1476
1447
1639
1701
1562
1501
1482
1617
1651
1521
1409
1344
1191
1022
972
952
827
787
725
-514
-514
-642
-605
-551
-551
-646
-631
-541
-515
-629
-643
-613
-662
-635
-627
-559
-472
-488
-516
-517
-526
-498
503
503
574
705
631
611
758
865
955
920
960
1110
1146
1080
1176
1195
1200
1165
1118
1258
1331
1225
1282
1263
1334
1410
1398
1351
1240
1071
1130
1183
1188
1102
1038
978
808
674
704
670
589
-555
-555
-610
-503
-534
-534
-591
-517
-529
-529
-605
-590
-596
-615
-583
-529
-487
-515
560
560
568
600
617
720
687
739
907
962
920
784
825
909
882
880
937
1042
1018
1001
1094
1114
1129
1207
1247
1225
1238
1317
1332
1201
1157
1208
1206
1095
902
814
718
679
684
712
604
528
528
644
658
775
767
787
949
1015
935
817
889
900
1003
1089
971
923
902
873
971
1113
1208
1172
1025
969
1043
1138
1226
1279
1197
1210
1215
1267
1304
1283
1214
1092
993
957
966
868
822
700
739
646
492
518
518
475
475
581
703
626
620
729
774
716
805
836
830
762
662
669
669
799
827
765
797
864
876
904
932
875
855
957
917
924
853
776
699
667
724
736
764
723
659
595
502
524
577
503
482
504
523
523
571
582
524
573
645
702
710
723
800
785
701
740
813
746
510
488
605
692
685
627
718
767
604
567
526
483
483
470
470
480
480
558
609
473
506
506
478
478
-473
-473
516
516
481
476
476
478
478
489
489
496
475
469
518
470
470
507
507
526
486
539
529
488
488
528
477
477
473
494
494
515
479
479
