-270
-270
-284
-293
-305
-311
-319
-322
-322
-332
-332
-332
-320
-313
-299
-286
-268
-265
-265
-299
-328
-359
-394
-425
-458
-485
-510
-523
-538
-546
-549
-543
-522
-509
-487
-460
-430
-396
-358
-315
-264
261
261
267
272
277
289
285
279
-263
-263
-290
-317
-343
-375
-398
-421
-440
-459
-463
-462
-451
-441
-434
-417
-407
-395
-386
-371
-357
-336
-314
-291
-264
271
271
300
324
343
345
341
331
322
317
326
325
321
301
277
-275
-275
-302
-333
-356
-382
-393
-416
-432
-430
-422
-405
-397
-381
-382
-367
-368
-359
-342
-327
-310
-301
-277
265
265
291
320
352
383
397
386
381
353
351
345
346
357
346
327
289
261
-273
-273
-306
-342
-365
-388
-410
-422
-424
-418
-413
-398
-386
-381
-375
-372
-367
-360
-353
-341
-331
-316
-293
-261
268
268
292
319
361
390
424
425
421
415
401
423
417
449
438
424
382
337
302
-269
-269
-304
-340
-388
-402
-432
-422
-436
-423
-416
-392
-375
-373
-365
-373
-362
-362
-354
-344
-327
-306
-301
-274
276
276
304
331
369
413
453
486
467
476
450
456
480
478
520
500
496
435
411
360
300
-301
-301
-330
-389
-427
-451
-480
-477
-498
-479
-478
-437
-423
-391
-375
-382
-369
-383
-356
-350
-325
-301
-266
263
263
292
314
340
366
411
441
463
441
443
401
414
424
437
488
476
479
435
418
379
322
268
-291
-291
-336
-377
-406
-416
-444
-431
-442
-408
-394
-385
-376
-398
-395
-422
-414
-401
-387
-363
-347
-306
-273
264
264
474
585
691
752
662
535
453
453
462
538
530
647
717
715
597
416
334
-362
-362
-420
-486
-534
-573
-504
-539
-667
-874
-961
-937
-924
-875
-822
-647
-434
-297
-311
-311
-466
-533
-609
-639
-633
-567
-492
-493
-539
-593
-620
-651
-606
-482
-262
308
308
354
329
324
358
478
632
803
955
1095
1180
1178
1149
1144
1165
1211
1233
1364
1491
1667
1554
982
266
-263
-303
-296
-345
-460
-299
-302
-578
-1054
-1327
-1255
-1335
-1354
-1224
-753
-387
-345
-354
-259
-259
271
271
639
746
751
760
731
472
-284
-284
-648
-868
-934
-1049
-1160
-1089
-838
-740
-772
-879
-898
-889
-949
-894
-674
-390
366
366
432
495
564
680
702
698
686
844
974
1037
1150
1273
1470
1518
1517
1535
1618
1652
1704
1302
572
-504
-504
-328
-276
-436
-597
-635
-958
-1467
-1964
-1886
-1579
-1406
-1107
-711
-282
-282
351
351
364
461
903
1411
1411
1182
892
667
386
-562
-562
-855
-1002
-1285
-1485
-1470
-1291
-1105
-1053
-1021
-918
-888
-935
-876
-692
-389
380
380
647
724
733
726
760
745
643
674
760
893
922
1059
1170
1375
1362
1358
1390
1473
1625
1747
1713
982
-618
-618
-503
-361
-361
-421
-505
-1124
-1754
-1989
-1568
-1260
-984
-615
-433
-433
301
301
382
411
736
1310
1429
1050
598
280
-398
-398
-756
-1071
-1352
-1496
-1317
-981
-802
-849
-904
-913
-956
-1077
-1027
-768
-447
-259
-288
-288
529
529
653
651
674
660
614
582
700
923
1152
1261
1334
1421
1445
1449
1501
1578
1645
1746
1868
1784
898
-988
-988
-890
-467
-386
-534
-552
-728
-1454
-2104
-2204
-1582
-1128
-794
-317
318
318
-355
-355
524
524
630
712
1035
1471
1359
767
-273
-273
-408
-275
-364
-364
-757
-981
-1088
-1253
-1273
-944
-597
-531
-756
-889
-923
-924
-1015
-847
-512
-298
-284
-404
-411
-472
-514
-475
279
279
593
607
515
516
512
626
814
1111
1371
1516
1540
1554
1622
1602
1699
1770
1876
1941
1886
1928
1272
-989
-989
-1285
-779
-429
-520
-741
-798
-1354
-2138
-2503
-1973
-1116
-705
-365
299
299
-472
-472
-343
379
807
874
984
1289
1295
655
-359
-359
-432
-442
-316
-267
-267
-881
-1104
-1047
-1006
-965
-758
-384
-329
-628
-960
-1024
-988
-1038
-959
-650
-387
-436
-621
-717
-728
-742
-696
-378
518
518
544
445
466
549
718
945
1316
1581
1696
1699
1720
1838
1813
1874
1908
2031
1989
1878
1873
1277
-1062
-1062
-1426
-895
-448
-495
-746
-875
-1355
-2102
-2395
-1852
-948
-454
281
281
-499
-499
-355
380
837
853
817
973
871
-402
-402
-638
-555
-450
-285
-329
-329
-872
-980
-745
-521
-367
-536
-536
-1034
-1153
-998
-893
-762
-560
-445
-692
-976
-1069
-956
-786
-575
368
368
603
422
326
326
651
955
1307
1638
1875
1822
1719
1717
1830
1978
2002
2136
2096
2008
1771
1632
707
-500
-1386
-1338
-585
-419
-592
-910
-1099
-1774
-2352
-2176
-1221
-392
-426
-426
-666
735
735
944
749
665
618
-579
-579
-863
-758
-488
-318
-762
-762
-1082
-772
-346
-523
-523
-974
-1073
-885
-808
-857
-866
-825
-972
-1204
-1231
-1029
-808
-640
-403
263
263
261
372
372
697
1020
1260
1524
1682
1676
1579
1567
1739
1914
2067
2030
1890
1667
1238
1239
1136
486
-364
-1073
-881
-522
-489
-776
-854
-960
-1425
-1727
-1431
-668
-283
-382
-382
-479
526
526
511
274
-502
-502
-599
-458
-353
-307
-463
-463
-489
-338
-338
-807
-1144
-1205
-993
-960
-1066
-1099
-1087
-1206
-1320
-1179
-874
-607
-441
-258
488
488
899
1229
1419
1641
1724
1723
1614
1671
1855
2045
2127
2137
2037
1888
1661
1604
987
-1066
-1066
-1230
-442
-317
-317
-715
-997
-1461
-2073
-1922
-1057
-490
-490
-752
-353
457
729
464
-768
-768
-986
-744
-407
-271
-271
-625
-789
-448
352
352
364
259
-558
-558
-1202
-1478
-1262
-985
-921
-1022
-1088
-1247
-1489
-1522
-1251
-838
-525
633
633
1149
1435
1595
1676
1655
1555
1562
1772
2072
2188
2198
2092
1978
1812
1652
1481
479
-457
-1125
-693
-396
-396
-830
-1116
-1732
-1990
-1416
-462
-370
-370
-683
-564
709
709
520
271
-377
-377
-799
-653
-402
-501
-501
-728
-572
369
369
351
-558
-558
-938
-1261
-1157
-961
-922
-1070
-1259
-1294
-1395
-1322
-1110
-755
-500
-357
273
273
613
1036
1314
1472
1485
1529
1530
1619
1900
2104
2221
2181
2141
1975
1859
1788
1765
842
-269
-973
-699
-354
-354
-713
-1002
-1678
-2079
-1551
-540
-414
-414
-754
-631
632
632
459
-352
-352
-794
-625
-345
-465
-465
-698
-522
363
363
326
-486
-486
-1065
-1409
-1226
-878
-848
-1030
-1244
-1344
-1509
-1474
-1135
-672
-376
-270
581
581
1037
1288
1350
1397
1346
1355
1431
1736
1998
2109
2019
1934
1783
1699
1659
1890
1565
374
-631
-1092
-294
-446
-446
-723
-1168
-1917
-1906
-1044
-560
-560
-727
-340
409
659
303
-515
-515
-668
-363
-307
-307
-622
-652
299
299
448
-451
-451
-864
-1198
-1252
-935
-775
-956
-1274
-1471
-1454
-1406
-1143
-799
-470
-368
-347
471
471
853
1186
1286
1328
1358
1371
1432
1583
1940
2054
2091
1937
1891
1787
1613
1815
1902
953
-1036
-1036
-571
-337
-337
-688
-919
-1664
-2108
-1427
-354
-378
-378
-362
-603
-904
-702
648
648
349
-455
-455
-719
-404
-522
-522
-584
-263
355
672
410
-411
-411
-755
-1090
-1187
-982
-756
-917
-1291
-1612
-1624
-1522
-1268
-859
-552
-430
-528
-524
-363
388
388
815
1135
1239
1233
1272
1362
1420
1610
1834
2093
2121
1933
1893
1719
1749
1698
2047
1441
-734
-734
-801
-515
-515
-752
-1300
-1931
-1660
-492
-341
-341
-509
-580
-920
-792
555
555
494
-337
-337
-714
-492
-464
-464
-549
-343
602
602
529
-526
-526
-915
-1119
-1101
-761
-821
-1125
-1518
-1616
-1507
-1340
-948
-593
-376
-450
-498
-407
622
622
984
1181
1202
1313
1413
1524
1559
1800
1937
2115
1985
1946
1923
1806
1795
2001
1823
609
-441
-890
413
413
-321
-321
-731
-1163
-1906
-1963
-886
-286
-286
-616
-688
-956
-990
-424
343
545
-338
-338
-363
-313
-566
-513
-269
-269
-356
-440
-532
-346
577
577
488
-429
-429
-620
-813
-968
-948
-744
-749
-1165
-1620
-1752
-1488
-1272
-968
-708
-568
-637
-733
-567
476
476
752
1000
1068
1215
1443
1629
1593
1633
1786
1944
1943
1918
1945
1977
1862
1954
1883
852
-752
-752
524
524
304
-773
-773
-1098
-1627
-1868
-1090
-411
-411
-914
-961
-1001
-1002
-547
411
411
-565
-565
-606
-312
-357
-345
267
267
-288
-288
-408
-321
551
551
534
-339
-339
-479
-575
-738
-910
-874
-886
-1176
-1541
-1691
-1439
-1222
-1059
-887
-768
-758
-783
-650
-317
418
418
691
892
1102
1380
1569
1577
1551
1671
1839
2007
1983
2078
1998
1920
1882
2141
1578
516
-339
639
639
541
-641
-641
-874
-1336
-1807
-1466
-333
-482
-482
-1121
-1268
-1095
-1126
-853
-736
-736
-842
-447
-310
-310
-451
-451
352
352
407
-282
-282
-462
-462
-763
-906
-885
-1028
-1372
-1551
-1397
-1173
-1115
-1065
-972
-870
-878
-785
-489
492
492
752
898
1157
1394
1503
1483
1560
1814
2003
2000
2016
2067
2085
1987
2176
1829
900
726
726
826
289
-487
-837
-1134
-1509
-1394
-480
-464
-464
-1225
-1514
-1258
-1087
-863
-416
-283
-283
-877
-1049
-643
-396
-396
272
272
299
-274
-274
-404
-404
-699
-838
-989
-1224
-1391
-1238
-976
-949
-1047
-1115
-1022
-931
-769
-500
351
351
705
893
1077
1263
1415
1396
1480
1748
2023
2076
2028
1985
2019
1969
2180
1882
1177
454
279
851
861
424
-258
-542
-805
-1148
-1136
-453
-594
-594
-1283
-1524
-1258
-1123
-956
-632
-338
-631
-1142
-1238
-773
-323
-339
-299
-283
-283
-334
-450
-450
-676
-690
-785
-988
-1203
-1207
-1107
-1081
-1089
-1038
-968
-938
-855
-665
-387
-287
468
468
634
846
1076
1278
1296
1429
1665
1903
1938
1916
1993
2092
2073
2200
1861
1305
726
732
1192
1088
603
-316
-316
-549
-849
-836
-279
-709
-709
-1380
-1539
-1270
-1170
-1041
-761
-610
-953
-1398
-1330
-828
-492
-539
-547
-474
-393
-476
-328
278
278
-267
-267
-278
-438
-677
-921
-929
-875
-858
-888
-885
-891
-959
-905
-722
-468
-382
-295
316
316
580
830
1066
1066
1133
1362
1612
1754
1786
1883
1949
1935
2101
1906
1534
1068
1044
1328
1211
848
388
-318
-318
-438
-590
-590
-1195
-1360
-1187
-1186
-1155
-921
-808
-1100
-1503
-1458
-1002
-752
-814
-823
-757
-656
-680
-485
-441
-441
-629
-665
-692
-701
-676
-663
-778
-883
-854
-680
-463
-363
333
333
572
745
824
893
1048
1211
1387
1515
1634
1650
1687
1786
1600
1413
1124
1246
1285
1137
867
621
535
344
-406
-406
-784
-906
-929
-1014
-953
-815
-866
-1159
-1380
-1291
-1043
-972
-1007
-979
-976
-969
-911
-607
-312
-296
-296
-401
-506
-484
-389
-404
-596
-706
-642
-529
-415
-288
273
273
397
503
590
667
739
880
1133
1339
1484
1441
1580
1560
1488
1276
1243
1314
1135
1028
832
836
726
574
438
491
376
-314
-314
-549
-678
-866
-900
-800
-753
-921
-1169
-1189
-1141
-1096
-1119
-1091
-1098
-1124
-1146
-983
-712
-593
-556
-476
-332
-294
-266
-319
-319
-377
-311
-340
-340
-495
-528
-487
-388
-293
325
325
405
483
560
636
808
1082
1279
1322
1393
1412
1463
1318
1282
1231
1097
1041
932
922
831
704
607
686
616
326
-268
-268
-445
-653
-719
-686
-709
-812
-1018
-1041
-1054
-1108
-1175
-1222
-1262
-1268
-1273
-1136
-913
-800
-762
-679
-548
-438
-358
-301
-274
-274
-272
-263
-263
-363
-411
-333
324
324
380
399
472
556
701
863
1074
1206
1268
1315
1369
1416
1270
1204
983
988
1005
1013
974
838
700
618
669
569
364
-460
-460
-615
-607
-648
-686
-834
-949
-982
-1006
-1062
-1142
-1259
-1319
-1303
-1269
-1107
-972
-878
-823
-740
-653
-541
-456
-427
-389
-381
-363
-303
-333
-333
-365
-307
293
293
346
390
463
536
714
869
1042
1134
1233
1259
1389
1327
1216
1076
866
950
962
1018
905
741
575
573
625
499
319
-296
-296
-534
-607
-565
-616
-667
-855
-910
-909
-932
-996
-1092
-1237
-1297
-1313
-1231
-1096
-1013
-942
-849
-741
-653
-549
-508
-482
-462
-466
-425
-328
-281
-281
-270
281
281
335
396
454
509
624
818
965
1095
1169
1280
1378
1488
1349
1212
1016
845
935
974
1029
876
679
524
546
572
446
-360
-360
-564
-565
-543
-596
-685
-874
-898
-904
-907
-957
-1071
-1222
-1268
-1280
-1205
-1091
-1031
-961
-865
-769
-681
-596
-595
-559
-540
-523
-472
-398
-305
-269
-269
289
289
297
350
413
488
654
823
991
1071
1166
1270
1412
1506
1329
1228
975
886
950
992
1002
833
637
510
567
559
448
-406
-406
-580
-546
-524
-560
-648
-821
-839
-855
-858
-883
-1015
-1141
-1187
-1195
-1117
-1027
-974
-910
-822
-745
-638
-570
-553
-538
-527
-528
-509
-433
-362
-264
297
297
346
327
368
437
535
679
877
1045
1116
1200
1321
1463
1580
1387
1263
1020
906
983
1009
1031
849
644
485
536
544
438
-407
-407
-588
-564
-523
-550
-624
-800
-835
-840
-829
-840
-960
-1098
-1145
-1156
-1088
-1007
-957
-902
-811
-742
-658
-584
-570
-546
-542
-552
-541
-497
-451
-358
-264
327
327
382
373
373
429
515
671
872
1002
1107
1151
1320
1425
1583
1440
1286
1096
871
976
993
1057
885
666
500
507
548
418
-408
-408
-604
-631
-557
-595
-636
-803
-865
-848
-814
-796
-880
-1046
-1124
-1150
-1077
-971
-923
-879
-803
-729
-665
-571
-537
-497
-486
-492
-476
-443
-402
-348
322
322
409
408
420
446
519
682
869
1028
1118
1205
1341
1464
1614
1588
1398
1233
945
1004
1065
1107
986
758
579
529
570
488
336
-327
-327
-537
-624
-541
-587
-630
-756
-846
-811
-791
-760
-824
-1009
-1137
-1152
-1106
-996
-958
-908
-856
-790
-721
-608
-545
-532
-526
-536
-501
-479
-454
-410
-307
-263
-263
-262
290
290
383
387
375
369
456
598
797
930
1055
1135
1279
1423
1585
1646
1417
1275
955
981
1073
1089
1018
780
611
522
583
520
374
-311
-311
-512
-628
-557
-627
-668
-768
-868
-829
-781
-738
-780
-977
-1114
-1132
-1092
-1009
-975
-927
-869
-797
-707
-586
-498
-501
-516
-518
-504
-450
-442
-427
-351
-278
-298
-298
-289
359
359
405
395
395
448
572
743
919
1054
1168
1277
1435
1574
1719
1522
1360
1086
967
1104
1097
1095
885
699
578
601
583
462
-420
-420
-579
-557
-570
-656
-703
-837
-821
-769
-739
-752
-933
-1110
-1154
-1132
-1048
-998
-973
-932
-857
-766
-653
-548
-520
-534
-537
-526
-499
-482
-485
-426
-336
-264
-300
-300
-313
340
340
399
396
383
414
539
701
868
982
1088
1191
1373
1494
1654
1603
1386
1215
939
1042
1066
1070
932
717
568
541
561
457
259
-384
-384
-557
-655
-618
-715
-752
-867
-917
-850
-808
-784
-883
-1055
-1147
-1145
-1089
-1020
-982
-951
-899
-800
-680
-547
-482
-491
-513
-505
-481
-425
-418
-405
-339
-274
-264
-264
336
336
405
444
428
443
521
642
840
983
1109
1188
1325
1488
1651
1728
1487
1355
1010
1042
1105
1135
1083
824
645
545
601
551
411
-274
-274
-499
-663
-614
-678
-736
-858
-968
-890
-839
-806
-881
-1054
-1210
-1246
-1214
-1119
-1062
-1038
-1008
-900
-762
-609
-537
-528
-530
-502
-468
-420
-391
-405
-355
-284
-259
-259
277
277
380
429
412
401
445
559
741
913
1042
1131
1273
1434
1607
1718
1515
1380
1047
1007
1087
1118
1104
861
676
564
606
562
447
-427
-427
-628
-591
-638
-722
-807
-936
-871
-818
-777
-832
-976
-1123
-1184
-1181
-1099
-1044
-1044
-1025
-927
-787
-644
-539
-523
-524
-511
-510
-451
-428
-421
-378
-291
314
314
415
464
459
459
481
585
740
923
1041
1140
1253
1431
1621
1728
1565
1394
1077
1038
1114
1150
1110
883
698
606
638
604
503
-386
-386
-570
-560
-603
-695
-801
-903
-848
-784
-771
-807
-953
-1096
-1171
-1185
-1113
-1071
-1084
-1079
-986
-852
-704
-615
-578
-573
-541
-530
-491
-472
-502
-458
-379
-269
356
356
432
441
439
484
568
717
868
986
1085
1206
1388
1538
1741
1597
1471
1167
989
1106
1104
1146
932
748
599
629
610
557
360
-279
-279
-535
-564
-581
-702
-770
-900
-880
-813
-770
-763
-875
-1044
-1132
-1168
-1077
-1025
-1017
-1025
-982
-860
-729
-592
-537
-537
-524
-526
-489
-452
-463
-461
-405
-334
260
260
348
461
506
522
526
587
692
866
1004
1117
1236
1402
1568
1782
1736
1589
1367
1070
1182
1174
1237
1082
862
685
653
669
626
486
-443
-443
-546
-537
-671
-736
-884
-916
-844
-773
-740
-815
-983
-1095
-1159
-1117
-1049
-1047
-1049
-1039
-927
-774
-607
-501
-475
-475
-481
-467
-442
-431
-448
-423
-370
-303
-260
-260
-267
261
261
362
432
452
470
499
603
729
880
980
1113
1245
1447
1619
1819
1706
1579
1299
1116
1244
1211
1259
1055
866
713
694
705
669
483
-458
-458
-529
-558
-683
-758
-933
-933
-887
-805
-762
-860
-1026
-1137
-1211
-1144
-1078
-1065
-1057
-1024
-899
-738
-553
-445
-421
-417
-422
-407
-376
-385
-365
-328
-292
272
272
363
430
431
462
517
612
718
829
956
1089
1240
1448
1626
1807
1709
1557
1345
1155
1271
1206
1245
1064
884
721
696
711
653
489
-449
-449
-566
-601
-712
-777
-955
-1000
-953
-848
-785
-859
-1020
-1152
-1233
-1179
-1130
-1103
-1070
-1081
-975
-825
-630
-492
-437
-418
-400
-406
-371
-358
-337
-315
-293
306
306
369
362
405
440
523
619
757
873
1008
1166
1374
1559
1713
1695
1529
1437
1174
1269
1209
1248
1116
923
771
690
719
645
542
-384
-384
-587
-612
-751
-815
-1014
-1095
-1058
-984
-876
-921
-1054
-1189
-1275
-1260
-1153
-1114
-1078
-1087
-994
-841
-633
-442
-345
-321
-336
-353
-320
-281
-277
-267
-281
-262
-262
298
298
339
364
399
457
542
662
785
925
1103
1278
1484
1598
1737
1595
1567
1313
1250
1288
1254
1283
1061
946
760
782
730
677
436
-467
-467
-553
-671
-789
-938
-1094
-1105
-1074
-967
-958
-1032
-1176
-1267
-1325
-1254
-1209
-1152
-1142
-1087
-959
-758
-506
-347
-295
-326
-324
-321
-258
-258
-264
-262
258
258
297
346
377
426
492
577
678
824
983
1147
1301
1450
1571
1660
1515
1483
1225
1227
1218
1205
1188
1006
889
722
729
632
560
290
-293
-293
-552
-630
-795
-880
-1034
-1155
-1171
-1172
-1071
-1084
-1115
-1230
-1306
-1345
-1269
-1215
-1138
-1106
-1024
-875
-674
-460
-325
-273
277
277
335
364
448
503
622
728
848
977
1091
1270
1356
1512
1426
1389
1302
1148
1235
1124
1219
1058
992
811
715
657
518
414
-412
-412
-564
-678
-798
-870
-1073
-1146
-1228
-1188
-1142
-1148
-1218
-1292
-1351
-1336
-1243
-1153
-1044
-993
-898
-793
-626
-456
-325
-277
-259
-259
320
320
398
470
531
636
729
866
972
1078
1154
1241
1228
1163
1158
1017
1093
1038
1090
1016
900
753
600
541
379
276
-387
-387
-537
-634
-804
-886
-1073
-1154
-1249
-1237
-1224
-1226
-1268
-1294
-1271
-1231
-1103
-1037
-914
-893
-843
-743
-725
-608
-473
-390
-286
354
354
430
524
613
665
726
803
907
947
1102
1177
1230
1226
1204
1232
1147
1165
991
974
807
678
464
-309
-309
-376
-544
-711
-885
-992
-1013
-1203
-1312
-1419
-1342
-1281
-1230
-1176
-1111
-1017
-983
-892
-783
-628
-567
-509
-418
-299
-299
-293
314
314
349
414
509
570
644
681
791
921
1023
1127
1182
1307
1273
1203
1014
977
843
817
730
685
676
488
339
-406
-406
-642
-818
-858
-985
-1044
-1123
-1021
-1081
-1188
-1315
-1304
-1150
-1122
-1058
-1018
-832
-702
-602
-486
-322
279
279
360
380
419
392
353
281
259
-281
-281
-292
281
281
371
438
554
590
621
655
695
755
754
767
822
853
888
930
1018
1104
1033
875
669
605
531
525
368
380
-413
-413
-383
-484
-608
-839
-871
-819
-838
-934
-987
-930
-1023
-1111
-1231
-1046
-870
-798
-754
-692
-450
-317
-262
334
334
374
338
309
302
267
-308
-308
-392
-442
-432
-455
-460
-425
-319
-259
276
276
351
419
504
552
571
540
559
626
618
619
634
715
742
800
884
1071
998
786
458
287
276
276
262
-281
-281
-318
-350
-513
-799
-927
-796
-707
-756
-794
-703
-681
-766
-912
-859
-635
-540
-538
-527
-301
301
301
351
345
276
289
-377
-377
-527
-588
-468
-499
-539
-610
-547
-563
-557
-518
-300
441
441
417
370
309
485
383
470
606
782
711
692
657
515
371
431
425
449
606
872
971
1124
1220
928
407
-382
-382
-465
-641
-972
-1176
-1093
-767
-614
-703
-545
-437
-477
-800
-835
-540
-392
-373
-327
336
336
327
382
375
300
304
304
471
429
279
-559
-559
-714
-825
-961
-1102
-1047
-834
-778
-847
-936
-984
-932
-982
-875
-673
-478
-361
325
325
478
526
580
599
770
852
956
1068
1184
1184
1179
1210
1313
1299
1338
1385
1459
1539
1646
1710
1184
475
-375
-375
-317
-412
-535
-432
-466
-634
-1079
-1278
-1148
-1326
-1779
-1912
-1472
-850
-740
-670
432
432
590
547
658
954
1359
1326
1163
1157
1048
684
261
275
275
-258
-258
-528
-761
-1020
-1500
-1807
-1857
-1982
-2123
-2084
-1772
-1389
-1263
-1221
-1119
-942
-776
-681
-431
325
325
515
759
1128
1376
1334
1299
1327
1345
1330
1306
1371
1423
1415
1375
1339
1400
1492
1454
1508
1519
1673
1143
-498
-498
-888
-764
-830
-899
-794
-667
-776
-1029
-1349
-1256
-1309
-1819
-1858
-1438
-647
-386
-291
596
596
627
414
486
779
906
725
812
1069
1367
1300
1059
965
724
307
-453
-453
-376
-502
-785
-893
-972
-1243
-1780
-2123
-2160
-2261
-2375
-2291
-1879
-1342
-1116
-965
-744
-539
-452
-423
456
456
612
886
1196
1420
1351
1235
1169
1125
1053
1014
1071
1157
1172
1158
1218
1343
1484
1493
1484
1591
1768
1115
-515
-515
-758
-532
-654
-666
-582
-457
-568
-842
-1075
-954
-1174
-1706
-1659
-1232
-465
-281
362
362
763
713
568
633
808
824
531
661
870
1052
967
835
703
454
-509
-509
-622
-704
-887
-1172
-1205
-1237
-1506
-1786
-1936
-1997
-2070
-2174
-1971
-1498
-1102
-842
-626
-369
407
407
548
679
952
1243
1380
1329
1314
1296
1273
1152
1075
1099
1062
1077
1170
1411
1690
1897
1949
2065
2020
1068
-781
-781
-913
-728
-908
-839
-687
-386
-393
-639
-943
-906
-1461
-1898
-1846
-1367
-568
-336
618
618
1016
1070
1003
818
853
619
421
534
663
924
951
841
689
272
-583
-583
-938
-1128
-1339
-1468
-1316
-1386
-1485
-1535
-1773
-1833
-2023
-2006
-1742
-1441
-1085
-718
-390
342
342
297
372
403
570
811
938
1083
1196
1247
1235
1193
1119
1139
1032
974
1075
1255
1602
1829
2068
2294
2470
2174
1018
-803
-803
-781
-797
-986
-975
-752
-392
-402
-650
-880
-924
-1615
-1953
-2005
-1338
-666
-370
606
606
1119
1298
1114
920
913
593
354
512
512
817
833
651
541
-519
-519
-959
-1223
-1482
-1645
-1624
-1590
-1477
-1567
-1767
-1703
-1759
-1606
-1542
-1335
-1062
-676
-380
305
305
432
341
399
409
568
631
682
751
927
1057
1153
1132
1182
1172
1024
1043
1151
1472
1802
1972
2276
2623
2664
1658
438
-563
-819
-803
-1154
-1255
-1178
-660
-521
-626
-774
-683
-1182
-1772
-1993
-1560
-819
-573
283
283
1026
1447
1387
1165
1130
839
364
388
388
425
-370
-370
-894
-1195
-1485
-1678
-1723
-1675
-1523
-1603
-1745
-1612
-1550
-1301
-1280
-1186
-999
-702
-375
324
324
320
445
425
541
493
442
479
599
854
946
963
1081
1189
1248
1272
1367
1641
1928
2177
2333
2589
2838
2021
839
-293
-737
-599
-1010
-1306
-1372
-910
-570
-670
-840
-608
-958
-1530
-1868
-1610
-740
-514
-275
1009
1009
1630
1585
1313
1272
985
435
-389
-389
-963
-1246
-1545
-1747
-1814
-1724
-1508
-1514
-1592
-1402
-1207
-920
-964
-1020
-846
-646
-345
384
384
411
487
367
291
396
496
729
818
909
1062
1149
1269
1453
1575
1853
2056
2361
2682
2947
2989
1864
665
-492
-795
-820
-1267
-1591
-1609
-1063
-840
-774
-822
-644
-1147
-1614
-1803
-1288
-558
-454
315
315
1283
1821
1798
1549
1372
918
330
-303
-303
-531
-574
-376
-278
-638
-1063
-1391
-1616
-1698
-1721
-1558
-1434
-1368
-1365
-1149
-901
-695
-819
-885
-839
-623
-332
341
341
613
704
824
1011
1272
1475
1677
1898
2155
2395
2659
2897
3253
3101
1857
568
-538
-703
-867
-1436
-1777
-1749
-1257
-1140
-1068
-964
-807
-1308
-1764
-1779
-1052
-456
-318
555
555
1562
1916
1933
1742
1505
969
338
-563
-563
-791
-793
-565
-578
-901
-1194
-1445
-1621
-1690
-1553
-1396
-1355
-1303
-1158
-728
-452
-332
-507
-497
-433
-283
273
273
446
555
726
956
1207
1467
1760
2081
2432
2687
3041
3291
3613
2992
1534
-811
-811
-827
-1175
-1711
-2026
-1672
-1224
-1058
-1035
-966
-929
-1521
-1811
-1575
-772
-316
1036
1036
1884
2122
2029
1632
1313
638
-338
-338
-424
-619
-937
-1084
-923
-707
-830
-1123
-1383
-1529
-1596
-1534
-1325
-1086
-994
-912
-610
-305
-332
-332
-561
-514
-416
-311
-335
-313
-298
-270
-263
-263
-373
311
311
555
865
1152
1377
1650
1972
2251
2535
2844
3287
3590
3675
2576
1142
-838
-838
-882
-1528
-1944
-2073
-1547
-1159
-936
-889
-728
-935
-1475
-1478
-1058
658
658
1638
2216
2338
2041
1585
1090
-276
-276
-625
-815
-1128
-1398
-1387
-1109
-971
-1110
-1329
-1536
-1546
-1481
-1259
-1030
-930
-759
-554
-337
-337
-323
-318
-284
-411
-397
-502
-400
-261
-260
-260
-401
-369
344
344
669
975
1256
1590
1906
2194
2469
2755
3127
3503
3655
3374
1877
518
-759
-1081
-1281
-2011
-2290
-2205
-1493
-1158
-913
-876
-644
-1089
-1377
-1156
-526
537
537
1264
2179
2539
2481
1959
1479
702
-613
-613
-1023
-1306
-1676
-1815
-1604
-1328
-1237
-1321
-1513
-1591
-1515
-1282
-949
-759
-619
-408
283
283
319
-355
-355
-452
-492
-488
-603
-621
-666
-453
-321
-321
-371
361
361
547
928
1210
1582
1887
2220
2377
2697
2892
3203
3458
3469
2864
1171
-1253
-1253
-1277
-1725
-2343
-2507
-2109
-1357
-1101
-844
-723
-507
-1051
-1086
-742
520
520
506
990
1767
2547
2674
2375
1769
1204
272
-473
-969
-1400
-1716
-2073
-2029
-1713
-1444
-1305
-1363
-1455
-1394
-1199
-861
-526
-425
-317
281
281
614
462
-315
-315
-442
-518
-651
-808
-922
-911
-595
-393
-377
-377
-346
300
300
433
632
1010
1343
1843
2090
2426
2606
2922
3224
3481
3538
3358
2069
424
-932
-1684
-1582
-2339
-2678
-2618
-1907
-1225
-943
-825
-594
-728
-1120
-873
-445
472
610
820
1478
2306
2837
2708
2082
1397
626
-361
-929
-1580
-1933
-2219
-2408
-2135
-1819
-1537
-1391
-1546
-1538
-1284
-879
-385
346
346
510
752
692
339
-379
-379
-539
-599
-561
-721
-930
-1080
-817
-645
-598
-630
-653
-393
573
573
729
970
1228
1717
2028
2198
2425
2644
3068
3263
3467
3547
3372
1825
-1331
-1331
-1876
-1853
-2710
-2856
-2701
-1759
-1037
-751
-523
-453
-453
-828
-545
826
826
807
1067
1705
2522
3023
2733
2029
1257
396
-601
-1265
-2013
-2348
-2639
-2707
-2328
-1943
-1440
-1260
-1392
-1357
-1051
-607
447
447
702
996
902
620
-369
-369
-587
-763
-764
-1043
-1307
-1302
-900
-648
-525
-559
-524
349
349
657
755
904
1282
1756
2022
2129
2332
2610
3061
3187
3302
3305
3214
1953
-1339
-1339
-2115
-2020
-2655
-2918
-2752
-1858
-1000
-675
-457
-653
-653
-501
790
790
981
1079
1630
2393
2974
2712
1959
1109
311
-740
-1512
-2225
-2541
-2748
-2838
-2544
-2052
-1451
-1176
-1279
-1271
-907
-481
419
419
656
855
805
543
-456
-456
-769
-896
-907
-1176
-1435
-1412
-1052
-718
-576
-536
-439
535
535
852
966
1130
1482
1904
2118
2210
2372
2641
2999
3094
3243
3224
2986
1506
-267
-1677
-2299
-2254
-2894
-2968
-2687
-1652
-820
-422
-481
-481
-274
946
946
997
1222
1786
2526
2950
2546
1682
785
-1109
-1109
-1844
-2506
-2727
-2867
-2774
-2369
-1789
-1176
-938
-1085
-970
-543
270
270
422
610
725
817
592
-865
-865
-1045
-1084
-1098
-1334
-1547
-1384
-987
-692
-483
-432
-293
473
473
795
1039
1107
1277
1666
2068
2204
2316
2448
2698
2953
3022
3071
3043
2585
889
-775
-2069
-2318
-2425
-3002
-2937
-2505
-1373
-689
-360
-388
-388
445
445
1095
996
1312
1866
2610
2779
2197
1277
436
-534
-1412
-2126
-2633
-2806
-2947
-2715
-2221
-1561
-993
-896
-980
-730
-311
277
277
437
655
731
749
498
-460
-460
-953
-1103
-1156
-1242
-1553
-1593
-1365
-937
-673
-528
-403
339
339
695
972
1187
1253
1527
1856
2102
2192
2270
2425
2682
2797
2895
2915
2795
2317
594
-951
-2213
-2532
-2545
-3052
-2869
-2355
-1214
-509
399
399
546
546
1201
1070
1371
1861
2514
2593
1940
1017
-794
-794
-1671
-2336
-2763
-2821
-2884
-2581
-1986
-1269
-685
-614
-653
-360
364
364
455
552
657
676
593
454
-899
-899
-1314
-1429
-1335
-1383
-1600
-1529
-1259
-846
-561
-358
540
540
868
1220
1370
1342
1561
1808
2086
2129
2198
2331
2564
2660
2768
2744
2713
2223
373
-1097
-2403
-2512
-2527
-3018
-2764
-2203
-1035
-380
509
509
652
652
1222
1013
1372
1862
2477
2445
1712
809
-1111
-1111
-1890
-2472
-2764
-2818
-2888
-2494
-1823
-1150
-601
-633
-595
-288
490
490
577
667
693
690
667
608
-403
-403
-1200
-1565
-1568
-1530
-1539
-1747
-1596
-1253
-823
-491
-289
634
634
1044
1336
1465
1463
1696
1965
2085
2085
2063
2173
2417
2547
2613
2592
2531
2059
409
-1138
-2298
-2559
-2459
-2911
-2613
-2017
-813
368
368
590
582
582
1183
992
1323
1790
2353
2252
1494
618
-1269
-1269
-2051
-2574
-2748
-2726
-2695
-2246
-1601
-903
-445
-471
-470
444
444
472
605
686
696
588
430
-502
-502
-1262
-1628
-1637
-1537
-1479
-1643
-1449
-1098
-683
-432
283
283
682
1102
1446
1596
1539
1673
1894
1956
1883
1841
1946
2202
2310
2458
2481
2447
2232
847
-757
-2050
-2708
-2439
-2821
-2580
-2076
-1078
389
389
611
270
1012
1012
949
1206
1601
2105
2252
1604
762
-1202
-1202
-2043
-2561
-2723
-2609
-2602
-2168
-1552
-858
-369
-326
-410
310
310
393
577
664
631
560
360
-537
-537
-1285
-1770
-1831
-1723
-1504
-1583
-1356
-1043
-631
-277
347
347
699
1121
1479
1698
1666
1741
1897
1959
1925
1783
1839
2039
2219
2380
2418
2447
2325
1047
-648
-1954
-2694
-2317
-2751
-2527
-2022
-1000
497
497
670
330
-290
-267
996
996
942
1217
1597
2117
2285
1617
778
-1253
-1253
-2083
-2563
-2633
-2445
-2407
-1920
-1329
-658
-419
-419
-290
329
329
604
686
603
577
-655
-655
-1321
-1802
-1776
-1602
-1307
-1366
-1212
-989
-697
-378
-279
316
316
698
1196
1624
1789
1702
1620
1761
1758
1679
1568
1616
1876
2066
2279
2391
2471
2423
1596
-1579
-1579
-2729
-2507
-2606
-2583
-2018
-1271
464
464
545
392
-386
-546
-327
623
979
1134
1529
1916
2287
1779
956
-1098
-1098
-2035
-2524
-2623
-2325
-2192
-1749
-1226
-622
-404
-404
-388
-311
319
319
578
783
642
538
-681
-681
-1292
-1979
-2047
-1906
-1528
-1401
-1317
-1072
-817
-464
-267
385
385
593
1094
1528
1752
1676
1458
1469
1472
1430
1384
1411
1686
1867
2111
2308
2464
2417
2120
838
-779
-2028
-2699
-2218
-2384
-1976
-1525
-649
272
272
390
263
-795
-795
-729
821
821
1030
1325
1641
2051
2095
1318
381
-634
-1602
-2214
-2463
-2202
-1888
-1648
-1202
-757
-359
-471
-471
-696
-668
-510
317
317
767
748
600
362
-480
-480
-1096
-1725
-1927
-1758
-1393
-992
-1008
-818
-835
-618
-420
-281
516
516
984
1462
1794
1778
1479
1303
1288
1362
1375
1350
1524
1846
2099
2311
2353
2391
2237
1326
-452
-1746
-2720
-2376
-2272
-2174
-1489
-947
-820
-820
-912
-409
678
1159
1315
1676
1897
2099
1339
410
-562
-1505
-2171
-2401
-2172
-1710
-1527
-1151
-852
-515
-434
-623
-832
-831
-612
366
366
785
933
642
353
-519
-519
-1077
-1512
-1846
-1748
-1351
-965
-872
-913
-951
-890
-649
-464
664
664
1029
1459
1825
1825
1482
1052
914
1002
1098
1196
1422
1802
2170
2349
2342
2358
2151
1893
690
-925
-1991
-2604
-1913
-1859
-1572
-1100
-594
-300
-300
-673
-1142
-871
1141
1141
1366
1483
1729
1835
1678
674
-926
-926
-1677
-2032
-1971
-1476
-1145
-1135
-962
-817
-718
-829
-1043
-1059
-878
-516
608
608
949
714
310
-525
-525
-817
-1296
-1562
-1582
-1290
-873
-591
-708
-904
-1076
-934
-615
-324
488
488
951
1298
1594
1645
1399
969
672
756
1043
1287
1458
1830
2192
2397
2354
2250
2133
1876
1241
-350
-1461
-2286
-2083
-1625
-1700
-1170
-994
-425
-424
-519
-504
-708
-1062
-985
888
888
1493
1450
1699
1687
1618
875
-552
-552
-1223
-1638
-1660
-1301
-966
-1089
-1095
-1022
-1023
-1094
-1240
-1144
-949
-615
537
537
810
693
-542
-542
-799
-1152
-1338
-1235
-1070
-728
-526
-560
-906
-1196
-1237
-866
-485
331
331
845
1221
1423
1477
1278
937
636
664
1068
1443
1667
1921
2174
2454
2386
2221
2026
1840
1665
548
-857
-1730
-2162
-1572
-1697
-1519
-1245
-992
-625
-853
-619
-615
-824
-985
-397
580
1511
1513
1625
1731
1622
1264
452
-649
-649
-1215
-1414
-1205
-876
-951
-1252
-1161
-1255
-1250
-1383
-1233
-954
-724
-302
272
688
673
-449
-449
-725
-799
-1085
-886
-912
-801
-679
-660
-873
-1283
-1400
-1069
-564
315
315
656
1055
1114
1169
1041
929
735
692
1033
1526
1849
2035
2127
2343
2367
2232
2084
1869
1884
1180
-301
-1386
-2101
-1772
-1641
-1908
-1501
-1424
-870
-968
-922
-686
-885
-1013
-699
299
1326
1586
1499
1750
1696
1546
819
318
-867
-867
-1146
-1065
-770
-834
-1346
-1439
-1440
-1488
-1581
-1586
-1204
-973
-508
557
557
627
-331
-331
-428
-528
-726
-717
-591
-557
-531
-577
-804
-1217
-1447
-1214
-609
398
398
760
977
997
907
854
796
820
1094
1588
1957
2092
2149
2307
2462
2406
2231
2030
2085
1535
-1147
-1147
-1918
-1773
-1573
-1932
-1560
-1430
-1010
-1092
-1172
-818
-1022
-1082
-821
1298
1298
1670
1572
1797
1815
1603
986
473
-526
-526
-767
-729
-497
-680
-1303
-1598
-1645
-1795
-1857
-1828
-1367
-1025
-587
466
466
555
-294
-294
-353
-275
-275
-332
-302
-326
-326
-537
-792
-1239
-1464
-1233
-608
329
329
525
758
699
608
606
685
854
1155
1664
2075
2236
2322
2389
2571
2508
2349
2163
2200
1639
-1152
-1152
-1921
-1635
-1581
-2016
-1708
-1609
-1215
-1438
-1515
-1108
-1306
-1322
-853
337
1406
1612
1458
1733
1799
1618
1058
696
442
-357
-357
-649
-649
-1488
-1893
-1864
-2059
-2114
-2064
-1564
-1116
-801
-288
-315
-315
-583
-355
-494
-494
-787
-1107
-1238
-968
-362
440
440
371
304
381
607
943
1288
1727
2049
2163
2267
2425
2660
2712
2643
2561
2438
1284
-262
-1271
-1575
-1271
-1656
-1837
-1581
-1422
-1387
-1854
-1796
-1649
-1838
-1601
-638
690
1368
1289
1344
1745
1694
1451
1012
979
854
513
541
566
285
-657
-1539
-1813
-1900
-2169
-2285
-2099
-1599
-1231
-992
-748
-663
-793
-1018
-901
-388
300
300
467
312
-375
-375
-620
-693
-593
-260
278
278
260
260
618
966
1219
1455
1676
1834
2134
2484
2761
2852
2838
2876
1943
441
-685
-1049
-679
-939
-1300
-1172
-1135
-1175
-1912
-2221
-2179
-2353
-2226
-1408
741
741
702
611
1040
1149
1095
813
960
1243
1254
1426
1440
1142
288
-726
-1131
-1317
-1569
-1864
-1901
-1555
-1329
-1306
-1396
-1505
-1666
-1780
-1614
-1071
-545
-272
304
304
-279
-279
296
296
554
528
417
370
424
471
284
449
449
711
795
771
861
1149
1482
1817
2028
2257
2499
2733
2395
1220
-369
-369
-268
-268
-310
-335
-809
-1509
-1777
-2084
-2180
-1900
-1006
-303
-303
-270
317
317
732
1185
1453
1288
911
330
-330
-330
-390
-512
-481
-422
-398
-596
-974
-1415
-1625
-1621
-1461
-1216
-1044
-918
-806
-680
-641
-718
-903
-905
-774
-445
271
271
394
603
825
847
776
639
593
641
694
756
736
692
740
839
969
1002
1002
1080
1259
1487
1745
1828
1500
860
433
523
735
707
388
334
310
287
-358
-358
-811
-1334
-1583
-1343
-916
-915
-1155
-1320
-1042
-903
-966
-1124
-1211
-1078
-833
-350
266
266
530
441
452
452
651
683
567
322
-345
-345
-477
-516
-730
-1069
-1233
-1152
-1059
-1197
-1493
-1653
-1610
-1469
-1254
-1015
-707
-417
509
509
553
480
532
765
1048
1203
1302
1386
1500
1629
1669
1656
1572
1558
1632
1717
1823
1901
1835
1399
672
-315
-315
-262
-262
-579
-1003
-1142
-1572
-1721
-1482
-1042
-837
-1033
-1079
-784
-616
-769
-1042
-1039
-790
-436
357
357
498
325
486
486
819
786
496
-412
-412
-587
-779
-978
-1004
-1015
-1018
-1243
-1571
-1730
-1627
-1410
-1127
-882
-588
-314
261
261
472
848
1173
1359
1440
1502
1557
1608
1637
1624
1615
1621
1756
1901
1976
1968
1705
1148
450
261
261
280
-284
-284
-359
-359
-1003
-1306
-1392
-1698
-1637
-1395
-943
-826
-1113
-1068
-962
-965
-1150
-1293
-1001
-635
277
277
307
289
270
270
380
551
772
801
722
384
-299
-299
-461
-638
-721
-884
-1017
-1122
-1304
-1427
-1638
-1577
-1353
-1089
-813
-680
-463
-295
326
326
626
886
1130
1331
1415
1457
1456
1560
1688
1692
1699
1738
1821
1887
1863
1921
1750
1215
504
335
515
528
-825
-825
-1192
-1137
-1345
-1289
-1131
-915
-795
-1080
-1142
-1101
-1204
-1222
-1311
-1021
-693
-390
274
274
383
527
692
730
669
446
315
-382
-382
-496
-685
-905
-1075
-1196
-1229
-1253
-1227
-1111
-1026
-832
-732
-622
-524
-334
364
364
617
843
1019
1089
1182
1336
1485
1637
1713
1840
1891
1919
1908
1927
1979
1782
1273
703
557
769
629
372
-292
-292
-775
-1253
-1000
-1252
-1101
-1118
-968
-901
-1178
-1284
-1243
-1332
-1392
-1390
-1205
-784
-698
-443
-403
-336
-333
-358
339
339
419
501
464
366
366
266
-310
-310
-432
-713
-883
-964
-989
-886
-975
-868
-956
-843
-741
-660
-456
-402
403
403
600
703
783
863
1078
1271
1531
1688
1825
1965
2073
2104
2064
1990
1714
1274
879
951
1130
894
560
347
347
-419
-419
-758
-1171
-823
-972
-1062
-868
-971
-963
-1276
-1367
-1124
-1385
-1371
-1309
-952
-670
-802
-720
-712
-595
-469
-461
-259
314
314
387
-511
-511
-654
-793
-736
-648
-640
-602
-748
-725
-673
-565
-423
-382
304
304
555
605
612
683
914
1228
1459
1628
1834
2051
2210
2308
2162
1641
1073
909
1265
1364
1015
712
555
781
-369
-369
-897
-994
-722
-928
-841
-873
-924
-997
-1257
-1197
-1262
-1515
-1334
-1094
-594
-591
-829
-886
-869
-699
-656
-660
-497
-378
-393
-393
-334
-369
-369
-507
-513
-404
-404
-414
-459
-490
-448
-441
-382
-339
-280
269
269
363
361
462
661
939
1108
1282
1498
1757
2000
2172
2190
1812
1333
1196
1555
1729
1293
920
752
1129
711
-535
-535
-750
-421
-659
-672
-795
-988
-1144
-1358
-1253
-1204
-1529
-1444
-1141
-585
-425
-787
-895
-899
-690
-584
-690
-560
-425
-566
-566
-581
-509
-287
-378
-378
-261
-325
-325
-391
-394
-365
-365
291
291
319
290
393
555
726
1003
1124
1350
1452
1660
1766
1560
1163
949
1285
1766
1505
1227
942
1217
1223
378
-520
-520
-312
-312
-332
-704
-914
-1186
-1223
-1146
-1597
-1783
-1475
-998
-510
-827
-1053
-1082
-991
-663
-675
-710
-668
-579
-319
-319
-622
-418
-406
-406
-648
-554
-410
-354
-394
-540
-499
-454
-290
-318
-318
-428
-275
381
381
521
599
648
579
617
749
1022
1269
1371
1505
1650
1773
1491
1006
823
1017
1445
1232
979
932
1114
1307
512
-338
-338
-372
-372
-506
-794
-905
-839
-1158
-1487
-1314
-1004
-567
-746
-1085
-1134
-1130
-792
-657
-701
-683
-676
-372
-443
-443
-731
-577
-276
-403
-403
-479
-408
-442
-598
-725
-743
-564
-386
-339
-339
-402
-318
315
315
406
551
584
655
719
861
1099
1299
1489
1627
1756
1765
1395
907
827
1149
1533
1057
784
682
1073
1038
-561
-561
-510
-510
-722
-916
-827
-734
-1200
-1453
-1122
-716
-340
-729
-1013
-1086
-1065
-721
-639
-620
-632
-581
-511
-511
-793
-669
-452
-330
-389
-471
-423
-356
-430
-532
-622
-686
-653
-601
-493
-392
-345
-281
284
284
414
457
548
582
746
894
979
1126
1264
1516
1755
1833
1614
1103
938
1168
1562
1388
861
863
991
1361
609
-315
-315
-358
-358
-536
-765
-710
-682
-982
-1415
-1266
-825
-543
-620
-976
-921
-950
-815
-668
-638
-576
-537
-361
-273
-273
-442
-434
-274
-275
-325
-458
-469
-484
-536
-648
-646
-576
-553
-535
-583
-533
-519
-543
-472
-422
442
442
530
581
622
754
936
1068
1185
1370
1516
1728
1872
1712
1203
874
1079
1471
1426
780
808
935
1404
719
-409
-409
-657
-607
-445
-702
-1203
-1280
-725
-482
-520
-948
-987
-907
-977
-847
-809
-679
-653
-583
-393
-264
-357
-417
-468
-308
-325
-325
-490
-526
-478
-441
-615
-651
-687
-477
-478
-491
-522
-525
-364
459
459
745
973
1098
1282
1457
1672
1848
1749
1339
1017
1304
1611
1693
898
850
1007
1408
927
-443
-443
-698
-710
-406
-668
-1119
-1243
-747
-374
-494
-757
-873
-763
-848
-771
-731
-666
-718
-621
-443
-366
-513
-680
-588
-476
-362
-444
-328
-395
-395
-399
-363
-286
-286
-377
-518
-428
-293
-338
-366
-503
-378
310
310
541
702
861
1081
1367
1678
1643
1332
1085
1317
1678
1653
1011
921
1190
1576
1132
387
-469
-469
-781
-699
-351
-628
-1138
-1267
-831
-541
-729
-895
-780
-640
-747
-739
-634
-526
-607
-592
-390
-379
-532
-659
-505
-364
-472
-684
-608
-441
-308
-371
-518
-511
-433
-383
-383
-392
360
360
489
622
738
849
1012
1099
1081
811
764
1086
1426
1380
829
831
1182
1483
1051
492
289
357
282
-645
-645
-615
-497
-497
-1004
-1174
-798
-608
-792
-893
-727
-642
-897
-952
-705
-550
-621
-590
-356
-420
-420
-531
-340
-350
-350
-652
-569
-386
-261
-370
-470
-495
-573
-510
-417
-323
-384
-463
-345
281
281
367
423
447
556
677
847
948
1017
1099
980
773
672
906
1201
1152
670
597
867
1256
971
521
381
470
411
271
271
334
-395
-395
-501
-641
-641
-844
-593
-486
-754
-934
-729
-552
-787
-983
-827
-623
-698
-732
-532
-322
-506
-714
-473
-482
-482
-494
-260
-283
-283
-360
-302
-389
-570
-501
-357
-322
-469
-540
-465
-335
-302
281
281
343
330
434
620
812
924
1062
1067
827
574
795
1158
1308
805
459
646
1079
1051
526
264
309
352
320
320
-279
-279
-540
-495
-495
-896
-725
-360
-504
-847
-799
-501
-545
-851
-908
-670
-719
-888
-771
-409
-374
-741
-801
-421
-387
-387
-642
-510
-470
-470
-388
-267
-267
-457
-494
-731
-782
388
388
664
659
1071
1232
1430
1439
1535
1578
905
745
1215
1858
2026
1115
816
673
652
265
394
394
-696
-696
-852
-479
-830
-1303
-1032
-686
-876
-1536
-1512
-742
-725
-1115
-1220
-811
-416
-696
-649
-335
-373
-373
-459
432
432
-280
-280
422
422
281
-392
-392
-348
-331
-331
-627
-910
-551
-533
-766
-941
-940
-607
-737
-771
-543
-398
-364
-364
377
377
534
561
607
1094
1485
1660
1924
2269
2308
1381
803
1297
2118
2825
1829
864
720
619
619
341
569
630
-812
-1364
-1408
-905
-446
-1653
-1572
-1495
-1678
-1610
-1982
-1149
-1008
-1460
-1121
-1009
-501
-735
-956
337
337
349
349
318
417
550
642
381
-308
-327
419
419
-473
-473
-630
-515
-477
-481
-482
-542
-771
-787
-614
-372
-372
-372
281
281
382
368
685
941
1111
1312
1563
1962
1421
693
821
1528
2512
2463
1324
588
432
740
1173
921
907
-638
-638
-691
-337
-278
-278
-1291
-1473
-1308
-1096
-1244
-1440
-1190
-1352
-1386
-1301
-1150
-1081
-1209
-990
-437
-472
-472
-831
-504
292
292
258
258
556
346
-515
-515
-324
-324
-433
-420
-415
-306
585
585
692
717
867
1293
1563
1695
1290
621
684
1055
2086
2270
978
575
575
1305
751
657
-657
-657
-406
444
444
-1112
-1112
-1170
-936
-441
-755
-1213
-888
-1036
-980
-1047
-1013
-947
-1260
-1046
-673
-632
-908
-1273
-847
-324
-324
-570
-768
-467
-350
-426
-426
-361
-286
-286
433
433
636
607
693
1054
1291
1280
1543
892
752
1012
1600
2436
1714
651
515
710
1537
1142
479
518
-265
-268
-268
-1103
-1103
-1497
-1152
-860
-742
-1478
-1328
-982
-1214
-1244
-1369
-980
-914
-1013
-663
-556
-669
-887
-787
-388
-388
-753
-542
-348
-348
-399
-378
-462
-291
-291
-590
-625
274
274
346
346
544
760
838
801
1056
1492
1472
1673
1239
731
965
1219
2192
1893
767
422
542
1255
1378
510
541
459
459
-392
-1163
-944
-663
-485
-1155
-1485
-1008
-1225
-1343
-1628
-1456
-1112
-1413
-1191
-1007
-1053
-1149
-1226
-425
-527
-527
-817
-719
354
354
-304
-304
-464
-273
-273
396
396
513
531
668
1160
1334
1380
1738
1026
1010
1104
1820
2640
1656
703
680
1054
1738
997
510
546
-1073
-1073
-1248
-841
-503
-654
-1451
-1009
-799
-1153
-1282
-1393
-798
-884
-1147
-863
-911
-983
-1219
-953
-523
-523
-1070
-1187
-566
-373
-373
-494
-506
-334
-286
-354
-405
-405
341
341
441
441
266
266
580
692
662
613
891
1353
1238
1565
1213
667
975
1217
2392
2086
796
458
766
1626
1669
666
813
567
567
-465
-1243
-943
-634
-502
-1314
-1556
-980
-1312
-1417
-1612
-1245
-931
-1310
-1181
-1040
-1030
-1067
-1080
-286
-688
-688
-901
-676
-410
-410
-487
-466
-258
-389
-309
-309
-535
-577
-336
-336
373
373
497
596
683
776
1314
1340
1509
1647
752
1021
1137
2006
2448
1128
583
737
1323
1874
759
666
403
541
541
-1088
-1088
-958
-680
-391
-869
-1526
-833
-991
-1284
-1435
-1373
-808
-1187
-1255
-1089
-1151
-1049
-1251
-665
-761
-761
-1002
-923
-402
-402
-331
-383
-300
-300
-416
403
403
453
525
533
991
1225
1162
1630
853
748
1075
1730
2680
1656
703
738
1145
2011
1346
756
845
294
294
610
610
507
-766
-972
-687
-427
-541
-1412
-1102
-932
-1321
-1371
-1499
-959
-1115
-1350
-1102
-1200
-1145
-1186
-902
-601
-601
-989
-933
-329
-437
-437
-505
-405
-259
-259
-323
-318
-318
393
393
459
476
449
639
1054
942
1345
1266
497
739
978
2212
2115
820
440
726
1554
1739
741
917
471
345
345
408
936
-823
-823
-640
-345
-869
-869
-1189
-613
-970
-1227
-1425
-1063
-763
-1291
-1220
-1202
-1236
-1216
-1197
-474
-383
-1087
-1242
-875
-616
-616
-513
-403
-341
-341
-335
297
297
266
266
385
385
544
597
527
635
1027
1151
1121
1595
863
591
757
1512
2458
1363
319
262
930
1743
1094
506
671
675
675
553
-680
-908
-511
-288
-288
-1076
-741
-530
-989
-1201
-1220
-550
-828
-1194
-1039
-1067
-939
-1114
-744
-633
-633
-1132
-1148
-343
-556
-556
-692
-665
-269
-289
-289
-360
-360
-435
285
285
-412
-412
351
351
340
340
424
530
539
801
1086
1053
1231
1560
665
747
940
2040
2310
969
571
571
1370
1831
769
529
436
682
682
-1098
-1098
-970
-476
-641
-641
-1310
-735
-835
-1167
-1284
-1024
-440
-1003
-1121
-958
-879
-803
-910
-497
-838
-838
-1094
-847
-679
-679
-649
-554
-281
-281
-352
-352
-521
-457
-313
-313
-502
319
319
410
496
605
864
1108
972
1354
1337
524
804
1081
2312
1989
667
745
745
1570
1704
579
635
355
355
752
-289
-1065
-744
-294
-834
-834
-1253
-726
-1034
-1182
-1264
-826
-573
-1175
-1090
-924
-885
-842
-872
-324
-779
-779
-820
-470
342
-528
-528
-452
-360
-369
-369
-469
-477
-477
-498
400
400
546
744
882
799
1349
1376
464
638
968
2205
2069
731
263
672
1534
1712
681
664
286
286
437
804
-1037
-1037
-763
-306
-736
-736
-1217
-694
-953
-1056
-1172
-810
-598
-1139
-1057
-919
-897
-923
-958
-453
-786
-786
-883
-672
-478
-478
-538
-396
-282
-282
-365
-365
-434
403
403
412
680
734
804
1012
1370
605
487
875
1799
2187
982
480
480
1315
1813
989
528
513
369
369
415
776
-837
-837
-794
-359
-410
-410
-1161
-859
-826
-930
-1068
-976
-621
-998
-1096
-879
-867
-802
-843
-554
-523
-523
-759
-692
264
264
-354
-530
-441
-335
-335
-472
-472
-293
271
271
306
306
588
671
664
778
1178
1296
315
528
1045
2082
1810
539
820
820
1543
1516
556
607
393
333
333
530
690
-970
-970
-623
-727
-727
-1206
-667
-777
-1010
-1175
-819
-705
-1096
-1020
-802
-796
-951
-898
-433
-723
-723
-958
-565
280
-499
-499
-482
-295
-295
-412
-412
-468
-275
-275
557
557
529
454
783
1232
1216
364
364
1010
1956
1647
448
849
849
1336
1302
583
647
277
390
390
633
614
-293
-893
-535
-767
-767
-1115
-542
-786
-1055
-998
-678
-682
-1045
-895
-694
-894
-954
-801
-349
-830
-830
-887
-509
-497
-497
-383
-345
-345
-317
372
372
367
637
637
910
1274
296
780
780
1434
1923
945
430
430
969
1413
1012
557
537
442
442
581
-689
-689
-686
-286
-303
-303
-1019
-775
-673
-898
-906
-894
-635
-907
-985
-805
-873
-857
-808
-576
-547
-547
-903
-817
-433
-433
-580
-493
-335
-335
-375
-375
-269
436
436
301
332
695
875
1013
765
765
1237
1698
787
280
424
883
1299
1044
490
447
359
359
453
494
-585
-585
-565
-326
-326
-884
-685
-562
-823
-788
-926
-586
-777
-813
-715
-725
-793
-690
-523
-548
-548
-781
-612
-328
-328
-387
-336
-282
-282
-388
-388
-265
-265
-283
315
315
319
319
368
576
730
960
875
533
533
946
1785
1426
577
673
673
1217
1312
604
570
273
351
351
572
592
-758
-758
-466
-531
-531
-836
-580
-685
-729
-821
-576
-597
-795
-744
-631
-722
-716
-579
-281
-303
-703
-686
-383
-397
-397
-419
-277
-277
-307
-307
-368
-314
-322
-322
277
277
366
680
719
1122
752
362
624
1062
1796
1248
516
318
847
1305
1196
504
549
316
316
451
349
-332
-594
-312
-730
-730
-755
-490
-666
-790
-969
-623
-580
-736
-789
-810
-809
-666
-612
-292
-438
-694
-696
-391
-400
-400
-391
-270
-270
-385
-385
-368
-325
-337
-337
-472
-270
-271
-271
297
297
413
613
724
866
1161
530
497
767
1548
1810
867
285
539
1191
1425
775
406
478
369
369
356
517
-544
-544
-479
-295
-295
-857
-497
-394
-543
-794
-784
-476
-629
-734
-699
-724
-670
-650
-493
-532
-532
-705
-654
-337
-337
-499
-421
-287
-287
-261
-260
-301
-301
-513
-418
-444
-444
-438
-277
258
258
268
503
591
736
917
1177
917
408
639
1241
1886
1264
460
276
922
1316
1162
563
451
352
352
513
360
-317
-602
-664
-664
-697
-458
-543
-716
-791
-497
-495
-685
-800
-718
-662
-628
-524
-323
-447
-734
-705
-338
-565
-565
-608
-302
-302
-345
-345
-439
-439
-450
-341
-341
377
377
447
598
705
948
934
1109
671
627
938
1425
1651
994
470
522
1086
1343
1046
491
448
351
351
456
582
-434
-434
-581
-684
-684
-685
-562
-589
-636
-646
-462
-659
-757
-736
-588
-659
-680
-626
-427
-547
-720
-705
-364
-459
-459
-593
-525
-296
-296
-282
-271
-271
-264
-264
438
438
458
435
491
731
922
913
968
563
666
910
1453
1361
817
362
575
1007
1243
781
365
270
383
383
377
346
-486
-486
-434
-355
-355
-790
-689
-624
-578
-758
-785
-737
-754
-782
-787
-826
-779
-770
-688
-586
-687
-743
-730
-393
-312
-427
-495
-443
258
258
286
292
413
572
713
706
797
926
641
588
768
1302
1428
831
353
501
975
1165
752
433
279
289
289
374
420
-507
-507
-533
-361
-361
-786
-703
-651
-679
-805
-770
-655
-772
-801
-887
-778
-675
-647
-598
-551
-634
-663
-562
-312
-312
-404
-343
372
372
468
675
780
848
487
347
629
1217
1308
828
331
392
790
971
798
465
282
324
324
366
-430
-430
-534
-340
-340
-686
-708
-624
-610
-686
-669
-628
-673
-740
-747
-602
-609
-611
-611
-465
-468
-555
-523
-304
-290
-290
-399
-330
265
265
444
553
660
684
601
436
535
955
1193
1080
561
434
642
1009
980
724
439
308
271
476
527
387
-268
-268
-448
-448
-489
-468
-479
-440
-489
-505
-628
-635
-645
-634
-538
-519
-447
-468
-568
-593
-432
-369
-369
-439
-286
-317
-317
-265
-265
-336
-288
289
289
488
581
525
544
668
702
713
846
991
971
713
677
769
975
875
619
406
507
508
437
296
-344
-344
-534
-567
-473
-495
-581
-667
-670
-760
-744
-660
-551
-648
-757
-747
-611
-517
-518
-522
-454
-389
-408
-359
287
287
283
268
351
514
619
656
699
795
758
692
608
881
1022
1029
726
612
658
806
823
643
454
279
291
268
310
-269
-269
-301
-391
-391
-578
-694
-622
-594
-603
-735
-773
-776
-760
-730
-733
-701
-709
-636
-583
-539
-561
-511
-420
-298
-300
-329
-294
327
327
432
499
587
703
835
669
684
649
978
1015
949
709
649
652
720
677
556
341
-349
-349
-434
-419
-453
-537
-699
-702
-811
-750
-757
-748
-800
-782
-732
-647
-637
-633
-575
-478
-331
-354
-329
-309
269
269
404
390
353
335
420
547
670
666
687
478
515
510
725
737
623
382
295
303
373
364
271
-304
-304
-509
-491
-460
-345
-433
-441
-556
-535
-500
-431
-380
-395
-414
-411
-338
-326
-281
-274
-273
-273
-261
297
297
269
277
433
433
432
352
288
288
362
288
-287
-287
-325
-328
-323
-344
-406
-391
-346
-339
-349
-380
-377
-317
-269
364
364
361
378
311
383
413
460
426
401
358
330
315
319
365
288
-337
-337
-367
-311
-267
-267
-298
-296
-310
329
329
384
374
397
446
556
580
612
558
544
521
591
603
556
458
389
360
364
347
270
-284
-284
-303
-280
-278
-293
-315
-316
-299
-286
-276
-273
-259
290
290
310
304
297
313
343
384
430
420
386
366
407
423
412
354
345
353
347
271
-285
-285
-291
-284
-297
-350
-400
-460
-432
-390
-371
-427
-462
-453
-420
-361
-308
-312
-338
-326
-261
271
271
307
311
272
260
291
315
312
297
277
262
-281
-281
-291
-283
-271
-271
-306
-315
-288
-266
-261
-261
270
270
298
292
275
261
261
265
