-316
-316
-350
-351
-351
-345
-319
-309
-331
-383
-373
-320
308
308
-313
-313
-354
-359
-380
-375
-371
-401
-423
-476
-458
-436
-404
-373
-371
-350
-359
-327
-313
-313
-324
-343
-380
-381
-427
-413
-418
-416
-398
-396
-363
-338
-327
-319
-314
-303
304
304
312
-314
-314
-302
-305
-312
-312
-335
-325
-314
323
323
345
352
318
325
308
-310
-310
-306
-305
-305
-323
-347
-340
-347
-305
-304
-304
-363
-362
-349
-337
-340
-332
-358
-368
-343
-341
-309
337
337
384
416
416
388
388
391
412
450
460
454
435
399
360
343
-347
-347
-330
-327
-311
-311
-344
-398
-404
-411
-362
-343
-331
-345
-340
-312
319
319
348
394
443
465
466
432
442
444
467
463
487
503
504
508
450
435
389
358
-353
-353
-364
-398
-387
-389
-390
-382
-371
-379
-386
-385
-363
-355
-353
-315
-316
-421
-421
-668
-733
-692
-644
-497
-380
360
360
418
497
548
597
689
827
959
1154
1341
1600
1786
2091
1980
1454
609
-318
-318
-867
-1008
-1296
-1666
-2067
-2091
-1458
-938
-566
-587
-393
-414
-474
-580
-426
446
446
651
1149
1417
1341
934
513
-536
-536
-825
-1133
-1564
-1914
-1915
-1719
-1433
-1222
-1018
-901
-893
-1041
-1004
-841
-623
-434
317
317
515
437
368
339
339
424
436
418
514
568
578
417
364
405
607
854
1055
1309
1442
1621
1663
1898
2085
2500
2143
1015
-378
-973
-498
-448
-448
-344
-776
-1240
-1928
-1750
-1546
-1766
-1836
-1325
558
558
556
331
331
964
1680
1636
1340
1156
1217
897
-491
-491
-465
-504
-401
-400
-400
-926
-1502
-1610
-1525
-1389
-1482
-1450
-1190
-902
-804
-701
-548
-529
-497
-547
-367
-367
308
308
460
506
675
809
1013
1211
1515
1802
1921
1924
2029
2181
2287
2303
2267
2492
1400
-1868
-1868
-1830
-1109
-608
-1010
-1206
-1122
-1677
-2086
-2530
-1560
-1296
-1018
-688
612
1749
1764
1103
596
881
821
1105
1339
1897
1813
1012
331
-428
-428
-1159
-1632
-1589
-1214
-1028
-1024
-1020
-1260
-1591
-1965
-1710
-1000
-433
-518
-518
-472
-622
-622
-932
-668
390
390
673
989
1383
1637
1587
1464
1462
1725
1856
2097
2314
2585
2592
2513
2504
1034
-836
-2686
-2270
-1173
-764
-764
-1016
-1251
-2083
-2620
-2950
-1529
-998
-413
1238
1238
2035
1641
721
778
778
883
1432
1744
2131
1615
315
-623
-1075
-1285
-1620
-1612
-1257
-857
-871
-1196
-1286
-1468
-1504
-1447
-751
339
339
-332
-332
-568
-874
-573
-330
-408
-408
-540
-693
-1053
-1217
-1041
-383
574
574
987
1189
1402
1458
1405
1282
1336
1545
1844
1935
1912
2098
2039
2084
1857
2306
838
-979
-3037
-2496
-953
-509
-509
-1209
-1096
-2057
-2300
-2667
-931
-314
1331
1331
2258
1442
466
733
733
1005
1444
1619
1633
917
-630
-1504
-1654
-1550
-1625
-1510
-1001
-715
-890
-1470
-1525
-1452
-1223
-786
933
933
839
-764
-764
-921
-828
-767
-760
-538
-336
-601
-947
-1268
-1291
-1400
-1255
-680
470
470
318
347
347
712
1090
1249
1218
1164
1208
1143
1151
1379
1798
2073
2051
1794
1729
1716
1840
2039
2439
1074
-1009
-3007
-2389
-716
-512
-512
-1253
-1139
-1958
-2214
-2396
-741
428
428
1423
2201
1194
947
947
1306
1563
1602
1313
446
-945
-1518
-1430
-1260
-1328
-1187
-776
-665
-1084
-1638
-1553
-1150
-643
461
461
892
406
-506
-1204
-1147
-858
-755
-720
-508
-429
-816
-1349
-1610
-1517
-1288
-835
429
429
448
-357
-357
-307
353
353
750
1075
1310
1195
1020
953
1024
1166
1341
1730
1950
2062
1710
1707
1631
1900
1830
2434
2360
320
-1904
-3381
-1458
318
318
-1089
-1018
-1518
-2222
-2623
-2070
439
439
521
1853
1575
389
421
421
1628
1718
1806
1330
731
-583
-1626
-1565
-1134
-914
-999
-766
-580
-904
-1597
-1857
-1253
-572
463
463
868
783
-1109
-1109
-1441
-937
-636
-725
-839
-746
-870
-1375
-1661
-1616
-1180
-812
-316
371
371
-363
-363
-382
519
519
709
892
1065
1182
1024
953
977
1294
1381
1750
1858
2083
1741
1623
1511
1942
2300
2817
2288
-2339
-2339
-3280
-991
575
575
-1013
-1226
-2003
-2545
-2669
-1754
728
728
928
1801
1034
-450
-450
565
1841
2006
1911
1123
-1086
-1086
-1696
-1334
-859
-789
-843
-672
-674
-1072
-1615
-1581
-880
480
480
792
772
439
-515
-1139
-1211
-671
-383
-562
-869
-1072
-1308
-1716
-1780
-1488
-949
-534
593
593
935
1005
1044
1032
1069
993
1087
1137
1443
1416
1638
1719
1806
1612
1653
1691
2106
2222
2999
1796
-538
-2998
-2917
-444
676
408
-1365
-1196
-2318
-2504
-2785
-1168
498
498
755
1604
511
-429
-428
1026
2033
1893
1466
542
-367
-1440
-1583
-943
-482
-640
-908
-836
-914
-1278
-1641
-1253
-418
307
735
684
373
-410
-1070
-1191
-765
-400
-531
-985
-1278
-1415
-1554
-1633
-1473
-1093
-791
-516
-330
587
587
966
910
780
863
1090
1278
1371
1450
1595
1616
1704
1752
1800
1536
1507
1578
2181
2302
2896
1687
-794
-3110
-3197
-445
755
675
-1437
-1548
-2498
-2661
-2561
-1139
417
332
607
556
1236
330
-414
1043
1043
2169
2010
1492
341
-579
-1385
-1373
-719
-386
-386
-762
-870
-1130
-1304
-1377
-872
469
469
644
477
-650
-650
-1152
-1040
-618
-317
-500
-1238
-1713
-1908
-1713
-1579
-1215
-876
-648
-512
-471
380
380
903
1221
1169
961
1016
1265
1570
1706
1768
1788
1708
1601
1670
1844
1961
1731
1886
1941
2710
2215
-2536
-2536
-3542
-948
557
1046
-888
-1415
-2340
-3062
-2791
-1564
596
413
350
814
814
420
-416
768
768
1961
1827
1393
518
-386
-1127
-1291
-557
-626
-626
-833
-1097
-1325
-1423
-838
618
618
561
309
-622
-622
-1193
-1088
-647
-328
-484
-1202
-1657
-1901
-1709
-1641
-1295
-978
-700
-530
-556
-350
437
437
892
1002
978
838
1028
1324
1565
1610
1704
1765
1860
1712
1653
1735
1820
1903
1901
2079
2622
2366
-2526
-2526
-3672
-1081
603
995
-872
-1547
-2163
-2830
-2678
-1599
479
466
330
635
635
380
-481
-344
798
1907
1755
1212
445
-423
-1019
-1075
-340
-637
-637
-839
-1091
-1253
-1317
-754
505
505
532
-615
-615
-1013
-1125
-825
-596
-714
-1224
-1675
-1861
-1698
-1455
-1190
-942
-796
-618
-509
404
404
788
904
884
782
939
1344
1641
1816
1732
1623
1651
1802
2052
2042
2107
1820
2046
2027
2825
2075
-2444
-2444
-2981
-462
532
508
-1520
-1885
-2624
-2884
-2468
-1098
449
-324
-324
-476
-352
-352
1033
1033
1750
1290
753
-356
-356
-637
-497
-871
-871
-980
-1157
-1103
-1020
-467
-426
-426
-592
-848
-992
-946
-646
-663
-1018
-1567
-1674
-1431
-1128
-1041
-947
-762
-686
-627
-553
358
358
594
729
737
774
1190
1686
1947
1870
1756
1869
1916
2172
2200
2544
2370
2497
2140
2875
1917
-2427
-2427
-2494
998
998
703
-1812
-2001
-2849
-2792
-2372
-664
705
-653
-653
-998
-357
-357
-381
1275
1275
1608
853
-474
-474
-524
617
617
493
-989
-989
-1036
-1011
-903
-733
-355
-355
-676
-681
-836
-1068
-1172
-959
-981
-1247
-1710
-1745
-1483
-1157
-923
-778
-646
-651
-426
452
452
534
660
923
1264
1471
1535
1571
1615
1727
1865
2195
2206
2490
2321
2626
2402
3086
2135
-2263
-2263
-2508
465
1477
1094
-1610
-2145
-2790
-2861
-2486
-798
720
-864
-864
-1253
-557
-426
-510
1208
1208
1534
792
816
816
692
-818
-818
-754
-670
-555
-547
-603
-603
-892
-854
-680
-1022
-1320
-1379
-1450
-1548
-1959
-1722
-1398
-976
-1036
-993
-905
-857
-574
338
338
555
488
343
421
421
617
1059
1428
1665
1544
1524
1489
1678
1780
2121
2198
2379
2277
2487
2475
3140
1865
-2238
-2238
-1756
870
1520
662
-1882
-2108
-2631
-2401
-2065
-363
559
-1255
-1255
-1445
-737
-513
-418
1282
1282
1266
395
629
629
988
632
-709
-709
-399
-631
-631
-910
-961
-827
-1212
-1371
-1556
-1621
-1828
-2066
-1759
-1443
-982
-1104
-921
-837
-634
-425
393
393
533
562
511
672
670
909
1123
1463
1550
1527
1460
1560
1644
1829
2058
2213
2250
2138
2174
2627
2886
957
-970
-2480
1227
1227
1434
-694
-1952
-2239
-2553
-2127
-1241
407
-985
-985
-1811
-1234
-766
-541
-341
517
879
424
-395
-395
648
648
753
-340
-340
-406
-329
-329
-537
-669
-712
-1252
-1762
-1805
-1665
-1503
-1914
-1940
-1747
-1384
-1377
-1308
-1000
-750
-529
-360
492
492
428
316
520
955
1151
1214
1417
1631
1703
1517
1565
1761
1951
2049
2093
2227
2226
2243
2222
2920
1833
-1713
-1713
-973
912
1357
-1655
-1655
-1794
-2316
-2188
-1831
-717
-717
-1788
-1746
-1121
-914
-796
652
652
-570
-570
-840
-336
400
400
490
538
-346
-346
-415
301
649
522
-306
-306
-436
-312
-645
-1204
-1629
-1643
-1589
-1828
-2019
-1984
-1667
-1465
-1468
-1299
-1091
-972
-802
-451
365
365
708
1018
1191
1360
1570
1656
1679
1726
1955
2125
2234
2173
2203
2047
2167
2050
2588
2780
1467
-301
-1763
1028
1028
1287
-517
-1601
-1918
-2012
-1848
-996
-1374
-1374
-2071
-1449
-827
-655
-612
-373
-373
-887
-568
446
446
305
419
318
661
661
729
434
-385
-385
-832
-832
-1454
-1665
-1428
-1371
-1600
-1821
-1686
-1592
-1682
-1678
-1328
-1067
-1056
-1020
-664
686
686
976
1140
1294
1628
1607
1623
1707
2109
2357
2382
2338
2408
2366
2318
2192
2565
2721
1366
-1263
-1263
978
978
913
-739
-1603
-1779
-1823
-1575
-818
-446
-446
-1666
-2115
-1431
-756
-623
-561
-708
-708
-1008
-489
483
483
311
373
348
348
915
976
477
-904
-904
-1632
-1635
-1359
-1171
-1415
-1658
-1687
-1655
-1608
-1536
-1241
-1153
-1185
-1076
-714
-361
408
408
747
967
1160
1381
1410
1542
1675
1980
2132
2335
2386
2471
2335
2376
2342
2866
2209
1182
-328
875
875
1066
319
-1076
-1324
-1605
-1615
-1385
-360
-1217
-1217
-2202
-2071
-1411
-1041
-991
-554
-330
-733
-1253
-1006
-374
839
839
979
692
-465
-465
-996
-1206
-1049
-1070
-1268
-1478
-1587
-1653
-1764
-1666
-1414
-1240
-1296
-1266
-1039
-708
-556
-484
467
467
738
1137
1247
1254
1378
1685
1985
2081
2263
2331
2351
2233
2383
2582
2960
2189
1282
456
456
1079
1149
388
-653
-967
-1304
-1319
-1029
-438
-438
-1460
-2183
-1992
-1409
-1204
-1142
-822
-798
-1183
-1420
-914
-351
-379
-379
-313
391
391
848
855
486
371
371
338
355
351
-361
-361
-740
-785
-720
-799
-903
-1094
-1280
-1551
-1635
-1535
-1338
-1270
-1348
-1260
-1006
-758
-639
-480
335
335
643
897
940
1038
1252
1558
1672
1831
2007
2149
2100
2026
2166
2346
2654
2117
1480
624
718
1107
1101
628
-544
-544
-838
-973
-837
-385
-368
-1181
-1722
-1771
-1456
-1381
-1352
-1090
-989
-1198
-1405
-1006
-559
-351
-471
-477
-383
-368
701
701
728
445
340
340
-502
-502
-475
-408
-546
-681
-850
-964
-1163
-1170
-1145
-1047
-1173
-1297
-1211
-995
-811
-687
-537
-330
338
338
488
623
825
1005
1262
1430
1620
1820
1993
2023
2056
2080
2353
2257
1974
1381
1138
1241
1050
869
402
-366
-366
-513
-358
-750
-750
-1140
-1469
-1450
-1485
-1431
-1280
-1182
-1279
-1475
-1250
-1001
-687
-674
-659
-612
-683
-524
439
439
418
356
309
309
372
-349
-349
-367
-430
-378
-470
-625
-883
-924
-886
-792
-790
-941
-993
-1049
-951
-796
-517
-420
368
368
507
685
838
1108
1321
1587
1723
1908
1996
2173
2290
2247
2012
1573
1479
1118
967
752
602
464
-513
-513
-771
-1132
-1363
-1536
-1358
-1275
-1309
-1543
-1447
-1354
-1258
-1104
-1037
-875
-1060
-1148
-1001
-568
-307
-307
-403
-455
-426
-556
-614
-644
-659
-672
-755
-702
-714
-771
-768
-689
-466
-336
333
333
428
655
852
1024
1272
1461
1722
1898
2157
2254
2303
2158
1906
1787
1283
1114
815
809
698
530
364
-330
-330
-726
-987
-1205
-1344
-1240
-1234
-1267
-1481
-1410
-1421
-1288
-1220
-1219
-1154
-1240
-1173
-1089
-942
-812
-600
-410
301
301
303
-351
-351
-357
-335
-412
-535
-635
-681
-690
-646
-577
-501
-553
-530
-436
354
354
408
325
408
562
824
1074
1319
1592
1706
1901
2030
2312
2234
1959
1740
1330
1401
1217
1207
957
702
399
400
400
-510
-510
-851
-1089
-1169
-1156
-1205
-1213
-1359
-1270
-1282
-1041
-956
-1049
-1211
-1382
-1281
-1118
-905
-817
-778
-768
-602
-321
-326
-326
-437
-609
-634
-710
-721
-698
-618
-493
-430
-340
349
349
450
533
528
645
927
1243
1494
1669
1819
1901
2116
2102
2006
1803
1340
1323
1157
1206
1010
817
608
491
537
315
-307
-307
-712
-1035
-1136
-1057
-1063
-1161
-1355
-1209
-1168
-994
-981
-1017
-1055
-1252
-1234
-1124
-907
-795
-802
-853
-738
-542
-327
-415
-415
-630
-678
-635
-550
-473
-422
-393
-381
368
368
501
660
867
1095
1366
1567
1801
1961
2223
2088
1877
1564
1236
1307
1126
1153
877
700
510
489
562
362
-402
-402
-736
-938
-973
-992
-1029
-1152
-1318
-1218
-1173
-902
-861
-965
-1133
-1222
-1130
-1026
-906
-845
-781
-761
-663
-556
-429
-321
-316
-316
-443
-537
-497
-409
-360
329
329
486
771
961
1206
1429
1721
1898
2116
2046
1877
1619
1254
1422
1324
1330
970
686
476
479
654
532
337
-722
-722
-986
-994
-923
-1040
-1140
-1369
-1218
-1169
-973
-930
-970
-995
-1159
-1114
-1027
-888
-856
-791
-747
-598
-452
-357
-340
-340
-349
-335
-379
416
416
521
619
721
830
1055
1244
1480
1733
2050
1996
1719
1456
1055
1208
1163
1248
1076
815
597
506
628
527
389
-468
-468
-778
-918
-928
-988
-1008
-1262
-1204
-1195
-969
-875
-1007
-1058
-1149
-1046
-932
-802
-791
-774
-811
-709
-516
-332
-339
-339
-352
-388
-338
-311
-304
-304
-360
-394
-357
391
391
489
511
463
450
557
719
919
1025
1166
1272
1493
1664
1918
1886
1716
1407
1072
1145
1048
1109
874
716
575
598
669
562
392
-359
-359
-593
-645
-728
-908
-1075
-1237
-1057
-1046
-880
-892
-979
-1098
-1181
-1109
-964
-850
-893
-833
-843
-716
-570
-408
-344
-344
-361
-318
-342
-342
-395
-388
-396
-336
-316
-316
-359
-393
-403
-370
-316
398
398
564
640
620
634
627
740
920
1139
1321
1373
1531
1675
1889
1735
1599
1274
1040
1044
869
883
637
507
355
476
536
417
-451
-451
-617
-582
-614
-735
-965
-1187
-1051
-926
-690
-772
-901
-1057
-1123
-1069
-936
-852
-880
-939
-988
-838
-638
-482
-415
-372
-350
-319
-319
-306
-323
-323
-424
-464
-432
-357
352
352
521
590
628
678
760
903
1028
1292
1454
1674
1760
1954
1818
1671
1265
1047
1154
1033
1031
607
427
399
399
497
442
-557
-557
-737
-596
-604
-695
-903
-1100
-1018
-943
-660
-596
-684
-902
-993
-938
-802
-794
-818
-832
-830
-765
-651
-514
-464
-425
-453
-380
-346
-323
-381
-406
-380
-351
-326
-326
-301
-301
-371
-371
-404
-361
360
360
493
554
694
803
939
1082
1196
1364
1524
1755
1912
2079
1919
1761
1314
1182
1173
1136
1061
658
422
343
343
389
356
-320
-320
-606
-805
-789
-786
-815
-1006
-1110
-1009
-912
-729
-774
-798
-837
-840
-810
-711
-669
-716
-784
-776
-602
-456
-431
-429
-440
-413
-345
-315
-310
-393
-463
-495
-422
-353
-322
-306
-322
328
328
430
485
502
602
750
935
1103
1218
1360
1462
1662
1833
2076
1905
1764
1401
1269
1255
1121
1064
686
541
306
380
391
-344
-344
-545
-737
-749
-850
-915
-1060
-1138
-1037
-925
-727
-777
-819
-901
-870
-779
-693
-698
-712
-737
-720
-592
-449
-321
-331
-356
-390
-334
-311
-311
-370
-438
-470
-450
-425
-381
-363
-328
-305
-305
-307
384
384
500
517
564
612
815
999
1148
1323
1439
1634
1769
1943
1863
1832
1450
1360
1304
1262
1145
759
561
363
469
415
363
-566
-566
-761
-739
-837
-947
-1211
-1249
-1136
-987
-821
-858
-910
-1036
-1033
-903
-708
-691
-765
-856
-827
-690
-559
-462
-387
-398
-406
-393
-334
-355
-355
-404
-463
-436
-447
-432
-419
-389
-361
-315
-304
-304
384
384
483
502
535
628
751
883
996
1162
1282
1518
1657
1927
1852
1743
1548
1313
1423
1272
1292
946
704
488
505
564
492
-378
-378
-637
-671
-727
-814
-1032
-1289
-1214
-1110
-876
-860
-930
-1030
-1036
-971
-821
-721
-711
-797
-879
-747
-569
-394
-351
-336
-312
-359
-359
-420
-345
-328
-315
-351
-360
-311
-312
-312
-310
376
376
465
512
567
679
784
913
1055
1178
1390
1573
1726
1894
1770
1749
1459
1453
1445
1371
1261
922
746
575
600
567
498
-363
-363
-558
-620
-792
-847
-1092
-1230
-1164
-1066
-849
-895
-926
-986
-1014
-928
-805
-783
-722
-802
-790
-730
-580
-434
-385
-377
-347
-383
-383
-397
-398
-375
-336
-375
-330
-316
368
368
469
498
614
652
741
870
940
1121
1270
1478
1610
1747
1612
1603
1367
1337
1351
1261
1258
923
838
647
654
608
533
343
-440
-440
-538
-723
-777
-983
-1107
-1146
-1108
-945
-929
-905
-999
-1008
-1009
-929
-885
-782
-777
-763
-749
-624
-453
-369
-302
-301
-301
314
314
384
446
484
549
588
695
783
879
960
1123
1265
1415
1441
1352
1316
1067
1165
1063
1144
981
812
669
555
581
489
452
-411
-411
-493
-616
-726
-988
-1086
-1195
-1108
-1005
-945
-993
-1102
-1143
-1069
-961
-895
-831
-887
-860
-804
-613
-440
-331
-302
305
305
352
421
484
567
657
714
831
947
1067
1166
1270
1243
1230
1216
1049
1152
1073
1097
955
850
730
649
619
517
426
-322
-322
-437
-558
-711
-952
-1027
-1137
-1049
-1014
-1029
-1070
-1153
-1151
-1106
-986
-942
-894
-929
-853
-759
-586
-445
-367
356
356
422
504
546
655
685
768
804
943
986
1106
1074
1097
1042
954
997
932
991
841
764
594
554
447
327
-332
-332
-476
-588
-721
-883
-944
-1022
-975
-1029
-1004
-1038
-1019
-1004
-956
-865
-793
-689
-655
-557
-501
-369
305
305
326
366
421
504
586
650
688
730
795
859
898
927
862
854
753
762
753
727
670
535
453
305
-375
-375
-417
-531
-559
-674
-724
-827
-855
-833
-867
-793
-811
-752
-735
-671
-636
-541
-486
-462
-440
-412
-316
398
398
489
563
498
400
357
311
443
443
599
747
852
847
667
507
371
-372
-372
-600
-677
-694
-632
-659
-561
-504
-546
-617
-691
-685
-763
-773
-757
-653
-538
-370
306
306
342
340
312
302
302
354
447
466
462
323
-318
-318
-351
-447
-416
-448
-518
-611
-622
-580
-587
-577
-583
-498
-443
-350
305
305
353
353
414
517
583
519
372
304
304
362
346
405
411
376
-318
-318
-331
-352
-408
-439
-441
-488
-618
-710
-632
-557
-529
-538
-436
304
304
356
349
-307
-307
-327
-308
-308
-344
-306
374
374
449
531
595
686
773
936
993
833
605
409
362
387
405
384
388
358
-462
-462
-727
-755
-671
-622
-624
-615
-573
-544
-621
-652
-524
-353
-316
-316
311
311
458
536
639
702
604
481
442
427
346
-351
-351
-513
-602
-679
-815
-926
-901
-827
-821
-846
-775
-601
-486
-521
-415
-396
-398
-409
-407
-399
-341
315
315
340
379
361
466
466
675
891
1134
1242
1254
1255
1390
1320
891
440
369
369
416
316
-427
-427
-622
-629
-829
-1168
-1413
-1172
-741
-601
-599
-540
-376
-359
-430
-377
331
331
847
1047
999
936
937
794
532
423
363
-441
-441
-568
-813
-1231
-1528
-1609
-1761
-1915
-1891
-1713
-1572
-1555
-1487
-1211
-948
-821
-710
-532
311
311
596
821
897
937
1076
1193
1186
1119
1147
1221
1218
1180
1270
1397
1507
1528
1556
1702
1839
1996
1453
586
-735
-735
-621
-700
-888
-969
-807
-647
-756
-1000
-859
-935
-1419
-1820
-1682
-825
-311
592
592
1040
1047
978
1116
1224
892
512
547
1047
1359
1152
893
755
626
-363
-363
-666
-904
-1401
-1847
-1873
-1626
-1580
-1844
-1961
-1842
-1741
-1804
-1787
-1569
-1284
-1175
-918
-425
409
409
666
800
727
651
734
906
931
978
1134
1270
1212
1016
946
1054
1088
1057
1111
1307
1563
1798
2079
2524
1975
863
-802
-802
-518
-779
-1150
-1292
-881
-538
-522
-701
-414
-574
-1335
-1862
-1784
-780
-470
-481
567
567
1244
1407
1331
1471
1396
815
339
762
762
847
543
327
382
434
-369
-369
-758
-1249
-1867
-2221
-2267
-1944
-1955
-2065
-1959
-1548
-1228
-1181
-1277
-1167
-1027
-920
-655
364
364
472
722
1032
1180
1040
740
678
742
766
748
779
985
1101
1131
1181
1292
1441
1471
1439
1572
1889
2138
2559
1930
909
-756
-756
-458
-853
-1306
-1687
-1367
-983
-778
-982
-674
-641
-1228
-1549
-1592
-528
-314
-362
-311
450
1348
1715
1531
1506
1561
1147
709
564
564
486
-461
-461
-383
-831
-831
-1213
-1452
-1766
-2032
-2326
-2144
-2098
-2164
-2049
-1465
-917
-675
-895
-806
-489
-335
-335
392
392
678
882
876
511
502
706
806
583
314
481
817
1063
1104
1329
1597
1899
1959
2170
2532
2947
2812
1384
-697
-697
-561
-654
-1312
-1809
-1779
-1146
-855
-852
-1040
-627
-1206
-1597
-1868
-1126
-358
-440
-427
1301
1301
2028
2125
1661
1742
1487
1094
455
429
429
-491
-491
-645
-539
-539
-1296
-1502
-1612
-1793
-2198
-2296
-2161
-2070
-2002
-1525
-849
-414
-539
-664
-358
-321
-321
-425
331
331
526
630
453
478
478
689
597
428
428
911
1103
1208
1460
1920
2273
2438
2661
3011
3370
2995
1480
-679
-679
-617
-903
-1697
-2151
-2037
-1304
-1026
-1061
-1153
-711
-1298
-1573
-1802
-1004
-345
-450
-350
1666
1666
2325
2294
1787
1972
1693
1214
401
-445
-445
-935
-1095
-626
-435
-946
-1607
-1651
-1623
-1753
-2245
-2316
-2141
-1988
-1862
-1322
-660
380
380
369
-387
-387
-318
412
412
314
438
438
614
553
422
422
909
1092
1188
1515
2068
2530
2797
3044
3390
3734
2761
1108
-946
-946
-778
-1637
-2367
-2725
-2084
-1300
-1110
-1209
-886
-673
-1250
-1547
-1585
-528
-371
-421
896
896
2275
2692
2369
2160
2254
1735
932
-618
-618
-1235
-1693
-1445
-845
-843
-1373
-1631
-1448
-1381
-1659
-2153
-2063
-1976
-1743
-1433
-793
424
424
507
-619
-619
-812
-714
-437
-368
328
328
415
532
456
456
979
1140
1356
1816
2466
3011
3237
3394
3617
3806
2920
1155
-1268
-1268
-1236
-2048
-2756
-3179
-2475
-1577
-1374
-1296
-941
-507
-1036
-1298
-1445
-414
1137
1137
2543
2932
2654
2358
2397
1791
842
-614
-614
-1098
-1715
-2266
-2051
-1443
-1272
-1628
-1761
-1461
-1295
-1485
-1875
-1772
-1652
-1341
-1172
-568
389
389
308
308
516
558
-626
-626
-904
-887
-603
-647
-553
-338
482
482
689
510
344
344
726
1244
1407
1611
2064
2765
3341
3510
3678
3830
3856
2394
574
-1004
-1673
-1794
-2867
-3508
-3725
-2394
-1661
-1308
-1155
-487
-655
-655
-946
-821
1752
1752
2871
2994
2557
2412
2346
1578
396
-768
-1165
-1882
-2552
-2935
-2380
-1681
-1545
-1749
-1480
-955
-647
-951
-1319
-1309
-1136
-959
-781
466
466
418
418
500
430
-356
-1079
-1380
-1196
-991
-1041
-845
-513
509
509
718
889
584
415
549
1011
1421
1537
1833
2414
3183
3670
3780
3861
4049
3830
2088
-1538
-1538
-2050
-2300
-3418
-4060
-3935
-2434
-1649
-1207
-890
-338
-338
-658
-336
561
494
494
2143
3080
3057
2526
2403
2242
1276
-1203
-1203
-1631
-2454
-3144
-3401
-2623
-1853
-1688
-1739
-1278
-575
-575
-575
-944
-917
-818
-800
-675
382
382
-547
-547
-1267
-1521
-1297
-1215
-1268
-1071
-609
362
362
691
1015
1180
932
813
947
1384
1650
1691
1954
2567
3346
3765
3870
3932
4097
3596
1549
-406
-1995
-2331
-2865
-3948
-4427
-3868
-2245
-1546
-966
-515
499
380
-304
-304
754
754
736
736
2375
2955
2859
2277
2378
1945
945
-508
-1558
-2023
-2948
-3498
-3536
-2583
-1894
-1626
-1445
-632
330
330
-440
-440
-405
-445
-536
-518
-847
-847
-1479
-1533
-1302
-1308
-1330
-1094
-466
558
558
924
1250
1353
1129
998
1144
1462
1570
1570
1812
2496
3202
3529
3606
3759
3906
3398
1234
-662
-2215
-2557
-3119
-4162
-4505
-3795
-2162
-1411
-665
930
930
662
443
468
468
870
321
707
707
2259
2710
2672
2017
2232
1674
707
-754
-1777
-2290
-3194
-3691
-3577
-2570
-1914
-1485
-1281
396
396
667
-364
-364
-587
-614
-356
-378
-378
-967
-967
-1528
-1582
-1293
-1329
-1307
-1031
-398
349
710
1153
1414
1537
1260
1133
1212
1525
1509
1459
1688
2346
3076
3299
3360
3526
3699
3374
1267
-681
-2194
-2681
-3106
-4159
-4479
-3858
-2218
-1423
-500
1177
1177
958
609
514
514
992
351
450
450
1934
2326
2408
1721
1950
1509
519
-788
-1858
-2305
-3182
-3678
-3593
-2563
-1876
-1293
-1038
741
741
1003
637
-445
-445
-595
-430
-418
-394
-560
-1031
-1031
-1531
-1606
-1313
-1302
-1294
-1004
-397
400
832
1203
1445
1543
1233
1122
1082
1356
1274
1255
1373
2029
2749
3078
3128
3264
3462
3430
2350
-1388
-1388
-2731
-2728
-3560
-4055
-4080
-2885
-1672
-767
612
612
1407
659
657
953
953
670
1033
1033
2010
2261
2040
1546
1746
748
-1446
-1446
-1925
-2688
-3257
-3571
-2880
-2006
-1347
-913
-444
536
918
1012
455
-684
-684
-561
-622
-569
-639
-508
-576
-576
-1324
-1535
-1529
-1168
-1327
-1082
-689
757
757
1192
1442
1641
1539
1184
1081
1057
1234
1061
1115
1394
2147
2655
2941
2959
3206
3342
3241
1708
-335
-1792
-2736
-2749
-3581
-3918
-3802
-2338
-1341
-323
1017
1017
1291
709
557
342
977
465
1223
1223
1859
2168
1678
1438
1324
457
-445
-1595
-2092
-2852
-3219
-3392
-2501
-1810
-1077
-718
685
685
1092
1005
499
-323
-323
-671
-594
-698
-611
-587
-381
-713
-713
-1248
-1435
-1278
-1034
-1084
-763
520
520
1008
1372
1474
1615
1334
1028
866
896
1007
926
1070
1451
2141
2573
2868
2871
3167
3059
2898
1170
-622
-2066
-2781
-2829
-3554
-3827
-3560
-2004
-1197
1071
1071
1002
622
343
314
796
1369
1369
1792
2175
1431
1387
1126
390
-640
-1623
-2140
-2759
-3073
-3175
-2218
-1555
-789
-601
715
715
1144
839
395
-501
-501
-790
-725
-745
-572
-654
-363
-854
-854
-1257
-1448
-1211
-1019
-929
-551
666
666
1064
1375
1434
1478
1105
836
678
788
849
881
1077
1536
2185
2602
2864
2910
3029
2981
2684
964
-785
-2202
-2793
-2791
-3420
-3680
-3237
-1859
-940
1077
1077
931
503
348
348
771
343
1460
1460
1906
2057
1366
1284
954
-889
-889
-1667
-2133
-2688
-3088
-2991
-2050
-1330
-742
-542
725
725
1027
670
319
-526
-526
-703
-600
-539
-562
-670
-491
-359
-405
-1012
-1310
-1403
-1045
-843
-626
715
715
984
1208
1197
1158
769
574
542
744
894
1033
1249
1723
2255
2617
2852
2830
2918
2771
2555
965
-704
-2075
-2703
-2621
-3183
-3439
-3159
-1829
-1041
833
833
752
364
329
329
822
515
436
436
1641
1942
2137
1456
1267
887
-857
-857
-1575
-2054
-2598
-2853
-2766
-1849
-1250
-695
-501
554
554
844
568
346
-409
-409
-496
-317
-330
-428
-550
-422
-394
-460
-1085
-1415
-1509
-1199
-890
-600
680
680
961
1173
1104
987
613
415
376
561
749
952
1160
1580
2084
2470
2731
2680
2655
2497
2476
1878
-1393
-1393
-2650
-2531
-2514
-2917
-3168
-2410
-1252
-465
868
868
361
571
571
888
700
364
959
1872
2090
1974
1071
944
-468
-468
-1432
-1877
-2330
-2558
-2799
-2273
-1366
-741
-345
607
607
767
402
-346
-346
-506
-506
-672
-730
-679
-939
-1437
-1537
-1415
-820
-444
662
662
853
1030
895
840
639
391
343
501
902
1239
1387
1532
1958
2281
2581
2453
2283
2233
2186
2131
819
-777
-2029
-2554
-2300
-2685
-3022
-2860
-1777
-1108
-347
479
479
595
1040
1040
936
584
567
1534
1863
1967
1257
863
523
-335
-1149
-1745
-1999
-2343
-2616
-2530
-1586
-914
-409
-367
463
463
758
556
403
-356
-356
-968
-1129
-1164
-1142
-1492
-1693
-1578
-1008
-387
302
302
567
865
807
772
684
627
404
681
681
1062
1172
1309
1527
1886
2089
2072
1950
1962
1949
2000
2033
854
-582
-1880
-2372
-1967
-2363
-2782
-2790
-1784
-1009
545
545
588
374
374
1186
1037
651
615
1510
1871
2005
1220
860
377
-469
-1241
-1780
-2024
-2350
-2636
-2501
-1571
-896
-345
-320
449
449
718
610
567
347
-612
-612
-1077
-1215
-1170
-999
-1382
-1374
-1304
-811
-400
314
314
657
777
686
668
661
763
461
360
410
770
1055
1280
1351
1565
1711
1791
1895
2004
2033
2104
2183
2483
1423
-1648
-1648
-2353
-1894
-2480
-3005
-3060
-1811
-1087
-316
563
563
737
1091
1091
914
620
539
1779
2171
2318
1510
1040
599
-511
-1347
-1996
-2086
-2471
-2657
-2533
-1373
-678
604
604
748
604
500
350
-356
-356
-372
-372
-645
-1184
-1337
-1249
-1046
-1314
-1337
-1206
-807
416
416
633
727
584
604
620
740
414
320
365
630
914
1062
1174
1359
1425
1519
1689
1844
2095
2136
2338
2728
2693
883
-692
-2233
-2073
-2154
-2880
-3255
-2683
-1379
-713
881
881
-381
-381
480
1102
885
694
1411
2500
2720
2416
1332
1053
-1121
-1121
-2126
-2425
-2569
-2743
-2794
-1906
-860
406
406
445
426
-826
-826
-1378
-1428
-1449
-1613
-1916
-1672
-1240
-375
636
636
869
987
670
533
528
593
322
464
464
959
1047
1259
1309
1442
1476
1709
1799
2105
2086
2353
2672
3009
1548
-352
-2023
-2554
-2142
-2880
-3167
-3100
-1653
-1045
-337
580
580
-373
-373
-560
1265
1265
1182
1178
1481
2783
2965
2824
1600
1063
-1382
-1382
-2322
-2650
-2511
-2670
-2640
-2043
-798
371
371
413
545
754
-606
-606
-1408
-1607
-1642
-1611
-1692
-1465
-1091
-527
330
330
575
443
459
459
424
357
357
581
884
968
1003
1037
1087
1192
1498
1721
2014
2166
2255
2661
2894
3080
1216
-857
-2559
-2913
-2414
-2909
-3132
-2861
-1428
-846
593
593
-634
-634
-576
345
1769
1795
1773
2185
3396
3261
2777
1203
430
-943
-2222
-2864
-2694
-2298
-2305
-2262
-1478
-315
-883
-883
-648
-584
-305
705
705
1029
1089
854
904
736
-1269
-1269
-2151
-2044
-1940
-1686
-1534
-1008
-651
392
392
302
302
638
699
626
840
929
1071
969
1047
1115
1143
1272
1608
1986
2277
2276
2410
2637
2908
2231
-1945
-1945
-3318
-2703
-2658
-2918
-2866
-1893
-796
-363
481
481
-741
-596
1491
1491
2247
2224
2250
3037
3424
2724
1515
-643
-643
-2144
-2596
-2700
-1938
-1783
-1840
-1701
-774
-452
-598
-1167
-1244
-656
-382
393
1027
1772
1653
1353
977
957
-1211
-1211
-2335
-2375
-1922
-1700
-1349
-1162
-754
-678
-501
-387
630
630
1263
1291
1036
872
871
805
606
593
901
1072
1361
1694
2178
2346
2198
1941
2102
2181
2399
758
-1325
-2575
-3096
-1980
-2306
-2304
-2231
-1180
-683
-971
-971
700
700
2576
2420
2297
2273
2993
2527
1677
-425
-425
-1256
-2188
-2065
-1723
-1128
-1623
-1930
-1655
-960
-1081
-1180
-1511
-726
450
450
1312
1872
1871
1153
536
435
-1117
-1117
-1821
-2237
-1512
-1200
-1123
-1054
-1009
-1216
-1281
-1092
-560
721
721
1470
1471
980
523
453
385
503
646
1071
1402
1532
1700
1925
1937
1755
1305
1336
1663
1959
1995
-1362
-1362
-2719
-2335
-1894
-2274
-2332
-2026
-1019
-686
363
363
-684
-519
1428
1428
2367
1951
1922
2106
2629
1933
1196
-508
-508
-1632
-1811
-1740
-1291
-1324
-1927
-1988
-1465
-1104
-1133
-1235
-1090
927
927
1500
1734
1171
497
331
331
-1041
-1041
-1541
-1314
-1001
-1088
-1180
-1317
-1510
-1788
-1466
-788
344
344
689
1279
1319
896
437
312
366
455
737
1204
1581
1572
1547
1562
1714
1396
1199
1093
1593
1892
2399
1769
-1577
-1577
-2877
-2130
-2063
-2248
-2168
-1527
-516
-1138
-1138
-653
1738
1738
2232
2006
2213
2507
2707
1682
726
-392
-833
-1744
-1522
-1269
-819
-1211
-1831
-1782
-1406
-1311
-1530
-1636
-1060
1131
1131
1530
1544
791
309
309
-908
-908
-1252
-902
-959
-1161
-1320
-1521
-1679
-1810
-1235
-362
437
437
730
1127
885
486
451
451
691
1262
1722
1843
1645
1570
1587
1612
1291
1242
1415
1928
2305
2515
713
-1087
-2508
-2797
-1792
-2279
-1829
-1752
-661
-417
-370
-370
-1023
-1391
1054
1054
2680
2227
2565
2371
2590
1914
946
-725
-725
-1156
-1294
-688
-614
-759
-1781
-2102
-2123
-1877
-1903
-1914
-1477
-548
838
838
1244
1319
800
313
313
319
-499
-499
-395
-788
-788
-1183
-1698
-1887
-2013
-1575
-580
424
424
312
485
599
432
628
628
1042
1624
2080
2015
1754
1464
1470
1533
1329
1333
1572
2104
2488
2719
1085
-1198
-2617
-3272
-1882
-2064
-1717
-1485
-873
-512
-512
-449
-1057
-1366
-1745
1115
1115
2871
2756
2611
2449
1972
1865
802
-700
-700
-734
-424
-778
-778
-1875
-2513
-2778
-2718
-2252
-1876
-1454
-761
824
824
929
544
514
514
896
699
-395
-395
-892
-1479
-2194
-2180
-1838
-1226
-382
-378
-378
-302
-302
353
353
1075
1526
1792
1952
1771
1631
1414
1423
1688
1680
1798
1954
2228
2502
2572
1068
-1332
-2862
-3229
-1832
-1694
-1682
-1364
-1242
-421
-1193
-1242
-1450
-1791
-1504
1723
1723
3008
2975
2213
2196
1601
1720
914
560
566
566
575
-1185
-1185
-2575
-3160
-3086
-2888
-2286
-1920
-1396
-986
-525
-423
-423
750
750
1479
1767
1279
494
-435
-435
-773
-1191
-1559
-1515
-1132
-719
-418
-458
-811
-1188
-1203
-769
-393
568
568
1076
1345
1567
1701
1773
1758
1874
2185
2483
2456
2238
2287
2433
2609
2203
-1718
-1718
-2952
-2281
-1400
-1738
-1667
-2035
-1462
-1466
-2052
-1728
-1968
-1685
-1083
432
2421
2726
2134
1633
1821
1937
1877
1377
1731
1509
1257
1156
706
-1798
-1798
-3012
-2932
-2458
-2280
-2315
-2198
-1624
-1660
-1689
-1388
-1135
-900
-730
1290
1290
1816
1600
959
418
335
-320
-320
-463
-465
-536
-336
-488
-1021
-1518
-1477
-1120
-758
-576
-379
582
582
871
1187
1439
1688
1957
2428
2727
2944
2822
2711
2730
2884
2838
1270
-539
-1907
-1518
-895
-1145
-1679
-2154
-1897
-1955
-2572
-2516
-2461
-2171
-1886
-828
1036
1624
1097
587
1187
1766
1904
1629
2304
2650
2303
2043
1650
1215
-314
-1664
-1611
-1314
-1349
-1930
-2153
-1915
-2160
-2610
-2623
-2415
-2134
-1950
-1333
306
306
340
482
482
486
461
631
621
620
507
520
406
-402
-402
-461
-378
-472
-472
-455
-327
387
387
664
871
1164
1408
1688
1965
2050
2214
2492
2604
1849
736
434
434
420
-392
-392
-371
-479
-1141
-1519
-1906
-1873
-1827
-1584
-763
-398
-550
-1046
-945
-712
-377
-396
565
565
853
1366
1490
1313
780
352
352
381
349
372
372
424
-458
-458
-769
-1376
-1588
-1573
-1157
-1122
-1149
-1023
-925
-995
-1132
-1164
-1071
-1083
-990
-692
-316
363
363
622
810
867
791
945
1157
1261
1230
1228
1285
1394
1431
1509
1556
1632
1609
1192
770
347
347
341
-461
-461
-508
-557
-770
-1051
-1148
-581
-525
-700
-1076
-713
-660
-970
-1211
-966
-337
-483
-536
-650
-650
-417
488
488
610
382
454
454
-360
-360
-713
-1205
-1260
-1257
-1305
-1438
-1366
-1251
-1155
-1212
-1156
-922
-819
-665
-535
471
471
569
776
1106
1464
1568
1719
1831
1907
1799
1818
1885
2033
1894
1984
1943
1534
1026
480
680
484
313
313
-872
-872
-769
-725
-900
-1425
-1414
-784
-690
-1092
-1339
-874
-756
-1099
-1414
-963
-372
-502
-536
-307
-301
-301
-730
-334
609
609
602
350
360
496
370
320
320
327
-590
-590
-965
-1032
-1089
-1134
-1180
-1194
-1179
-1139
-1120
-1068
-1006
-920
-630
-413
341
341
537
660
999
1349
1574
1603
1665
1762
1868
1894
2010
2119
2202
2113
1749
1439
1023
1100
861
564
388
437
572
-565
-565
-737
-701
-718
-1192
-1568
-1081
-882
-1105
-1546
-1357
-1001
-1221
-1510
-1319
-682
-600
-701
-596
-430
-480
-784
-534
648
648
609
407
407
301
370
370
-529
-529
-906
-888
-847
-859
-938
-944
-879
-963
-914
-858
-727
-639
-481
456
456
638
944
1301
1519
1576
1610
1806
1899
1971
1968
2180
1960
1558
1230
1309
1539
1115
640
604
770
820
-523
-523
-537
-603
-731
-1247
-1118
-776
-995
-1395
-1704
-1297
-1195
-1512
-1595
-1215
-724
-783
-773
-672
-664
-931
-995
-481
667
667
421
388
388
380
-517
-517
-730
-685
-675
-769
-890
-899
-963
-1047
-951
-746
-581
-553
-332
418
418
598
907
1304
1587
1811
1871
1995
2062
2151
1985
1680
1330
1297
1665
1592
1329
1081
1007
1107
369
-354
-354
-302
-390
-1039
-1058
-661
-731
-1273
-1792
-1613
-1380
-1625
-1610
-1268
-812
-904
-965
-770
-625
-894
-1075
-699
-313
-310
-339
370
370
374
-341
-341
-424
-424
-561
-661
-795
-904
-863
-694
-554
-455
-335
356
356
593
966
1279
1484
1766
2023
2249
2231
1880
1642
1441
1615
1728
1460
1420
1340
1454
1271
412
-394
-394
-812
-652
-578
-958
-1477
-1747
-1462
-1616
-1813
-1710
-1375
-1131
-1255
-1063
-896
-908
-1050
-837
-366
-301
-301
-311
-333
-411
-469
-528
-519
-608
-513
-456
-383
-314
352
352
480
739
1015
988
1048
1325
1682
1867
1731
1672
1624
1635
1667
1540
1258
1304
1077
1414
820
494
378
392
489
-308
-419
-383
-374
-972
-1444
-1477
-1235
-1590
-1709
-1580
-1375
-1408
-1632
-1365
-1245
-1227
-1213
-773
-354
341
341
360
360
-302
-302
-306
-362
-362
-343
-343
-387
-596
-723
-790
-880
-843
-670
-448
319
319
578
899
1226
1327
1358
1508
1586
1728
1434
1289
1236
1428
1717
1702
1383
1294
1180
1181
822
528
528
-414
-414
-1164
-1302
-1111
-1331
-1475
-1338
-1093
-1255
-1537
-1630
-1486
-1613
-1735
-1325
-927
-665
-679
-395
356
356
376
493
470
-312
-312
-367
-378
-378
-539
-572
-688
-777
-732
-577
-436
-408
393
393
522
668
889
1192
1368
1546
1700
2000
1843
1495
1209
1289
1579
1394
1111
1139
1344
1433
907
-310
-310
-538
-469
-469
-827
-878
-851
-1065
-1129
-1042
-878
-1081
-1197
-1153
-1094
-1206
-1381
-1147
-954
-964
-996
-867
-546
-541
-621
-450
324
324
-348
-348
-582
-606
-576
-561
-489
-400
-369
-493
-537
-486
-342
567
567
879
1206
1293
1374
1425
1762
1828
1608
1419
1520
1959
1879
1415
1227
1309
1474
1037
394
394
568
-340
-340
-327
-327
-631
-1090
-1187
-1016
-1124
-1108
-951
-689
-867
-1100
-1145
-1031
-1059
-1237
-995
-664
-555
-634
-713
-547
-650
-846
-824
-566
-313
-313
-414
-331
464
464
850
1074
1263
1399
1662
1695
1429
1126
1299
1746
1820
1434
1374
1546
1695
1092
406
406
556
-446
-446
-975
-1072
-1090
-1326
-1364
-1132
-923
-1122
-1219
-1162
-1013
-1113
-1235
-852
-594
-451
-490
-425
-341
-341
-400
-449
-350
-350
-462
-462
-525
-422
-341
-355
-379
375
375
397
568
734
904
1091
1154
1201
1389
1453
1345
1001
1032
1438
1664
1379
1141
1280
1481
1317
416
342
342
537
361
-570
-570
-883
-739
-967
-1086
-983
-782
-854
-1142
-1232
-1147
-1169
-1444
-1264
-937
-745
-722
-901
-567
-496
-529
-535
-498
-440
-440
-406
-307
-307
-388
-477
-400
-438
-529
-570
-514
-455
-391
394
394
442
520
766
980
1200
1344
1396
1623
1535
1334
999
930
1335
1536
1291
974
1042
1312
1292
397
526
526
428
-586
-586
-944
-662
-791
-1032
-888
-657
-644
-974
-1161
-949
-902
-1206
-1162
-857
-610
-635
-943
-726
-734
-814
-796
-734
-435
-512
-452
-479
-479
-387
-375
-375
-443
-404
-380
-319
407
407
473
630
941
1181
1351
1490
1606
1856
1645
1345
1019
1136
1581
1594
1144
959
1038
1394
922
340
340
-404
-404
-829
-829
-921
-636
-841
-1095
-850
-518
-492
-769
-908
-625
-721
-1041
-877
-620
-451
-451
-659
-417
-569
-600
-788
-692
-537
-827
-733
-572
-427
-602
-949
-750
-494
-421
-475
-494
-389
-389
-376
323
323
394
423
523
911
1114
1366
1456
1670
1824
1522
1190
1076
1464
1783
1443
1086
1206
1455
1542
541
-346
-346
-366
-366
-765
-1168
-963
-869
-1132
-1108
-773
-669
-727
-943
-819
-643
-983
-975
-701
-364
-473
-473
-362
-345
-435
-402
-504
-301
-394
-531
-399
-347
-362
-703
-908
-787
-716
-713
-723
-630
-535
-605
-709
-581
-408
303
303
455
538
574
542
787
1169
1431
1490
1550
1640
1434
1039
935
1311
1674
1359
972
1260
1615
1732
696
354
354
527
465
342
342
-499
-499
-888
-817
-842
-1192
-1249
-901
-892
-987
-1120
-923
-744
-1137
-1235
-961
-632
-386
-646
-471
-368
-506
-530
-480
-445
-445
-368
-369
-369
-638
-561
-504
-656
-657
-563
-454
-574
-778
-711
-607
-539
-442
-311
330
330
522
538
527
745
1137
1476
1566
1742
1728
1541
1184
1156
1444
1595
1137
764
1050
1470
1478
439
414
414
-316
-316
-495
-495
-766
-625
-594
-957
-1033
-698
-710
-824
-941
-715
-526
-1042
-1179
-985
-647
-484
-723
-501
-369
-513
-618
-585
-351
-440
-718
-585
-373
-373
-508
-363
-360
-574
-681
-501
-346
-414
-556
-463
-319
421
421
468
480
620
965
1269
1413
1628
1503
1323
1130
1420
1716
1576
939
903
1310
1733
1266
335
503
503
452
-362
-362
-724
-724
-684
-607
-734
-1109
-924
-662
-850
-945
-829
-486
-555
-1150
-1028
-670
-419
-545
-721
-333
-473
-473
-562
-439
-437
-437
-670
-463
-321
-321
-537
-521
-384
-573
-781
-699
-396
-395
-577
-570
-384
-357
-357
-352
380
380
601
483
609
779
1088
1220
1321
1447
1287
1038
1109
1502
1646
1170
671
1074
1619
1616
666
461
461
655
-503
-503
-616
-421
-656
-1005
-1176
-743
-694
-1007
-959
-565
-319
-754
-1152
-790
-404
-396
-654
-651
-384
-514
-514
-493
-361
-361
-607
-705
-589
-589
-649
-401
-637
-637
-943
-661
-473
-575
-556
-471
-371
-371
587
587
845
927
1276
1661
1987
2056
2121
1997
1201
687
887
1707
2376
1517
1241
672
-419
-419
-860
319
834
-899
-899
-1769
-979
-819
-1464
-1527
-1331
-885
-1268
-1628
-986
-1026
-1239
-1362
-685
349
-525
-525
-588
540
540
546
817
1211
1132
349
673
673
1082
768
-397
-397
-734
-872
-712
-1018
-1593
-1629
-1536
-1558
-1905
-2027
-1421
-1056
-1087
-1225
-1036
-613
-379
576
576
967
1073
921
1345
2079
2611
2748
2907
3103
3458
2830
1633
1303
1650
2600
3084
1506
552
-553
-857
-412
-753
-487
-487
-1841
-2686
-3147
-1822
-1308
-1932
-1974
-2103
-1676
-1819
-1988
-1038
-682
-429
-333
531
531
569
569
1302
1781
1251
729
891
933
976
1105
1081
617
-899
-899
-503
-384
-384
-1107
-1585
-1512
-1678
-1810
-1720
-1692
-1675
-1825
-1642
-982
-776
-960
-929
-380
357
618
647
1020
1397
1866
2234
2663
3179
3269
2982
1803
1649
1978
2890
3652
2603
1034
516
516
-1361
-1361
-2126
-2727
-2003
-1289
-1880
-2469
-2590
-2317
-2136
-2404
-1864
-1208
-962
-913
-890
-327
363
363
1144
1373
958
454
781
1301
1366
1175
995
713
-315
-315
-718
-718
-1312
-1124
-1072
-1198
-1312
-1307
-1223
-1362
-1283
-893
-432
-436
-473
470
470
746
834
1146
1727
2195
2314
2505
1617
1280
1171
2069
3434
2896
1306
952
952
1007
885
734
-304
-1030
-1605
-1076
-527
-527
-1564
-2001
-1836
-1484
-1882
-1722
-1188
-1019
-1260
-1666
-1355
-891
-932
-775
-607
-607
588
588
892
675
311
373
373
318
318
635
621
-642
-642
-445
-438
-438
-625
-460
-521
-522
-367
-341
-341
373
373
783
901
1123
1439
2024
1693
559
541
972
2467
2962
1946
747
1045
1045
1129
1349
654
-586
-1228
-1200
-739
-739
-1441
-1715
-1520
-1495
-1682
-1148
-896
-1056
-1585
-1758
-1134
-646
-608
-307
-307
-725
-755
764
764
578
318
318
403
-628
-628
-671
-493
-493
-459
-392
-615
-587
538
538
704
949
1217
1724
1709
1874
1361
916
1052
1324
2634
2804
1594
367
705
705
1477
1019
874
-594
-594
-1054
-984
-1165
-1165
-1770
-1819
-1356
-1523
-1749
-1246
-1079
-1348
-1985
-1880
-1042
-655
-768
-550
-482
-538
-924
-493
569
804
409
317
317
348
348
524
433
-660
-660
-363
-376
-376
-716
-631
-500
-625
-425
-425
800
800
1035
1124
1534
1671
2067
1059
658
1053
1678
3001
2543
1291
349
1075
1075
1672
1275
1007
-783
-783
-964
-563
379
-1170
-1170
-1713
-1767
-1237
-1448
-1435
-1035
-1266
-1569
-2129
-1750
-892
-718
-846
-807
-887
-887
-1067
583
583
438
-665
-665
328
328
342
316
-358
-358
-552
342
342
-391
-391
-587
-347
375
375
605
605
1050
1188
1098
1487
1636
1836
728
796
1132
2030
2813
1982
758
378
378
1330
1521
1144
592
-536
-812
-782
517
517
-372
-1428
-1728
-1460
-995
-1324
-1097
-968
-1247
-1627
-1971
-1247
-635
-676
-849
-827
-826
-854
-897
555
555
-484
-484
-743
-651
-651
-625
-680
-680
-704
-392
-313
-313
874
874
1224
1069
1298
1459
1917
1460
598
1162
1495
2735
2578
1345
503
383
1022
1828
1375
1115
-775
-775
-704
-348
523
-1114
-1114
-1628
-1618
-1070
-1070
-1282
-932
-1292
-1599
-1954
-1578
-715
-555
-847
-811
-802
-788
-866
-326
601
355
-752
-752
323
323
309
-497
-497
-745
-658
-658
-939
-618
-360
-385
640
640
1269
1199
1316
1396
2038
1351
574
1119
1903
3277
2725
1106
384
668
1394
1864
1412
1364
-821
-821
-783
906
906
-1341
-1341
-1732
-1506
-986
-1200
-1151
-803
-1399
-1946
-2181
-1438
-590
-763
-1123
-1014
-979
-1044
-1138
589
589
-634
-634
-806
364
364
-565
-565
-529
426
426
-735
-735
-711
-315
-491
-491
644
644
1061
811
968
1131
1667
943
893
893
1482
2767
2330
1039
422
422
1275
1955
1470
1270
-472
-472
1060
1060
478
-970
-1451
-1203
-547
-753
-964
-833
-1343
-1685
-1981
-1416
-713
-838
-1262
-1224
-1104
-1093
-1234
-573
-756
-756
-991
-326
-461
-461
-534
372
372
-627
-627
-610
302
302
782
782
1184
821
970
1240
1884
974
745
745
1415
2556
1980
673
343
343
1098
1569
1081
956
-703
-703
-425
826
826
-1106
-1106
-1262
-930
-408
-721
-743
-591
-1128
-1439
-1561
-902
-342
-603
-970
-909
-906
-987
-1076
-846
-846
-889
-615
-615
-529
-681
-681
-551
393
393
899
899
1236
932
1101
1408
1877
1165
499
985
1511
2559
2127
897
402
402
1146
1632
1105
807
-334
-779
-423
606
606
-1294
-1294
-1539
-1146
-580
-926
-1017
-821
-1214
-1545
-1631
-1008
-416
-686
-1012
-786
-695
-811
-992
470
470
-635
-635
-760
-630
-630
-560
-493
-493
-867
-700
-310
-310
853
853
1159
919
1116
1467
1920
1321
557
1102
1596
2688
2303
1145
523
523
1227
1759
1207
865
-646
-646
-331
570
570
-1363
-1363
-1564
-1169
-621
-983
-1188
-1030
-1345
-1587
-1703
-1142
-622
-817
-1205
-918
-718
-747
-898
463
463
-562
-562
-642
336
336
-366
-366
-379
-378
-378
-764
-522
-377
-377
-391
-391
573
573
832
715
764
1221
1589
1343
809
809
1209
2450
2398
1369
364
408
1086
1755
1361
1032
-442
-442
726
726
-980
-980
-1414
-1062
-488
-698
-1091
-831
-1182
-1498
-1735
-1281
-696
-837
-1271
-1132
-995
-992
-1157
-633
-744
-744
-901
-321
-321
-383
393
393
-528
-528
-420
541
541
622
713
660
1158
1254
1497
576
480
921
1576
2429
1789
632
630
630
1502
1580
958
586
427
427
646
-352
-1303
-1183
-659
-354
-1038
-953
-1021
-1398
-1621
-1564
-916
-763
-1208
-1246
-1029
-1030
-1125
-1033
-597
-597
-872
-512
-404
-404
513
513
-343
-343
-448
429
429
543
557
652
871
1355
1331
1480
500
699
898
1916
2503
1587
906
906
1739
1335
813
372
435
435
520
-731
-1350
-1046
-467
-625
-1223
-919
-1075
-1325
-1614
-1285
-678
-747
-1173
-1022
-788
-929
-1196
-724
-684
-684
-968
-358
-391
-391
-430
-556
-556
-444
632
632
571
529
645
974
1331
1354
1499
482
744
805
1870
2447
1333
1019
1019
1675
1030
641
-378
-378
486
486
467
-876
-1365
-947
-310
-615
-1234
-845
-1007
-1206
-1512
-1211
-662
-812
-1196
-990
-752
-920
-1172
-662
-647
-647
-926
-329
-329
-326
335
335
-525
-525
-458
565
565
489
443
718
954
1352
1151
1646
836
673
870
1469
2524
1758
437
742
742
1534
1236
674
526
-390
-390
605
605
-613
-1414
-1214
-632
-533
-1302
-930
-956
-1150
-1456
-1375
-728
-705
-1042
-942
-791
-777
-1045
-725
-557
-557
-947
-371
-359
-359
339
339
-529
-529
-460
412
412
442
304
531
861
1272
1184
1354
1522
531
822
779
2158
2411
1180
1174
1174
1668
837
665
-404
-404
-372
600
600
-1245
-1245
-1506
-1064
-413
-1014
-1346
-966
-1194
-1383
-1683
-1125
-606
-820
-1205
-1030
-769
-866
-979
-781
-781
-736
525
525
471
471
-315
-315
-680
-367
-367
-322
400
400
555
555
955
1137
1075
1360
1622
572
708
859
2418
2537
1084
493
493
1362
1598
706
613
-376
-376
-457
593
593
-1493
-1493
-1562
-960
-461
-1147
-1396
-1026
-1285
-1509
-1733
-956
-566
-1053
-1346
-951
-530
-734
-959
-711
-711
-418
442
448
367
367
-303
-303
-511
-364
-364
372
372
579
579
1128
961
1056
1187
1825
809
579
786
1822
2558
1376
309
356
1009
1439
908
749
498
-366
-521
482
482
335
-996
-1514
-1166
-693
-866
-1412
-1012
-1297
-1487
-1689
-1289
-703
-1002
-1286
-1092
-681
-745
-1086
-585
-372
-372
-446
341
341
359
359
407
767
767
889
875
1096
1429
1949
618
738
929
2183
2632
1325
428
357
1023
1529
1000
868
-561
-561
-598
501
501
-1325
-1325
-1656
-1328
-726
-1045
-1357
-1062
-1411
-1559
-1742
-1100
-662
-955
-1240
-935
-663
-790
-924
347
347
-622
-622
-554
347
659
392
392
-492
-492
-358
-358
374
374
833
995
761
1091
1395
1901
840
535
922
1688
2488
1520
589
740
740
1282
1128
844
414
-508
-519
338
338
-958
-958
-1500
-1275
-749
-802
-1357
-1089
-1345
-1412
-1516
-1223
-792
-1049
-1235
-1017
-607
-637
-926
-483
-357
-357
-446
353
353
333
333
-324
-324
-348
-348
585
585
680
723
766
1298
1457
1675
773
497
924
1494
2379
1668
686
463
463
1254
1261
761
-440
-440
-427
-742
-742
-1437
-1355
-815
-650
-1207
-1061
-1236
-1273
-1449
-1275
-736
-790
-973
-1022
-703
-555
-749
-436
-349
-349
-559
376
376
-477
-477
-393
363
363
726
648
740
940
1346
1287
1520
785
804
929
1466
2166
1405
455
656
656
1331
1014
500
-453
-453
-458
-906
-906
-1412
-1227
-633
-616
-1110
-909
-1149
-1122
-1248
-923
-504
-704
-872
-788
-474
-459
-637
-342
-342
-361
-423
-423
-314
-314
-369
-369
-311
582
582
633
609
771
1034
1118
1378
1420
596
711
810
2014
2029
998
997
997
1281
822
596
-455
-455
-361
445
445
-1230
-1230
-1271
-782
-330
-881
-1022
-936
-1111
-1046
-1119
-643
-636
-825
-812
-619
-450
-670
-633
-397
-397
325
325
-380
-380
-437
-313
-313
-398
-412
-468
-375
391
391
509
453
679
794
1121
1272
1739
1162
576
783
1345
2237
1705
712
655
655
1315
1155
783
496
-325
-325
377
377
-603
-603
-1208
-1031
-501
-493
-1015
-873
-995
-1068
-1148
-987
-620
-791
-887
-778
-512
-536
-835
-504
-458
-458
-470
-470
-351
-408
-408
-373
-455
-573
-350
-341
-341
-338
341
341
474
687
684
882
1190
1524
1585
650
908
1029
1939
2099
1254
618
533
1000
1307
994
848
356
356
-917
-917
-1032
-851
-587
-963
-1010
-999
-1235
-1154
-1293
-898
-840
-932
-840
-750
-635
-875
-692
-429
-429
-324
-400
-400
-605
-396
-470
-470
-566
-555
-632
-491
-367
305
305
403
642
623
839
989
1398
1431
1677
1377
930
1116
1488
2215
1943
1137
604
683
1182
1188
912
647
-548
-548
-1140
-1151
-843
-721
-1087
-945
-1057
-1191
-1202
-1174
-816
-865
-884
-749
-619
-607
-818
-499
-510
-510
-386
-386
-511
-318
-472
-472
-609
-418
438
438
623
646
569
663
1007
1226
1442
1445
1619
1142
820
1035
1501
2100
1488
743
431
657
927
769
766
534
-476
-476
-483
-481
-481
-941
-1018
-873
-920
-944
-646
-857
-1134
-1357
-1111
-726
-814
-849
-770
-634
-819
-920
-480
-449
-449
-488
-461
-461
-329
337
337
448
336
508
508
667
964
1022
1121
1122
1129
863
878
1093
1401
1444
1118
884
720
591
667
787
922
520
-498
-498
325
325
-550
-550
-993
-1041
-1006
-864
-664
-752
-1222
-1551
-1430
-927
-763
-917
-1023
-1006
-920
-817
-579
-358
-358
-345
323
323
312
413
413
408
-435
-435
-443
-367
-318
-415
-471
-443
-350
-316
355
355
485
630
791
1004
1058
1169
1368
1339
1163
934
1129
1449
1572
1148
644
504
707
715
659
398
-387
-387
-433
-576
-576
-1009
-1201
-1062
-1009
-1026
-1100
-1191
-1257
-1209
-1033
-920
-862
-866
-708
-540
-424
-435
342
342
385
374
349
-328
-328
-417
-473
-559
-591
-567
-527
-499
-518
-460
-388
350
350
451
567
768
862
1041
1085
1112
1357
1342
1195
893
979
1297
1417
1052
635
466
566
510
500
365
-329
-329
-538
-358
-434
-434
-777
-965
-816
-810
-857
-841
-866
-861
-949
-844
-676
-634
-656
-537
-371
-373
-373
332
332
-404
-404
-481
-571
-518
-542
-517
-514
-504
-512
-481
504
504
645
765
917
1024
1071
1299
1287
1356
1139
1103
1321
1403
1416
1023
827
742
643
658
582
-370
-370
-394
-394
-805
-1055
-1027
-982
-997
-1017
-1124
-1137
-1195
-1036
-837
-811
-824
-789
-576
-460
-377
-360
388
388
387
309
-330
-330
-374
-334
-464
-613
-709
-703
-664
-639
-646
-634
-668
-616
-465
381
381
467
545
625
714
844
1034
1123
1157
1238
1421
1513
1310
1189
973
1224
1326
1219
940
610
420
386
431
391
-323
-323
-593
-576
-487
-581
-796
-994
-1079
-1067
-987
-934
-982
-1060
-1025
-962
-745
-658
-611
-559
-493
-384
-304
-304
-325
-416
-383
-502
-521
-539
-509
-464
-501
-507
-458
-358
309
309
373
406
527
605
639
655
831
850
963
983
1136
1035
851
756
702
946
880
730
516
319
-335
-335
-511
-438
-399
-526
-668
-822
-903
-880
-837
-726
-763
-850
-835
-785
-570
-543
-461
-388
313
313
-376
-376
-445
-467
-370
-306
-389
-395
-397
-386
-336
330
330
343
360
398
500
557
584
600
754
828
700
529
475
648
775
693
549
426
316
327
327
-386
-386
-501
-545
-573
-591
-538
-518
-609
-662
-644
-514
-528
-521
-503
-438
-342
-321
-345
-345
-348
-343
-318
-368
-411
-434
-376
-318
-333
-333
378
378
482
498
467
543
677
913
938
814
651
630
833
899
812
655
518
436
377
350
358
-332
-332
-451
-589
-614
-627
-648
-663
-662
-669
-663
-614
-520
-510
-456
-351
-305
-355
-355
-438
-434
-484
-421
-396
-341
-404
-472
-432
-343
361
361
385
422
510
591
639
726
706
646
578
582
784
765
663
500
430
418
419
401
350
-377
-377
-372
-385
-444
-474
-476
-489
-501
-515
-485
-555
-541
-434
-350
-350
-382
-308
-327
-327
-353
-321
352
352
442
489
453
419
478
629
792
797
678
555
549
676
779
766
653
486
372
373
414
449
301
-366
-366
-424
-483
-486
-497
-489
-493
-518
-545
-583
-594
-561
-426
-348
-353
-421
-430
-352
302
302
350
375
400
432
515
585
607
510
491
476
557
612
564
516
429
371
335
333
-309
-309
-341
-401
-446
-465
-500
-482
-491
-448
-485
-508
-467
-427
-387
-414
-375
-331
367
367
423
411
370
391
475
463
466
445
462
502
502
434
359
353
348
339
313
-374
-374
-477
-512
-487
-419
-411
-447
-462
-441
-410
-374
-327
302
302
358
398
388
380
374
416
447
446
412
376
389
409
373
354
-357
-357
-372
-351
-320
-319
-336
-322
-333
-337
-307
305
305
333
386
400
415
371
394
389
406
386
335
327
302
-322
-322
-331
-319
318
318
347
342
341
350
365
352
343
308
-328
-328
-338
-331
-314
306
306
306
307
307
328
339
330
332
-315
-315
-329
-333
-315
-302
