-303
-303
-330
-347
-361
-371
-387
-386
-385
-381
-374
-366
-352
-342
-327
-310
-303
-303
-335
-358
-381
-404
-415
-438
-433
-433
-427
-421
-414
-391
-367
-338
-322
-326
-326
-351
-376
-394
-404
-411
-406
-405
-401
-399
-393
-383
-360
-349
-338
-327
-302
-314
-314
-331
-340
-353
-352
-358
-359
-357
-356
-352
-356
-362
-353
-340
-338
-315
-319
-309
306
306
311
303
303
302
311
307
305
-313
-313
-341
-355
-359
-361
-367
-379
-384
-406
-401
-393
-383
-372
-371
-359
-359
-334
-305
314
314
323
314
314
303
307
307
312
-319
-319
-352
-382
-400
-407
-415
-416
-415
-416
-407
-392
-382
-361
-362
-338
-334
307
307
319
319
326
328
354
350
371
375
361
347
327
309
-320
-320
-343
-352
-361
-342
-336
-323
-321
-318
-317
-305
-310
-310
-315
-302
303
303
337
360
378
370
371
376
374
388
394
408
398
380
350
342
311
-312
-312
-333
-336
-331
-333
-338
-354
-360
-349
-341
-320
320
320
340
355
352
358
371
373
409
416
444
443
446
415
405
391
354
310
-304
-304
-311
-328
-344
-349
-357
-354
-363
-369
-376
-372
-362
-337
-311
305
305
346
383
411
408
437
436
467
483
507
521
509
500
465
451
398
361
-321
-321
-326
-336
-338
-357
-375
-394
-407
-436
-437
-443
-444
-425
-416
-387
-370
-341
-339
-327
-327
-317
-308
312
312
362
419
458
485
496
504
527
532
574
565
606
584
583
565
549
517
463
412
327
-302
-302
-339
-358
-366
-383
-391
-422
-434
-450
-452
-463
-453
-459
-437
-417
-393
-357
-331
-302
314
314
357
409
464
495
518
510
542
530
566
561
594
613
599
582
532
520
461
419
327
-313
-313
-320
-320
-313
-348
-362
-382
-396
-395
-404
-404
-399
-379
-371
-345
-335
-302
-309
332
332
381
418
476
507
535
511
525
532
534
557
545
587
568
578
534
526
478
427
363
-336
-336
-341
-350
-357
-373
-419
-433
-462
-463
-464
-446
-451
-426
-398
-350
-318
339
339
384
427
483
507
538
527
555
539
572
577
594
629
610
623
570
572
503
457
373
316
-315
-315
-309
-323
-328
-362
-394
-424
-444
-440
-452
-457
-468
-436
-424
-385
-353
-328
-318
-341
-331
-333
-307
319
319
384
440
510
542
563
549
578
563
604
610
645
686
667
678
613
634
602
565
518
421
372
-432
-432
-642
-821
-892
-833
-789
-727
-684
-576
-549
-525
-586
-563
-586
-567
-548
-379
-308
-308
-424
-404
-402
-359
-314
-342
-342
-340
-342
-350
-326
418
418
590
739
854
1028
1151
1242
1309
1404
1524
1569
1702
1823
2158
1976
1391
649
-337
-337
-451
-451
-675
-1003
-970
-1187
-1668
-1848
-1629
-1026
-744
-512
-342
468
468
477
716
1050
1383
1304
1106
804
576
-353
-353
-452
-581
-1024
-1394
-1593
-1557
-1525
-1357
-1096
-901
-839
-950
-860
-742
-654
-663
-477
409
409
505
515
423
368
368
414
423
608
794
901
799
754
754
773
905
1062
1420
1658
1804
1856
2013
2069
2294
1942
1007
-466
-466
-434
-434
-446
-869
-1280
-1649
-1579
-1638
-1963
-1701
-1109
335
335
334
334
669
1121
1315
1227
1383
1397
1273
678
-459
-459
-675
-613
-484
-557
-829
-1226
-1251
-1312
-1352
-1613
-1561
-1305
-983
-784
-636
-595
-708
-735
-690
415
415
469
374
313
313
366
554
509
440
407
581
746
903
940
1130
1288
1463
1609
1772
1908
2013
2026
2263
2088
846
-1102
-1102
-731
-610
-639
-825
-665
-1000
-1519
-1831
-1730
-1459
-1763
-1222
-498
641
917
836
798
843
721
701
1067
1385
1492
1097
1020
750
337
-428
-1037
-1229
-1282
-1297
-1184
-936
-1017
-1264
-1549
-1375
-1120
-982
-940
-742
-333
-371
-371
-530
-586
-442
509
509
670
657
552
715
1031
1336
1526
1724
1918
2088
2089
2142
2139
2147
2079
2223
1413
-1276
-1276
-1745
-1177
-1098
-1108
-1190
-945
-1453
-1767
-1897
-1358
-1246
-1158
740
740
1702
1511
1312
1162
1141
884
1034
1335
1441
1067
526
304
-838
-838
-1639
-1838
-1687
-1487
-1328
-954
-741
-926
-1140
-1113
-600
-566
-566
-816
-957
-866
-643
-404
-546
-817
-931
-758
-582
-356
473
473
563
683
798
889
896
1077
1387
1712
1876
1900
1951
1848
1807
1764
1812
1775
1827
1677
1950
896
-734
-2090
-2354
-1447
-1164
-947
-896
-622
-1290
-1542
-1659
-909
-807
-627
416
1405
2188
1687
1248
892
695
362
657
1019
1112
579
-303
-303
-889
-1489
-2046
-1880
-1404
-1023
-758
-348
-569
-569
-824
-675
-400
-400
-847
-1180
-1428
-1453
-1203
-874
-656
-875
-1030
-965
-622
532
532
892
1054
1059
1109
1104
1138
1155
1396
1700
1908
1897
1787
1632
1469
1365
1372
1481
1477
1608
1619
1846
375
-1265
-2490
-2170
-1132
-743
-502
-417
-379
-1320
-1535
-1570
-807
-827
-356
769
1661
1937
1110
601
591
591
1008
906
-547
-547
-1151
-1620
-1741
-1169
-547
-609
-609
-714
-305
316
399
-382
-382
-834
-1307
-1591
-1690
-1712
-1473
-1056
-795
-871
-1197
-1218
-827
315
315
782
1103
1188
1023
885
911
964
1089
1305
1639
1813
1731
1431
1074
1037
1069
1372
1595
1685
1624
1598
1608
1680
-1522
-1522
-2436
-1748
-505
-317
-317
-521
-933
-1887
-1873
-1575
-596
-662
845
845
1427
1362
420
364
364
1115
1268
763
-685
-685
-775
-1182
-1333
-1203
-617
-582
-582
-799
-569
616
616
448
-592
-592
-1002
-1326
-1422
-1347
-1303
-1292
-1134
-939
-933
-1126
-1335
-1038
-441
750
750
958
953
796
633
656
884
1092
1317
1443
1566
1429
1237
1048
1086
1222
1462
1700
1802
1726
1593
1566
1855
1643
-1580
-1580
-2242
-1049
-357
-369
-588
-702
-1211
-1908
-1644
-1122
-400
-679
1019
1019
1503
1067
421
421
759
1309
1050
-600
-600
-768
-835
-1175
-1285
-1070
-494
-303
-419
-457
-499
-809
-749
-362
353
573
-366
-366
-839
-1156
-1360
-1364
-1323
-1228
-1244
-977
-858
-836
-1037
-1046
-630
599
599
858
960
900
860
740
977
1110
1306
1366
1414
1468
1331
1160
1022
1283
1384
1706
1759
1776
1666
1541
1649
1795
-1331
-1331
-2290
-1433
-335
-337
-574
-839
-1123
-1990
-1868
-1405
-388
-484
804
804
1292
1053
406
406
690
1242
1191
520
-472
-893
-814
-1046
-1139
-983
-425
-363
-363
-566
-589
-674
-628
324
324
633
-395
-395
-1033
-1373
-1567
-1530
-1344
-1140
-1123
-1056
-1038
-1037
-1013
-938
-429
850
850
1063
976
833
773
673
782
1018
1297
1423
1365
1283
1090
980
919
1116
1397
1711
1831
1869
1724
1612
1630
1942
653
-931
-2044
-1600
-342
-317
-494
-970
-1105
-1977
-2013
-1601
-640
-471
-361
524
1054
1091
401
401
634
1114
1163
530
-396
-940
-829
-942
-1057
-1049
-633
-320
-463
-721
-698
-694
-761
-467
361
361
-493
-493
-1068
-1314
-1509
-1463
-1337
-1185
-1063
-1074
-975
-960
-869
-793
-453
652
652
906
914
807
819
821
878
1054
1231
1385
1319
1239
1117
1072
977
1149
1388
1716
1844
1744
1558
1535
1625
1995
609
-1029
-2129
-1682
-368
-311
-417
-908
-1094
-1998
-1977
-1477
-491
633
633
1124
1080
379
379
622
1134
1152
493
-429
-979
-809
-858
-870
-819
-453
-381
-381
-642
-637
-580
-641
431
431
-684
-684
-1350
-1617
-1611
-1461
-1255
-1197
-1141
-1210
-1063
-1038
-936
-737
-327
751
751
925
805
625
620
728
933
1157
1326
1399
1340
1177
1088
1066
1089
1364
1657
2085
2150
1974
1788
1650
2008
1823
-1389
-1389
-2103
-932
-677
-677
-1022
-1536
-2218
-1811
-1063
702
702
1047
673
478
478
703
1076
770
-900
-900
-1071
-791
-764
-694
-559
-493
-493
-618
-457
-409
392
392
-422
-422
-1204
-1602
-1561
-1483
-1339
-1361
-1287
-1411
-1316
-1162
-989
-869
-625
456
456
746
752
631
604
742
912
1203
1411
1476
1353
1275
1206
1187
1155
1187
1380
1664
1880
2011
1777
1740
1521
2040
917
-756
-1965
-1776
-753
-753
-793
-1862
-2054
-1483
-372
487
487
740
825
403
403
668
789
-529
-529
-1229
-990
-716
-525
-414
-621
-621
-651
-376
-345
-993
-993
-1762
-1859
-1708
-1501
-1288
-1229
-1141
-1307
-1253
-1109
-844
-687
-353
706
706
862
698
546
592
757
986
1360
1622
1677
1397
1214
1129
1146
1212
1333
1656
1736
1968
1809
1911
1724
1911
1324
-576
-1689
-2226
-522
-598
-598
-947
-1518
-2229
-1690
-915
434
434
600
722
-372
-372
-316
498
498
571
674
-454
-454
-1151
-1143
-773
-485
-453
-453
-707
-611
-303
-911
-911
-1694
-1999
-1803
-1627
-1478
-1572
-1454
-1407
-1309
-1215
-987
-653
-371
551
551
913
911
792
800
972
1196
1390
1558
1625
1595
1381
1280
1207
1214
1338
1486
1682
1888
1763
1848
1711
2085
1716
-1637
-1637
-2473
-793
-344
-344
-890
-1395
-2357
-1951
-1199
413
413
494
-516
-516
-510
469
469
698
812
345
-308
-999
-1093
-667
-420
-420
-786
-670
-481
-481
-1178
-1886
-2141
-1770
-1448
-1129
-1271
-1401
-1535
-1503
-1294
-983
-604
433
433
601
667
660
778
970
1214
1532
1676
1761
1637
1534
1568
1456
1553
1415
1609
1631
1789
1877
1821
1905
2138
1486
-578
-1927
-2295
-363
360
360
-418
-929
-1584
-2184
-1629
-687
307
326
326
-568
-568
-452
524
524
745
604
-576
-576
-1079
-909
-395
339
339
-467
-467
-691
-435
-563
-563
-1189
-1798
-1938
-1731
-1417
-1274
-1415
-1431
-1470
-1353
-1199
-835
-499
330
330
657
789
833
934
1118
1184
1380
1530
1692
1608
1441
1538
1595
1797
1716
1802
1815
1824
1809
1823
2195
2270
700
-1084
-2264
-1298
323
323
-707
-707
-1179
-2155
-2024
-1220
-332
-332
-696
-554
540
540
683
-410
-410
-908
-938
-561
-433
-433
-497
-622
-622
-1080
-1528
-1705
-1561
-1383
-1099
-1298
-1589
-1793
-1531
-1188
-796
-519
-396
-313
381
381
737
958
1136
1320
1479
1553
1579
1548
1544
1688
1839
1956
1918
1877
1820
1795
1736
1750
1796
2223
961
-584
-1966
-1600
-781
-781
-1035
-1914
-1994
-1305
303
303
-429
-429
-801
-666
355
355
389
-480
-480
-761
-706
-317
-317
-355
-640
-640
-1159
-1495
-1699
-1567
-1434
-1333
-1432
-1692
-1769
-1640
-1270
-896
-561
-339
379
379
640
725
908
1201
1352
1532
1500
1568
1541
1616
1734
1874
1999
1910
2080
2055
2099
1987
1941
2047
467
-732
-1791
-911
-1136
-1136
-1471
-2248
-1996
-1080
-511
-511
-623
-771
-840
-449
390
390
358
-691
-691
-841
-403
418
418
358
-465
-465
-397
530
530
465
-453
-453
-970
-1255
-1364
-1320
-1201
-1276
-1353
-1625
-1785
-1788
-1449
-997
-758
-618
-615
-559
-437
410
410
795
910
836
900
1133
1447
1754
1860
1845
1703
1745
1797
2000
2051
2178
2209
2196
2131
2317
1580
-1124
-1124
-1363
410
410
-771
-771
-1348
-1961
-2250
-1625
-308
387
-498
-498
-917
-915
-1016
-707
435
435
334
-403
-403
-656
-571
361
361
450
-346
-346
395
395
397
-440
-440
-620
-765
-1006
-1243
-1384
-1525
-1523
-1499
-1407
-1317
-1100
-949
-849
-815
-749
-537
479
479
626
657
694
763
974
1261
1579
1710
1664
1602
1669
1870
2017
2196
2308
2314
2176
2310
2243
918
-1088
-1088
561
561
347
-465
-1243
-1689
-2293
-2076
-1006
-780
-780
-1236
-1130
-1071
-920
-399
-310
-310
-309
326
326
-494
-494
-632
-634
-693
-836
-1010
-1354
-1507
-1670
-1591
-1447
-1135
-892
-794
-813
-892
-727
-450
451
451
522
641
800
1059
1256
1401
1505
1572
1585
1650
1782
1952
2057
2147
2166
2211
2199
2417
1423
449
-454
678
678
445
-1036
-1036
-1350
-1943
-1905
-1254
-352
-352
-978
-1471
-1485
-1240
-1021
-547
-443
-443
-627
-482
-332
-419
-419
-725
-923
-995
-1143
-1201
-1303
-1351
-1456
-1472
-1322
-1080
-952
-872
-726
-543
-305
367
367
595
899
1122
1253
1395
1431
1481
1539
1764
1954
2099
2158
2238
2270
2274
2372
1414
875
722
722
975
719
-764
-764
-1090
-1578
-1567
-1098
-402
-727
-1296
-1756
-1685
-1453
-1237
-786
-429
-565
-863
-882
-500
-357
-357
-737
-864
-902
-963
-979
-1002
-1099
-1219
-1289
-1181
-1056
-944
-861
-610
-408
420
420
612
786
1012
1218
1353
1360
1415
1557
1706
1857
1956
2046
2110
2052
2336
1813
1499
783
985
1159
939
586
-712
-712
-1024
-956
-479
-638
-1183
-1543
-1630
-1481
-1442
-1240
-844
-855
-1076
-1186
-838
-508
-329
-329
-435
-422
-311
-311
-442
-675
-791
-818
-756
-772
-861
-947
-956
-1025
-1005
-793
-576
-377
-329
402
402
508
595
779
931
1103
1183
1403
1484
1635
1637
1773
1838
1990
1922
1654
1492
1266
1458
1188
1017
601
395
-584
-584
-1025
-1324
-1436
-1384
-1430
-1162
-992
-1102
-1408
-1383
-1116
-798
-690
-613
-514
-606
-731
-608
-409
-409
-507
-527
-593
-535
-504
-494
-640
-664
-582
-451
426
426
497
579
621
732
875
1092
1325
1543
1637
1623
1710
1502
1483
1227
1441
1408
1254
1074
776
705
425
345
305
430
-531
-531
-862
-972
-1171
-1116
-1015
-1007
-1150
-1267
-1276
-1232
-1078
-1023
-938
-1005
-1054
-1016
-806
-651
-496
-476
-417
-336
-363
-323
-323
-417
-321
-334
-334
-447
-474
-413
-326
-353
-394
-354
-349
354
354
499
637
726
838
941
986
1183
1383
1641
1645
1592
1477
1294
1284
980
1082
998
971
853
668
584
554
589
383
-486
-486
-637
-729
-659
-716
-836
-1086
-1153
-1169
-1043
-1083
-1219
-1318
-1390
-1317
-1142
-895
-738
-638
-732
-672
-630
-508
-421
-392
-382
-370
344
344
509
631
782
883
1017
1175
1306
1448
1468
1565
1420
1252
1155
973
1095
977
927
813
678
604
555
580
348
-324
-324
-400
-494
-450
-542
-606
-796
-805
-831
-760
-824
-981
-1132
-1281
-1328
-1189
-1069
-909
-823
-879
-821
-780
-656
-596
-553
-540
-521
-478
-458
414
414
521
521
551
651
794
972
1188
1352
1475
1454
1497
1439
1362
1195
872
912
842
834
695
540
445
424
397
-340
-340
-553
-655
-618
-470
-476
-525
-721
-702
-755
-633
-627
-702
-831
-1012
-1059
-997
-945
-897
-837
-858
-780
-711
-634
-600
-613
-668
-619
-563
-552
-509
-511
-393
-330
356
356
434
550
629
680
778
920
1146
1300
1413
1487
1564
1526
1348
1253
983
1011
887
844
735
551
387
314
354
-332
-332
-580
-744
-761
-653
-611
-632
-771
-718
-693
-595
-621
-737
-840
-921
-913
-788
-684
-677
-698
-794
-764
-678
-624
-620
-665
-739
-686
-605
-597
-581
-645
-624
-560
-467
-416
-429
-412
-379
346
346
427
509
576
586
633
741
911
1079
1234
1345
1468
1626
1591
1387
1214
905
1002
1031
1061
866
593
337
-353
-353
-649
-810
-837
-726
-721
-735
-868
-841
-785
-678
-616
-703
-818
-886
-873
-758
-659
-650
-600
-619
-575
-524
-543
-594
-625
-663
-647
-588
-603
-602
-627
-618
-621
-628
-609
-592
-552
-527
-478
-446
-424
-423
-339
363
363
497
637
694
717
767
861
1029
1151
1292
1306
1397
1431
1560
1440
1373
1071
895
949
914
950
763
609
448
390
-463
-463
-640
-781
-705
-679
-727
-813
-879
-784
-705
-627
-689
-803
-907
-875
-819
-655
-586
-545
-575
-584
-517
-467
-410
-487
-528
-593
-564
-551
-569
-564
-602
-541
-540
-519
-589
-637
-636
-588
-527
-487
-458
-426
-367
469
469
639
749
803
820
863
1024
1220
1450
1524
1618
1622
1690
1502
1340
1146
915
1048
990
1035
776
533
399
457
498
327
-380
-380
-615
-774
-702
-603
-671
-786
-960
-843
-708
-618
-682
-799
-943
-965
-915
-742
-611
-592
-574
-535
-451
-445
-427
-464
-433
-482
-470
-453
-494
-539
-639
-548
-473
-377
-413
-503
-550
-575
-544
-550
-538
-543
-449
-335
429
429
554
641
716
806
968
1106
1253
1383
1498
1604
1708
1743
1523
1340
922
914
947
967
882
587
395
334
334
-460
-460
-649
-728
-634
-709
-739
-865
-870
-781
-656
-646
-722
-873
-965
-903
-867
-733
-707
-620
-584
-487
-421
-360
-392
-463
-451
-451
-399
-462
-489
-536
-514
-461
-465
-444
-530
-551
-542
-489
-489
-522
-597
-613
-505
-352
322
322
462
562
578
652
745
994
1166
1341
1400
1520
1613
1770
1628
1464
1160
878
992
909
924
653
422
315
315
-508
-508
-642
-771
-670
-616
-698
-751
-869
-738
-643
-573
-683
-718
-836
-776
-735
-676
-642
-667
-606
-524
-394
-384
-364
-467
-481
-490
-450
-434
-506
-564
-629
-527
-505
-451
-502
-572
-594
-569
-488
-467
-494
-557
-536
-462
-314
415
415
482
568
633
796
967
1133
1287
1403
1560
1660
1748
1543
1441
1085
1038
1056
1002
948
656
489
383
400
-564
-564
-697
-820
-702
-746
-759
-804
-813
-673
-560
-555
-662
-742
-826
-686
-636
-519
-527
-520
-527
-464
-377
-337
-315
-413
-414
-448
-408
-429
-458
-508
-555
-473
-453
-379
-445
-485
-486
-474
-441
-448
-441
-428
-363
335
335
440
519
550
620
669
839
995
1219
1354
1472
1577
1663
1666
1473
1368
1028
1113
1079
1077
953
659
505
414
417
-522
-522
-735
-858
-739
-824
-806
-916
-875
-758
-650
-645
-680
-760
-859
-800
-745
-593
-546
-467
-436
-396
-399
-394
-379
-407
-399
-480
-470
-526
-531
-588
-589
-556
-553
-507
-552
-506
-504
-481
-530
-539
-521
-456
-321
373
373
476
529
576
621
682
848
984
1144
1238
1378
1490
1628
1599
1401
1236
897
1019
1015
1072
928
656
460
407
426
318
-518
-518
-729
-819
-738
-804
-826
-952
-955
-839
-686
-700
-741
-825
-866
-801
-744
-618
-586
-536
-506
-407
-359
-328
-376
-436
-457
-530
-531
-588
-591
-631
-625
-593
-584
-560
-628
-648
-615
-533
-494
-517
-556
-524
-413
319
319
472
567
615
637
703
879
1055
1231
1323
1389
1457
1557
1564
1371
1214
856
960
948
981
869
586
408
315
346
-531
-531
-724
-802
-716
-786
-790
-915
-946
-852
-685
-667
-708
-858
-926
-792
-735
-584
-580
-502
-536
-473
-373
-375
-375
-412
-462
-427
-517
-569
-660
-661
-593
-557
-525
-617
-657
-696
-633
-591
-561
-591
-559
-483
-359
467
467
567
620
634
694
845
1037
1216
1347
1405
1490
1579
1732
1566
1456
1045
954
1033
1057
1080
791
576
391
409
362
315
-310
-310
-557
-756
-694
-697
-749
-829
-969
-887
-752
-620
-659
-739
-894
-829
-784
-612
-524
-471
-494
-480
-414
-313
-342
-342
-424
-404
-423
-449
-540
-622
-587
-579
-512
-553
-587
-625
-623
-579
-540
-559
-590
-532
-437
333
333
487
582
620
645
774
953
1148
1287
1364
1441
1537
1676
1676
1542
1361
987
1048
1005
1094
936
696
472
384
364
319
-361
-361
-607
-691
-619
-699
-723
-891
-897
-828
-673
-619
-628
-749
-850
-816
-749
-586
-553
-493
-511
-475
-441
-328
-344
-344
-401
-393
-419
-436
-550
-559
-583
-587
-552
-575
-585
-616
-607
-609
-585
-593
-548
-503
-429
-326
365
365
476
545
596
663
780
930
1092
1262
1371
1472
1544
1725
1720
1621
1369
1064
1106
1049
1134
960
731
481
369
344
326
-354
-354
-619
-699
-646
-704
-729
-923
-975
-885
-703
-598
-577
-706
-820
-865
-819
-670
-611
-554
-586
-564
-526
-408
-351
-341
-396
-443
-448
-452
-454
-555
-585
-613
-597
-556
-559
-552
-575
-581
-565
-538
-552
-527
-489
-393
356
356
479
561
603
659
787
943
1085
1226
1324
1459
1569
1751
1693
1660
1354
1111
1134
1063
1156
908
696
474
424
385
348
-405
-405
-678
-721
-717
-750
-816
-1014
-1022
-980
-786
-715
-666
-786
-857
-916
-859
-769
-701
-659
-692
-640
-565
-406
-338
-381
-381
-422
-458
-458
-417
-472
-463
-536
-515
-523
-499
-485
-478
-490
-515
-512
-552
-504
-499
-413
-310
311
311
428
493
546
613
735
889
1017
1134
1244
1410
1518
1721
1687
1644
1467
1184
1237
1119
1198
1010
824
617
549
504
458
367
-566
-566
-686
-710
-775
-781
-974
-989
-992
-817
-732
-669
-795
-865
-937
-900
-780
-729
-700
-771
-724
-650
-451
-350
-353
-353
-386
-425
-410
-335
-398
-386
-460
-421
-391
-369
-333
-355
-358
-378
-361
-391
-374
-397
-353
307
307
410
497
547
616
706
823
975
1079
1233
1359
1507
1646
1737
1610
1568
1215
1257
1168
1195
1122
901
720
562
561
462
426
-427
-427
-650
-663
-782
-789
-963
-1051
-1045
-909
-784
-707
-773
-898
-941
-987
-834
-806
-717
-764
-750
-712
-541
-409
-318
-318
-369
-367
-380
-347
-347
-337
-395
-422
-378
-357
-365
-365
-352
-392
-386
-395
-397
-336
-329
397
397
458
541
622
708
847
938
1112
1227
1391
1518
1676
1699
1601
1532
1223
1285
1160
1220
1099
924
747
609
570
482
382
-446
-446
-628
-680
-781
-797
-975
-1054
-1053
-964
-862
-782
-816
-889
-942
-986
-905
-864
-772
-798
-752
-728
-568
-427
-312
-312
-331
-346
-322
-322
-358
-358
-389
-359
-323
-315
-315
-361
-347
-366
-356
-352
-317
365
365
430
555
651
726
819
927
1080
1215
1382
1491
1599
1589
1497
1468
1229
1292
1144
1167
1031
871
742
607
571
433
331
-382
-382
-565
-638
-762
-774
-944
-1012
-1066
-990
-930
-868
-873
-937
-972
-1044
-955
-944
-820
-879
-813
-830
-615
-681
-558
-458
-491
-437
-368
-379
-379
-315
441
441
508
574
661
682
727
860
1028
1187
1353
1593
1677
1687
1610
1461
1350
1072
1071
882
923
814
769
620
507
487
347
-307
-307
-540
-724
-804
-864
-824
-967
-1027
-1123
-1037
-968
-929
-968
-1014
-992
-1000
-866
-781
-645
-625
-571
-534
-383
-309
-309
-322
-307
-307
-338
-338
-331
-411
-388
-376
-333
-329
-326
338
338
434
495
546
621
704
814
934
1075
1249
1441
1616
1768
1968
1931
1836
1540
1374
1197
1064
1041
919
967
783
677
400
-451
-451
-814
-925
-1078
-1102
-1180
-1138
-1120
-1193
-1216
-1241
-1119
-1104
-1061
-1097
-1013
-917
-743
-575
-423
-365
-365
-360
-408
-474
-536
-590
-577
-614
-589
-587
-481
-445
-387
350
350
463
585
700
797
962
1079
1201
1336
1477
1624
1699
1787
1858
2037
1978
1828
1489
1205
1050
865
858
621
596
386
-376
-376
-600
-905
-1313
-1380
-1433
-1367
-1417
-1378
-1292
-1271
-1236
-1282
-1108
-1009
-910
-934
-787
-573
-332
-349
-349
-413
-547
-680
-820
-894
-909
-962
-944
-944
-836
-773
-670
-585
-405
342
342
476
594
779
925
1053
1146
1254
1409
1503
1601
1647
1787
1846
1937
1977
2142
2019
1665
1152
771
615
481
354
-310
-310
-730
-872
-974
-1179
-1531
-1870
-1805
-1651
-1485
-1481
-1337
-1133
-1002
-954
-906
-595
-457
-376
-441
462
462
501
567
577
499
-383
-383
-589
-687
-783
-978
-1159
-1212
-1313
-1360
-1481
-1407
-1383
-1383
-1373
-1254
-1007
-827
-664
-532
388
388
600
854
1063
1275
1461
1673
1788
1806
1841
1937
2053
2150
2193
2279
2384
2479
2504
2643
2182
1407
487
-411
-411
-667
-965
-955
-998
-1104
-1493
-1520
-1557
-1869
-2309
-2488
-2059
-1520
-1259
-1083
-687
539
539
585
393
523
523
908
1064
975
849
796
642
-464
-464
-792
-1234
-1566
-1612
-1586
-1638
-1792
-1777
-1665
-1627
-1668
-1611
-1453
-1337
-1219
-1063
-721
-389
334
334
703
974
1124
1217
1371
1529
1665
1774
1903
2048
2033
1999
2030
2190
2309
2374
2385
2497
2511
2609
2260
1260
349
-535
-743
-777
-1067
-1354
-1328
-1139
-1142
-1356
-1558
-1394
-1699
-2178
-2390
-2052
-1248
-1018
-815
-368
361
671
763
724
867
946
558
401
485
831
920
729
507
528
419
-455
-455
-928
-1248
-1696
-2063
-2061
-1994
-2011
-2076
-1987
-1587
-1420
-1443
-1417
-1248
-1112
-980
-780
-387
507
507
822
1233
1470
1541
1511
1526
1610
1698
1741
1747
1833
1842
1842
1941
2123
2335
2375
2298
2306
2490
2243
1076
-875
-875
-962
-969
-1368
-1624
-1608
-1209
-1099
-1148
-1452
-1165
-1448
-1902
-2180
-1782
-840
-664
-535
757
757
1196
1319
1068
1156
1091
594
428
428
422
-423
-423
-1044
-1569
-1818
-2097
-2298
-2372
-2175
-2027
-1990
-1861
-1352
-1024
-959
-977
-817
-477
-321
500
500
723
937
1225
1349
1329
1230
1168
1250
1331
1270
1163
1237
1377
1540
1618
1757
2036
2245
2330
2386
2628
2402
1107
-884
-884
-811
-801
-1325
-1566
-1468
-906
-743
-803
-1177
-812
-1325
-1769
-1972
-1597
-752
-693
-612
826
826
1309
1394
953
983
828
316
-359
-359
-575
-505
-505
-1183
-1668
-1781
-2020
-2224
-2320
-2172
-2015
-1847
-1629
-985
-628
-576
-664
-539
385
385
628
795
1111
1222
1164
1038
1031
1156
1138
1013
893
1118
1296
1480
1660
1874
2234
2390
2567
2663
2935
2437
1043
-957
-957
-723
-1020
-1498
-1829
-1580
-933
-707
-766
-993
-674
-1393
-1604
-1873
-1343
-669
-675
-558
1126
1126
1589
1658
1095
1174
857
334
-435
-435
-392
-611
-865
-985
-525
-460
-715
-1445
-1689
-1780
-2003
-2184
-2307
-2112
-1923
-1611
-1174
-460
302
302
559
665
959
1031
1008
905
969
1022
913
684
602
892
1127
1459
1641
2059
2480
2761
2913
2993
3201
2033
778
-520
-1041
-768
-1332
-1787
-2119
-1348
-848
-560
-937
-666
-784
-1414
-1648
-1887
-930
-717
-697
-589
525
1456
1924
1606
1218
1288
635
-586
-586
-705
-847
-1127
-1490
-1203
-751
-736
-1065
-1657
-1624
-1787
-1973
-2232
-2189
-2018
-1726
-1416
-779
451
451
530
372
372
566
830
878
858
783
918
888
761
478
507
788
1076
1421
1694
2320
2759
3108
3221
3427
3049
1521
-1140
-1140
-1058
-1277
-1796
-2271
-2017
-1088
-718
-604
-916
-432
-1032
-1276
-1854
-1448
-681
-719
-622
1256
1256
1930
2216
1508
1518
1186
552
-987
-987
-975
-1334
-1709
-1908
-1303
-975
-907
-1472
-1690
-1550
-1737
-1925
-2184
-2011
-1727
-1431
-1055
438
438
367
474
742
654
471
471
662
802
733
741
823
782
617
319
566
851
1339
1540
2035
2627
3078
3472
3528
3657
2252
885
-767
-1383
-1209
-1946
-2430
-2734
-1613
-1016
-462
-847
-470
-539
-1121
-1474
-1763
-699
-714
-654
-529
816
1902
2513
2060
1604
1672
908
-1007
-1007
-1264
-1608
-2018
-2449
-2062
-1437
-1180
-1431
-1864
-1600
-1500
-1632
-1980
-2002
-1716
-1370
-1089
-453
498
498
503
534
801
893
512
368
368
665
691
658
755
845
788
446
562
739
1295
1594
1960
2475
3063
3565
3631
3922
2397
1252
-552
-1240
-1296
-2064
-2600
-3036
-1860
-1328
-448
-913
-359
-359
-700
-1073
-1470
-527
-653
-554
-647
818
1750
2589
2133
1809
1919
1190
363
-939
-1353
-1873
-2302
-2859
-2444
-1850
-1323
-1426
-1693
-1317
-1169
-1246
-1585
-1708
-1557
-1171
-991
-369
532
532
677
701
895
984
591
-318
-318
-431
392
392
656
664
803
851
874
595
643
860
1330
1683
1952
2512
3082
3664
3902
3867
2563
1254
-349
-1218
-1442
-2297
-2894
-3214
-2235
-1469
-698
-782
-463
-463
-747
-1052
-345
-458
-513
-414
768
1802
2486
2197
1856
1942
1336
450
-863
-1549
-2160
-2686
-3142
-2915
-2295
-1861
-1750
-1769
-1249
-844
-841
-1149
-1308
-1151
-866
-706
-340
398
398
572
704
965
1012
651
-375
-375
-416
-416
-484
502
502
629
809
942
990
912
947
1094
1507
1782
2053
2551
3144
3638
3991
3785
2318
1090
-543
-1122
-1665
-2608
-3327
-3411
-2332
-1610
-803
-858
-483
-483
-533
-367
-367
1071
1071
1885
2471
2014
1967
1987
1350
-937
-937
-1744
-2447
-3055
-3485
-3173
-2602
-2120
-1936
-1632
-984
-561
-628
-854
-962
-737
-557
-430
421
421
575
760
946
966
478
-345
-345
-370
-438
-619
-696
-463
372
372
614
875
971
1070
974
1101
1263
1646
1904
2193
2671
3240
3681
3948
3250
1699
453
-994
-1223
-2207
-3112
-3831
-3299
-2339
-1468
-977
-603
-391
-391
348
1475
2130
2296
1841
2108
1847
1077
-1291
-1291
-2096
-2879
-3580
-3784
-3191
-2671
-2291
-2046
-1378
-510
-352
-352
-628
-584
-404
382
382
495
689
908
712
-347
-347
-468
-452
-562
-766
-733
-436
373
373
718
987
1145
1267
1292
1442
1729
1968
2129
2468
2824
3333
3723
3599
2243
889
-562
-1152
-1638
-2732
-3642
-3822
-2816
-2011
-1194
-906
364
364
421
332
332
770
423
1100
1100
1868
2192
1800
1629
1864
1283
-965
-965
-1824
-2582
-3364
-3902
-3642
-2928
-2551
-2202
-1838
-848
-318
-318
330
330
486
723
830
389
-474
-474
-502
-496
-632
-721
-562
499
499
873
1115
1347
1394
1570
1833
2181
2179
2456
2723
3158
3491
3449
2342
1053
-317
-1239
-1493
-2544
-3325
-3840
-3048
-2224
-1326
-1018
411
411
554
590
509
1054
906
469
965
965
1733
2131
1794
1403
1574
1222
311
-907
-1827
-2503
-3247
-3810
-3801
-3161
-2622
-2196
-1870
-1005
333
333
382
539
557
317
-516
-516
-575
-583
-628
-704
-510
358
358
627
931
1176
1437
1531
1581
1879
2214
2388
2555
2709
3177
3500
3497
2142
804
-586
-1328
-1633
-2744
-3520
-3831
-2908
-2166
-1246
-964
574
574
661
714
722
1292
1126
665
374
1191
1882
2099
1691
1239
1415
998
-1239
-1239
-2104
-2791
-3413
-3906
-3789
-3010
-2490
-1957
-1607
-761
428
428
372
-469
-469
-667
-676
-660
-626
-631
-342
444
444
718
1027
1207
1372
1440
1492
1841
2183
2361
2555
2790
3175
3510
3396
1868
518
-961
-1553
-1947
-3005
-3762
-3872
-2724
-1905
-926
-675
346
771
871
822
804
1323
1080
665
475
1394
2021
2191
1639
1109
1201
626
-441
-1797
-2617
-3246
-3721
-4056
-3705
-2866
-2219
-1691
-1266
-324
345
461
409
409
316
-750
-750
-966
-857
-745
-698
-575
402
402
718
971
1259
1362
1446
1366
1411
1779
2122
2309
2501
2856
3201
3622
3162
1454
-1440
-1440
-1789
-2386
-3313
-4031
-3653
-2480
-1475
-555
891
891
1023
1151
901
1008
1309
1037
591
695
1713
2223
2309
1600
1139
1012
-955
-955
-2246
-3033
-3646
-3937
-4023
-3396
-2507
-1799
-1232
-753
576
576
531
374
374
398
446
-330
-330
-896
-1093
-972
-764
-612
-428
672
672
1030
1327
1525
1583
1577
1450
1400
1636
1905
2177
2342
2724
3020
3404
2816
1078
-348
-1837
-2043
-2767
-3573
-4214
-3470
-2204
-1072
1371
1371
1394
1508
1090
1270
1400
993
503
700
1794
2183
2194
1411
1051
799
-1491
-1491
-2708
-3381
-3914
-4087
-4018
-3083
-2074
-1343
-913
-352
454
829
534
-488
-488
-1042
-1119
-945
-712
-512
368
368
935
1216
1479
1684
1663
1629
1443
1409
1658
1834
1985
2205
2603
2914
3183
2218
594
-867
-2079
-2225
-2940
-3665
-4010
-3013
-1789
-479
785
785
1656
1598
1594
1208
1394
1348
938
484
998
1891
2182
2034
1139
808
350
-697
-1986
-3055
-3686
-3984
-3962
-3555
-2545
-1639
-920
-466
673
673
799
453
-361
-361
-409
-731
-731
-983
-949
-764
-492
647
647
1044
1322
1626
1681
1647
1591
1520
1681
1843
2000
2057
2261
2501
2742
2790
1274
-1758
-1758
-2363
-2456
-3117
-3660
-3607
-2223
-1151
407
407
1301
1661
1535
1384
1167
1535
1231
846
566
1489
2045
2124
1563
713
397
-443
-1565
-2772
-3401
-3900
-3973
-3780
-2908
-1747
-1025
-528
399
399
703
562
-403
-403
-423
-330
-578
-578
-1041
-1010
-676
-347
646
646
1019
1256
1393
1673
1703
1619
1501
1477
1736
1894
1967
1988
2171
2304
2512
2234
591
-815
-2282
-2612
-2621
-3134
-3557
-3099
-1704
-593
509
735
1552
1629
1461
1222
1167
1482
1206
794
776
1731
2165
2075
1277
477
-894
-894
-2087
-3055
-3510
-3746
-3639
-3277
-2195
-1066
-548
412
412
561
-432
-432
-500
-404
-370
-370
-405
-494
-494
-859
-1209
-1008
-599
559
559
971
1287
1374
1479
1638
1616
1515
1334
1401
1696
1894
1969
2018
2191
2240
2420
1614
-1468
-1468
-2794
-2696
-2886
-3231
-3415
-2415
-1094
763
763
978
1767
1427
1293
900
1218
1361
1082
695
1098
2097
2156
1864
760
-483
-483
-1622
-2786
-3403
-3568
-3605
-3294
-2676
-1354
-478
512
512
434
-349
-349
-455
-515
-452
-308
-437
-437
-626
-566
-554
-742
-1148
-1177
-793
-335
419
419
816
1170
1348
1316
1542
1619
1545
1424
1310
1500
1718
1803
1862
2002
2120
2098
2236
1160
-433
-1857
-2967
-2644
-2865
-3099
-3222
-1907
-668
472
846
1150
1736
1293
1141
721
1273
1362
1130
764
1408
2224
2155
1576
346
-916
-916
-2027
-3082
-3437
-3438
-3313
-2904
-2144
-819
430
430
-438
-438
-441
-499
-400
-302
-669
-669
-826
-725
-663
-863
-1155
-1012
-549
573
573
979
1272
1376
1364
1611
1629
1590
1424
1441
1633
1779
1816
1783
1920
1964
1918
1959
981
-742
-2052
-3014
-2550
-2687
-2962
-3024
-1702
-411
589
895
1086
1674
1191
1010
716
1309
1475
1200
851
1508
2325
2088
1341
-443
-443
-1179
-2278
-3139
-3310
-3174
-2967
-2555
-1699
-497
360
360
-314
-314
-389
-354
-317
-311
-446
-446
-897
-1054
-817
-761
-941
-1218
-930
-407
306
306
544
948
1157
1275
1332
1686
1759
1698
1520
1588
1858
1959
1832
1764
1784
1817
1829
1784
487
-1063
-2401
-3003
-2376
-2632
-2833
-2803
-1315
753
753
822
1219
1528
1066
941
753
1608
1562
1242
948
1772
2285
1912
924
-377
-763
-1673
-2554
-3272
-3214
-3000
-2733
-2237
-1314
-305
-305
-705
-705
-1191
-1289
-972
-900
-1006
-1145
-782
377
377
589
903
1031
1160
1316
1730
1841
1812
1693
1727
1908
1979
1880
1740
1719
1710
1744
1771
585
-1027
-2297
-2887
-2277
-2470
-2684
-2626
-1255
643
643
778
1124
1452
935
909
851
1684
1704
1395
1105
1813
2245
1761
813
-467
-926
-1772
-2600
-3114
-2986
-2815
-2554
-2090
-1200
-334
-334
-792
-792
-1249
-1306
-986
-888
-949
-1012
-637
489
489
770
840
1007
1201
1679
1785
1824
1776
1828
1913
1881
1835
1707
1658
1506
1527
1682
1141
-633
-1832
-2840
-2332
-2252
-2609
-2686
-1750
-448
711
711
752
1442
876
800
698
1385
1833
1483
1213
1571
2249
1776
1061
-911
-911
-1574
-2458
-2917
-2935
-2638
-2514
-2080
-1453
-454
-398
-398
-472
-628
-628
-1230
-1351
-1090
-902
-965
-1006
-728
550
550
648
836
1100
1584
1832
1830
1801
1807
1954
1832
1842
1703
1709
1617
1668
1724
1511
-1600
-1600
-2747
-2627
-2242
-2657
-2696
-2089
-611
753
753
611
1267
864
632
647
1128
1871
1618
1459
1527
2363
2021
1313
-920
-920
-1476
-2403
-2806
-2926
-2579
-2483
-2084
-1549
-675
-379
-551
-559
-461
386
386
-663
-663
-1392
-1558
-1299
-1041
-1000
-992
-798
-410
-334
448
448
842
1335
1791
1810
1907
1857
1959
1832
1814
1762
1732
1671
1718
1854
1965
926
-926
-2083
-2891
-2271
-2597
-2664
-2608
-1353
-304
382
629
742
1099
361
570
591
1597
1793
1633
1528
2158
2424
1689
705
-742
-1222
-2087
-2613
-2841
-2671
-2423
-2254
-1729
-1188
-583
-881
-914
-906
-426
503
503
605
594
368
-365
-365
-1201
-1565
-1387
-1025
-853
-931
-839
-590
-418
-395
563
563
1159
1718
1894
1815
1916
1949
1943
1774
1734
1659
1694
1731
1905
2083
1995
344
-1340
-2513
-2790
-2240
-2651
-2669
-2277
-784
632
632
535
797
650
448
448
827
1927
1848
1740
1799
2503
2281
1337
-1161
-1161
-1537
-2302
-2527
-2555
-2319
-2138
-1923
-1523
-1101
-1008
-1379
-1354
-1060
-345
519
519
864
965
738
448
-900
-900
-1586
-1592
-1139
-743
-736
-765
-718
-593
-676
-741
-609
-468
832
832
1508
1910
1881
1848
1971
1980
1807
1675
1763
1811
1988
2072
2314
2428
1628
-470
-1914
-2996
-2659
-2497
-2913
-2598
-1760
-317
395
395
495
495
379
379
1311
2272
1970
2079
2407
2786
1902
735
-711
-1371
-1769
-2277
-2175
-2127
-1894
-1913
-1811
-1587
-1533
-1766
-1902
-1500
-894
479
479
1022
1306
1091
702
-650
-650
-1272
-1465
-1012
-507
-354
-428
-545
-571
-838
-1100
-1066
-871
-542
539
539
1291
1761
1853
1759
1775
1771
1664
1551
1828
2060
2295
2454
2627
2734
2465
650
-1400
-2614
-3202
-2447
-2783
-2588
-2098
-890
-345
-345
-311
-972
691
691
2186
2500
2347
2579
2837
2397
1041
-1224
-1224
-1343
-1724
-1700
-1572
-1531
-1649
-1992
-2124
-2252
-2530
-2718
-2340
-1510
-411
442
1022
1422
1250
693
-571
-571
-939
-1148
-689
-522
-522
-823
-1210
-1556
-1624
-1204
-832
312
312
1112
1434
1421
1253
1210
1382
1434
1547
1905
2465
2734
2947
2983
2854
2652
1713
-431
-1907
-2909
-2633
-1963
-2247
-1881
-1567
-660
-647
-870
-1228
-1049
-1111
-808
547
1587
2993
2678
2502
2493
2370
1611
451
-390
-670
-433
-622
-615
-886
-1291
-1947
-2726
-2942
-3090
-3076
-2719
-1918
-762
651
651
838
775
-355
-355
435
435
555
-440
-440
-989
-1321
-1525
-1510
-1113
-658
396
396
775
664
560
484
836
1241
1585
2053
2580
2984
3099
3046
2855
2705
2307
929
-823
-1720
-2125
-1354
-1449
-1796
-1757
-1688
-1125
-1613
-1666
-1728
-1326
-1222
1056
1056
2037
2506
1831
2009
2015
2001
1279
610
437
545
550
-882
-882
-1745
-2545
-2906
-3025
-3006
-2920
-2477
-1582
-851
-445
-325
-421
-421
-523
-409
340
340
376
408
562
808
509
-619
-619
-815
-874
-843
-676
-432
332
332
948
1338
1717
2074
2520
2786
2838
2940
2856
2887
2273
780
-455
-1162
-1021
-769
-1257
-1638
-1745
-1390
-1433
-1887
-2109
-2082
-1744
-1442
694
694
1363
1384
1154
1690
1849
1710
1207
983
1183
1415
1281
899
333
-676
-1444
-1985
-2210
-2434
-2758
-2628
-2090
-1500
-1279
-1390
-1514
-1445
-1463
-1174
-664
388
388
578
830
829
369
-395
-395
-452
752
752
992
1252
1574
1914
2131
2303
2477
2587
2795
2214
991
-428
-428
-691
-691
-1051
-1033
-809
-1041
-1806
-2065
-2108
-1948
-1656
-782
476
476
384
361
851
1022
1081
709
751
1185
1630
1557
1207
554
-477
-477
-901
-1131
-1609
-1781
-1682
-1444
-1423
-1580
-1877
-2097
-2151
-2083
-1596
-1182
-836
-649
-409
412
412
619
716
769
578
434
370
351
314
639
639
841
869
879
1091
1334
1550
1654
1757
1801
2091
2274
1555
377
-371
308
308
323
-384
-470
-401
-687
-687
-1413
-1534
-1537
-1331
-1170
-441
410
410
504
504
343
799
799
1183
972
538
-524
-524
-583
-554
-558
-601
-622
-677
-886
-1333
-1542
-1476
-1235
-1056
-1051
-949
-803
-667
-612
-635
-700
-679
-642
-453
374
374
632
843
1054
1106
1166
1188
1328
1442
1508
1475
1638
1891
2153
2087
1588
869
452
437
520
652
-371
-371
-845
-1253
-1128
-867
-516
-461
-592
-657
-663
-544
-711
-1010
-1224
-1320
-974
-534
-435
-435
-486
456
456
683
685
515
328
-505
-505
-571
-672
-605
-680
-886
-1146
-1365
-1428
-1451
-1425
-1413
-1341
-1182
-871
-479
460
460
825
1080
1286
1451
1734
1945
2149
2282
2365
2351
2288
2321
2333
2089
1563
879
697
704
764
588
-375
-375
-691
-942
-1198
-1013
-824
-598
-808
-1080
-1146
-1130
-1036
-1347
-1497
-1424
-1257
-954
-820
-629
-610
-723
-684
-463
524
524
856
863
768
575
451
314
-319
-319
-653
-1073
-1366
-1497
-1567
-1599
-1546
-1372
-1136
-884
-593
-374
577
577
876
1202
1485
1807
2091
2268
2417
2419
2319
2237
2203
2010
1621
1221
1218
1181
1171
845
497
444
-337
-337
-409
-454
-690
-655
-505
-370
-715
-1141
-1350
-1254
-1237
-1573
-1636
-1436
-1217
-1149
-1294
-1149
-1055
-1154
-1175
-1000
-596
-386
408
408
569
516
445
475
519
426
395
472
430
-563
-563
-932
-1113
-1151
-1169
-1275
-1223
-1046
-844
-776
-661
-476
584
584
946
1271
1567
1817
2106
2254
2295
2274
2287
2070
1793
1442
1443
1508
1379
1265
968
865
571
-348
-348
-391
-758
-758
-1057
-1061
-1001
-1258
-1592
-1414
-1145
-994
-1176
-1362
-1294
-1410
-1515
-1427
-1115
-834
-724
-542
330
330
384
499
579
527
356
-447
-447
-671
-636
-590
-730
-952
-939
-807
-779
-805
-718
-535
-322
414
414
681
844
1106
1423
1718
1882
1913
2021
2091
1949
1640
1374
1468
1513
1396
1335
1215
1151
836
325
-476
-476
-836
-941
-896
-1081
-1413
-1258
-1014
-882
-1069
-1292
-1235
-1386
-1552
-1553
-1251
-909
-765
-679
-457
361
361
475
480
341
-413
-413
-413
-359
-445
-672
-723
-611
-607
-674
-634
-445
304
304
531
688
895
1170
1431
1586
1606
1714
1904
1859
1591
1267
1294
1529
1413
1304
1249
1171
1077
487
319
319
-693
-693
-932
-887
-822
-1187
-1233
-1068
-874
-929
-1285
-1325
-1365
-1473
-1550
-1402
-1051
-765
-682
-622
-439
-314
311
311
-338
-338
-402
-323
-344
-530
-684
-577
-452
-481
-459
498
498
691
824
1032
1261
1402
1504
1530
1715
1750
1499
1196
1084
1467
1439
1336
1176
1197
1214
740
361
410
410
468
329
329
548
-417
-417
-792
-828
-669
-874
-1135
-958
-760
-742
-1110
-1382
-1346
-1478
-1581
-1555
-1222
-832
-746
-693
-637
-496
-444
-403
-332
-362
-362
-311
-311
-431
-426
-360
-478
-687
-603
-380
-322
-322
322
322
538
762
943
1085
1276
1381
1402
1395
1517
1625
1401
1133
935
1253
1375
1166
1020
929
1136
816
372
372
746
450
435
435
663
500
-660
-660
-677
-507
-638
-950
-866
-664
-689
-1063
-1433
-1410
-1493
-1662
-1676
-1399
-973
-902
-908
-826
-653
-554
-553
-424
-401
-401
-327
-317
-317
-458
-447
-364
-436
-687
-626
-390
302
302
565
823
984
1111
1295
1444
1439
1356
1427
1608
1446
1173
876
1164
1348
1105
870
744
1016
878
337
734
734
629
372
401
637
701
-491
-491
-513
-673
-673
-702
-463
-448
-797
-1290
-1339
-1378
-1564
-1638
-1483
-1099
-1011
-1061
-1008
-859
-744
-728
-554
-348
-418
-418
-431
-431
-404
-327
-403
-644
-623
-342
505
505
772
959
1074
1279
1453
1426
1356
1423
1671
1530
1266
991
1241
1452
1212
916
737
926
858
368
560
560
526
384
384
530
-536
-536
-576
-564
-564
-675
-458
-435
-693
-1127
-1185
-1205
-1410
-1524
-1417
-1135
-1085
-1191
-1134
-995
-947
-953
-783
-513
-430
-522
-425
-343
-343
-483
-351
-351
-307
-482
-482
-483
523
523
711
850
990
1212
1368
1354
1384
1546
1785
1598
1362
1078
1365
1543
1311
1036
836
1028
958
423
549
549
468
325
325
418
-635
-635
-634
-529
-529
-603
-387
-357
-680
-1094
-1074
-1040
-1197
-1314
-1203
-935
-942
-1096
-1089
-992
-961
-952
-770
-524
-470
-605
-555
-337
-308
-516
-603
-383
-361
-361
-489
-489
-441
528
528
704
774
898
1101
1260
1272
1279
1440
1616
1463
1252
1060
1344
1424
1251
984
884
1056
931
425
583
583
472
317
317
-648
-648
-584
-572
-572
-569
-371
-380
-755
-1077
-1005
-985
-1056
-1162
-1043
-853
-922
-1059
-1065
-996
-1027
-1014
-809
-543
-513
-673
-655
-493
-494
-652
-688
-434
-367
-367
-474
-474
-388
390
390
637
803
877
1047
1280
1450
1463
1512
1690
1540
1347
1041
1282
1583
1463
1183
926
1090
1122
551
467
467
554
389
389
-615
-615
-727
-310
-496
-496
-574
-370
-544
-544
-982
-966
-927
-1034
-1076
-1023
-770
-843
-1057
-1103
-988
-984
-1057
-941
-628
-463
-592
-645
-524
-472
-614
-719
-521
-430
-430
-389
-471
-471
-475
517
517
748
880
940
1154
1359
1451
1458
1678
1696
1506
1228
1273
1639
1596
1312
1045
1082
1258
865
362
362
566
315
315
-492
-492
-826
-475
-436
-436
-628
-496
-381
-524
-896
-923
-807
-898
-995
-977
-747
-720
-997
-1141
-1032
-989
-1075
-1068
-808
-574
-671
-801
-669
-555
-593
-711
-594
-328
-328
-378
-417
-417
-452
305
305
565
747
858
1071
1288
1426
1376
1582
1523
1432
1169
1306
1781
1795
1525
1209
1279
1460
949
489
489
728
324
339
339
-628
-628
-956
-517
-474
-474
-622
-415
-518
-518
-996
-1015
-817
-859
-997
-942
-677
-620
-978
-1200
-1104
-1027
-1122
-1137
-903
-647
-731
-907
-800
-685
-717
-808
-668
-352
-352
-370
-370
-414
536
536
727
833
980
1203
1343
1298
1410
1253
1171
973
1280
1720
1701
1340
1124
1314
1586
943
597
597
880
335
307
307
-716
-716
-920
-449
-307
-612
-759
-498
-340
-614
-1041
-974
-759
-845
-959
-909
-628
-654
-1051
-1131
-977
-893
-1051
-1141
-882
-674
-836
-990
-902
-783
-851
-960
-734
-324
-314
-521
-533
-317
-386
-386
-402
320
320
311
311
607
787
950
1015
1250
1347
1404
1246
1040
901
1015
1530
1667
1463
1234
1288
1627
1405
479
450
450
923
777
375
375
-316
-316
-901
-641
-316
-471
-719
-594
-374
-473
-899
-1019
-798
-772
-924
-852
-631
-429
-726
-1046
-939
-796
-782
-933
-901
-697
-678
-822
-824
-758
-861
-958
-867
-547
-334
-513
-578
-448
-347
-359
-456
430
430
674
849
1070
1205
1297
1360
1321
1088
842
740
1217
1535
1422
1063
1052
1394
1647
851
674
674
905
317
316
316
-712
-712
-769
-327
-328
-668
-724
-467
-348
-692
-995
-870
-685
-912
-980
-740
-439
-478
-978
-971
-717
-663
-799
-925
-708
-558
-710
-772
-663
-673
-901
-998
-759
-440
-474
-691
-618
-436
-410
-541
-519
350
350
320
355
355
602
740
905
1097
1335
1461
1347
1109
940
794
1068
1378
1350
1034
977
1212
1623
1101
319
541
541
879
516
402
402
-483
-483
-711
-346
-571
-571
-721
-525
-385
-593
-900
-874
-694
-883
-1016
-809
-514
-397
-821
-994
-783
-684
-704
-833
-712
-582
-663
-688
-597
-529
-732
-903
-771
-535
-456
-648
-636
-466
-431
-529
-572
-334
327
327
445
581
736
959
1284
1397
1438
1177
1022
921
1065
1331
1297
984
896
1071
1466
1232
419
398
398
680
509
364
364
-321
-321
-690
-425
-436
-436
-668
-496
-314
-471
-740
-819
-616
-727
-1034
-904
-625
-351
-606
-945
-805
-725
-763
-863
-817
-609
-652
-719
-566
-389
-467
-716
-760
-562
-383
-477
-523
-374
-333
-393
-547
-443
355
355
408
526
654
985
1267
1361
1115
942
915
1147
1346
1255
898
879
1089
1449
1297
557
360
488
684
522
372
372
-562
-562
-400
-386
-386
-631
-514
-333
-416
-541
-603
-489
-608
-936
-843
-628
-386
-515
-757
-652
-616
-746
-843
-836
-678
-758
-861
-717
-493
-465
-640
-677
-569
-469
-537
-553
-330
-385
-385
-326
340
340
322
368
434
643
899
1009
890
765
794
992
1241
1243
976
803
989
1290
1370
761
429
529
738
640
360
360
331
-483
-483
-419
-350
-350
-612
-543
-316
-353
-522
-545
-455
-399
-742
-827
-578
-377
-399
-638
-600
-479
-625
-918
-957
-907
-1204
-1401
-1133
-656
-752
-1209
-1207
-1161
-926
-699
-655
-475
-416
-416
-374
661
661
908
859
610
422
602
1114
1530
1655
1958
2023
2237
1710
611
327
705
1993
3111
2124
1175
-340
-340
741
741
1074
-816
-816
-1969
-1573
-762
-1177
-1502
-1582
-1102
-1131
-1913
-2195
-1768
-1310
-985
-647
-677
-677
-1246
-567
476
1083
909
461
502
430
601
601
852
919
359
-392
-422
-385
-455
-755
-865
-726
-954
-1367
-1669
-1657
-1369
-1161
-889
-703
-661
-866
-1085
-602
732
732
932
899
1070
1343
1654
2215
2653
3043
2712
1297
883
1333
2456
3464
2640
1121
456
775
775
537
557
709
-971
-971
-1507
-1523
-926
-1329
-1769
-1727
-1458
-1393
-2194
-2669
-2093
-1368
-973
-983
-1114
-1112
-1089
-925
539
539
601
383
383
900
943
865
747
526
408
-505
-505
-498
-618
-1049
-1281
-955
-594
-335
-509
-783
-628
-395
641
641
918
1234
1219
1463
2099
2548
1506
737
946
2178
3525
3081
999
974
974
1308
769
875
-1080
-1080
-1349
-1169
-523
-523
-1626
-1929
-1680
-1147
-1604
-2237
-1739
-1000
-809
-1086
-1516
-1404
-1089
-862
-363
-413
-413
-957
-333
559
730
385
352
352
-455
-455
-446
-446
-368
-329
-329
549
549
839
970
1253
1531
1612
2141
2250
858
503
805
2365
3637
2419
423
1537
1537
1217
704
648
-564
-1116
-1442
-1029
-750
-750
-1776
-1931
-1585
-1234
-1844
-2180
-1283
-838
-1050
-1596
-1758
-1123
-605
-531
-490
-490
-688
814
814
623
-395
-395
-736
-487
-311
-311
-443
-373
366
366
522
869
845
1009
1317
1716
1878
2518
2005
608
665
1268
3110
3468
1651
627
627
1811
876
599
-703
-703
-936
-1151
-485
-997
-997
-1750
-1787
-1481
-1449
-2241
-2094
-1108
-996
-1482
-2204
-1937
-1113
-662
-621
-499
-635
-771
-975
-496
632
729
-392
-392
-409
-409
-489
-494
-494
-307
476
476
672
791
876
1158
1582
1869
2358
2271
656
612
907
2797
3671
1985
630
630
2005
1227
742
469
-375
-582
-842
407
407
-549
-1599
-1669
-1208
-885
-1765
-1928
-985
-906
-1443
-2353
-2235
-1204
-749
-899
-1200
-1363
-1294
-1267
-779
314
-470
-470
-1122
-635
416
416
-501
-501
456
456
348
467
467
571
639
881
1257
1781
2012
2020
2118
534
663
1173
2807
3826
2075
736
736
2283
1653
705
506
-440
-647
-807
-353
471
-473
-1733
-1798
-1410
-896
-1519
-1795
-932
-990
-1560
-2214
-1944
-708
-423
-746
-1025
-1211
-1018
-974
-526
545
-583
-583
-1271
-769
-366
-366
-522
-545
-662
-493
-786
-786
-515
370
370
387
387
482
622
1019
1489
1698
1918
1877
2174
700
739
1222
2784
3762
2185
973
973
2441
1944
886
591
-304
-464
-471
709
709
-1658
-1658
-1813
-1328
-745
-1351
-1714
-1070
-1203
-1780
-2339
-1980
-828
-488
-929
-1281
-1321
-1119
-892
-377
543
-607
-607
-1166
-435
447
494
-394
-394
-405
-459
-526
-526
-1001
-486
425
425
1109
1500
1873
1677
1906
1697
515
1113
1615
3397
3384
1350
1591
1591
2642
1319
701
-436
-436
413
413
635
-820
-1665
-1447
-776
-556
-1486
-1225
-860
-1324
-1901
-2183
-1254
-446
-775
-1323
-1475
-1386
-937
-1026
357
357
-340
-1036
-1050
634
634
-320
-320
514
514
-528
-528
-729
352
352
382
473
473
1131
1394
1524
1294
1643
628
448
1066
2131
3364
2103
-385
-385
956
2342
2139
749
464
358
358
787
-1431
-1431
-1567
-953
-832
-832
-1336
-851
-901
-1466
-1930
-1453
-403
-938
-938
-1386
-1362
-877
-648
-432
357
-990
-990
-1348
-539
455
-339
-339
-783
-647
-347
-391
-501
-501
-901
342
342
497
313
551
551
497
1221
1490
1682
1475
1545
1508
393
940
1403
2970
2721
911
-671
1598
1598
2382
956
-485
-485
590
590
395
-1176
-1894
-1285
-1364
-1364
-1288
-1033
-1163
-1647
-1716
-836
-362
-769
-1397
-1314
-879
-447
-486
-573
-573
-953
-610
548
625
-628
-628
-612
-426
-426
-785
-662
360
360
556
702
1191
1408
1655
1397
1858
787
945
1361
2499
3147
1672
1300
1300
2364
1563
-502
-502
-829
-829
-2053
-1722
-817
-1140
-1140
-1627
-1298
-1251
-1418
-1711
-1103
-457
-657
-1210
-1377
-949
-522
-545
-363
-363
-826
-788
714
714
-494
-494
-618
-450
-450
-569
577
577
328
615
615
666
1110
1014
1298
1237
1750
1231
526
1024
1638
2989
2189
613
916
916
2184
2201
632
343
343
513
-1575
-1575
-1711
-993
-597
-597
-1569
-1447
-1358
-1325
-1568
-1381
-769
-731
-1175
-1367
-1108
-624
-508
-523
-692
-692
-777
630
630
-419
-419
-740
-333
-365
-365
-490
430
430
337
682
682
768
1055
1142
1196
1349
1521
1892
625
985
1170
2519
2488
1116
1584
1584
2213
987
425
425
-982
-982
-1565
-1014
-324
-1366
-1366
-1416
-1272
-1211
-1472
-1505
-1011
-820
-1191
-1464
-1271
-954
-811
-832
-390
-760
-760
-1031
-516
347
363
-323
-664
-444
-439
-439
352
352
367
466
466
707
704
1212
1084
1281
1266
1910
1755
536
1031
1368
2926
2370
887
783
783
1866
2003
587
319
320
320
-1419
-1419
-1612
-1007
-673
-673
-1656
-1364
-1155
-1150
-1529
-1356
-851
-766
-1190
-1306
-1016
-681
-737
-734
-305
-759
-759
-867
-327
-554
-554
-614
-341
-341
-397
-397
328
328
424
424
558
705
1128
1013
1273
1125
2044
1241
423
793
1556
2913
1781
414
1032
1032
1900
1654
380
409
357
357
514
-1426
-1426
-1235
-596
-944
-944
-1497
-1122
-972
-1138
-1583
-1209
-811
-925
-1326
-1323
-987
-751
-851
-647
-459
-459
-797
-761
336
336
-562
-562
-478
-341
-341
-353
-353
307
307
436
444
731
1150
1122
1214
1177
2047
1623
429
886
1393
2943
2086
805
750
750
1703
1737
629
474
-325
-325
551
551
-1326
-1326
-1411
-826
-717
-717
-1404
-1078
-1052
-1094
-1508
-1139
-726
-750
-1157
-1163
-959
-739
-769
-581
-717
-717
-952
400
400
-491
-491
-644
-372
-372
-305
406
406
415
369
369
713
1021
1024
1125
1540
1900
568
598
1001
2408
2602
1339
1491
1491
1930
1282
610
340
679
679
-829
-829
-1500
-1061
-370
-381
-1306
-1230
-1210
-1232
-1591
-1375
-851
-746
-1131
-1350
-1061
-813
-774
-698
-445
-445
-960
-520
416
513
-452
-452
-418
-418
410
410
383
383
434
555
555
856
999
683
1152
1455
1960
598
408
972
1838
2475
1493
527
969
969
1584
1559
820
349
-435
578
578
-680
-680
-1434
-1158
-662
-1029
-1029
-1236
-1531
-1590
-1482
-1241
-918
-1071
-1384
-1448
-1217
-995
-805
-723
-648
-648
-877
-425
392
512
-327
-327
-350
322
322
-323
-323
400
400
413
413
378
367
522
649
948
949
1338
1532
1785
423
551
1053
2191
2422
1383
334
1204
1204
1690
1390
683
-348
-348
542
542
-831
-831
-1498
-1199
-490
-325
-1187
-1418
-1626
-1388
-1377
-1101
-1012
-1178
-1423
-1437
-1102
-874
-803
-768
-407
-365
-555
-815
358
358
395
395
429
429
428
428
323
540
540
776
785
1043
1264
1435
1266
932
932
1135
2329
1945
1080
345
345
1245
1724
1285
580
-546
-546
434
434
519
-1227
-1227
-1385
-1028
-315
-701
-1315
-1513
-1622
-1366
-1380
-1164
-1187
-1304
-1482
-1256
-1054
-805
-1011
-732
-433
-432
-663
-702
327
327
-317
-317
328
328
540
351
351
481
342
312
312
599
819
814
1176
1211
1429
1284
438
1009
1091
2452
2121
1180
386
386
1421
1914
1250
480
-388
-388
416
416
546
-1239
-1239
-1547
-1219
-332
-585
-1228
-1521
-1803
-1503
-1441
-1130
-1006
-1211
-1557
-1399
-1122
-670
-889
-637
-528
-420
-546
-509
401
401
338
338
338
318
318
444
536
536
735
879
1044
1180
1285
1550
551
954
905
2061
2121
1372
395
1145
1145
1572
1231
581
-350
-350
404
404
-1037
-1037
-1576
-1262
-437
-432
-1204
-1585
-1867
-1524
-1403
-1003
-1096
-1306
-1704
-1460
-1006
-641
-782
-874
-618
-355
-355
-458
326
326
323
323
352
352
502
683
869
1140
1059
1472
1175
653
991
1195
2309
1974
1187
444
444
1306
1699
1128
572
-384
-384
314
314
452
-1362
-1362
-1634
-1196
-348
-769
-1299
-1728
-1708
-1462
-1334
-1075
-1137
-1331
-1540
-1222
-878
-641
-919
-670
-428
-458
-458
-450
331
331
306
306
-302
-302
318
318
397
636
792
861
951
1311
1444
626
867
944
2166
2031
1219
420
420
1299
1590
1078
495
-442
-442
303
303
415
-1402
-1402
-1648
-1188
-620
-620
-1302
-1704
-1734
-1388
-1183
-884
-1071
-1326
-1542
-1145
-730
-440
-750
-574
-412
-396
-396
345
345
311
311
317
-384
-384
324
324
737
662
741
885
1544
1450
457
561
833
2335
2061
1124
335
335
1084
1368
1080
672
-594
-594
-423
485
485
-1318
-1318
-1560
-1157
-370
-807
-1095
-1404
-1463
-1396
-1266
-792
-776
-1013
-1334
-976
-604
-380
-635
-363
-305
-305
451
451
-379
-379
-404
-434
-434
-466
-313
564
564
750
592
764
959
1576
999
499
742
1306
2148
1477
791
620
620
1100
1233
939
460
-532
-532
457
457
415
-520
-1319
-1320
-769
-741
-741
-894
-1359
-1356
-1279
-808
-463
-678
-1035
-1025
-654
-347
-347
372
372
-329
-329
-384
-384
-394
-304
-304
-323
554
554
587
456
547
851
1137
1298
449
642
690
1598
1648
1151
403
640
640
1089
1131
672
-562
-562
-311
531
531
-908
-908
-1293
-1005
-614
-614
-1054
-1307
-1081
-710
-356
-536
-832
-985
-652
-397
-429
-429
-306
-330
-330
-325
-325
-393
-424
-413
-423
-378
321
321
325
344
416
722
851
1193
1200
418
572
685
1726
1766
1117
877
877
1356
1101
718
387
387
671
-709
-709
-1106
-743
-538
-538
-964
-1084
-874
-692
-445
-553
-837
-1110
-913
-531
-511
-511
-511
-486
-391
-391
-374
-306
-337
-337
-552
-635
-622
-578
-530
-415
-426
-547
-615
-420
426
426
565
829
1026
1311
786
390
727
1384
2107
1589
821
645
645
1265
1475
1216
671
702
702
674
-913
-913
-942
-451
-447
-447
-727
-1113
-1170
-1118
-769
-620
-760
-1112
-1110
-802
-531
-569
-598
-378
-332
-332
-377
-377
-476
-476
-562
-506
-552
-562
-562
-388
-384
-484
-496
417
417
620
738
904
1158
1395
1335
859
1013
1233
1817
1906
1452
839
703
1054
1359
1287
928
334
334
361
-767
-767
-1001
-888
-506
-593
-772
-1051
-1286
-1270
-1029
-739
-750
-909
-1052
-859
-617
-545
-548
-422
-304
-334
-334
-347
-424
-424
-523
-551
-497
-398
-345
-345
-469
-399
391
391
540
633
862
1025
1184
1239
1444
1654
1192
1032
1067
1670
2038
1554
823
446
733
1091
1083
811
-311
-311
-419
-646
-646
-1194
-1230
-775
-583
-734
-939
-1259
-1324
-1286
-936
-722
-800
-1020
-1056
-842
-632
-575
-474
-365
-349
-349
-408
-381
-381
-383
-323
361
361
387
382
382
617
852
1040
1029
1118
1145
1078
932
936
1341
1458
1366
923
625
617
808
857
799
429
-347
-347
-432
-432
-906
-1144
-960
-823
-777
-1001
-1196
-1386
-1310
-1057
-859
-911
-1076
-1058
-889
-665
-628
-545
-456
-320
316
316
-363
-363
-320
390
390
645
788
889
930
1115
1104
1015
995
977
1255
1251
1207
860
653
622
692
734
593
-468
-468
-813
-969
-854
-782
-723
-913
-1017
-1118
-1043
-884
-759
-681
-727
-755
-672
-521
-359
-309
-309
-396
-392
-340
-319
-319
-361
-431
-429
329
329
386
453
547
642
814
960
1129
1163
1015
945
921
1154
1334
1255
1052
789
700
725
748
730
501
-545
-545
-685
-670
-658
-634
-753
-873
-928
-944
-826
-771
-719
-761
-723
-601
-557
-455
-434
-361
-325
-325
-373
-355
-355
-347
-384
-420
-330
-306
-306
431
431
466
576
708
801
949
1128
1132
1082
1109
1144
1231
1334
1263
1132
1000
878
781
747
741
480
-487
-487
-669
-803
-918
-970
-945
-1007
-1107
-1184
-1181
-1134
-1062
-1008
-978
-907
-826
-750
-611
-480
-399
-320
-338
-338
-373
-370
-355
-358
-342
-326
331
331
458
608
735
855
883
918
1114
1241
1124
992
1006
1218
1240
1092
858
698
634
656
525
521
-371
-371
-313
-377
-377
-702
-963
-995
-901
-890
-948
-1026
-1159
-1215
-1140
-909
-828
-868
-887
-796
-617
-458
-435
-335
310
310
321
313
313
339
-338
-338
-359
-345
313
313
431
545
606
716
770
872
888
943
1002
983
945
830
815
859
801
661
501
411
325
-420
-420
-432
-446
-562
-727
-823
-784
-766
-795
-830
-842
-799
-789
-732
-660
-573
-526
-499
-398
313
313
348
382
382
514
515
444
392
456
524
635
543
444
353
406
517
509
410
-341
-341
-363
-359
-381
-389
-437
-463
-501
-491
-461
-446
-477
-512
-429
-382
-363
-372
-324
372
372
498
460
446
395
516
638
661
590
464
422
483
506
517
379
-331
-331
-342
-395
-419
-535
-592
-627
-620
-563
-561
-580
-595
-588
-518
-474
-399
-353
-322
-326
-326
-339
-341
343
343
399
414
467
510
585
561
555
561
599
611
578
524
507
461
386
362
324
-330
-330
-411
-439
-428
-437
-477
-511
-505
-503
-505
-477
-432
-399
-397
-427
-380
334
334
472
493
469
454
517
561
605
609
632
614
601
572
566
576
568
503
439
410
359
-314
-314
-352
-354
-395
-460
-485
-469
-460
-472
-457
-460
-431
-425
-372
-318
337
337
364
377
368
429
509
577
592
550
531
542
571
567
582
575
534
487
448
399
398
366
308
-350
-350
-393
-379
-374
-347
-381
-405
-446
-436
-369
-339
-304
-324
340
340
358
370
334
350
355
422
424
399
339
321
328
345
313
-308
-308
-354
-346
-357
-360
-405
-424
-426
-414
-394
-377
-378
-370
-361
-321
324
324
338
363
361
406
425
451
406
388
365
386
375
349
-359
-359
-413
-404
-391
-384
-415
-449
-445
-420
-387
-348
-319
-310
306
306
320
317
304
337
337
372
374
316
310
310
314
-308
-308
-340
-336
-303
-303
-303
-346
-407
-423
-420
-388
-379
-392
-398
-388
-347
-303
-303
-322
-320
-305
-305
-303
