-410
-410
-425
-433
-433
-425
-419
-407
-410
-410
-427
-435
-449
-441
-430
-403
-402
-402
-397
-405
404
404
406
399
399
419
417
438
441
446
425
406
399
399
416
421
433
436
439
423
406
-402
-402
398
398
420
422
436
439
447
466
462
466
452
436
417
404
396
-402
-402
-431
-436
-430
-417
-413
-412
-414
-411
-412
-406
399
399
396
406
397
400
400
-421
-421
-442
-446
-447
-434
-432
-431
-427
-416
-402
403
403
431
421
413
-411
-411
-434
-447
-443
-423
-418
-417
-420
-415
-400
-417
-417
-451
-458
-455
-439
-435
-448
-443
-432
-414
-397
-400
-400
-430
-435
-429
-416
-415
-411
-407
402
402
432
438
422
428
421
441
429
441
444
448
430
406
-415
-415
-413
-408
-400
-400
-397
-398
405
405
445
472
483
465
466
438
463
451
473
473
472
462
437
420
-428
-428
-462
-450
-454
-433
-428
-414
-417
-399
424
424
478
507
535
509
509
491
507
523
523
555
546
563
516
503
447
404
-415
-415
-454
-509
-509
-489
-471
-447
-435
-426
-411
-399
-399
-407
-407
439
439
500
552
574
584
546
553
521
569
545
575
578
583
577
528
519
446
400
-400
-400
-469
-510
-550
-531
-516
-470
-463
-445
-440
-425
-417
-416
-405
-414
-409
-409
-479
-479
-423
460
460
614
845
1092
1360
1653
1887
1801
1438
946
768
731
737
571
494
573
533
-668
-668
-1123
-1740
-1992
-1816
-1485
-1231
-1163
-1004
-941
-899
-1023
-1030
-927
-754
-587
534
534
921
912
718
443
-413
-413
-559
-710
-1065
-1478
-1826
-1897
-1771
-1565
-1338
-1100
-899
-824
-795
-804
-745
-659
-556
487
487
776
883
898
920
892
837
802
915
1098
1265
1406
1571
1762
1809
1783
1718
1780
1917
2035
2246
2265
1578
-709
-709
-1012
-925
-919
-1077
-936
-822
-1029
-1432
-1596
-1513
-1708
-2024
-1959
-1212
503
503
584
594
458
593
593
773
806
799
898
983
870
414
-675
-675
-936
-1012
-954
-821
-732
-762
-891
-1045
-1326
-1602
-1855
-1889
-1658
-1231
-838
-584
-530
-656
-810
-949
-904
-779
-538
397
397
657
718
559
548
548
852
1141
1344
1489
1576
1615
1642
1762
1875
2041
2152
2302
2477
2652
2793
2611
1658
-1383
-1383
-1848
-1422
-1076
-1097
-1222
-1283
-1579
-2022
-2287
-2157
-1969
-1914
-1462
-448
815
1477
1458
1149
974
877
871
1041
1380
1638
1482
1106
669
-1028
-1028
-1634
-1811
-1644
-1362
-1152
-1093
-1171
-1420
-1698
-1772
-1631
-1396
-1150
-854
-457
-631
-631
-793
-744
-558
397
397
460
471
486
494
718
1002
1280
1413
1496
1543
1654
1759
1906
2150
2439
2646
2684
2554
2378
2487
2105
934
-756
-1753
-1705
-1143
-1060
-1250
-1259
-1295
-1548
-1999
-1878
-1470
-1122
-958
633
633
1540
1706
1314
1027
871
827
783
960
1214
1193
747
-680
-680
-1135
-1567
-1649
-1443
-1086
-861
-710
-674
-800
-1015
-1123
-1019
-822
-709
-683
-545
-441
-503
-748
-999
-1006
-892
-714
-549
590
590
812
1040
1315
1555
1691
1797
1899
2098
2294
2555
2744
2941
3010
2927
2718
2575
2516
1743
-1661
-1661
-2308
-1879
-1263
-1177
-1332
-1308
-1529
-1948
-2151
-1692
-1092
-744
443
443
1476
1954
1699
1167
881
741
672
757
997
1052
604
-814
-814
-1213
-1494
-1725
-1758
-1432
-1009
-680
-517
-471
-536
-692
-719
-450
-585
-585
-815
-1010
-1239
-1418
-1369
-1153
-930
-764
-662
-596
-667
-667
-435
588
588
932
1110
1318
1505
1623
1638
1763
2042
2319
2605
2834
3073
3117
2995
2650
2432
2334
2337
1551
-1954
-1954
-2585
-1937
-1278
-1139
-1331
-1291
-1543
-1930
-2001
-1431
-699
-450
642
642
1655
1959
1500
802
485
539
539
737
704
-803
-803
-1383
-1564
-1607
-1614
-1480
-1059
-599
-487
-487
-459
-909
-909
-1290
-1429
-1552
-1555
-1416
-1133
-947
-849
-799
-697
-620
-508
397
397
1001
1310
1424
1469
1533
1592
1717
2002
2347
2697
2786
2932
2951
3041
2886
2538
2220
2108
1928
594
-1159
-2436
-2131
-1396
-1066
-1256
-1287
-1245
-1674
-1905
-1635
-701
1238
1238
1781
1495
830
420
420
464
-910
-910
-1639
-1920
-1897
-1806
-1580
-1156
-647
-421
-832
-832
-1429
-1711
-1829
-1768
-1584
-1261
-1043
-946
-1022
-997
-904
-707
820
820
1197
1367
1412
1483
1560
1678
1891
2187
2545
2733
2883
2877
2841
2739
2575
2421
2274
2121
862
-970
-2477
-2418
-1532
-920
-1007
-1205
-1208
-1640
-1944
-1891
-1018
-406
1171
1171
1757
1489
751
403
403
506
-817
-817
-1640
-1979
-1924
-1773
-1522
-1131
-618
-1030
-1030
-1619
-1818
-1874
-1774
-1609
-1291
-1094
-1028
-1050
-1012
-881
-725
813
813
1182
1309
1316
1357
1464
1604
1899
2334
2731
2906
2822
2745
2656
2643
2517
2495
2442
2547
1505
-596
-2402
-2751
-1690
-985
-893
-1173
-1013
-1506
-1974
-2105
-1283
-447
1014
1014
1802
1505
727
406
406
-913
-913
-1749
-2173
-2069
-1867
-1527
-1067
-495
-517
-517
-513
429
429
-785
-785
-1645
-2137
-2375
-2303
-1926
-1472
-1144
-1150
-1221
-1362
-1259
-1062
-519
852
852
1222
1243
1166
1099
1167
1330
1753
2201
2599
2760
2742
2757
2715
2654
2501
2506
2507
2734
2345
485
-1657
-2879
-2174
-1061
-483
-736
-847
-1249
-1911
-2168
-1651
-535
690
690
1449
1575
944
541
541
-535
-535
-1600
-2224
-2207
-1838
-1423
-998
-573
-421
-421
-481
-435
-853
-853
-1676
-2065
-2073
-1950
-1681
-1482
-1299
-1381
-1417
-1401
-1159
-878
-524
560
560
944
1023
1017
1014
1198
1386
1684
2076
2446
2635
2698
2788
2761
2688
2517
2528
2569
2644
2580
1130
-987
-2698
-2514
-1210
-484
-484
-916
-1138
-1866
-2200
-2010
-774
564
564
1074
1474
962
415
415
-1536
-1536
-2251
-2304
-1845
-1359
-973
-648
-398
-487
-623
-745
-501
-949
-949
-1675
-2075
-1911
-1739
-1521
-1422
-1357
-1356
-1485
-1472
-1326
-936
-470
611
611
944
987
930
1073
1347
1759
2040
2288
2437
2477
2468
2544
2677
2824
2841
2836
2811
2776
1783
-442
-2402
-2847
-1427
-548
-548
-983
-1757
-2478
-2324
-1236
502
502
716
921
1333
918
487
487
-1416
-1416
-2255
-2372
-1827
-1193
-689
-401
-470
-470
-746
-708
-470
413
413
-883
-883
-1631
-1990
-1961
-1649
-1562
-1368
-1455
-1484
-1654
-1564
-1289
-845
463
463
662
804
777
1001
1308
1763
2070
2288
2384
2402
2409
2339
2585
2753
3009
2877
2821
2581
2409
752
-1415
-2789
-2245
-651
-917
-917
-1235
-2264
-2567
-2056
-411
557
638
693
901
1071
-638
-638
-1701
-2144
-1968
-1307
-826
-453
-437
-506
-781
-893
-686
-452
-452
-1422
-2071
-2154
-1811
-1436
-1318
-1303
-1461
-1645
-1719
-1481
-962
-442
607
607
735
765
777
987
1408
1886
2205
2447
2563
2609
2542
2537
2694
2811
2940
2877
2893
2845
1536
-845
-2709
-2554
-929
-808
-808
-1284
-2112
-2691
-2338
-782
532
733
547
625
906
525
519
519
558
446
-612
-612
-1607
-2139
-1958
-1278
-703
-586
-586
-886
-996
-789
-400
-696
-696
-1331
-1768
-1821
-1608
-1345
-1319
-1463
-1585
-1653
-1593
-1358
-916
-452
483
483
734
1065
1323
1713
1963
2163
2237
2379
2523
2628
2765
2748
3026
2961
2964
2604
2471
1157
-809
-2325
-2129
-527
-995
-995
-1555
-2463
-2724
-2165
-504
777
889
563
456
456
552
552
757
689
436
-703
-703
-1531
-1806
-1549
-869
-485
-530
-530
-763
-1051
-1032
-651
-743
-743
-1106
-1580
-1775
-1678
-1417
-1282
-1415
-1582
-1762
-1759
-1637
-1196
-623
650
650
1058
1638
1974
2225
2142
2227
2269
2435
2557
2764
3094
3145
3205
2857
2801
2233
598
-1449
-2400
-1383
557
557
-1306
-1306
-2077
-2813
-2855
-1784
748
748
463
916
916
887
541
-837
-837
-1312
-1271
-765
-413
-413
-783
-1090
-1270
-961
-460
-875
-875
-1260
-1451
-1658
-1571
-1444
-1240
-1277
-1472
-1662
-1703
-1618
-1458
-1055
-571
530
530
886
1328
1678
1974
2082
2090
2177
2355
2669
2852
2970
2950
3014
2831
2748
2747
2117
-1667
-1667
-2102
-760
461
-856
-856
-1736
-2351
-2886
-2503
-1080
474
608
-577
-577
852
852
1167
767
-825
-825
-1028
-771
-671
-671
-970
-1151
-1099
-711
-713
-713
-1326
-1572
-1758
-1618
-1478
-1273
-1299
-1439
-1661
-1763
-1595
-1385
-1002
-728
421
421
760
1180
1566
1755
1930
1945
2076
2213
2451
2720
2866
3021
2989
2965
2806
2839
2600
1108
-742
-1873
-910
409
670
-1524
-1524
-2091
-2856
-2844
-1866
519
519
-939
-939
-903
-511
628
628
1244
985
420
-573
-573
-444
-410
-410
-784
-1002
-1079
-874
-493
-685
-685
-1262
-1468
-1595
-1564
-1533
-1406
-1393
-1525
-1678
-1680
-1411
-1248
-1075
-895
-620
-417
633
633
1024
1378
1621
1751
1826
1912
2161
2472
2685
2823
2795
2864
2846
2932
2853
2989
2403
721
-866
-1325
719
719
519
-826
-1523
-2174
-2718
-2557
-1330
-738
-738
-1355
-1022
-717
-467
768
768
1067
633
-435
-435
-597
-793
-904
-764
-501
-799
-799
-1143
-1408
-1236
-1343
-1464
-1605
-1609
-1574
-1749
-1708
-1544
-1213
-1238
-1189
-1029
-696
686
686
969
1254
1459
1664
1782
2017
2276
2630
2804
2826
2835
2843
3006
2998
3179
2871
1450
-1070
-1070
963
963
923
-1419
-1419
-1967
-2632
-2680
-1775
-1035
-1035
-1930
-1713
-1157
-807
821
821
398
-404
-404
-623
-660
-486
-577
-577
-1002
-1344
-1361
-1345
-1393
-1422
-1468
-1623
-1876
-1896
-1684
-1297
-1115
-1095
-1075
-934
-718
-427
556
556
730
925
1111
1401
1625
1885
2060
2363
2592
2728
2736
2824
2947
3041
3043
3156
2427
1043
970
970
1306
614
-740
-1308
-1890
-2331
-2159
-969
-682
-682
-1835
-2181
-1632
-1140
-856
-480
-480
412
412
418
429
429
-400
-400
-486
-431
-598
-1008
-1264
-1150
-980
-1125
-1399
-1501
-1585
-1714
-1871
-1678
-1318
-1099
-1236
-1302
-1119
-814
-546
430
430
604
704
827
1058
1340
1611
1870
2115
2400
2554
2639
2664
2744
2828
2904
3111
2882
1853
631
797
797
1215
993
-779
-779
-1233
-1774
-2016
-1402
-422
-544
-1577
-2310
-2035
-1494
-1207
-864
-803
-803
-528
472
472
417
417
-739
-739
-1142
-1126
-843
-697
-1016
-1233
-1379
-1435
-1621
-1646
-1384
-1045
-1033
-1243
-1185
-920
-643
-461
479
479
604
713
934
1158
1373
1560
1801
2104
2368
2546
2654
2730
2824
2831
3011
2684
1942
1039
769
1356
1481
1191
-843
-843
-1223
-1402
-845
-648
-648
-1689
-2349
-2087
-1619
-1359
-1030
-496
-403
-856
-1162
-850
505
505
-546
-546
-771
-793
-664
-735
-1061
-1236
-1248
-1227
-1353
-1369
-1198
-1032
-1105
-1240
-1081
-783
-585
-471
473
473
580
804
981
1133
1289
1473
1723
1962
2150
2361
2446
2534
2538
2640
2183
1608
977
1143
1494
1482
1011
-479
-479
-864
-944
-708
-708
-1687
-2132
-1935
-1700
-1523
-1085
-638
-734
-1258
-1359
-910
-517
-517
-620
-594
-608
-871
-1061
-1117
-1029
-1079
-1166
-1126
-967
-936
-1049
-1004
-743
-510
-434
415
415
527
726
922
1030
1108
1330
1493
1611
1650
1856
2045
2263
2325
2463
2372
1843
1263
941
1317
1387
1300
721
457
-445
-445
-852
-852
-1460
-1562
-1443
-1461
-1276
-917
-687
-986
-1259
-1109
-689
-485
-509
-398
-529
-529
-438
-438
-422
-422
-678
-956
-1009
-953
-963
-1056
-1029
-902
-897
-944
-920
-725
-546
-454
470
470
616
788
880
962
1120
1333
1451
1490
1567
1745
1893
1967
2124
2028
1771
1253
1065
1116
1098
933
622
503
-568
-568
-1073
-1222
-1256
-1181
-949
-673
-650
-1004
-1175
-1000
-622
-495
-540
-561
-573
-642
-657
-405
-404
-404
-443
-621
-827
-881
-890
-919
-1042
-1043
-1013
-959
-950
-871
-710
-548
-451
416
416
603
734
821
895
1064
1304
1511
1619
1658
1745
1834
1935
2045
1954
1756
1296
1116
913
847
747
597
507
-769
-769
-971
-1095
-982
-786
-595
-687
-915
-1019
-923
-719
-615
-575
-632
-752
-884
-793
-503
-437
-437
-553
-691
-733
-690
-673
-764
-905
-978
-988
-968
-891
-781
-708
-648
-573
-427
535
535
667
771
916
1080
1281
1463
1663
1757
1834
1860
1958
2002
1962
1724
1484
1209
890
790
705
710
488
-604
-604
-923
-1211
-1229
-1004
-731
-656
-869
-1003
-1006
-844
-746
-640
-639
-693
-818
-819
-611
-416
-416
-557
-596
-550
-528
-574
-671
-718
-772
-825
-885
-838
-779
-745
-692
-617
-448
507
507
660
773
896
1069
1246
1450
1657
1870
1974
2013
2058
2077
2020
1755
1549
1228
1135
1042
952
762
418
-519
-519
-891
-1163
-1254
-1109
-973
-849
-961
-1037
-1035
-893
-760
-737
-804
-864
-832
-755
-591
-447
-471
-471
-534
-561
-587
-641
-713
-719
-692
-628
-618
-537
-443
589
589
698
852
1008
1215
1404
1607
1829
1999
2161
2217
2209
1952
1705
1293
1127
1144
1120
979
595
-469
-469
-936
-1287
-1425
-1238
-1064
-922
-1025
-1173
-1202
-1072
-864
-726
-739
-894
-985
-969
-747
-485
-397
-397
-464
-464
-511
-502
-513
-576
-661
-656
-573
-473
556
556
713
857
1039
1271
1493
1709
1919
2129
2292
2306
2047
1807
1440
1307
1291
1278
1151
824
515
-770
-770
-1141
-1357
-1275
-1180
-1055
-1123
-1202
-1184
-1102
-958
-911
-926
-1008
-999
-950
-774
-588
-420
-472
-472
-506
-557
-560
-561
-511
404
404
570
771
949
1134
1331
1546
1774
1998
2194
2267
2063
1824
1418
1291
1308
1326
1230
889
578
-730
-730
-1087
-1299
-1240
-1178
-1127
-1237
-1348
-1315
-1160
-962
-918
-1001
-1147
-1131
-1049
-833
-627
-482
-436
-424
-404
-404
-412
-456
-486
-453
428
428
562
734
873
1069
1232
1448
1637
1833
2030
2109
1939
1715
1387
1278
1326
1298
1179
839
578
-691
-691
-1036
-1227
-1158
-1129
-1137
-1267
-1369
-1309
-1154
-985
-969
-1063
-1219
-1183
-1053
-827
-617
-492
-478
-515
-467
-416
-416
-434
-414
496
496
635
786
911
1086
1244
1498
1702
1890
2039
2085
1912
1714
1406
1252
1315
1276
1180
836
545
-744
-744
-1041
-1200
-1129
-1101
-1154
-1306
-1479
-1394
-1201
-971
-956
-1074
-1264
-1266
-1145
-916
-679
-542
-483
-498
-439
-412
-412
-443
-441
-436
499
499
617
718
851
992
1190
1424
1653
1893
2021
2114
1900
1702
1438
1277
1372
1333
1257
888
613
439
480
489
-582
-582
-943
-1168
-1084
-1010
-1066
-1226
-1454
-1440
-1287
-1078
-1004
-1059
-1222
-1264
-1199
-1001
-778
-633
-576
-560
-479
-405
-405
-436
-478
-446
482
482
628
730
835
950
1126
1377
1617
1804
1956
2089
1980
1799
1508
1253
1339
1314
1275
957
631
396
442
442
-452
-452
-830
-1116
-1149
-1077
-1090
-1185
-1403
-1463
-1338
-1122
-1039
-1091
-1258
-1314
-1222
-1044
-829
-684
-621
-616
-544
-410
-410
-464
-487
-497
-435
501
501
672
771
881
974
1185
1451
1713
1907
2027
1989
1741
1571
1249
1314
1343
1324
1078
669
441
425
425
-719
-719
-1022
-1141
-1055
-1100
-1182
-1411
-1507
-1395
-1196
-1073
-1111
-1244
-1378
-1314
-1179
-947
-777
-696
-687
-619
-475
-404
-404
-430
-455
-427
584
584
758
911
1038
1157
1375
1587
1856
2053
2203
1994
1782
1442
1298
1437
1409
1332
912
605
433
433
448
-539
-539
-854
-1089
-1025
-1002
-1054
-1224
-1446
-1406
-1240
-997
-1003
-1111
-1336
-1358
-1262
-1071
-882
-803
-748
-743
-620
-435
-410
-410
519
519
673
809
947
1097
1318
1552
1763
1932
2101
1971
1821
1534
1333
1461
1431
1383
1012
707
473
462
475
-420
-420
-741
-1017
-1015
-996
-1078
-1187
-1403
-1361
-1214
-988
-945
-1005
-1221
-1296
-1228
-1085
-877
-781
-732
-746
-642
-455
471
471
631
737
871
986
1181
1439
1723
1940
2102
2095
1872
1722
1410
1502
1513
1470
1219
842
634
538
611
480
-574
-574
-836
-959
-923
-1035
-1137
-1375
-1432
-1298
-1052
-911
-948
-1108
-1276
-1227
-1127
-932
-848
-788
-796
-731
-586
-400
541
541
684
791
901
994
1225
1449
1748
1940
2115
1931
1813
1529
1419
1550
1459
1381
938
671
496
555
556
-431
-431
-737
-995
-954
-995
-1083
-1281
-1502
-1426
-1247
-972
-938
-976
-1192
-1217
-1170
-1008
-843
-791
-774
-791
-648
-465
588
588
711
873
939
1096
1305
1547
1796
1984
2030
1801
1712
1412
1581
1564
1523
1261
835
638
516
632
548
-465
-465
-739
-907
-860
-1010
-1079
-1374
-1422
-1323
-1053
-887
-907
-1021
-1170
-1089
-1039
-828
-776
-730
-759
-702
-517
562
562
686
811
886
1063
1261
1568
1762
1961
1856
1735
1554
1412
1592
1529
1497
1108
769
568
550
599
465
-566
-566
-832
-858
-907
-1044
-1208
-1466
-1436
-1317
-1012
-931
-925
-1096
-1126
-1056
-914
-771
-751
-765
-810
-691
-489
434
434
611
716
804
889
1044
1264
1551
1761
1947
1796
1704
1489
1416
1546
1501
1467
1077
811
592
592
596
468
-504
-504
-787
-821
-911
-1016
-1200
-1425
-1415
-1291
-1025
-953
-944
-1071
-1092
-1040
-884
-741
-682
-705
-742
-676
-504
-406
-406
-477
-454
506
506
623
709
761
884
1074
1329
1572
1756
1789
1645
1583
1345
1474
1425
1422
1195
897
742
568
611
483
-668
-668
-825
-876
-1007
-1081
-1341
-1414
-1391
-1204
-1024
-980
-1024
-1122
-1062
-1002
-806
-726
-623
-666
-679
-591
-424
-405
-405
-409
-438
-446
-399
559
559
651
733
779
923
1098
1343
1497
1639
1631
1529
1477
1275
1374
1292
1295
1093
889
733
621
620
463
-533
-533
-665
-726
-831
-900
-1140
-1207
-1234
-1072
-962
-918
-951
-1016
-998
-946
-777
-676
-580
-634
-626
-577
-410
-420
-420
-550
-550
-404
437
437
570
575
552
719
760
881
1121
1423
1496
1565
1567
1495
1352
1223
1244
1046
987
807
741
525
501
462
-543
-543
-633
-773
-844
-993
-1125
-1163
-1187
-1102
-1089
-1008
-1037
-976
-935
-806
-691
-600
-529
-523
-432
-405
-405
-420
-465
-411
399
399
521
644
767
931
1050
1199
1273
1454
1451
1461
1335
1345
1210
1202
1156
1132
1126
952
811
543
492
-463
-463
-664
-719
-778
-757
-895
-987
-1098
-1134
-1073
-1028
-963
-990
-937
-880
-698
-547
-428
-428
-459
-512
-523
-537
-529
-502
-464
-422
-408
474
474
581
696
800
921
1011
1104
1234
1420
1494
1477
1366
1276
1176
1066
1032
942
939
767
688
426
-413
-413
-573
-738
-821
-901
-921
-985
-1079
-1163
-1188
-1052
-978
-907
-933
-887
-824
-701
-527
-471
-471
-514
-558
-633
-692
-731
-728
-708
-618
-500
530
530
700
834
959
1076
1229
1330
1440
1511
1678
1667
1513
1352
1178
1118
1034
982
871
859
720
574
-478
-478
-787
-876
-947
-996
-1039
-994
-947
-994
-1105
-1118
-961
-859
-811
-848
-754
-606
-423
-402
-402
-456
-570
-716
-794
-831
-893
-952
-1012
-923
-837
-703
-524
534
534
670
792
969
1110
1216
1275
1338
1435
1475
1564
1662
1898
1847
1597
1295
1026
979
820
622
-500
-500
-872
-1209
-1183
-1155
-1205
-1266
-1143
-980
-938
-998
-825
-540
-397
-469
-539
-627
-627
-694
-824
-903
-998
-1025
-1063
-1156
-1230
-1185
-1108
-1094
-1136
-1160
-958
-745
-549
487
487
679
740
737
846
1022
1191
1323
1465
1689
1943
2022
2079
2260
2477
2493
2679
2532
1872
1199
503
470
-453
-453
-398
-576
-955
-1031
-1023
-1316
-1843
-2292
-1984
-1587
-1388
-1389
-1076
-520
480
480
633
633
745
689
703
741
492
-420
-420
-838
-1488
-1933
-1985
-2067
-2139
-2238
-2143
-1992
-2018
-1997
-1838
-1585
-1476
-1533
-1363
-877
-404
934
934
1413
1622
1826
2107
2466
2495
2374
2418
2624
2772
2732
2773
2995
3152
3030
3073
3035
3180
1908
462
-740
-1431
-1372
-1928
-2237
-2305
-1973
-1848
-1835
-1779
-1409
-1478
-1988
-2463
-2084
-1116
-527
1234
1234
1934
2023
2192
2498
2387
1687
842
768
942
771
456
-454
-454
-1107
-1635
-2214
-2822
-3612
-4161
-4057
-3724
-3413
-3145
-2838
-2150
-1600
-1304
-1000
-645
-397
-414
1063
1063
1423
1607
2007
2639
2892
2777
2704
2653
2457
2025
1850
1945
1991
1958
1935
2358
2711
2839
2888
2713
1098
-438
-1877
-2182
-1835
-2398
-2579
-2393
-1470
-855
-576
-449
-1313
-1313
-1696
-1126
879
879
1969
2684
2670
2453
2334
1799
427
-416
-416
-627
-627
-1214
-1301
-1079
-1145
-1574
-1991
-2413
-3081
-3756
-3843
-3378
-2908
-2805
-2552
-1842
-884
-421
715
715
1101
1063
1323
2027
2708
2712
2429
2293
2276
2003
1688
1691
1968
2016
2027
2413
3107
3536
3649
2884
892
-435
-1975
-1946
-2104
-2730
-2972
-2701
-1533
-688
-591
-591
-1320
-1523
-909
857
857
2217
3184
3235
2789
2495
1613
513
-656
-656
-756
-1213
-1815
-1721
-1367
-1097
-1328
-2086
-2667
-3241
-3569
-3742
-3477
-3318
-3068
-2582
-1591
-536
469
469
514
644
1299
2089
2630
2494
2376
2345
2239
2006
1549
1515
1479
1433
1807
2391
3247
3594
3860
2959
1042
-438
-1954
-1836
-2470
-3258
-3733
-3037
-1468
-446
498
498
-675
-675
-1087
-500
744
744
2418
3480
3277
2773
2539
1848
769
-430
-1051
-1570
-2149
-2730
-2410
-1778
-1163
-1459
-2113
-2385
-2663
-2834
-3299
-3412
-3447
-3058
-2403
-1341
484
484
492
713
750
688
943
943
1594
1932
2062
2320
2404
2421
2069
1828
1387
1218
1269
1948
2595
3173
3484
3915
3136
1141
-1882
-1882
-1588
-2857
-3893
-4374
-3190
-1599
-920
-719
865
865
-689
-689
-503
-503
-526
854
2513
3237
2899
2703
2742
2200
888
-506
-1257
-1876
-2715
-3438
-2944
-2234
-1649
-2023
-2182
-1925
-1919
-2151
-2844
-3102
-3073
-2750
-2380
-1483
-587
475
475
987
1093
777
472
472
867
1303
1740
2151
2276
2519
2375
2054
1627
1381
1770
2254
2557
3016
3452
4069
2591
911
-711
-1402
-1540
-3282
-4194
-4487
-2835
-1928
-1377
-1046
878
878
845
845
1285
1285
2606
2814
2595
2628
2814
2047
654
-402
-1143
-1892
-3113
-3556
-3126
-2359
-2088
-2341
-2071
-1717
-1346
-1760
-2225
-2433
-2371
-2276
-1996
-1196
-498
585
585
1073
1150
718
497
497
921
1430
1859
2095
2529
2437
2290
1822
1834
2138
2442
2727
2964
3708
3897
2222
549
-938
-1231
-1699
-3497
-4400
-4412
-2848
-2150
-1746
-1192
668
668
445
445
1292
493
1626
1626
2675
2632
2325
2508
2673
1722
473
-585
-1194
-2145
-3332
-3719
-3273
-2518
-2358
-2541
-2146
-1559
-1175
-1424
-1849
-1843
-1884
-1849
-1609
-953
450
450
994
980
587
780
780
1256
1666
1989
2566
2498
2324
1952
2133
2626
2792
2987
3085
3790
3470
1487
-1546
-1546
-1370
-2439
-3965
-4795
-4223
-2632
-2180
-1694
-1058
611
562
415
902
902
1516
667
679
679
2225
2848
2644
2196
2438
2355
1252
-1073
-1073
-1588
-2574
-3558
-3838
-3240
-2494
-2377
-2445
-1885
-1177
-815
-1123
-1470
-1403
-1386
-1360
-1273
-707
456
456
872
825
-459
-459
-465
671
671
1281
1543
1993
2524
2557
2381
2138
2505
2932
3258
3204
3612
4057
3073
1097
-605
-1604
-1634
-3124
-4468
-5081
-3956
-2622
-2194
-1681
-631
688
590
594
489
1413
1424
733
506
1252
2699
2934
2592
2210
2454
2024
902
-449
-1448
-2110
-3162
-3944
-4005
-3246
-2594
-2511
-2333
-1528
-720
-439
-836
-1139
-1112
-1049
-1096
-984
-577
470
470
778
625
-699
-699
-664
-483
637
637
1264
1599
2170
2655
2608
2424
2345
2826
3266
3372
3486
3812
3970
2279
421
-1239
-1762
-2153
-3951
-4990
-5173
-3463
-2634
-2038
-1543
822
822
734
771
882
1837
1298
750
688
1947
2946
2844
2310
2099
2290
1513
-1139
-1139
-1934
-2686
-3679
-4299
-3923
-3121
-2561
-2502
-1989
-920
-670
-670
-808
-749
-685
-980
-803
-503
523
523
648
-547
-547
-805
-693
-424
-512
851
851
1572
1845
2567
2817
2770
2669
2759
3362
3536
3598
3534
3953
3208
1325
-463
-1905
-1880
-3213
-4565
-5492
-4554
-3084
-2426
-1934
-1042
606
866
1103
834
1658
1921
1263
769
1208
2535
2906
2491
1882
2044
1837
867
-644
-1791
-2447
-3220
-4155
-4311
-3615
-2778
-2389
-2192
-1235
423
423
-505
-505
-638
-638
-949
-784
-602
-481
-481
431
431
-826
-826
-830
-586
-481
-659
1164
1164
1677
2198
2726
2818
2859
2827
3391
3664
3799
3551
3707
3823
2130
-1557
-1557
-2153
-2584
-4066
-5210
-5366
-3791
-2830
-2097
-1702
945
945
1131
1127
1178
2081
1776
1141
876
1919
2748
2734
1976
1753
1917
1288
-1471
-1471
-2307
-2860
-3713
-4416
-4055
-3231
-2402
-2173
-1542
574
574
652
-750
-750
-868
-796
-471
-475
-637
-637
-931
-841
-533
-734
-633
630
630
1386
1824
2434
2896
2998
2979
3171
3612
3929
3856
3657
3952
3470
1586
-1977
-1977
-2280
-3103
-4609
-5561
-5095
-3496
-2614
-2011
-1274
476
1122
1351
1229
1652
2273
1738
1093
1143
2240
2781
2473
1716
1708
1702
891
-565
-1899
-2626
-3205
-4107
-4487
-3908
-2970
-2243
-1916
-1006
1041
1041
846
398
-901
-901
-1007
-944
-745
-796
-496
-783
-783
-929
-742
-592
-802
-585
720
720
1383
1938
2618
3097
3157
3255
3422
3986
3994
3827
3545
3733
2761
682
-1144
-2645
-2664
-3859
-5013
-5857
-4683
-3244
-2347
-1800
-841
893
1243
1589
1289
2064
2318
1833
1167
1567
2548
2783
2255
1438
1518
1225
-1297
-1297
-2440
-3078
-3618
-4437
-4428
-3658
-2662
-2031
-1549
-467
737
1293
912
469
-780
-780
-912
-805
-675
-728
-445
-540
-540
-977
-1021
-737
-665
-814
1071
1071
1736
2133
2796
3063
3266
3267
3577
3939
3960
3844
3692
3777
2129
-1701
-1701
-2577
-2987
-4239
-5400
-5773
-4265
-3114
-2031
-1577
1182
1182
1621
1742
1696
2409
2292
1653
1078
1805
2474
2566
1822
1288
1313
858
-1729
-1729
-2734
-3310
-3954
-4652
-4281
-3406
-2383
-1829
-1101
1263
1263
1531
1116
659
-477
-477
-885
-1016
-911
-937
-860
-528
-804
-804
-1084
-1070
-774
-817
-827
1116
1116
1796
2368
2953
3237
3293
3371
3706
3941
3806
3627
3518
3625
2047
-1808
-1808
-2795
-3016
-4279
-5424
-5772
-4279
-3088
-2027
-1473
1380
1380
1688
1895
1785
2578
2477
1787
1097
1693
2390
2413
1759
1030
1108
611
-433
-1842
-2812
-3364
-4006
-4600
-4284
-3278
-2277
-1605
-923
1374
1374
1690
1261
769
487
-858
-858
-993
-898
-915
-939
-626
-834
-834
-1119
-1112
-815
-709
-667
526
526
1315
1905
2538
3073
3395
3437
3445
3760
3973
3964
3771
3675
3608
1971
-1940
-1940
-2891
-3197
-4462
-5664
-5877
-4294
-2983
-1905
-1303
1549
1549
1897
2065
2009
2720
2559
1806
1104
1758
2418
2407
1674
896
956
456
-600
-2057
-3004
-3602
-4128
-4648
-4229
-3174
-2145
-1405
-697
467
1615
1984
1469
926
471
-429
-429
-929
-1170
-1124
-1146
-1090
-816
-557
-471
-1048
-1275
-1312
-927
-782
-615
580
580
1337
2049
2684
3045
3356
3335
3432
3677
3914
3813
3735
3591
3655
2188
-1855
-1855
-3152
-3458
-4633
-5736
-6170
-4630
-3308
-1970
-1227
1707
1707
2080
2256
2050
2751
2600
1990
1037
1535
2191
2325
1738
882
837
-617
-617
-2117
-3046
-3764
-4244
-4793
-4448
-3326
-2180
-1290
-563
553
1682
2160
1686
1111
557
-480
-480
-1040
-1300
-1263
-1317
-1262
-1004
-677
-491
-970
-1245
-1304
-954
-770
-602
546
546
1293
1971
2653
3123
3603
3695
3633
3807
4014
4021
3872
3580
3438
2092
-1991
-1991
-3349
-3679
-4571
-5686
-6141
-4767
-3229
-1857
-1060
1622
1622
2179
2358
2192
2725
2752
2209
1304
1579
2261
2400
1789
776
496
-819
-819
-2276
-3277
-3949
-4305
-4646
-4310
-3167
-1993
-1059
667
667
1721
2228
1744
1129
599
-1048
-1048
-1316
-1311
-1366
-1407
-1205
-916
-774
-1138
-1473
-1431
-1094
-781
-561
602
602
1407
1942
2554
2960
3366
3490
3415
3459
3627
3785
3616
3572
3416
3037
1061
-1130
-2966
-3822
-4161
-5304
-6138
-5781
-3889
-2376
-1005
1375
1375
2453
2599
2504
2510
2923
2480
1580
972
1754
2273
2148
1221
474
-1597
-1597
-2995
-3806
-4351
-4629
-4726
-3789
-2432
-1136
497
497
1534
2429
2422
1608
837
-988
-988
-1300
-1521
-1440
-1511
-1397
-1105
-865
-915
-1450
-1575
-1436
-870
-605
1243
1243
1928
2531
3086
3456
3702
3518
3463
3575
3797
3636
3493
3244
3239
1936
-2424
-2424
-3828
-4026
-4875
-5907
-6193
-4573
-2787
-1294
907
907
2518
2868
2819
2545
3000
2933
2107
1064
1350
2160
2209
1513
435
-1317
-1317
-2846
-3767
-4284
-4533
-4726
-4183
-2695
-1266
444
444
1381
2359
2741
1988
1149
-790
-790
-1312
-1531
-1516
-1584
-1709
-1434
-1162
-936
-1387
-1674
-1553
-1014
-585
1038
1038
1862
2294
2835
3206
3525
3491
3237
3134
3402
3559
3376
3180
3023
3011
1418
-998
-3113
-4208
-4314
-5101
-6038
-5919
-3955
-2126
-599
1747
1747
3126
3187
2811
2505
2934
2653
1700
700
1243
1998
1976
1170
-677
-677
-1948
-3447
-4179
-4568
-4669
-4682
-3759
-2033
-501
430
1125
1985
2757
2740
1691
759
-595
-595
-1242
-1635
-1687
-1575
-1708
-1797
-1524
-1216
-1145
-1628
-1811
-1502
-839
829
829
1654
2250
2633
3112
3466
3661
3374
3074
3031
3339
3414
3201
2979
2879
2446
-1965
-1965
-3867
-4452
-4669
-5571
-6140
-5196
-2937
-1214
1106
1106
2721
3513
3263
2759
2620
2914
2301
1217
691
1563
2002
1748
689
-401
-401
-1347
-2792
-4036
-4484
-4651
-4603
-4219
-2714
-920
457
1167
1789
2507
2893
2250
1111
-546
-546
-1042
-1642
-1746
-1684
-1629
-1919
-1868
-1572
-1263
-1405
-1838
-1687
-1148
720
720
1436
2176
2509
2783
3189
3434
3413
2947
2715
2880
3253
3152
2887
2682
2682
2098
-2536
-2536
-4297
-4633
-4836
-5624
-5861
-4523
-2186
-510
883
1779
3357
3657
3155
2469
2412
2627
1887
843
586
1627
1955
1616
422
-774
-774
-1910
-3448
-4473
-4700
-4679
-4432
-3754
-1928
1169
1169
1669
2126
2563
2584
1645
567
-934
-934
-1373
-1818
-1713
-1580
-1646
-2008
-1923
-1653
-1363
-1617
-1849
-1484
-807
509
509
1199
1902
2469
2560
2799
3110
3227
3034
2587
2531
2820
3120
2968
2765
2641
2615
1734
-752
-2895
-4516
-4742
-4930
-5509
-5343
-3756
-1442
1498
1498
2357
3673
3555
2834
2197
2182
2320
1543
719
765
1823
1954
1494
-432
-432
-1205
-2587
-4009
-4755
-4713
-4521
-4029
-3018
-994
725
1761
2070
2334
2494
2085
1031
-572
-572
-1154
-1556
-1848
-1621
-1509
-1711
-2133
-2025
-1743
-1592
-1720
-1720
-1084
877
877
1623
2224
2555
2490
2602
2931
2985
2839
2466
2485
2722
2948
2756
2537
2395
2326
1613
-741
-2909
-4553
-4783
-4653
-5002
-4808
-3402
-1147
466
1783
2434
3491
3285
2478
1839
1739
2073
1487
796
765
1748
1919
1458
-753
-753
-1574
-2971
-4218
-4793
-4527
-4110
-3512
-2442
-466
1208
2056
2124
2052
1995
1558
596
-707
-707
-1166
-1506
-1797
-1600
-1506
-1802
-2313
-2402
-2116
-1788
-1674
-1469
-771
727
727
1253
1854
2291
2438
2216
2219
2543
2712
2724
2463
2495
2653
2904
2726
2469
2199
1928
1298
-924
-2992
-4555
-4701
-4317
-4409
-4228
-2929
-761
731
1886
2292
3123
2926
2119
1513
1488
1982
1686
1095
1020
1896
2001
1419
-1143
-1143
-2017
-3296
-4360
-4673
-4170
-3497
-2773
-1745
1532
1532
2120
1927
1636
1549
1189
-403
-403
-703
-946
-1255
-1668
-1638
-1648
-1986
-2564
-2715
-2374
-1884
-1605
-1273
-460
990
990
1368
1774
2123
2234
2047
1899
2201
2463
2565
2479
2440
2489
2599
2427
2055
1919
1597
1423
-2153
-2153
-3709
-4485
-3927
-3685
-3658
-3095
-1388
1410
1410
1950
2302
2668
1829
1336
1122
1707
1926
1500
1036
1488
1937
1472
445
-1075
-1909
-2944
-3866
-4225
-3771
-3028
-2309
-1647
1161
1161
1726
1592
1012
849
676
-409
-409
-536
-682
-816
-1308
-1566
-1475
-1911
-2523
-2968
-2687
-2059
-1468
-1158
-402
1005
1005
1365
1530
1892
1935
1760
1550
1834
2299
2625
2466
2351
2435
2437
2448
2026
1772
1608
1409
771
-1090
-2769
-3892
-3826
-3354
-3292
-3038
-2000
748
748
1564
1823
2263
1911
1266
1063
1415
2045
1839
1415
1386
1905
1648
793
-601
-1676
-2503
-3434
-3849
-3559
-2767
-2050
-1488
-644
652
1340
1264
692
411
-535
-535
-877
-1397
-1484
-1810
-2415
-2951
-2785
-2141
-1442
-1006
-457
402
971
1279
1337
1529
1666
1588
1450
1732
2273
2582
2550
2323
2309
2325
2216
1975
1637
1456
1281
1269
493
-1333
-2827
-3763
-3257
-2876
-2872
-2569
-1435
894
894
1405
1665
2079
1412
1017
957
1630
2157
1808
1384
1517
1781
1238
-1168
-1168
-1943
-2813
-3439
-3471
-2833
-2036
-1548
-1155
531
531
704
436
-461
-461
-1080
-1505
-1530
-2058
-2607
-2882
-2353
-1539
-918
-448
737
737
888
913
983
1311
1350
1289
1406
1925
2492
2630
2433
2268
2148
1970
1797
1649
1576
1508
1472
1487
402
-1438
-2956
-3641
-2995
-2869
-2946
-2477
-1130
967
967
1248
1618
1737
1008
799
975
1899
2203
1761
1537
1846
1866
1095
-1448
-1448
-2144
-2942
-3277
-3057
-2351
-1677
-1404
-1014
-450
-450
-723
-416
-405
-405
-1004
-1277
-1742
-2380
-2862
-2651
-1720
-867
632
632
650
538
708
802
872
1173
1688
2466
2744
2592
2394
2186
2027
1799
1616
1541
1620
1610
1928
2009
595
-1455
-3203
-3579
-2967
-3025
-3106
-2451
-1008
929
929
1250
1742
1461
667
547
1113
2164
2285
1867
1864
2209
2013
972
-425
-1468
-2316
-3086
-3200
-2762
-1995
-1621
-1531
-1223
-672
-526
-783
-1128
-1000
562
562
765
800
-970
-970
-1322
-1800
-2388
-2561
-2032
-1040
-408
484
484
870
1415
2138
2792
2755
2490
2185
1947
1715
1530
1613
1887
2032
2217
2489
2427
617
-1850
-3604
-3931
-3246
-3346
-3150
-2245
-580
495
1009
1238
1486
982
1240
1240
2440
2521
2320
2490
2728
2154
848
-541
-1593
-2515
-3187
-3003
-2342
-1702
-1583
-1634
-1473
-1177
-1242
-1498
-1530
-1023
533
533
1078
1335
1176
467
-1029
-1029
-1423
-1784
-2156
-2056
-1353
-569
-441
-441
-671
-810
-558
639
639
1265
1936
2598
2935
2677
2279
1998
1787
1631
1723
2154
2529
2766
2773
2963
2273
-2844
-2844
-4489
-4183
-3401
-3414
-2912
-1607
699
699
849
850
914
460
460
1970
3175
3063
3030
3239
3049
1927
-1053
-1053
-1975
-2899
-3080
-2428
-1796
-1637
-2031
-2259
-2099
-2102
-2238
-2173
-1662
-617
1193
1193
1677
1582
918
-820
-820
-1185
-1340
-1503
-1525
-1212
-580
-796
-796
-1176
-1392
-1480
-1175
-429
424
1190
1810
2274
2635
2600
2115
1797
1679
1805
2122
2532
3071
3326
3403
3245
2715
398
-2482
-4395
-4723
-3569
-3228
-2807
-1932
-584
-485
-485
-922
1855
1855
3489
3744
3534
3576
3286
2328
872
-470
-1435
-2110
-2358
-1756
-1375
-1546
-2320
-2901
-3071
-3169
-3138
-2763
-2074
-878
1217
1217
1748
1491
743
-582
-582
-779
-715
-643
-513
-436
-436
-1102
-1752
-1967
-1773
-1217
-416
996
996
1602
1926
2010
1999
1762
1612
1823
2120
2622
3068
3591
3872
3835
3416
2733
759
-2070
-3839
-4454
-3192
-2623
-2567
-2081
-1218
-449
-705
-1014
-1118
-997
-1135
1858
1858
3614
4004
3483
3444
3208
2564
1313
-459
-459
-848
-1166
-876
-867
-1532
-2771
-3634
-3756
-3673
-3571
-3239
-2403
-1285
469
469
842
557
-396
-396
491
491
448
-482
-482
-1161
-1784
-1934
-1604
-1013
-433
465
465
989
1267
1250
1234
1252
1407
1717
2206
2842
3444
3768
3902
3842
3648
3203
1085
-1526
-3192
-3397
-2256
-2097
-2269
-2122
-1624
-1178
-1651
-1857
-1831
-1803
-1714
1674
1674
3169
3253
2768
3007
3032
2668
1807
1261
866
455
-1087
-1087
-2712
-3661
-3582
-3495
-3646
-3476
-2740
-1832
-1094
-653
-424
-681
-1052
-1087
-553
661
661
721
802
998
948
572
-603
-603
-968
-1023
-605
466
466
653
667
704
850
1188
1606
2060
2601
3057
3263
3468
3558
3729
2979
647
-1382
-2175
-1671
-1057
-1514
-1794
-1586
-1270
-1444
-2069
-2247
-2310
-2394
-1990
1358
1358
1985
1577
1523
2254
2232
2064
1587
1613
1529
1367
1385
1423
656
-890
-2198
-2629
-2368
-2672
-3046
-3029
-2557
-2084
-1914
-2012
-2102
-2304
-2223
-1675
-833
441
441
814
885
541
581
581
508
593
593
643
486
482
690
1027
1217
1229
1548
1851
2293
2683
2882
3201
2649
911
-833
-1361
-812
-751
-751
-1119
-772
-496
-590
-1525
-1960
-2160
-2323
-1981
-734
554
916
477
452
1240
1434
1195
800
972
1359
1521
1726
1732
1126
-905
-905
-1174
-1092
-1394
-1800
-1887
-1695
-1567
-1787
-2176
-2609
-2904
-2895
-2380
-1686
-1044
-866
-707
680
680
1050
1262
1120
959
818
883
1091
1114
947
855
1019
1275
1263
1056
1012
1186
1475
1725
1881
2119
2231
1353
-1033
-1033
-732
-451
-451
-488
-1055
-1055
-1407
-1536
-1437
-998
501
501
456
456
930
1056
720
-502
-502
-564
-619
-699
-687
-789
-1195
-1773
-2057
-1876
-1625
-1521
-1566
-1507
-1363
-1123
-942
-878
-988
-1016
-831
-440
506
506
721
869
873
840
921
1149
1397
1473
1463
1458
1603
1897
2130
2245
2214
2315
2448
2093
1249
447
428
428
565
-469
-469
-888
-1295
-1889
-2409
-2070
-1320
-906
-1031
-1305
-887
-567
-722
-984
-920
-552
646
646
1100
766
765
765
663
-671
-671
-1270
-1363
-1224
-1258
-1388
-1478
-1376
-1314
-1329
-1315
-1415
-1466
-1393
-1175
-836
-557
527
527
656
744
875
1111
1391
1576
1721
1953
2192
2513
2728
2902
3010
3112
2924
2204
1290
934
1030
1010
843
457
504
-452
-452
-992
-1442
-1636
-2175
-2603
-2104
-1416
-1169
-1588
-1879
-1479
-1339
-1584
-1637
-1258
-806
-579
721
721
896
408
534
534
835
561
461
461
724
584
495
-441
-441
-866
-766
-711
-850
-1045
-1185
-1181
-1228
-1295
-1405
-1621
-1691
-1511
-1241
-952
-794
-646
-492
406
406
647
974
1298
1587
1910
2294
2548
2822
3096
3265
3365
3054
2390
1691
1489
1722
1713
1402
957
896
642
-873
-873
-1463
-1591
-2001
-2406
-2136
-1692
-1534
-2019
-2349
-2112
-2115
-2326
-2290
-1767
-1147
-881
-424
403
403
545
545
410
774
774
1033
925
741
578
-433
-433
-452
-452
-603
-673
-768
-1057
-1270
-1341
-1512
-1501
-1334
-1052
-865
-835
-656
-506
-452
480
480
886
1299
1564
1949
2263
2563
2777
2906
3218
3087
2413
1770
1728
2187
2213
1834
1440
1437
1275
411
-929
-929
-978
-1398
-1907
-1702
-1443
-1414
-2079
-2498
-2274
-2336
-2636
-2606
-2077
-1429
-1306
-1023
-414
-432
-432
-561
734
734
1035
931
670
550
399
-528
-528
-550
-828
-1090
-1185
-1240
-1163
-1061
-863
-660
-648
-579
-461
506
506
855
1203
1529
1879
2137
2480
2673
2706
2402
1789
1448
1611
1984
2044
1802
1626
1724
1537
635
-519
-519
-396
-791
-1197
-1006
-847
-1035
-1939
-2287
-2178
-2216
-2613
-2559
-1969
-1583
-1544
-1425
-1001
-947
-1219
-1053
-438
508
508
764
507
-560
-560
-570
-712
-884
-924
-880
-841
-796
-624
-453
460
460
624
817
1099
1503
1836
2069
2365
2646
2651
2136
1388
1201
1447
1664
1611
1325
1412
1506
1204
581
-567
-567
-743
-617
-721
-721
-1522
-1787
-1721
-1866
-2134
-2040
-1494
-1363
-1537
-1384
-1048
-1082
-1456
-1324
-616
-435
-435
-558
-573
-733
-865
-851
-809
-822
-899
-841
-606
-467
400
400
585
767
950
1180
1550
1980
2263
2511
2786
2631
2051
1356
1347
1577
1539
1296
1067
1247
1141
488
-518
-518
-444
-444
-849
-824
-645
-472
-1000
-1660
-1613
-1622
-1751
-1873
-1534
-1012
-1175
-1382
-1162
-920
-1069
-1388
-1042
-411
-606
-606
-606
-619
-751
-822
-830
-817
-912
-981
-930
-835
-643
455
455
582
718
837
1036
1342
1734
2125
2434
2849
2975
2496
1788
1554
1862
1940
1569
1195
1310
1456
859
-655
-655
-608
-533
-938
-1020
-854
-618
-946
-1622
-1748
-1700
-1841
-1878
-1613
-1001
-969
-1224
-1057
-822
-893
-1276
-1135
-421
-505
-505
-602
-624
-753
-747
-692
-678
-815
-1003
-1027
-1074
-1042
-811
-504
594
594
673
818
1019
1384
1761
2085
2508
2840
2632
2040
1725
2020
2264
2025
1572
1523
1742
1375
458
-556
-556
-731
-731
-1052
-1025
-802
-876
-1523
-1887
-1829
-1943
-1987
-1866
-1294
-960
-1246
-1254
-994
-840
-1104
-1302
-754
412
412
-396
-396
-476
-508
-481
-471
-594
-747
-820
-821
-722
-626
-477
454
454
601
835
1139
1503
1802
2189
2520
2321
1744
1497
1985
2462
2338
1853
1849
2194
1918
908
-442
-442
-825
-778
-660
-875
-1579
-1930
-1850
-2073
-2179
-2078
-1437
-1036
-1295
-1305
-1079
-889
-1155
-1340
-804
-425
-425
-415
-415
-454
-454
-498
-478
-422
408
408
719
1018
1334
1574
1959
2148
1763
1145
1079
1606
1997
1829
1581
1934
2323
1906
932
-462
-462
-707
-707
-1509
-1721
-1839
-2151
-2255
-2036
-1451
-1476
-1674
-1525
-1223
-1142
-1488
-1404
-858
-399
-399
-473
-428
-428
-470
-470
397
397
449
522
602
727
922
1175
1409
1714
2005
1854
1246
785
976
1458
1489
1052
1095
1626
1750
1033
411
411
688
-767
-767
-1195
-1161
-1503
-1832
-1894
-1405
-1286
-1737
-1819
-1566
-1293
-1551
-1718
-1257
-790
-551
-532
-449
-449
-413
-413
523
523
659
790
871
931
1063
1318
1571
1747
1915
1876
1500
1123
1174
1450
1440
994
894
1258
1402
706
-406
-406
-951
-777
-1002
-1382
-1497
-1074
-745
-1236
-1562
-1439
-1229
-1464
-1853
-1524
-1026
-787
-814
-643
-486
-486
-683
-615
398
398
-412
-412
463
463
613
819
952
1138
1369
1593
1801
1965
1961
1596
1221
1290
1637
1664
1113
902
1225
1492
816
-567
-567
-676
-496
-496
-993
-819
-829
-1226
-1360
-992
-554
-857
-1224
-1108
-847
-1047
-1537
-1391
-950
-747
-914
-888
-529
-539
-740
-782
-492
-471
-471
460
460
521
586
743
959
1275
1535
1766
1988
1963
1625
1346
1470
1822
1821
1251
1095
1465
1766
1109
-470
-470
-756
-728
-728
-1269
-1079
-1031
-1411
-1544
-1128
-580
-818
-1192
-1002
-657
-824
-1380
-1267
-760
-576
-790
-846
-529
-560
-856
-950
-679
-501
-727
-706
-634
-634
-533
409
409
573
632
719
833
936
1074
1292
1541
1712
1580
1249
1166
1443
1790
1626
1049
1042
1499
1779
1039
528
528
439
-536
-536
-726
-726
-1264
-1082
-1093
-1549
-1674
-1292
-850
-1106
-1391
-1095
-716
-867
-1329
-1119
-578
-413
-646
-667
-669
-669
-751
-491
-714
-714
-780
-430
-744
-744
-682
-469
-501
-585
-447
469
469
713
820
938
1128
1302
1417
1501
1672
1755
1431
986
1038
1490
1844
1425
802
1042
1600
1682
693
657
657
474
-620
-620
-980
-742
-948
-1480
-1501
-1086
-871
-1267
-1482
-1045
-786
-1149
-1586
-1230
-648
-548
-746
-660
-595
-595
-524
-747
-747
-678
-722
-722
-607
-444
-590
-706
-616
-413
-411
-407
559
559
715
908
1074
1248
1473
1659
1868
1870
1492
1079
1187
1597
1817
1221
683
1058
1640
1556
511
577
577
-664
-664
-780
-461
-786
-1363
-1339
-868
-812
-1275
-1351
-845
-659
-1199
-1605
-1186
-727
-784
-997
-778
-412
-493
-684
-460
-725
-725
-619
-514
-514
-457
-457
-554
-418
-463
-463
484
484
604
801
1039
1170
1267
1480
1765
1838
1420
1063
1323
1769
1911
1285
733
1120
1650
1575
652
605
605
-617
-617
-688
-641
-641
-1135
-1175
-784
-719
-1123
-1173
-712
-524
-1038
-1478
-1152
-728
-833
-1102
-1224
-770
-470
-831
-714
-489
-599
-940
-787
-487
-487
-445
-445
-669
547
547
650
691
769
1074
1477
1745
2047
2474
2625
1789
795
801
1526
2492
2180
1423
1285
743
533
533
-465
-465
-1297
-1239
-591
-1289
-1944
-1776
-1365
-1143
-1646
-1427
-1000
-1418
-1691
-1463
-400
-400
-759
-407
437
437
698
465
597
597
431
-709
-709
-400
-715
-715
-956
-937
-883
-1247
-1535
-1377
-1309
-1403
-1581
-1200
-514
-420
-420
-551
676
676
1238
1644
1787
1988
2178
2914
3495
3641
3678
2323
1434
1485
2330
3768
3066
1238
-1021
-1021
-1905
-2601
-2183
-1134
-1937
-2726
-2686
-2071
-1622
-2262
-2129
-1532
-1328
-1087
-869
-470
-470
594
594
1325
1076
482
482
864
997
848
787
821
-569
-569
-589
-856
-856
-1442
-1336
-1187
-1338
-1568
-1585
-1340
-1257
-1046
-604
-485
-427
-445
981
981
1330
1438
1583
2080
2941
3243
3545
3071
1798
1584
2044
3604
4290
2501
840
444
444
1159
550
-1344
-1344
-1897
-2093
-1158
-1046
-2280
-2859
-2671
-1937
-1947
-2451
-2057
-1618
-1354
-1393
-1329
-826
-773
-754
573
573
833
858
858
1061
630
460
-754
-754
-1005
-881
-547
-683
-890
-727
-440
-466
-466
475
475
722
759
1224
1743
1993
2333
2811
1907
978
901
1887
3680
3266
1410
408
1203
1203
1277
902
974
-904
-904
-1481
-1028
-545
-545
-1730
-2155
-1828
-1349
-1942
-2026
-1450
-1272
-1419
-1923
-1541
-929
-1003
-883
-470
-784
-784
-530
515
515
-709
-709
-672
-445
-445
-467
563
563
706
924
1114
1505
1937
2067
2579
2586
1218
840
1079
2581
3531
1932
1351
1351
923
979
654
-494
-1124
-1290
455
455
-733
-1529
-1651
-1180
-1230
-1806
-1276
-797
-883
-1454
-1920
-1291
-939
-1138
-871
-612
-461
-1029
-1350
-544
-489
-489
-828
-416
-416
-633
-633
-866
-397
643
643
801
763
885
1223
1693
1985
2024
2448
1315
574
640
1709
3428
2774
928
1445
1445
1537
1075
1031
-660
-660
-1099
-659
460
-1184
-1184
-1543
-1436
-1148
-1772
-1644
-1004
-934
-1420
-2215
-1937
-1163
-1116
-953
-856
-867
-1170
-1588
-900
-500
-500
-944
-612
-545
-545
-851
-417
-557
-557
474
474
684
664
780
1293
1667
2004
1882
2413
1750
807
828
1497
3280
3117
1129
1231
1231
1641
925
924
-599
-599
-983
-707
527
-1065
-1065
-1517
-1449
-950
-1468
-1590
-935
-824
-1241
-2002
-1894
-960
-857
-951
-873
-986
-1082
-1556
-993
-517
-517
-1132
-845
-538
-538
-838
-409
-409
-703
425
425
574
445
450
1143
1504
1910
1769
2131
1687
723
882
1582
3292
3247
1277
491
491
1451
1929
1187
1114
-408
-408
-746
-443
640
-1177
-1177
-1668
-1500
-979
-1412
-1517
-939
-946
-1481
-2163
-1893
-934
-853
-1102
-1094
-1044
-1107
-1379
-650
-670
-670
-1165
-632
-617
-617
-751
-679
-679
-858
429
429
530
530
1208
1538
1793
1619
2173
1798
759
941
1568
3277
3062
1088
452
452
1513
1953
1165
1178
-586
-586
898
898
493
-1044
-1423
-1127
-598
-1110
-1238
-676
-914
-1519
-2083
-1639
-697
-864
-1254
-1218
-1124
-1177
-1387
-616
-994
-994
-1294
-440
-477
-477
-489
-657
-657
-668
1071
1071
1358
1459
1323
1867
1725
524
749
1360
2955
2894
979
563
563
1504
1901
1024
952
-463
-463
-530
758
758
423
-1144
-1444
-1065
-526
-981
-1279
-670
-855
-1425
-1906
-1509
-560
-716
-1264
-1185
-1089
-1044
-1281
-684
-1121
-1121
-1447
-563
-498
-498
-434
-538
-566
-674
-674
-660
1251
1251
1414
1517
1333
1775
1717
610
610
1298
2822
2837
791
461
461
1455
1949
1002
836
-542
-542
-444
853
853
485
-1224
-1503
-1022
-427
-868
-1294
-755
-1002
-1577
-1842
-1346
-635
-635
-1262
-1139
-958
-852
-1097
-482
-1045
-1045
-1187
571
571
-488
-488
-610
-428
-428
-732
-732
-566
430
430
467
467
1226
1437
1431
1392
1889
2034
574
677
1295
2794
2938
955
435
435
1348
1784
853
681
-639
-639
-570
647
647
-1255
-1255
-1586
-1056
-448
-875
-1360
-806
-1005
-1518
-1792
-1345
-410
-704
-1405
-1358
-1105
-879
-1079
-580
-995
-995
-1041
527
527
-487
-487
-430
-457
-457
396
396
441
470
470
1215
1411
1373
1412
1826
1922
587
662
1318
2718
2855
1037
620
620
1382
1689
860
747
-507
-507
-489
576
576
-1359
-1359
-1644
-1121
-583
-1010
-1423
-896
-1134
-1638
-1801
-1282
-432
-785
-1425
-1240
-984
-860
-1037
-518
-1005
-1005
-1068
442
442
-454
-454
-440
-596
-596
448
448
496
493
640
1367
1446
1357
1413
1930
1961
624
712
1425
2726
2729
866
575
575
1459
1726
896
721
-522
-522
686
686
-1306
-1306
-1512
-956
-931
-931
-1364
-901
-1207
-1726
-1891
-1376
-581
-991
-1611
-1458
-1146
-1041
-1268
-602
-541
-541
-1174
-1246
-487
-487
-499
-595
-595
405
405
444
650
650
1274
1427
1328
1424
1883
2260
900
735
1355
2574
2992
1371
562
562
1363
1780
1015
647
-475
-475
-422
475
475
-1206
-1206
-1644
-1115
-518
-813
-1494
-1019
-1077
-1564
-1741
-1369
-589
-813
-1525
-1409
-1152
-943
-1223
-875
-532
-532
-1177
-1340
-522
-751
-751
-718
-478
-439
-439
-613
-613
-413
422
422
538
488
662
1122
1466
1316
1402
1732
2382
1274
621
1225
2173
3006
1813
1247
1247
1829
1344
767
774
442
442
555
-735
-1599
-1134
-496
-552
-1431
-1184
-1015
-1558
-1791
-1581
-834
-765
-1504
-1533
-1138
-888
-1096
-1053
-987
-987
-1328
-636
-620
-620
-743
-527
-487
-487
-768
-768
-656
410
410
481
481
859
1389
1317
1257
1583
2203
2117
755
1020
1752
2838
2658
1159
402
946
1584
1771
982
864
654
654
-1232
-1232
-1279
-674
-902
-902
-1357
-932
-1252
-1635
-1630
-1198
-752
-1247
-1681
-1380
-1061
-1044
-1399
-789
-659
-659
-1235
-1142
-678
-678
-555
-468
-468
-731
460
460
791
1148
878
984
1545
2156
1638
516
943
1761
2656
2294
1031
509
1110
1674
1694
1078
996
583
583
749
-1148
-1148
-981
-493
-965
-965
-1155
-841
-1279
-1525
-1411
-945
-785
-1345
-1597
-1330
-1036
-1159
-1323
-713
-448
-1011
-1405
-960
-694
-694
-849
-581
-458
-458
-484
463
463
437
632
632
955
1126
855
1032
1538
1925
1546
428
932
1474
2297
2232
1055
730
730
1327
1724
1138
992
487
487
726
-833
-833
-886
-556
-674
-674
-1072
-820
-1210
-1355
-1357
-1071
-815
-1220
-1518
-1262
-1026
-1047
-1305
-855
-444
-823
-1126
-933
-626
-626
-684
-636
-414
-455
-529
-582
-582
-711
446
446
840
908
967
973
1493
1688
1902
1211
624
1099
1591
2385
1945
641
696
696
1448
1422
706
537
615
615
-1159
-1159
-957
-413
-840
-840
-919
-747
-1137
-1305
-1298
-818
-704
-1259
-1414
-1142
-973
-1116
-1259
-610
-473
-956
-1231
-832
-627
-627
-661
-480
-554
-554
-497
505
505
684
842
923
1032
1586
1616
1852
1201
645
1212
1539
2503
2157
837
668
668
1545
1631
885
631
613
613
-1248
-1248
-1151
-724
-872
-872
-929
-883
-1373
-1309
-1260
-685
-585
-1174
-1235
-1126
-861
-948
-1031
-903
-903
-1189
-848
-573
-573
-768
-682
-401
-401
-630
-630
-530
445
445
618
618
727
775
818
956
1372
1492
1638
1566
642
975
1148
2108
2370
1134
1243
1243
1758
1019
739
638
638
-1032
-1032
-1341
-934
-592
-592
-1132
-1033
-1431
-1456
-1432
-1061
-668
-1078
-1431
-1350
-1044
-751
-918
-598
-399
-755
-1022
-831
-640
-640
-674
-408
-408
-470
519
519
467
453
567
761
829
1058
1213
1550
1453
1700
1334
772
1114
1371
2305
2073
929
530
530
1396
1615
847
537
545
545
-1244
-1244
-1294
-776
-894
-894
-1157
-1158
-1453
-1409
-1412
-961
-838
-1275
-1489
-1300
-874
-890
-1018
-566
-473
-753
-962
-583
-580
-580
-406
490
490
437
437
532
654
963
1143
1276
1311
1584
1634
826
848
1077
2193
2353
1091
434
434
1297
1660
811
512
553
553
-1277
-1277
-1566
-1039
-415
-781
-1230
-1196
-1498
-1506
-1536
-1027
-730
-1242
-1595
-1414
-913
-825
-1035
-724
-467
-592
-917
-662
-512
-512
495
495
726
1062
1015
1144
1159
1702
1430
717
785
1274
2466
2101
769
683
683
1410
1357
713
606
472
472
-508
-1542
-1476
-855
-480
-1156
-1391
-1414
-1606
-1581
-1460
-888
-948
-1457
-1516
-1112
-668
-858
-953
-492
-447
-447
-682
548
548
917
1049
923
978
1363
1789
904
605
867
1929
2367
1371
1009
1009
1546
1068
740
-464
-464
-467
558
558
-1184
-1184
-1695
-1264
-624
-755
-1377
-1348
-1623
-1762
-1629
-1148
-780
-1228
-1575
-1381
-897
-658
-907
-600
-616
-616
-455
396
396
661
661
779
689
652
1037
1442
1745
920
428
738
1621
2218
1634
622
579
579
1248
1221
783
-398
-398
-526
-883
-883
-1489
-1339
-882
-806
-1239
-1253
-1362
-1520
-1550
-1242
-850
-961
-1205
-1131
-862
-637
-729
-511
-419
-419
416
416
404
593
593
706
660
752
1052
1230
1551
1234
717
812
1143
1960
1820
916
1011
1011
1152
656
-575
-575
-426
-625
-625
-1373
-1515
-1028
-643
-982
-1189
-1291
-1461
-1359
-1132
-685
-772
-998
-1053
-821
-421
-444
-454
-424
-424
643
643
576
541
707
1095
1304
1544
1092
582
668
1210
1970
1641
672
933
933
1040
571
-492
-492
-593
-709
-709
-1371
-1350
-817
-543
-864
-1039
-1163
-1176
-1028
-859
-560
-650
-754
-722
-534
-403
-403
-410
-410
484
484
500
586
586
805
1142
1297
1492
926
487
652
1447
2082
1559
411
570
570
1233
1109
614
-455
-455
-670
-670
-1306
-1072
-449
-780
-780
-898
-998
-1033
-982
-730
-428
-603
-819
-835
-506
-471
-471
-446
-413
-413
-450
-438
-438
-455
-420
-451
-405
426
426
612
799
1066
1369
1511
821
520
787
1592
2101
1429
485
757
757
1229
1088
824
460
460
-473
-473
-1024
-905
-471
-467
-709
-764
-996
-1128
-1100
-768
-537
-724
-989
-981
-635
-514
-661
-517
-402
-402
-423
-404
-404
-529
-529
-488
-435
-435
-443
564
564
742
956
1220
1441
1437
991
775
1055
1690
2068
1609
773
488
815
1280
1267
926
444
398
398
-515
-515
-1055
-1004
-697
-594
-792
-950
-1189
-1307
-1231
-999
-795
-886
-1046
-1017
-772
-651
-680
-581
-424
-424
-413
-425
-425
-514
505
505
595
771
1018
1185
1376
1507
1436
1211
1004
1253
1727
1951
1417
773
634
903
1029
947
633
-767
-767
-1164
-1124
-954
-914
-1005
-1119
-1286
-1400
-1312
-1117
-957
-1009
-1101
-1032
-880
-801
-706
-544
463
463
495
706
909
1073
1105
1265
1505
1429
1075
836
1205
1685
1743
1134
578
467
746
855
870
569
-486
-486
-553
-1042
-1042
-1389
-1252
-998
-925
-1030
-1282
-1520
-1604
-1298
-958
-852
-1078
-1187
-994
-679
-530
-456
-441
-441
-501
-473
-478
-478
-399
571
571
805
884
966
1051
1278
1281
1091
928
942
1337
1368
1212
725
512
467
615
602
524
-585
-585
-421
-397
-397
-734
-1104
-1157
-1058
-935
-916
-1030
-1170
-1182
-1085
-826
-777
-759
-757
-598
-419
401
401
468
432
-453
-453
-534
-524
-487
-447
-468
-479
-451
-397
397
397
487
610
704
810
936
1104
1309
1186
1030
845
967
1256
1379
1127
772
473
501
559
629
481
-418
-418
-646
-646
-910
-945
-845
-785
-745
-859
-954
-1014
-928
-752
-606
-592
-583
-558
-490
-490
-658
-680
-546
-552
-609
-671
-680
-601
-438
433
433
706
910
1019
1010
1104
1325
1377
1345
1279
1270
1267
1330
1240
1159
917
734
550
624
564
-509
-509
-704
-893
-1018
-1076
-1088
-1019
-1055
-1134
-1177
-1083
-1006
-864
-788
-686
-606
-514
-442
-462
-462
-512
-546
-539
-489
-518
-564
-586
-496
-403
478
478
505
505
621
803
963
1066
1119
1161
1198
1378
1443
1379
1212
1108
1174
1217
1131
841
708
581
490
-474
-474
-535
-643
-814
-988
-1028
-1042
-1076
-1096
-1115
-1120
-1112
-1071
-928
-850
-786
-771
-670
-508
403
403
452
427
474
582
733
847
883
832
827
906
983
1104
1019
859
664
692
793
736
548
-479
-479
-556
-527
-559
-671
-790
-864
-835
-803
-790
-816
-849
-811
-733
-634
-553
-541
-508
-406
494
494
531
537
468
479
537
624
659
555
462
469
469
550
507
-448
-448
-491
-427
-403
-450
-549
-618
-587
-542
-491
-463
-506
-525
-502
-419
400
400
408
397
440
524
655
674
605
516
543
657
726
630
482
399
-422
-422
-433
-408
-481
-522
-598
-596
-586
-560
-534
-545
-555
-545
-440
397
397
414
491
594
628
573
506
515
616
629
603
485
435
-423
-423
-442
-436
-444
-473
-504
-535
-511
-449
-414
-411
-410
423
423
484
553
556
551
518
462
442
478
555
545
483
425
425
505
534
518
494
516
566
574
540
475
466
469
486
429
-417
-417
-434
