-242
-242
-272
-299
-327
-352
-376
-398
-415
-420
-417
-417
-406
-397
-378
-359
-336
-310
-276
-240
239
239
245
240
240
236
-251
-251
-280
-314
-345
-378
-411
-439
-462
-475
-492
-493
-502
-493
-475
-448
-420
-401
-375
-358
-333
-310
-278
-250
252
252
268
292
311
306
312
287
287
283
299
301
291
280
252
234
-243
-243
-288
-311
-344
-364
-395
-423
-451
-471
-479
-473
-457
-449
-425
-417
-399
-391
-375
-377
-366
-360
-343
-325
-300
-254
247
247
280
289
299
284
266
241
-256
-256
-304
-307
-328
-318
-346
-363
-397
-421
-427
-420
-410
-409
-404
-407
-368
-345
-306
-301
-297
-304
-299
-283
-251
236
236
251
272
320
342
373
366
349
317
319
328
332
332
318
321
299
293
268
250
-242
-242
-259
-285
-310
-353
-394
-429
-437
-442
-435
-431
-448
-452
-462
-448
-433
-421
-412
-413
-406
-381
-342
-306
-272
-255
260
260
291
318
355
379
373
352
324
316
329
331
339
325
326
298
284
256
234
-278
-278
-286
-319
-331
-382
-422
-465
-472
-462
-452
-412
-407
-397
-396
-384
-369
-362
-346
-352
-353
-323
-288
285
285
365
496
641
784
849
813
612
439
349
325
265
-240
-240
-524
-822
-970
-977
-903
-918
-867
-811
-693
-664
-682
-679
-693
-691
-725
-624
-439
238
238
245
-255
-255
-316
-406
-443
-366
-277
-305
-305
-401
-509
-603
-707
-748
-698
-585
-472
-412
-286
258
258
364
494
626
713
754
775
806
821
818
787
796
844
927
992
1056
1121
1154
1170
1223
1160
694
-612
-612
-660
-500
-512
-692
-714
-576
-553
-775
-924
-897
-965
-1183
-1260
-855
-281
245
245
271
234
234
357
405
427
590
767
743
480
-387
-387
-651
-945
-1065
-971
-831
-799
-792
-763
-794
-945
-1078
-1046
-813
-600
-479
-358
-274
-274
-343
-265
372
372
683
857
792
657
550
533
491
463
579
798
1075
1198
1282
1305
1308
1255
1186
1201
1339
1609
1759
1410
427
-590
-1051
-914
-800
-1044
-1227
-1107
-878
-921
-1075
-1041
-1011
-1197
-1327
-929
530
530
655
571
593
647
587
447
492
604
586
505
496
563
421
-612
-612
-1068
-1302
-1483
-1654
-1603
-1324
-1061
-971
-984
-933
-830
-867
-861
-740
-370
-291
-291
-248
372
372
634
727
805
877
811
683
605
655
836
984
1162
1348
1516
1620
1595
1564
1590
1697
1773
2009
1858
977
-485
-1574
-1546
-1053
-807
-1064
-1111
-956
-835
-1100
-1170
-1022
-943
-960
-760
1009
1009
1335
981
627
459
378
283
286
533
591
532
277
-448
-448
-974
-1359
-1263
-1033
-771
-807
-909
-1086
-1164
-1201
-1074
-862
-711
-576
-466
-466
-466
-722
-733
-539
-357
236
236
307
363
338
369
518
758
1057
1242
1322
1240
1219
1268
1448
1634
1751
1851
1862
1957
2024
2080
1318
-249
-1891
-2582
-2011
-1247
-836
-904
-894
-1041
-1213
-1398
-1165
-866
-721
-362
321
1367
1801
1593
903
350
414
414
665
429
-317
-317
-567
-931
-1347
-1516
-1387
-809
-256
-492
-492
-1074
-1377
-1246
-847
-433
-325
-270
-298
-261
-422
-797
-1147
-1245
-927
-461
292
292
478
843
1198
1503
1530
1449
1279
1285
1361
1586
1853
1970
2037
1850
1751
1694
1643
741
-874
-2274
-2294
-1297
-653
-742
-1148
-1079
-1126
-1269
-1309
-777
-256
726
726
1518
1509
906
318
318
454
400
-588
-588
-921
-995
-1135
-1257
-1158
-752
-254
-254
-674
-977
-1009
-779
-441
-251
-362
-598
-725
-741
-850
-1121
-1254
-1020
-541
-255
-255
457
457
641
806
1037
1302
1431
1429
1312
1304
1449
1709
1945
2076
2021
1852
1613
1490
1621
1520
385
-1423
-2632
-2276
-1078
-455
-614
-967
-1040
-1130
-1160
-909
-294
354
354
1020
1571
1295
546
-298
-298
243
243
299
-612
-612
-1028
-1195
-1115
-1183
-1159
-938
-453
296
296
-316
-316
-818
-1103
-967
-565
-275
-275
-626
-926
-1015
-957
-1070
-1210
-1164
-809
-347
-364
-364
-313
458
458
709
776
896
1115
1314
1403
1372
1338
1404
1629
1958
2102
2040
1773
1672
1624
1742
1818
1391
-1854
-1854
-2562
-1759
-624
-427
-779
-961
-813
-913
-1047
-730
542
542
1258
1505
814
-441
-441
-363
-363
-363
-857
-1124
-1141
-1095
-1152
-1029
-627
369
369
269
-660
-660
-839
-749
-544
-348
-331
-586
-995
-1227
-1254
-1165
-1260
-1268
-1017
-529
-333
-333
-446
-360
380
380
635
709
645
762
983
1181
1201
1182
1250
1494
1779
2036
2085
1881
1639
1498
1598
1821
2076
1443
-310
-2164
-2570
-1468
-358
-723
-723
-868
-868
-872
-842
-396
603
603
1302
1316
598
-250
-535
-367
-637
-637
-1010
-1151
-1021
-939
-933
-766
-355
450
450
-276
-276
-710
-851
-717
-456
-289
-414
-842
-1253
-1390
-1267
-1145
-1198
-1135
-824
-357
-335
-335
-435
-305
498
498
674
659
645
804
1052
1220
1275
1282
1397
1629
1887
2105
2113
1928
1706
1683
1775
2083
1894
535
-1376
-2472
-1721
-451
-511
-511
-945
-997
-988
-1071
-774
284
284
963
1229
701
-660
-660
-460
-559
-559
-1034
-1272
-1148
-900
-824
-714
-479
279
279
242
-448
-448
-726
-766
-639
-443
-412
-732
-1188
-1421
-1319
-1074
-1053
-1106
-974
-618
-277
-334
-334
-418
-357
248
248
507
582
538
570
802
1061
1288
1329
1440
1626
1856
2033
2067
2033
1975
1978
2001
2197
2384
1618
-319
-2149
-2317
-952
-919
-919
-1080
-1074
-1127
-1054
-458
243
243
678
1287
1109
263
-537
-548
289
289
-317
-317
-959
-1279
-1306
-1004
-776
-728
-595
-287
337
337
-289
-289
-454
-391
-383
-482
-634
-802
-1133
-1441
-1505
-1278
-1109
-1202
-1219
-978
-596
-446
-468
-489
-318
431
431
508
504
484
661
961
1266
1395
1464
1483
1623
1793
1910
1947
1888
1949
1931
2068
2255
2469
1342
-773
-2647
-2421
-794
-942
-942
-1065
-1218
-1262
-1211
-409
250
250
314
709
1183
788
-825
-825
-682
-250
-413
-413
-1057
-1300
-1287
-886
-620
-466
-314
334
334
359
-381
-381
-518
-418
-475
-605
-997
-1505
-1729
-1640
-1204
-1088
-1117
-1202
-912
-608
-424
-452
-489
-387
451
451
550
384
296
501
942
1335
1446
1418
1395
1528
1730
1852
1955
1836
1951
1908
2157
2227
2696
1935
-2425
-2425
-2926
-1213
446
446
-664
-979
-1267
-1348
-1425
-628
245
382
353
474
1072
840
-739
-739
-719
-287
293
293
-862
-862
-1228
-1335
-942
-592
-377
-239
251
251
329
-245
-245
-377
-414
-367
-511
-702
-984
-1375
-1714
-1800
-1536
-1269
-1232
-1268
-1101
-816
-600
-577
-596
-469
419
419
518
414
357
498
927
1274
1489
1536
1477
1526
1680
1854
1879
1879
1954
2114
2223
2269
2520
2151
450
-1848
-2813
-1506
571
571
-329
-923
-1185
-1426
-1554
-941
389
389
277
249
611
566
-681
-681
-767
-354
236
236
-661
-661
-1119
-1208
-930
-508
275
275
-324
-324
-348
-308
-308
-675
-1111
-1460
-1611
-1629
-1384
-1149
-1050
-1144
-1035
-781
-528
-428
-460
-378
298
298
502
513
391
384
576
996
1393
1569
1574
1457
1416
1547
1774
1922
1996
2102
2235
2276
2315
2552
2307
709
-1521
-2666
-1517
694
694
-240
-1094
-1431
-1623
-1611
-981
364
364
308
308
292
-576
-576
-651
-237
309
309
-630
-630
-1094
-1080
-753
-377
-277
-277
-323
-372
-428
-753
-1184
-1585
-1757
-1748
-1562
-1243
-1171
-1252
-1264
-1011
-778
-619
-569
-488
-270
343
343
396
330
316
465
833
1239
1459
1512
1423
1390
1411
1664
1866
1964
1989
2056
2213
2261
2469
2459
1349
-731
-2351
-1867
735
735
-999
-999
-1505
-1704
-1716
-1263
360
360
-437
-437
-519
310
310
257
-373
-373
-910
-976
-641
-273
-304
-304
-573
-874
-1205
-1478
-1636
-1648
-1574
-1352
-1202
-1277
-1325
-1147
-849
-660
-518
-419
-258
328
328
334
392
508
770
1118
1417
1544
1524
1449
1409
1523
1849
2039
2112
2071
2137
2177
2218
2504
1998
413
-1639
-2116
-805
601
591
-584
-1403
-1767
-1839
-1634
-586
263
-346
-346
-576
-362
-343
-387
-491
-281
-551
-551
-825
-616
-485
-485
-836
-1082
-1306
-1396
-1512
-1568
-1490
-1284
-1303
-1447
-1351
-1037
-760
-665
-561
-481
-271
295
295
397
515
674
994
1279
1485
1446
1401
1291
1457
1744
2027
2105
2115
2105
2129
2162
2401
2506
1446
-379
-1831
-1175
883
883
-980
-980
-1629
-1949
-1874
-1201
-371
-371
-1003
-875
-669
-592
-503
-402
-497
-497
-599
-240
368
368
339
-278
-278
-740
-1012
-1172
-1292
-1451
-1525
-1454
-1297
-1170
-1341
-1403
-1191
-797
-662
-603
-498
-373
326
326
480
605
796
1076
1360
1452
1360
1336
1390
1613
1901
2120
2117
2049
2088
2131
2265
2528
2358
1099
-615
-1423
-549
605
757
-263
-1230
-1764
-2041
-1898
-996
-917
-917
-1363
-1209
-971
-719
-490
-316
-322
-322
-295
427
427
532
425
-484
-484
-1089
-1303
-1273
-1225
-1265
-1408
-1489
-1455
-1382
-1447
-1297
-1007
-797
-809
-756
-591
-460
-288
260
260
445
550
726
1022
1250
1301
1298
1364
1455
1680
1901
2047
2029
2120
2151
2287
2374
2657
2307
1149
-342
-916
708
708
713
-377
-1139
-1702
-1950
-1884
-998
-248
-458
-1230
-1691
-1479
-1195
-795
-489
-287
-250
-250
-267
327
327
545
605
546
341
-469
-469
-1009
-1117
-1048
-1015
-1125
-1290
-1411
-1471
-1421
-1407
-1234
-1038
-908
-950
-862
-665
-488
-340
328
328
426
660
912
1114
1229
1311
1396
1510
1644
1779
1888
1968
2038
2078
2202
2261
2393
2371
1771
588
-501
-276
454
848
-686
-686
-1320
-1752
-1937
-1540
-619
-406
-954
-1784
-1831
-1536
-1226
-919
-640
-453
-508
-547
-456
366
366
486
590
554
377
-554
-554
-895
-906
-844
-834
-948
-1112
-1282
-1348
-1356
-1312
-1194
-1101
-1087
-1058
-919
-734
-566
-370
443
443
739
962
1077
1190
1327
1450
1571
1732
1858
1911
1916
2013
2057
2131
2120
2268
2275
1775
750
490
490
707
-548
-548
-1104
-1451
-1643
-1290
-602
-507
-958
-1642
-1647
-1551
-1377
-1111
-766
-567
-678
-705
-635
-283
271
271
339
451
522
477
331
288
-315
-315
-660
-711
-658
-665
-728
-844
-974
-1148
-1237
-1306
-1180
-1022
-988
-1005
-936
-721
-572
-416
-274
447
447
630
855
963
1084
1179
1338
1507
1663
1760
1772
1785
1798
1786
1811
1879
2072
2014
1613
862
291
316
466
544
-285
-285
-696
-994
-1255
-1076
-591
-499
-789
-1381
-1565
-1620
-1497
-1268
-999
-822
-892
-905
-876
-582
-381
-298
-254
378
378
422
369
319
245
-430
-430
-466
-449
-472
-547
-643
-789
-944
-1021
-1014
-926
-865
-939
-994
-894
-710
-543
-362
323
323
460
624
703
798
950
1166
1341
1463
1562
1596
1562
1549
1619
1752
1802
1828
1662
1460
941
629
489
535
544
247
-318
-318
-567
-811
-594
-281
-237
-557
-1091
-1271
-1415
-1355
-1238
-965
-847
-930
-1028
-1035
-747
-603
-510
-505
-446
-340
-243
264
264
252
252
251
-273
-273
-340
-387
-426
-478
-527
-621
-715
-725
-705
-677
-759
-890
-954
-866
-699
-486
-308
239
239
429
531
599
707
835
1010
1161
1329
1376
1422
1476
1617
1689
1707
1718
1628
1486
1039
812
570
630
575
440
335
-388
-388
-273
-595
-595
-1022
-1212
-1357
-1297
-1222
-983
-1005
-1090
-1240
-1206
-936
-793
-696
-726
-639
-533
-411
-280
-280
-356
-391
-403
-403
-466
-489
-462
-461
-485
-565
-652
-682
-616
-480
-312
287
287
406
509
594
664
783
931
1073
1175
1270
1376
1519
1670
1689
1681
1625
1651
1388
1102
877
771
862
767
746
506
304
-683
-683
-1009
-1249
-1296
-1250
-1165
-1091
-1201
-1250
-1318
-1131
-962
-871
-893
-950
-831
-694
-472
-235
-244
-244
-291
-357
-398
-338
-294
-310
-410
-528
-606
-581
-482
-358
-251
270
270
332
415
524
671
816
928
1024
1143
1281
1469
1575
1633
1610
1661
1625
1411
1211
935
944
865
845
663
458
290
-498
-498
-891
-1167
-1273
-1171
-1125
-1073
-1250
-1320
-1375
-1259
-1088
-1000
-952
-1062
-1023
-908
-683
-442
-274
-289
-289
-375
-327
-237
-339
-339
-482
-519
-442
-345
-236
250
250
304
394
531
656
767
848
969
1128
1303
1480
1569
1637
1663
1743
1536
1361
1027
934
954
937
940
651
457
-719
-719
-1036
-1268
-1198
-1125
-1015
-1135
-1287
-1363
-1357
-1126
-1005
-927
-1035
-1110
-1059
-905
-639
-412
-286
-233
-267
-267
-278
-355
-355
-485
-500
-447
-326
-254
266
266
407
554
674
776
891
1031
1220
1413
1533
1648
1677
1785
1585
1407
1122
968
1018
987
1036
781
577
246
-552
-552
-927
-1230
-1227
-1152
-1025
-1069
-1255
-1315
-1328
-1120
-984
-950
-1016
-1133
-1087
-962
-723
-490
-365
-324
-290
-258
-258
-240
-240
-339
-393
-343
-275
264
264
385
540
656
764
857
993
1141
1325
1474
1626
1686
1784
1592
1390
1087
928
1037
1043
1108
847
618
288
-416
-416
-814
-1137
-1154
-1073
-953
-1008
-1195
-1277
-1295
-1070
-942
-929
-1046
-1215
-1174
-1021
-754
-504
-409
-393
-413
-276
-271
-271
-238
-238
-310
-310
-374
-328
-251
251
251
416
562
687
771
897
1026
1232
1409
1607
1696
1796
1605
1411
1114
980
1068
1096
1160
915
710
390
263
-380
-380
-758
-1078
-1130
-1090
-986
-1033
-1169
-1245
-1272
-1089
-974
-953
-1070
-1232
-1228
-1101
-845
-583
-457
-440
-493
-404
-258
-305
-305
-274
-317
-317
-288
255
255
353
521
668
810
915
1018
1155
1312
1508
1616
1757
1580
1423
1103
963
1043
1070
1143
899
731
420
309
264
-332
-332
-692
-1024
-1074
-1058
-999
-1066
-1180
-1215
-1243
-1062
-958
-934
-1037
-1202
-1202
-1077
-845
-613
-493
-433
-429
-342
-238
-238
267
267
330
430
535
662
826
972
1138
1245
1404
1486
1644
1542
1435
1182
976
1051
1054
1179
955
801
525
403
370
291
-565
-565
-930
-1032
-1035
-989
-1052
-1204
-1231
-1268
-1098
-982
-938
-1031
-1234
-1282
-1200
-958
-704
-573
-519
-510
-413
-297
-260
-260
-238
-286
-286
-252
317
317
425
520
601
742
909
1111
1253
1399
1475
1604
1510
1407
1225
1065
1152
1138
1238
1031
863
601
475
451
395
286
-431
-431
-789
-919
-936
-888
-931
-1103
-1154
-1212
-1060
-939
-901
-975
-1171
-1244
-1192
-997
-732
-591
-523
-508
-394
-251
-298
-298
-301
-234
273
273
374
467
556
682
816
1016
1148
1295
1367
1503
1476
1322
1191
966
1099
1083
1226
1086
924
682
492
486
416
365
-324
-324
-692
-896
-934
-910
-895
-1065
-1138
-1250
-1154
-1040
-995
-1034
-1185
-1274
-1251
-1093
-859
-717
-654
-635
-560
-402
-239
-249
-249
-250
-250
-276
239
239
291
364
453
527
639
760
926
1079
1214
1323
1432
1501
1327
1237
963
1061
1063
1172
1108
934
776
540
542
466
457
-531
-531
-775
-834
-881
-849
-1017
-1076
-1177
-1144
-1023
-979
-982
-1122
-1217
-1202
-1100
-899
-760
-687
-654
-584
-416
-242
-264
-264
-237
241
241
284
353
403
464
529
674
798
991
1076
1232
1261
1409
1287
1243
1029
957
1036
1029
1124
911
828
561
519
437
414
263
-391
-391
-744
-854
-944
-896
-998
-1103
-1181
-1251
-1136
-1076
-1030
-1088
-1193
-1214
-1128
-964
-780
-694
-618
-585
-476
-314
-263
-263
-282
-237
235
235
303
303
360
464
532
628
743
877
1024
1143
1263
1324
1382
1218
1177
960
1068
1032
1098
1014
855
714
517
521
426
390
-552
-552
-780
-871
-922
-909
-1063
-1115
-1236
-1211
-1128
-1078
-1046
-1107
-1153
-1132
-1045
-880
-765
-694
-643
-567
-403
-233
-253
-253
-257
318
318
410
519
591
665
754
866
992
1099
1209
1271
1361
1238
1239
1005
1069
1012
1067
1017
861
754
530
521
401
379
-499
-499
-750
-844
-899
-866
-1006
-1097
-1249
-1288
-1223
-1133
-1059
-1092
-1157
-1163
-1111
-940
-795
-695
-632
-590
-451
-301
273
273
382
459
525
557
623
715
824
930
1031
1107
1183
1265
1176
1172
931
991
913
1004
918
820
708
510
464
326
289
-506
-506
-691
-775
-828
-845
-1002
-1112
-1269
-1281
-1169
-1055
-975
-1036
-1097
-1093
-1023
-842
-698
-596
-553
-503
-379
314
314
388
419
440
491
571
679
830
901
992
1039
1097
1144
1055
1025
833
904
782
882
774
704
555
383
301
-529
-529
-705
-829
-900
-953
-1080
-1138
-1226
-1217
-1170
-1099
-1031
-1041
-1037
-1024
-958
-801
-673
-559
-491
-422
-311
250
250
309
373
437
521
608
762
868
950
976
976
1022
1048
1126
951
883
696
730
653
636
572
464
351
-392
-392
-648
-883
-998
-990
-994
-968
-1039
-1108
-1208
-1231
-1118
-985
-890
-870
-851
-739
-599
-377
236
236
356
384
369
300
309
297
298
258
-259
-259
-310
-371
-380
-335
-298
-283
-305
-303
-313
-273
317
317
423
475
534
597
649
687
742
796
813
864
883
921
923
1011
1034
1028
842
647
483
434
414
248
-297
-297
-344
-425
-427
-593
-858
-1054
-1159
-1134
-1134
-1104
-1088
-1040
-1021
-1012
-887
-713
-590
-564
-509
-384
281
281
369
390
461
497
568
537
429
299
-343
-343
-425
-484
-536
-558
-578
-601
-589
-497
-383
-298
366
366
559
725
807
832
782
681
569
522
497
535
573
669
763
885
1010
1100
1183
1090
844
383
-300
-300
-394
-321
-338
-422
-462
-503
-588
-921
-1181
-1325
-1219
-1102
-998
-868
-673
-513
-433
-354
409
409
571
692
708
662
597
557
433
-314
-314
-385
-483
-557
-613
-647
-667
-737
-744
-780
-753
-757
-757
-711
-561
-350
260
260
299
311
287
264
297
297
448
577
653
691
662
573
476
398
291
240
274
415
584
805
981
1208
1274
1062
512
-260
-260
-430
-685
-777
-612
-450
-463
-417
-344
-314
-637
-994
-1127
-1046
-906
-863
-719
-475
437
437
545
452
271
273
273
334
378
474
561
602
564
503
442
275
-601
-601
-926
-1028
-1093
-1192
-1324
-1234
-1081
-926
-830
-726
-649
-664
-782
-826
-633
-526
-447
-373
295
295
495
611
673
624
570
550
565
560
539
559
597
688
748
791
790
815
812
822
887
1045
1186
1482
1517
1043
277
-335
-299
-330
-739
-1206
-1272
-846
-750
-751
-632
-348
-433
-911
-1041
-846
-512
-602
-606
-391
355
355
587
832
1001
935
722
642
694
710
444
262
-307
-307
-732
-1138
-1337
-1481
-1608
-1792
-1798
-1594
-1255
-950
-735
-596
-519
-447
-427
-339
-323
-307
-270
508
508
660
745
846
886
761
633
567
485
387
360
468
656
803
897
1013
1177
1374
1402
1477
1576
1868
1772
902
-739
-739
-502
-514
-938
-1424
-1400
-774
-698
-629
-616
-250
-626
-1153
-1207
-800
-318
-586
-447
527
527
907
1045
1253
1329
1107
691
578
679
577
-311
-311
-783
-1293
-1553
-1691
-1861
-1979
-2028
-1771
-1412
-1044
-638
-371
-296
-416
-355
-329
-329
-360
344
344
544
663
848
953
907
726
551
523
413
376
376
653
797
861
1224
1507
1690
1748
1904
2075
2402
2134
896
-899
-899
-428
-848
-1447
-1888
-1554
-920
-928
-803
-612
-249
-1002
-1417
-1367
-453
-334
-624
-391
321
1219
1423
1643
1765
1811
1274
837
604
668
362
-298
-544
-481
-250
-234
-495
-806
-1285
-1550
-1752
-1993
-2138
-2097
-1957
-1706
-1249
-577
-272
-272
-573
-356
250
250
562
901
808
587
445
463
-356
-356
330
330
442
569
985
1622
1933
2060
2188
2494
2592
2839
2043
762
-513
-1037
-656
-1312
-1774
-2212
-1500
-1106
-936
-899
-414
-445
-1227
-1561
-1215
-267
-437
-500
959
959
1664
1914
1958
2152
1968
1248
719
451
457
-862
-862
-1070
-849
-561
-655
-1038
-1216
-1369
-1550
-1906
-2235
-2068
-1852
-1742
-1441
-838
367
367
336
336
469
-637
-637
-591
683
683
812
542
440
528
402
-551
-551
-321
299
299
361
866
1635
2190
2324
2542
2820
2988
2860
2999
2055
783
-740
-1269
-1041
-1734
-2148
-2580
-1686
-1334
-1075
-972
-371
-460
-1094
-1297
-852
282
282
1361
1977
2227
2235
2356
2047
1287
657
274
-665
-665
-1420
-1646
-1412
-1017
-1150
-1485
-1540
-1486
-1532
-1866
-2011
-1644
-1449
-1447
-1117
-400
461
437
478
478
399
-298
-747
-537
-266
-353
-284
623
623
491
294
393
494
-372
-372
-514
279
279
415
682
1292
2041
2440
2673
2952
3252
3290
3348
2826
1290
-1500
-1500
-1416
-2040
-2593
-2977
-2556
-1680
-1412
-955
-496
-691
-691
-961
-965
1026
1026
2049
2352
2505
2480
2437
1614
765
-784
-784
-1743
-2205
-2033
-1458
-1226
-1454
-1456
-1146
-1098
-1428
-1721
-1485
-1095
-1268
-1170
-618
318
653
236
382
382
448
-802
-802
-810
-471
-578
-579
420
420
599
305
344
498
459
-402
-402
306
306
550
768
1294
2049
2714
2955
3165
3350
3503
3407
3212
1652
-1506
-1506
-1944
-2169
-2949
-3181
-3225
-2085
-1663
-1000
-606
261
-482
-482
-703
472
472
290
290
650
1887
2315
2502
2345
2415
1839
743
-726
-726
-932
-1949
-2617
-2693
-1970
-1412
-1408
-1411
-1044
-651
-846
-1105
-1159
-723
-890
-1102
-806
597
597
303
303
-725
-725
-1056
-817
-727
-777
-476
493
493
325
280
422
576
334
273
273
749
968
1344
1903
2699
3106
3277
3333
3474
3435
3303
1821
-1653
-1653
-2417
-2439
-3415
-3635
-3699
-2318
-1611
-928
-408
500
613
-300
-300
811
811
336
328
471
1772
2382
2420
2164
2121
1850
564
-440
-1257
-1268
-2152
-2932
-3063
-2183
-1306
-1138
-1166
-782
-297
-297
-616
-879
-437
-541
-959
-901
467
467
-301
-301
-295
-805
-805
-1249
-990
-717
-723
-505
545
545
560
403
451
636
541
391
391
994
1288
1601
2068
2860
3317
3371
3211
3344
3274
3282
1684
-1890
-1890
-2649
-2602
-3646
-3875
-3968
-2364
-1643
-743
-258
890
1052
356
1191
1191
543
421
364
1708
2178
2231
1780
1769
1486
-899
-899
-1717
-1632
-2517
-3234
-3341
-2206
-1288
-938
-888
-322
391
-290
-290
-665
-322
-512
-1067
-1169
-503
-479
-479
-423
-240
-240
-890
-1301
-1087
-757
-772
-565
579
579
674
545
572
794
730
322
504
504
1203
1433
1664
2069
2877
3323
3323
3105
3176
3186
3058
1558
-410
-2054
-3013
-2928
-3657
-3683
-3727
-2392
-1474
-408
254
1144
1255
573
311
323
1166
727
618
488
1518
1997
2167
1713
1493
991
-237
-1235
-1985
-1918
-2600
-3143
-3139
-1985
-963
-472
-491
347
347
240
-548
-548
-425
-588
-1007
-1052
-534
-705
-705
-718
-521
-561
-1058
-1386
-1199
-742
-508
702
702
844
722
722
792
741
396
317
649
1346
1675
1930
2231
2850
3269
3209
2991
2918
2837
2750
1247
-564
-2177
-2757
-2691
-3610
-3886
-3817
-2174
-1351
-520
1152
1152
1371
790
466
687
1492
818
498
418
1657
1895
1761
1104
1127
748
-412
-1447
-2083
-1964
-2638
-3158
-3017
-1720
-766
-358
-399
751
751
571
-479
-479
-353
-603
-1145
-1279
-711
-430
-430
-954
-829
-447
-554
-1126
-1435
-1109
-635
-547
-297
717
717
810
654
726
872
815
413
323
721
1401
1637
1798
2149
2815
3181
3032
2743
2682
2640
2573
1551
-306
-1911
-3002
-2710
-3112
-3374
-3573
-2539
-1358
-429
904
904
1409
834
478
326
1225
1070
690
338
1090
1705
1738
1207
804
528
-499
-1449
-2160
-2019
-2276
-2753
-2826
-1781
-618
566
566
586
-440
-440
-552
-637
-1024
-1242
-806
-273
-835
-835
-1029
-731
-541
-923
-1343
-1244
-622
-259
349
349
775
955
775
692
803
841
556
385
628
1352
1765
1968
2115
2583
2924
2926
2543
2474
2379
2502
1771
-1746
-1746
-2971
-2453
-2705
-2989
-3438
-2515
-1235
-285
242
797
1449
872
487
1166
1166
1221
843
740
740
1501
1657
1083
439
237
-607
-1430
-2216
-1992
-2011
-2347
-2638
-1782
-531
280
349
349
490
-470
-470
-683
-620
-879
-1213
-993
-455
-757
-757
-1179
-1008
-608
-730
-1085
-1163
-549
312
312
623
861
668
456
437
666
573
474
535
1254
1783
2090
2133
2406
2749
2810
2502
2319
2310
2525
2011
-1568
-1568
-2827
-2242
-2531
-2997
-3378
-2540
-1141
-380
240
735
1579
905
521
1161
1161
1286
800
647
647
1510
1546
1032
303
-687
-687
-1475
-2263
-1950
-1865
-2267
-2498
-1714
-361
370
262
325
325
390
-568
-568
-698
-649
-949
-1227
-967
-362
-751
-751
-1187
-1024
-644
-707
-1006
-1014
-442
282
282
466
736
851
583
382
416
582
478
374
569
1262
1801
2016
2064
2323
2638
2657
2404
2252
2330
2499
2157
436
-1216
-2443
-2234
-2244
-2887
-3264
-2820
-1362
-566
517
517
1247
875
364
849
849
1314
801
346
523
1463
1542
1129
372
-616
-616
-1472
-2102
-1945
-1743
-2061
-2274
-1658
-447
248
-567
-567
-608
-542
-718
-1070
-910
-435
-255
-764
-1259
-1132
-764
-660
-857
-756
-265
307
307
467
640
692
384
382
382
368
346
599
1255
1800
1997
2012
2146
2386
2443
2316
2190
2279
2231
2495
1590
-1732
-1732
-2648
-2264
-2652
-3083
-3443
-2301
-1040
936
936
1282
802
1101
1101
1048
702
963
963
1582
1561
810
272
-1024
-1024
-1881
-2299
-1826
-1758
-1927
-1901
-930
431
431
-242
-242
-537
-537
-782
-503
-300
-556
-800
-453
-253
-253
-1125
-1398
-1116
-692
-776
-819
-438
371
371
408
501
638
460
302
302
520
465
539
969
1620
1876
1854
1868
2137
2316
2195
2070
2126
2317
2421
2348
1001
-718
-2408
-2743
-2464
-2874
-3217
-3128
-1642
-516
278
599
1223
1022
366
307
307
1123
914
571
530
1521
1820
1451
535
-686
-686
-1614
-2351
-2227
-1712
-1734
-1937
-1584
-431
287
-483
-483
-532
-386
-463
-768
-664
-256
-639
-639
-685
-261
-660
-660
-1361
-1302
-753
-447
-572
-449
333
333
249
268
268
345
490
490
678
668
908
1420
1884
1891
1865
1896
2238
2291
2236
2191
2311
2450
2572
1550
-342
-2127
-3102
-2614
-2962
-3098
-3158
-1864
-538
594
594
1044
1129
317
-250
1077
1077
1147
998
785
1578
2040
1547
606
-760
-760
-1701
-2457
-2428
-1584
-1357
-1443
-1466
-595
-668
-668
-909
-596
-457
-570
-388
388
388
-657
-657
-532
-317
-773
-1505
-1519
-857
-280
-295
359
359
663
663
900
756
828
1132
1577
1611
1586
1698
2009
2267
2226
2242
2295
2411
2444
2267
708
-1251
-2908
-3081
-2533
-2818
-2779
-2452
-896
347
347
573
837
437
-468
-648
233
1404
1305
1186
1242
2023
1783
880
-696
-696
-1315
-2145
-2325
-1624
-761
-842
-1236
-1197
-518
-371
-853
-1316
-1028
-628
-511
-436
576
576
-625
-625
-893
-470
-423
-1037
-1352
-861
-244
-244
-488
-488
-361
233
233
614
614
975
819
578
759
1209
1483
1463
1697
2029
2464
2414
2424
2335
2303
2104
2029
1512
-332
-2081
-3357
-2606
-2297
-2391
-2457
-1703
-389
236
236
548
-576
-576
-247
1254
1850
1587
1288
1482
1808
986
-664
-664
-964
-1549
-1907
-1647
-763
-542
-986
-1517
-1299
-862
-976
-1358
-1374
-700
494
494
446
-277
-1011
-857
-442
-456
-915
-761
-445
-445
-414
-342
-496
-532
400
400
436
238
458
713
646
264
295
828
1393
1713
1869
2195
2417
2450
2351
2195
2103
1913
1833
2006
799
-994
-2670
-2890
-2094
-2352
-2459
-2315
-1071
-309
353
353
-499
-499
-486
549
1807
1644
1421
1292
1721
1376
419
-266
-689
-1009
-1496
-1514
-964
-473
-799
-1362
-1686
-1284
-1179
-1362
-1510
-1094
-352
233
233
404
-614
-614
-873
-417
-389
-389
-669
-322
-549
-549
-684
-517
-415
-503
310
310
453
396
396
484
628
628
1307
1732
1837
2064
2337
2383
2247
2165
2073
2019
1863
2107
1852
-1725
-1725
-2947
-2447
-2086
-2433
-2399
-1761
-648
-349
-305
-438
-438
-802
1328
1328
1894
1576
1474
1608
1565
863
-278
-278
-686
-1009
-1066
-668
-412
-412
-1153
-1817
-1899
-1683
-1639
-1738
-1492
-834
-526
-526
-782
-515
-271
-271
-793
-818
-506
-299
400
400
246
246
1090
1791
1975
1953
2111
2237
2293
2217
2227
2259
2174
2368
2444
1124
-1005
-2790
-2735
-2095
-2264
-2475
-2095
-913
-547
-641
-547
-383
-728
-1264
-639
910
1917
1771
1486
1653
1700
990
340
-529
-529
-580
-1156
-1156
-1798
-2084
-2197
-2220
-1966
-1652
-1179
-631
-398
-398
-577
-636
-492
-306
461
461
452
-617
-617
-846
-497
-439
-439
-342
604
604
1386
1757
1692
1686
1935
2250
2351
2378
2397
2521
2535
2776
2461
729
-1444
-2852
-2216
-1695
-1815
-2225
-1839
-973
-950
-1095
-1212
-1118
-1489
-1572
-395
1226
1898
1531
1163
1478
1356
951
551
503
513
336
693
961
707
-341
-1467
-2050
-2279
-2412
-2301
-2038
-1680
-1494
-1059
-707
-750
-1205
-1291
-746
439
439
750
775
556
308
-315
-315
488
488
561
-303
-303
-461
-492
-527
-592
-541
-357
646
646
1085
1206
1234
1375
1744
2189
2560
2667
2726
2783
2998
3271
2361
270
-1872
-2119
-1165
-835
-1620
-2063
-1517
-1126
-1397
-1980
-1902
-2014
-2210
-1809
1199
1199
1219
453
416
1004
1217
935
792
1204
1496
1798
1914
1867
1088
-1170
-1170
-1547
-1674
-1818
-2031
-2094
-1977
-1826
-1717
-1852
-2182
-2185
-1592
-871
-320
372
372
543
554
480
539
557
431
431
746
1125
1139
677
-325
-325
-435
-520
-611
-537
-286
287
287
298
379
761
1303
1746
1982
2113
2323
2617
2925
3253
2801
1263
-418
-845
371
371
-344
-1225
-1173
-756
-769
-1538
-2067
-2293
-2394
-2163
-1402
-346
-684
-684
-930
-338
377
526
330
583
1333
2061
2354
2162
1848
1234
479
-504
-504
-1124
-1232
-976
-1111
-1705
-2429
-2441
-1961
-1601
-1494
-1408
-994
-607
-451
-331
463
463
877
1005
820
560
478
501
426
252
316
316
287
235
235
298
428
558
739
863
1112
1336
1456
1498
1604
1634
1196
471
490
490
901
821
262
302
302
297
-529
-529
-841
-1409
-1579
-1439
-1038
-1088
-1441
-1434
-1013
-669
-753
-857
-637
-322
550
550
741
496
245
286
433
237
284
284
-382
-382
-753
-834
-680
-723
-922
-861
-597
-515
-764
-1035
-977
-887
-899
-836
-619
-358
-349
-268
344
344
724
944
1019
1154
1267
1284
1205
1242
1296
1243
1220
1272
1431
1409
1338
1304
1389
1310
741
-289
-289
-562
-562
-782
-846
-1432
-1742
-1423
-650
-377
-919
-1043
-598
-268
-632
-950
-647
375
375
639
-340
-340
301
301
291
529
529
705
377
-439
-439
-519
-250
-515
-515
-606
-568
-555
-824
-1101
-1157
-1184
-1157
-995
-749
-582
-629
-508
468
468
726
862
953
1083
1124
1168
1176
1288
1395
1359
1316
1249
1299
1320
1250
1148
1160
1313
1183
515
310
310
287
-241
-241
-614
-614
-1068
-815
-810
-1474
-1572
-916
-455
-455
-1140
-936
-409
-523
-1152
-1043
-389
-321
-321
424
424
392
-297
-297
477
477
303
236
497
780
569
335
254
-361
-361
-397
-397
-543
-581
-777
-978
-1170
-1183
-1234
-1241
-960
-642
-462
-500
-422
370
370
571
708
874
1019
1063
1043
1083
1153
1148
1104
1104
1117
1091
1124
1220
1371
1393
1371
1145
590
241
241
506
383
243
243
-543
-543
-1072
-825
-657
-1139
-1299
-893
-234
-615
-1255
-1167
-752
-858
-1337
-1172
-559
-280
-359
-260
-260
369
369
609
330
252
622
885
556
-326
-326
-394
-394
-622
-697
-850
-1071
-1219
-1108
-1021
-944
-744
-423
-275
-449
-468
258
258
541
679
754
885
939
859
821
936
1068
1042
944
1016
1195
1354
1342
1370
1499
1508
1059
507
438
649
637
297
297
-882
-882
-888
-482
-738
-1260
-1379
-778
-589
-1212
-1460
-1160
-891
-1227
-1422
-869
-407
-416
-489
268
268
-240
-240
465
465
419
397
397
732
623
-462
-462
-557
-659
-864
-1045
-953
-726
-685
-679
-505
-323
-368
-540
-492
441
441
607
659
695
719
700
679
793
946
1069
1142
1235
1374
1398
1416
1530
1669
1486
877
523
669
867
581
298
298
244
-257
-801
-659
-481
-925
-1244
-1197
-690
-841
-1356
-1371
-1050
-939
-1221
-1191
-711
-463
-540
-408
-341
-341
400
400
266
547
547
358
-322
-322
-364
-420
-563
-691
-537
-331
-377
-576
-559
-421
-456
-661
-588
-305
317
317
402
301
341
504
647
713
786
1071
1269
1340
1414
1539
1657
1682
1780
1709
1149
671
731
1046
831
369
369
352
-308
-939
-689
-441
-998
-1467
-1289
-619
-807
-1481
-1458
-1040
-964
-1327
-1214
-549
-393
-593
-418
286
286
-292
-485
486
486
527
527
-251
-251
-295
-295
-353
-353
-285
-336
-336
-546
-327
-461
-461
-449
-276
-363
-528
-421
345
345
487
531
710
1077
1230
1210
1290
1540
1722
1791
1852
1580
1121
938
1105
1201
650
300
300
571
247
-563
-851
-489
-628
-1220
-1514
-1119
-819
-1314
-1554
-1244
-1060
-1274
-1412
-850
-428
-601
-629
-343
-343
287
287
263
316
316
253
-308
-308
-256
-361
-361
-482
-321
-276
-276
-449
-375
-299
-299
-327
-365
-365
-330
407
407
471
538
762
1035
1118
1157
1306
1518
1714
1771
1580
1199
1054
1204
1285
851
355
433
691
431
-323
-694
-397
-458
-1017
-1415
-1130
-860
-1329
-1675
-1435
-1183
-1361
-1554
-1111
-604
-678
-776
-511
-464
-464
-325
255
255
270
270
-290
-290
-426
-397
-279
-286
-372
-339
-295
-295
359
359
447
545
751
968
1037
1082
1209
1405
1587
1662
1418
1092
1085
1307
1380
858
441
597
848
511
-249
-521
-290
-290
-871
-1167
-898
-768
-1302
-1560
-1282
-1167
-1379
-1534
-1057
-608
-743
-856
-586
-257
-257
-651
-438
-332
-332
-366
-257
-243
-353
-307
353
353
391
422
602
841
932
993
1090
1286
1469
1492
1244
1037
1124
1350
1327
826
578
802
994
581
-281
-281
-688
-688
-958
-739
-758
-1194
-1406
-1260
-1248
-1448
-1491
-1071
-748
-892
-905
-574
-238
-398
-708
-520
-285
-285
-256
-246
-314
-310
-245
328
328
430
486
602
766
887
966
1033
1190
1333
1342
1081
876
1043
1311
1303
746
520
794
1042
659
-445
-445
-632
-438
-561
-997
-1174
-994
-1037
-1366
-1386
-954
-685
-934
-1023
-657
-355
-548
-850
-643
-262
-269
-269
-257
-258
-258
-250
-250
-318
-291
-291
255
255
412
582
655
693
804
999
1116
1223
1331
1274
961
905
1132
1433
1074
504
557
981
996
281
-245
-245
-245
-675
-562
-362
-696
-1099
-1055
-856
-1101
-1408
-1191
-665
-643
-1000
-846
-383
-289
-669
-864
-472
-239
-296
-321
-292
-292
-366
-246
-255
-352
-388
-268
-268
243
243
253
285
397
545
624
683
788
948
1092
1232
1262
1043
842
964
1284
1356
784
477
732
1100
856
-286
-286
-552
-359
-359
-741
-985
-846
-785
-1150
-1335
-992
-567
-696
-966
-714
-345
-406
-766
-796
-416
-289
-374
-375
-315
-315
-347
-276
-289
-384
-360
-242
-242
-252
241
241
344
446
509
580
694
880
1024
1134
1163
1043
851
897
1142
1276
863
425
571
967
926
249
-604
-604
-514
-297
-589
-940
-896
-649
-852
-1225
-1090
-615
-496
-826
-827
-411
-289
-578
-811
-535
-239
-343
-438
-345
-355
-355
-276
-295
-295
-408
-278
240
240
238
279
370
451
495
555
738
930
1026
1107
1120
952
803
914
1089
1112
627
406
653
945
746
-243
-243
-506
-372
-362
-650
-788
-649
-505
-789
-1027
-805
-489
-514
-774
-662
-336
-354
-638
-721
-457
-297
-473
-537
-383
-314
-314
-414
-261
-321
-321
-474
-340
270
270
346
434
524
643
787
895
980
1041
958
715
630
737
938
827
382
258
482
699
433
-246
-246
-365
-365
-519
-316
-321
-562
-651
-442
-251
-550
-795
-613
-293
-311
-601
-571
-265
-262
-473
-674
-766
-843
-900
-610
-296
-262
-545
-826
-755
-495
-386
-421
-320
-236
-236
294
294
398
426
390
365
593
876
1139
1265
1399
1520
1746
1634
1030
517
585
1175
1703
1209
415
-273
-273
-329
-329
-606
-606
-1252
-1521
-1070
-721
-1104
-1402
-1234
-831
-769
-1126
-1058
-773
-684
-678
-378
-350
-350
-514
517
517
520
-269
-269
-402
-248
-354
-354
-575
-522
-362
-399
-686
-824
-732
-541
-454
-456
-490
-521
-545
-422
488
488
574
549
597
750
891
1072
1212
1339
1348
1395
1522
1756
1796
1994
1641
914
420
420
1486
1827
938
-366
-1017
-404
-380
-380
-350
-572
-1023
-1711
-1664
-841
-611
-1316
-1756
-1364
-724
-935
-1391
-1213
-596
-381
-539
-428
-467
-467
600
600
842
349
620
620
730
399
-426
-426
-656
-540
-469
-606
-902
-939
-719
-569
-632
-702
-614
-394
-245
325
325
613
827
892
893
1045
1366
1640
1641
1681
1669
1878
1965
2249
1948
1034
291
358
1504
2011
852
-574
-1068
-368
-301
-301
-509
-922
-1284
-1754
-1515
-717
-691
-1477
-1944
-1501
-723
-926
-1358
-1142
-656
-461
-706
-608
-345
-284
-248
430
430
343
299
299
777
541
240
240
285
-344
-344
-440
-330
-296
-296
-645
-815
-668
-531
-512
-570
-472
-392
-334
410
410
599
705
762
999
1316
1558
1577
1648
1794
2104
2281
1598
921
665
1403
2189
1688
432
-381
476
476
272
-587
-587
-1055
-1429
-1562
-963
-651
-1298
-2053
-2104
-1335
-950
-1372
-1482
-1215
-871
-921
-1045
-652
-395
-332
-280
604
604
648
307
307
397
-260
-260
-353
-353
-597
-571
-433
-314
-331
-348
-256
244
244
277
384
544
715
875
956
1170
1320
1523
1607
1974
1707
1131
729
1127
2160
2226
1043
810
810
990
437
-436
-436
-798
-1183
-772
-532
-532
-1602
-2177
-1634
-959
-1273
-1664
-1434
-1143
-1271
-1633
-1253
-732
-652
-792
-688
-285
-283
-516
-292
307
570
-323
-323
359
359
519
357
-434
-434
-470
-246
-236
-236
-279
-279
-315
363
363
548
687
762
1015
1161
1288
1305
1752
1280
782
485
1203
2217
1934
614
1186
1186
1119
555
-365
-365
-639
-838
266
266
-415
-1476
-1749
-1052
-546
-1094
-1445
-1299
-1066
-1228
-1466
-996
-808
-932
-1034
-765
-378
-491
-725
-437
-321
-321
-475
296
296
236
236
-499
-499
-325
265
265
254
254
456
585
707
713
938
1120
1227
1269
1641
1044
623
386
1259
2062
1637
306
-350
1191
1191
983
425
-349
-349
-540
-642
265
265
-504
-1464
-1501
-723
-338
-939
-1175
-1001
-816
-1118
-1328
-797
-576
-753
-983
-799
-522
-571
-642
-334
-644
-644
-619
-261
-261
-316
-282
-311
-311
-497
-246
347
347
401
305
366
492
660
789
948
1025
1165
991
1361
1399
864
467
536
1602
1884
906
702
702
1127
470
-279
-279
-439
-705
-382
299
-1107
-1107
-1622
-1053
-233
-538
-1169
-1091
-828
-763
-1157
-922
-439
-483
-746
-759
-381
-264
-556
-449
-293
-293
-687
-317
-241
-241
-466
-392
-381
-300
-395
-395
-653
-559
-244
-304
-304
379
379
399
404
503
703
832
1072
1117
1338
1176
1388
1443
933
661
682
1518
1808
902
-241
-241
547
1134
481
-374
-374
-507
-657
-426
-1005
-1005
-1546
-1131
-295
-380
-1036
-1058
-824
-664
-964
-831
-423
-409
-625
-691
-434
-241
-385
-269
-556
-556
-389
-389
-410
-391
-255
-277
-277
-567
-799
-650
-327
-331
-471
-571
-384
-277
-277
307
307
467
619
707
957
1118
1431
1381
1555
1585
1041
846
969
1845
2037
1029
768
768
1219
498
-412
-412
-578
-730
-477
-240
-240
-1231
-1696
-1188
-400
-591
-1210
-1154
-912
-770
-1035
-753
-288
-297
-568
-624
-294
-386
-386
325
325
-411
-411
-281
-308
-308
-544
-658
-459
-271
-271
-442
-558
-356
363
363
472
740
860
1111
1190
1374
1273
713
648
956
1927
2035
1055
1063
1063
1531
837
306
-329
-329
-399
309
309
-1177
-1177
-1671
-1088
-387
-677
-1332
-1273
-1033
-959
-1190
-881
-525
-635
-828
-691
-259
-366
-366
291
291
331
-330
-330
472
472
368
-235
-235
-460
-460
-746
-561
-239
-239
-451
-539
-379
-358
-374
364
364
456
567
727
1039
1128
1315
1042
662
570
934
1863
1835
763
-249
1123
1123
1380
680
-278
-278
-303
-342
462
462
-1150
-1150
-1471
-697
-548
-548
-1189
-1140
-883
-966
-1192
-804
-519
-712
-1022
-835
-361
-282
-490
-344
-400
-400
-466
533
533
368
267
267
274
-374
-374
-573
-241
-356
-356
-506
-286
-235
331
331
503
569
720
922
1254
1116
462
315
675
1700
1894
968
836
836
1432
892
274
-298
-465
-421
520
520
-978
-978
-1578
-946
-966
-966
-1112
-828
-715
-902
-622
-343
-488
-798
-777
-350
-250
-466
-424
-251
-251
-567
304
304
336
-247
-247
-249
351
351
236
-516
-516
-300
-251
-251
352
352
477
460
624
822
1171
904
261
586
586
1562
1653
775
-321
-287
793
1399
881
254
-367
-464
-352
592
592
-982
-982
-1491
-825
-950
-950
-1107
-863
-797
-916
-551
-353
-510
-828
-696
-289
-296
-296
-281
-262
-262
-385
283
283
-236
-236
-392
-392
-542
-252
-327
-327
391
391
561
680
707
750
991
1257
646
1052
1052
1675
1143
-562
-562
1057
1057
922
334
-573
-573
-610
-241
454
287
-625
