-2308
-2308
-2952
-1321
-2975
-2975
-2134
-2010
-2115
-1514
-2184
-2184
-2665
-1491
1097
1097
-1217
-1217
-1105
-1105
1144
1144
1380
1483
1483
1734
1564
1667
1667
1712
1548
1548
1076
2015
1453
1467
1320
1438
1586
1065
1673
1643
1255
1596
1596
1730
1341
1117
1047
1108
1269
1269
1517
-1189
-1189
-1168
-1168
-1748
-1155
-1407
-1407
-1678
-1715
-2003
-2399
-3021
-3063
-3015
-3166
-3278
-3357
-3437
-3702
-3553
-3330
-3105
-3191
-3003
-2685
-2453
-2212
-1912
-1322
1049
1049
1205
1601
2483
3208
3739
4282
4442
4622
4964
5735
5790
5787
5927
6449
6596
6527
6408
5688
4496
3191
1785
1487
1926
2200
-2658
-2658
-3406
-2825
-2491
-2927
-3258
-3782
-5713
-6820
-5352
-3223
-2930
-3763
-3638
-2590
-2044
-1509
1063
1063
1402
1968
2701
2903
2722
2900
3789
4352
3810
2811
2268
2069
1786
1941
1941
-1733
-1733
-1531
-1475
-1581
-1936
-2440
-3311
-3495
-3535
-3861
-3747
-2902
-2464
-3468
-4519
-4128
-3423
-2658
-1440
-1551
-1859
-2765
-2194
-1261
-1379
-1379
-1162
-1162
-1480
-1318
1855
1855
2693
4174
3913
3235
3786
5203
6435
6588
6359
6913
6458
6989
7406
6794
5060
2955
3090
3873
3946
1815
-1159
-1159
-1692
-2373
-2223
-1039
-2684
-5410
-6762
-4645
-3066
-3881
-4314
-3494
-2943
-3596
-2887
1320
1320
2515
2204
1756
2587
3862
3917
3441
3318
3390
2500
1742
2290
2967
1800
-1152
-1152
-1703
-1420
-1757
-3115
-4225
-3781
-4127
-3838
-4242
-4701
-5265
-6162
-4070
-4081
-3413
-3592
-3601
-2923
-3068
-1385
-1108
-1269
-1202
1257
1257
1122
1309
1960
2661
3502
3071
3895
4778
4616
5710
6185
7185
7114
6329
7505
6615
6611
5017
3807
3510
3425
3657
1594
-1195
-1195
-2506
-2058
-1361
-2802
-5539
-6460
-4579
-4023
-4254
-4334
-3608
-3574
-3980
-2590
-1230
1692
1692
2016
1855
2070
3179
3527
3086
3004
3156
2690
1797
2102
2907
1985
-1277
-1277
-1168
-1476
-2824
-3935
-5221
-4322
-3293
-3711
-5164
-6428
-4356
-4262
-5044
-4095
-3147
-2583
-3731
-2906
-1440
-2019
-1951
-1525
-1102
-1102
-1366
-1835
-1355
1340
1340
1265
1221
1613
2383
1798
3540
5260
6054
5569
5443
6640
6589
8319
9240
9570
7810
6626
5503
3983
4137
5472
5673
2308
-1409
-1409
-1289
-1776
-1820
-1469
-3065
-6016
-7039
-6169
-4866
-4586
-4557
-4567
-4796
-4497
-3776
-2983
-1726
1305
1305
1477
1662
3362
4553
3736
2409
2199
2600
2420
2578
3178
2401
-1322
-1322
-4373
-6240
-6316
-4012
-2254
-4666
-6090
-7571
-6455
-5151
-4060
-2823
-3861
-4768
-4700
-3419
-1645
-1321
-1571
-2038
-1828
-1187
-1207
-1646
-1569
2336
2336
2279
1241
1840
1840
2909
4140
5185
5999
5383
5627
5827
7955
9142
8984
9291
8611
7998
4805
3573
5006
7145
6286
2029
-1335
-1335
-2769
-2769
-6724
-8031
-5328
-2803
-3329
-5046
-5427
-4678
-4743
-4221
-2429
-2006
-2006
-1377
1160
1160
2646
3262
2238
1130
1606
1606
1856
1957
2042
1496
-1692
-1692
-1264
-2403
-2403
-6013
-5922
-3798
-2485
-2485
-6013
-6574
-5948
-3986
-3507
-1093
-2228
-5099
-5189
-2956
-1266
-1266
-2057
-2606
-3055
-2172
-1260
-1753
-2567
-1978
-1476
-1284
-1295
-1338
-1338
-1888
1600
1600
1762
1607
1607
1989
3655
5969
6521
6088
5273
7415
7931
9806
10785
10898
9669
9056
8138
5267
4137
7094
9985
5288
-1945
-1945
-5154
-5154
-9015
-7298
-2534
-1339
-3894
-6285
-6228
-4842
-4177
-3404
-1390
-3320
-3320
-2178
1499
2109
2922
2922
2491
1515
1515
1843
-2552
-2552
-2351
-2276
-2276
-5484
-6263
-4040
-4219
-4219
-5736
-5523
-3895
-2563
-3853
-3853
-5210
-3460
-1569
-1569
-2349
-3441
-3554
-2413
-1922
-2584
-2967
-2649
-2405
-2660
-1935
-2101
-2779
-1759
1140
1140
1080
1080
2115
3567
4679
5534
5268
5689
7678
9172
8731
10183
11083
10623
9970
9387
8751
5399
5164
8908
9348
3991
-1342
1710
1710
1182
-2088
-2088
-6430
-8356
-4989
-4583
-4583
-7588
-6653
-4039
-2992
-2410
-1371
-3029
-3029
-4547
-1464
2539
2177
1236
1236
-1262
-1262
1752
1752
1172
-1698
-1698
-2256
-2256
-4632
-4326
-1648
-2956
-2956
-3406
-3536
-3685
-4096
-2130
-1208
-1208
-4051
-4311
-2576
-1686
-1918
-2348
-2745
-3516
-3885
-3454
-2850
-2403
-2930
-3482
-3239
-2465
-1859
-2480
-2195
-1154
1716
1716
2475
3535
4834
5359
5636
6551
8111
8760
9432
10360
11079
10712
10245
9793
8187
6511
6720
9090
8136
3493
2586
2586
2059
-2422
-2422
-5688
-6820
-3887
-1377
-1377
-5621
-7889
-6144
-3488
-2635
-2493
-1644
-1961
-4185
-4728
-1083
2532
1538
-1442
-1874
2053
2053
-1699
-1699
-1540
-3042
-3042
-3402
-1236
-2373
-2373
-3897
-3841
-1844
-2466
-3193
-2898
-2898
-4544
-2690
-2259
-2259
-3467
-3253
-3233
-3793
-3982
-3157
-2754
-3200
-3572
-3390
-2925
-2118
-2486
-2424
-1511
1925
1925
2030
2739
3816
5087
4995
5292
8088
9143
9072
9062
10197
11271
10526
10205
9271
7204
6652
8376
9068
5314
1817
1628
3067
2454
1309
1131
-4284
-4284
-5847
-3347
-1586
-1586
-4696
-6871
-6523
-4822
-3453
-2778
-2591
-3044
-4810
-5321
-2431
1211
1040
-1895
-2731
-1299
-1207
-1207
2132
2132
-2182
-2182
-1686
1471
1471
-2585
-2585
-2636
-1752
1115
-3249
-3249
-3272
-3196
-2385
-2532
-1155
-1328
-3244
-3986
-2850
-1786
-1853
-2627
-3076
-3664
-3736
-3290
-3044
-2906
-3042
-3483
-3483
-2960
-2041
-1942
-2508
-1947
-1210
1133
1133
1261
1973
3595
4281
4583
4820
6431
7516
8437
9017
10082
10059
10202
10656
10585
8777
7586
8315
9551
7720
4558
3785
4266
4029
2520
2190
1700
-3846
-3846
-3689
-1514
-2772
-2772
-5252
-5971
-5433
-4822
-4177
-3107
-3063
-4649
-6173
-4954
-1762
-1261
-1261
-2540
-2681
-2418
-2220
1273
1273
-2180
-2180
-1098
1249
1249
-2450
-2450
-2222
1355
1355
-2887
-2887
-2960
-2614
-2380
-1862
-1213
-1213
-3531
-4368
-2740
-1697
-2226
-2989
-3319
-3915
-4543
-3816
-2505
-2425
-3409
-3949
-3539
-3018
-2613
-2207
-1994
-1845
-2032
-1544
1043
1043
1531
2510
3229
3947
4732
5642
6282
6785
7742
9094
9483
9999
9995
9637
8148
7750
8776
9411
7286
5073
4931
5320
4703
3712
3841
2683
-2595
-2595
-1691
-2801
-2801
-4290
-5112
-5628
-5292
-3957
-3252
-4254
-5877
-6506
-4947
-2815
-1669
-2199
-3219
-3901
-3708
-2976
-1142
-1589
-1589
-2313
-1473
1358
1358
-2025
-2025
-1558
-1855
-1855
-2280
-2729
-2080
-1339
-1415
-1415
-3058
-3681
-3055
-2317
-2128
-2347
-2939
-3859
-4247
-3755
-2705
-2418
-2993
-3294
-3324
-3205
-2818
-2067
-1651
-1710
-1992
-1747
1069
1069
1406
1781
2378
3208
4069
4369
4893
5654
6706
7074
7742
8286
8248
7521
7103
7506
7657
6792
5865
5967
5977
5319
4582
4323
3871
2214
-1552
-1552
-2220
-3088
-3465
-3316
-3352
-3693
-4131
-4449
-4181
-3633
-3142
-2866
-2824
-3066
-3278
-3150
-2594
-1843
-1523
-1577
-1595
-1608
-1404
-1495
-1495
-1605
-1586
-1413
-1183
-1253
-1567
-1968
-2164
-2216
-2079
-1963
-2118
-2482
-2763
-3002
-2900
-2808
-2750
-2759
-3165
-3226
-3155
-2951
-2637
-2574
-2499
-2482
-2341
-2043
-1907
-1614
-1316
-1086
1579
1579
2077
2688
3304
3968
4618
5189
5834
6680
7544
8118
8340
8379
8183
7915
7785
7985
8306
8299
7671
6868
6160
5324
4945
4397
3577
2495
1122
-1985
-1985
-3185
-4126
-4663
-4517
-4196
-3965
-4201
-4835
-4943
-4508
-3881
-3539
-3555
-3811
-4088
-3954
-3398
-2549
-1873
-1787
-1948
-2002
-1980
-1469
-1157
-1052
-1233
-1683
-1837
-1635
-1158
-1608
-1608
-1936
-2111
-1982
-1873
-1987
-2332
-2814
-2974
-2825
-2603
-2591
-2875
-3062
-3099
-3039
-2797
-2583
-2398
-2524
-2582
-2277
-1932
-1638
-1449
-1338
1048
1048
1439
1847
2381
3229
3842
4445
5032
5613
6521
7327
8191
8634
8608
7902
7327
7464
8104
8503
8238
7267
5997
5008
4660
4630
4398
3401
1859
-1283
-1283
-2549
-4002
-5116
-5355
-4842
-4324
-4233
-4801
-5308
-5459
-4973
-4221
-3804
-3947
-4367
-4745
-4300
-3534
-2648
-1973
-2066
-2441
-2502
-1935
-1252
-1306
-1306
-1811
-1716
-1448
-1254
-1254
-1674
-1877
-1759
-1776
-1960
-2385
-2675
-2917
-3018
-2839
-2816
-2912
-3106
-3163
-3085
-3161
-3079
-2881
-2789
-2727
-2524
-2170
-1840
-1573
-1298
1451
1451
1986
2271
2996
3790
4454
5189
5776
6503
7129
7994
8866
9092
8707
7852
7471
7744
8489
8745
8195
6909
5735
4785
4506
4468
4285
2903
-1461
-1461
-2779
-4244
-5254
-5132
-4367
-3840
-4032
-4784
-5254
-5194
-4599
-3819
-3599
-3939
-4586
-4842
-4250
-3357
-2224
-1858
-2174
-2484
-2527
-1940
-1064
-1646
-1646
-2035
-1838
-1582
-1070
-1070
-1458
-2101
-1949
-1803
-1888
-1911
-2465
-2813
-3114
-3233
-2855
-2814
-2926
-3223
-3449
-3320
-3249
-2894
-2686
-2648
-2420
-2236
-1769
-1372
-1205
1576
1576
2242
2739
3161
4047
4758
5552
6148
6549
7338
8158
8953
9408
9147
8153
7604
7613
8276
8676
8223
7233
5758
4750
4477
4298
4190
3203
1272
-1117
-1117
-2311
-3898
-4976
-5094
-4466
-3701
-3740
-4283
-4930
-5117
-4532
-3839
-3480
-3566
-4200
-4535
-4239
-3413
-2233
-1820
-1907
-2239
-2404
-1920
-1304
-1128
-1128
-1662
-1697
-1277
-1425
-1425
-1702
-1641
-1490
-1583
-2082
-2571
-2983
-2904
-2967
-2874
-2997
-3156
-3216
-3344
-3223
-3102
-2914
-2825
-2783
-2360
-2012
-1768
-1440
1454
1454
2088
2574
3165
3899
4716
5398
6100
6664
7299
8108
8923
9446
9119
8238
7689
7589
8144
8765
8354
7521
6041
4983
4457
4273
4207
3234
1417
-1127
-1127
-2121
-3584
-4851
-5043
-4568
-3705
-3542
-4000
-4693
-4978
-4566
-3906
-3375
-3484
-4111
-4634
-4533
-3714
-2637
-2128
-2140
-2529
-2653
-2306
-1797
-1160
-1183
-1481
-2136
-2021
-1730
-1265
-1055
-1129
-1129
-1600
-1600
-1659
-1822
-1934
-2283
-2453
-2553
-2801
-2729
-2958
-3202
-3148
-3183
-3207
-3301
-3235
-3099
-2969
-2511
-2133
-1915
-1655
-1476
1260
1260
1779
2387
3009
3768
4817
5587
6518
6958
7573
8330
9284
9810
9635
8866
8102
8105
8618
8974
8654
7588
6084
4932
4516
4299
4147
3234
1409
-1269
-1269
-1160
-1046
-1517
-2539
-3871
-5258
-5624
-4947
-4044
-3820
-4336
-5030
-5227
-4740
-4103
-3703
-3692
-4079
-4668
-4778
-3927
-2748
-2145
-1989
-2285
-2421
-2208
-1756
-1471
-1195
-1195
-1763
-2158
-1730
-1034
-1196
-1196
-1686
-1811
-1612
-1585
-1781
-2360
-2715
-2801
-2763
-2715
-2878
-3022
-3299
-3565
-3468
-3299
-3172
-3034
-2988
-2506
-2099
-1808
-1448
-1162
1809
1809
2547
3080
3698
4534
5653
6453
7069
7771
8518
9404
10093
10240
9756
8840
8467
8675
9329
9245
8465
7128
5509
4434
4174
4217
4037
2358
-1392
-1392
-1126
-1220
-1992
-3188
-4829
-5866
-5455
-4226
-3377
-3711
-4597
-5059
-4907
-4412
-3791
-3257
-3384
-4196
-4632
-4207
-3268
-2364
-1977
-2075
-2408
-2606
-2140
-1385
-1702
-1702
-2258
-2293
-1780
-1502
-1502
-1940
-2073
-1934
-1676
-1764
-2267
-2721
-2959
-2831
-2662
-2635
-2893
-3154
-3345
-3265
-3034
-2837
-2733
-2666
-2609
-2051
-1618
-1231
1096
1096
1915
2811
3433
4059
4895
5801
6687
7385
8171
9037
9758
9934
9791
9070
8929
8988
9462
9469
8826
7676
6208
4915
4558
4277
4082
2932
-1251
-1251
-1200
-1329
-2013
-3148
-4739
-5959
-6000
-5294
-4201
-4155
-4878
-5224
-5430
-4808
-4343
-3807
-3778
-4232
-4716
-4874
-3567
-2365
-1839
-2078
-2406
-2618
-2423
-1925
-1392
-1234
-1786
-2684
-2797
-2522
-1841
-1275
-1200
-1718
-2388
-2849
-2656
-2356
-2250
-2656
-3187
-3517
-3612
-3463
-3117
-2935
-3174
-3517
-3597
-3489
-3045
-2518
-2305
-2100
-1867
-1611
-1119
1150
1150
1719
2669
3498
4275
5047
5943
6749
7498
8290
9257
9953
9650
9080
8725
9323
9964
10110
9683
8660
7618
5960
4452
4389
4476
4430
2912
-1219
-1219
-2230
-3361
-4335
-5782
-5788
-5002
-3829
-4074
-5081
-5503
-5351
-4755
-4323
-3794
-3616
-4138
-4773
-4320
-3420
-2303
-1525
-1963
-2375
-2162
-1996
-1527
-1089
-1347
-1347
-2584
-2792
-2124
-1491
-1178
-1485
-1485
-2162
-2695
-2831
-2245
-2093
-2460
-2943
-3467
-3361
-3256
-3162
-2883
-2626
-2752
-3162
-3202
-2730
-2341
-2036
-1860
-1352
-1047
1143
1143
2084
2599
3249
4314
5169
5906
6898
8009
8748
9553
10302
10296
8889
7556
9381
12301
14226
12253
8240
4387
5046
5343
4641
5775
5626
2186
-2029
-3564
-1194
-2434
-2434
-4660
-6437
-4548
-4952
-4717
-4779
-4465
-4504
-7202
-7260
-4617
-1986
-1886
-4089
-5667
-5698
-4498
-4033
-3122
-1247
-1285
-2268
-2843
-1611
-1275
-1275
-2107
-2107
-3552
-2322
-1391
-1391
-3160
-3191
-2761
-2761
-3112
-2593
-2692
-4071
-4095
-3552
-3255
-3634
-4155
-4297
-3741
-4163
-4102
-3271
-2397
-2631
-3193
-2422
-1153
1319
1319
2898
3513
3850
5005
6902
7980
8810
9730
11267
12009
12517
13564
13224
10498
7514
9236
13341
13310
7509
2912
3621
5963
5227
2215
1553
1561
-2848
-2848
-3790
-2037
-1481
-3944
-7017
-6877
-4514
-3470
-5442
-7263
-6990
-5435
-4471
-3708
-2044
-1588
-3356
-5299
-4753
-2042
-1264
-1264
-2448
-2407
-1655
1184
1184
-1238
-1238
1230
1230
-2577
-2577
-4966
-3433
-3241
-3241
-4481
-4267
-3989
-3474
-2877
-3307
-4908
-5547
-4561
-3977
-4704
-5652
-5623
-5050
-4073
-2901
-2367
-2991
-4132
-3879
-1881
1631
1631
1317
1943
1943
3795
5900
7720
8685
9155
9565
10678
12701
14156
15188
14493
11365
7946
8089
12524
15181
10288
2927
1671
6210
8380
4497
-2467
-2467
-5239
-3498
-1118
-3252
-7157
-7861
-4833
-2903
-5417
-8551
-7625
-4718
-3224
-4810
-5270
-3623
-3528
-4166
-3876
-1130
-2020
-2020
-4107
-2694
1296
1296
-3767
-3767
-5262
-2881
-1533
-1533
-5420
-6207
-4830
-3668
-3641
-3667
-4056
-5825
-6923
-5797
-4240
-4378
-5438
-5478
-4318
-3719
-3906
-3809
-3420
-2685
-1649
1309
1309
2638
5246
7073
7441
7976
9079
11225
12510
13717
14406
14943
14322
11560
9153
9636
13198
14512
8583
2531
3217
8937
10014
3225
-2315
-1259
-2433
-2433
-6207
-4474
-2232
-2232
-7855
-9109
-5186
-3411
-6938
-9373
-6951
-4161
-5075
-7715
-5824
-1172
-2414
-2414
-4668
-4115
-2182
-1985
-1810
-1355
-1355
2025
2025
3009
1156
-1420
-2885
-3178
-2910
-2119
-1245
-2577
-4803
-5604
-4554
-3438
-4105
-5149
-6205
-6782
-6280
-5222
-4202
-4059
-4839
-5606
-5337
-4559
-4135
-4222
-3349
-1616
1104
1104
2892
3980
4874
5871
6661
8209
10494
12842
13693
13880
14150
15185
14236
10249
8683
10557
14331
12989
6221
3805
6831
11059
8019
-2899
-2899
-1199
-3555
-3555
-5687
-2636
-3099
-3099
-8767
-9355
-5308
-4064
-7728
-9534
-7583
-5407
-5839
-6154
-2776
-1473
-1473
-5679
-6828
-3747
1833
1833
2966
1126
-1844
-3743
-3084
-1207
-3412
-3412
-5115
-6006
-5468
-3590
-4151
-4975
-6306
-6969
-6582
-5413
-3740
-3602
-4821
-6725
-6728
-5436
-3947
-2994
-2704
-2175
-1926
-1327
1431
1431
3029
3460
4008
4820
6389
8731
10426
12457
13460
13349
13655
14272
14676
11271
8521
9849
13847
14118
7194
3611
6706
11314
8564
-3739
-3739
-1258
-2361
-2361
-5366
-3286
-3501
-3501
-9348
-10182
-5693
-3477
-7277
-10927
-9615
-6309
-5078
-5330
-3411
-2677
-2677
-6634
-6910
-2798
1236
-1854
-1854
-2279
1067
1067
1871
2233
-2013
-2013
-2816
-1804
-1204
-1204
-1857
-3329
-6609
-7559
-5487
-2708
-3138
-6503
-8076
-7696
-6357
-4686
-3624
-3771
-5808
-7556
-6832
-4499
-2684
-2141
-2816
-2958
-2686
-1628
2768
2768
3867
3170
3534
5552
7754
9776
11647
12483
12770
12202
13418
15355
13944
9460
8338
11338
15231
11262
4979
5164
9648
11034
4141
-2378
-1786
-4689
-4689
-4964
-1180
-5803
-5803
-10722
-9097
-4125
-4522
-9537
-11809
-9039
-5835
-5606
-5201
-2425
-1846
-5337
-7871
-5263
1500
1500
-1300
-2798
-1815
1421
1421
2077
2974
1933
-2101
-2101
-1196
-1871
-1871
-3260
-4763
-6072
-6456
-4967
-3086
-4412
-7230
-8623
-7568
-5672
-4466
-4172
-5324
-7166
-7439
-5342
-3006
-2156
-2605
-3063
-2735
-2062
2247
2247
3751
4082
3664
4826
7181
9497
11121
12007
12621
12330
12854
14423
15922
13899
9169
8838
12230
15474
10562
4324
5425
10193
10301
2536
-2827
1306
1306
-1666
-6141
-4880
-1354
-1354
-8145
-11743
-7932
-2805
-4981
-11014
-12227
-8320
-5420
-5811
-5401
-2762
-2594
-6186
-7932
-3995
1561
1638
-2132
-3461
-1417
1367
2442
2465
2717
1614
-2177
-2177
-1212
-1513
-1513
-3948
-5759
-6091
-4641
-2623
-3456
-6652
-9004
-8253
-6189
-4912
-4461
-5083
-6376
-7554
-6896
-3974
-3060
-3993
-4468
-2962
1270
1270
2212
2608
3493
3918
6247
8562
11279
13367
14600
15620
15713
15971
16170
15769
11788
5035
2100
7787
16187
16145
8621
2064
2005
3013
-3360
-3360
-1267
-3399
-3399
-8923
-8056
-2457
-1745
-9220
-15237
-11811
-4040
-1618
-5115
-6440
-3621
-2738
-6526
-8036
-2298
3050
1911
-2463
-1930
3675
5586
2693
1044
1044
2954
3926
-6365
-6365
-11587
-11276
-7567
-6103
-8033
-10526
-10846
-9660
-9545
-10220
-10626
-10059
-8668
-6330
-2584
-3569
-3569
-5980
-4901
2939
2939
4426
4284
4273
5100
5384
6692
7215
8703
11888
13861
17285
19419
21131
21121
19247
17355
17983
16943
9972
1172
9922
9922
15003
5449
-6077
-8808
-5372
-8039
-14496
-12929
-6319
-6544
-15389
-19180
-11624
-4563
-8529
-16950
-15297
-4390
2896
-1839
-1839
1959
4502
-3182
-3182
3870
13971
14149
6005
1977
6369
10738
6197
2520
1757
3745
2551
-1679
-8313
-8313
-13688
-13215
-11574
-12682
-14572
-13983
-12331
-14661
-16492
-15617
-12837
-11057
-10058
-7534
-5106
-2943
-2045
-1942
-2706
-2924
2377
2377
4305
5066
6316
6648
5752
5953
8112
11478
12808
13923
15623
17117
18455
19129
20072
20412
19750
19140
19278
12723
1494
-4947
12161
12161
8754
-5204
-12595
-10180
-7791
-15700
-19365
-13015
-7849
-14434
-21933
-16312
-4560
-3647
-14337
-17467
-7100
4977
5419
3892
3892
8679
7171
3116
3116
15499
19639
11396
3757
6858
13296
10207
1832
3035
3035
2282
-2658
-4664
-1094
-1336
-9649
-18022
-19552
-15852
-13262
-16042
-17730
-16909
-17272
-17397
-17700
-13655
-9705
-9224
-7861
-5142
1039
1039
-2133
-2133
3447
3447
6138
7974
9239
9918
8558
8104
9268
12078
14668
14763
15819
18430
20182
20741
20197
20143
20574
18352
18412
12720
2027
-5533
-2789
10171
8839
-5372
-15166
-14302
-9149
-16930
-20933
-15362
-8795
-13235
-22516
-17267
-5416
-1985
-12153
-17134
-6301
6929
8842
2110
4961
11492
10356
3267
4352
18024
22484
13108
4196
6886
13768
9544
1075
1829
1829
1388
-4390
-6565
-4115
-4108
-11517
-21875
-24956
-19970
-14143
-15282
-18782
-19016
-17763
-17762
-18183
-12636
-6899
-6274
-7126
-3551
3310
4561
1433
2348
2348
6065
8780
11861
12966
12234
9701
9385
11152
15135
18259
17733
18177
18991
22634
23465
20115
19370
18087
18662
6164
-5037
-6904
3765
14738
2277
-12525
-18234
-12658
-11429
-21639
-19457
-12177
-7441
-18811
-23663
-11355
-4153
-4153
-17935
-14429
2347
12634
8104
2622
9563
13074
7760
2142
11011
24812
21688
8415
3092
9496
13443
4891
-2265
1903
1903
-7498
-7498
-7425
-5321
-8113
-19685
-28358
-24702
-15253
-11642
-18324
-21029
-18767
-16899
-18925
-16478
-6726
-3958
-6475
-6099
1957
6472
2649
5986
5986
8684
11961
13383
13011
10726
9462
10529
13391
18243
18564
18712
18842
22430
24524
20842
18950
17301
18195
6779
-4290
-6211
2180
13705
3099
-10747
-18396
-14466
-12045
-19702
-19174
-12798
-7107
-16578
-22752
-13598
-1906
-3394
-15749
-14244
12613
12613
9092
3640
8895
13005
8222
2902
9511
22965
22206
10213
3899
7527
12071
5019
-2222
-1913
-7334
-7334
-8753
-7285
-10473
-21636
-29141
-24380
-15753
-13083
-18431
-19720
-17459
-17843
-18970
-15196
-6199
-3333
-4864
-3105
2542
5950
2746
2603
2603
6907
10276
12365
14082
13881
12653
10732
11974
15750
19148
20559
20603
22348
25351
24834
21282
17351
17724
10048
-2622
-8626
-1193
14387
8769
-9411
-19051
-16411
-12395
-19835
-21481
-13273
-6295
-13642
-21976
-15055
-3416
-2371
-13533
-15516
-1518
13062
12520
5062
7702
13128
10395
3559
6906
21180
23925
12462
4425
6930
11632
5208
-3501
-3853
-5316
-5316
-8261
-8674
-10572
-19542
-29375
-26939
-18136
-11247
-16855
-21267
-16377
-15086
-17278
-17763
-8230
-2084
-3325
-2226
3245
7956
3135
1990
1990
7077
10697
12632
14026
12911
12910
11951
11847
14896
17824
21173
21117
22245
26553
27099
22100
16835
17160
7945
-4639
-9015
2255
17480
6453
-11415
-19259
-15677
-13833
-21320
-20048
-11824
-7307
-14893
-20570
-12241
-2195
-3872
-15085
-14975
1493
15537
12673
4895
8656
12955
8873
2901
9219
23525
21224
9681
4291
8314
11561
2804
-4841
-5256
-2511
-1638
-4940
-7804
-9195
-14425
-26400
-32591
-26172
-14080
-10824
-19310
-20227
-15495
-14909
-17496
-14807
-5173
-2650
-2919
1416
8501
9387
2059
-1299
2193
8410
13554
16338
15663
13999
13085
11475
13381
16474
20853
22279
19796
24570
27754
27279
20520
16445
7722
-6640
-11491
-1207
20346
12301
-9167
-20345
-18723
-13526
-21462
-20646
-11710
-6800
-14273
-20380
-11562
-1317
-2808
-15317
-17576
16671
16671
16754
7722
8421
12052
8212
2266
7605
23913
23325
9761
3010
7277
12339
3643
-5966
-7277
-5011
-3062
-5050
-6769
-8658
-13560
-25738
-32768
-29184
-16662
-7581
-17312
-21489
-16623
-15031
-15831
-15893
-5806
-2213
-3441
8559
8559
11955
3846
-1662
6691
6691
12950
17409
17164
13434
12951
11510
12830
15696
19010
23298
20432
23475
27997
27601
20535
15297
5551
-7283
-12010
-1826
21089
12370
-9365
-20764
-19078
-13703
-22297
-20945
-10542
-6621
-14034
-19238
-10301
-3838
-3838
-15885
-17216
17462
17462
17751
8366
8250
10642
7707
1808
7028
24142
23084
8975
2132
6555
12083
2924
-7527
-8433
-6224
-4053
-5064
-6548
-8807
-14860
-27448
-32768
-29378
-17243
-9110
-18193
-20251
-17398
-14660
-15171
-15527
-6441
-2605
-2450
1461
9287
11724
4519
1162
1162
7358
12453
17216
17266
14855
13239
11268
14599
16242
19204
22138
21129
24623
28650
26361
21922
16293
-9449
-9449
-14435
2417
22619
7656
-11632
-22074
-16806
-14016
-24190
-20826
-9163
-6706
-16034
-19257
-6316
3634
-5171
-18592
-16064
3492
20515
16307
9027
11253
10968
7147
9588
9588
26030
20749
7016
1162
8298
13187
-9277
-9277
-9775
-6716
-5052
-6448
-7523
-7183
-16596
-31050
-32768
-31014
-15457
-10649
-19225
-20046
-17547
-14669
-17847
-14682
-5277
-2743
-3197
2477
12304
13438
4466
-1802
1675
7970
13862
19097
18151
16614
13641
12026
14671
16980
21821
21374
20892
24976
30889
26934
20571
9036
-7404
-12867
-13046
12549
20106
-16701
-16701
-23907
-15442
-19203
-25668
-16538
-8062
-11036
-18647
-12864
2299
2299
-11723
-19754
-9025
11706
23263
14786
11818
12736
9530
4939
1809
18121
26954
14759
3428
3076
12556
9746
-4750
-11208
-10029
-7241
-6482
-6576
-6984
-9254
-23377
-32768
-32768
-26983
-10625
-12787
-21108
-19055
-15867
-14997
-17721
-11761
-3212
-3184
-2174
5892
14253
10907
1213
-2063
3753
10088
16543
20386
17487
15810
12860
12945
15690
18435
22976
22620
21272
27160
29309
25384
16987
-4523
-12235
-14915
21815
21815
7166
-10035
-22013
-20523
-17054
-25350
-20757
-9154
-8910
-18325
-17679
-3839
5069
-5731
-19490
-14356
2545
20550
18938
13334
15183
10482
6849
1203
10425
26813
21184
6972
1275
8936
13544
1273
-10500
-11206
-8286
-7801
-7223
-7932
-7439
-19709
-32666
-32764
-30199
-15060
-12170
-19335
-20568
-18066
-14395
-15649
-13214
-5753
-2459
-2903
2029
10867
12150
4584
-2116
2022
9312
14827
18979
17382
16585
14125
12830
16474
18306
22690
23656
21804
26462
28452
27276
19708
-3896
-13817
-14551
1187
20828
6135
-10045
-21163
-20775
-17862
-25894
-21696
-9920
-9164
-19146
-19534
-5426
5743
-5068
-20517
-14953
3325
20927
17822
12071
15981
12374
7721
1811
11429
28162
22901
8002
1264
9004
14465
3261
-9682
-11012
-7318
-6999
-7741
-8931
-7679
-18252
-31570
-32768
-29668
-15909
-12689
-21365
-21223
-16889
-14933
-15219
-13866
-5778
-2194
-2425
2918
10753
12336
5277
-1105
2547
10199
15319
18985
17283
16010
14504
13139
15956
19072
22035
22051
22022
25644
28856
26072
18781
-2563
-14088
-14150
21726
21726
6957
-11309
-22811
-21698
-16537
-24782
-21727
-11666
-9417
-19194
-20718
-6717
4219
-4081
-20279
-16375
2285
20550
18353
10672
14024
12169
8903
3142
11724
28156
23623
8690
8619
8619
14981
5038
-7699
-10537
-6541
-6023
-7583
-9735
-9124
-20047
-32579
-32768
-29755
-14080
-13244
-22487
-22931
-20202
-15115
-16060
-13422
-6489
-3365
-2359
2036
10614
11954
5992
3583
3583
11535
17118
20553
18040
17178
14963
14809
17038
20274
22945
22466
23144
25092
28656
27299
19380
-3904
-16190
-14395
4474
23056
3068
-14354
-23671
-20317
-17262
-26818
-20591
-9537
-10077
-22659
-22839
-5846
5269
-5490
-22630
-15778
5278
21068
15052
8397
14979
13771
8570
2418
14281
31328
23248
5997
10834
10834
16870
5160
-6701
-7951
-3841
-6208
-10160
-11167
-8828
-21288
-32728
-32768
-27574
-11416
-15885
-25806
-25745
-20450
-15217
-15961
-11843
-5019
-3420
-4727
10029
10029
11874
5973
5706
5706
13243
18363
19853
17061
17495
15458
16287
18050
21711
24548
22252
22764
23715
28381
27967
19643
-2948
-16617
-13974
5550
23374
2163
-15999
-24182
-19428
-16071
-26665
-19945
-9389
-11065
-24556
-25677
-6693
5591
-5104
-22471
-16194
5298
19940
12695
5630
13697
14587
9625
2970
14835
32379
23726
5062
-1874
10536
18562
7403
-4622
-5975
-2123
-5695
-11830
-12780
-10751
-21451
-32405
-32768
-25345
-11947
-18068
-29313
-28797
-21483
-14627
-14227
-11718
-6124
-5220
-5807
-1240
7994
11156
7105
2923
7070
14318
18300
18727
16301
17544
17756
19222
19600
21709
23934
22976
23715
23588
27139
28541
22023
-15336
-15336
-14061
6941
23447
-16436
-16436
-23303
-16383
-15666
-28284
-21384
-9353
-9092
-24047
-26532
-7970
4386
-5926
-22704
-15478
6054
19182
9588
3538
13701
16529
11317
2365
14217
31963
25036
7460
12080
12080
18608
7370
-3251
-2796
1676
-3498
-12089
-15595
-14634
-21271
-32048
-30791
-23744
-14700
-20501
-30975
-28648
-22357
-14663
-14390
-12557
-7184
-5295
-5296
-3171
3891
8055
7610
5807
10124
14712
16714
17613
15867
18840
20175
20545
21518
21792
23876
25167
24071
24976
25901
28981
19261
-8677
-16154
-8491
19856
23113
-9501
-19801
-18660
-8287
-17074
-30116
-17865
-4778
-11502
-28639
-23598
-3142
4455
-15330
-27202
-9602
13103
17281
-2097
15651
15651
17123
6992
-1280
17832
32360
19114
2333
3784
18211
17254
1460
-5012
3368
6333
-5114
-18355
-19626
-11925
-16627
-25892
-27729
-23207
-16307
-24438
-29923
-23902
-17675
-14691
-17568
-13387
-5684
-4410
-7296
-5877
7168
7168
8512
7237
10550
11642
14356
15500
15800
20803
21152
21166
19649
20457
24361
24486
22024
21078
25136
31798
21507
-3287
-15470
-9733
17965
20001
-4103
-16563
-15843
-5091
-14598
-26705
-19027
-6181
-10122
-24448
-21939
-4163
2448
-15974
-26757
-12127
11480
14787
-3647
-4591
8532
15663
8051
12945
12945
24200
16286
3201
5333
17519
16239
-5871
-5871
3111
9398
-17396
-17396
-21758
-14836
-13578
-16980
-21655
-20627
-18076
-24725
-26392
-22136
-15291
-13015
-16934
-14511
-8009
-3723
-5418
-7672
-4377
2564
6888
8663
9598
9756
12406
12796
14489
16820
18513
20392
20181
22546
23090
23806
21369
21138
25508
31085
23758
-10966
-10966
-7052
18854
21127
-2996
-15452
-16538
-3258
-9992
-22421
-18445
-10044
-10736
-22246
-20501
-6808
-2643
-17468
-26196
-13286
7908
12021
-4597
-8089
9640
9640
9166
3387
11680
16752
11433
4404
6301
16325
14110
2033
-5746
-1799
5103
1473
-9607
-16965
-15317
-14025
-12479
-16102
-18621
-17861
-21791
-20866
-19418
-14517
-12494
-15647
-15219
-11392
-5376
-4247
-5198
-5167
5235
5235
9036
10289
8485
12044
13068
15855
17690
17827
20496
18955
20051
20628
21573
22832
21243
24018
27492
14586
-3919
-11172
26291
26291
17642
-6029
-15590
-10325
2683
-8138
-18484
-13698
-7539
-9276
-16958
-12813
-2442
-6805
-21455
-23346
-8267
9842
6017
-10118
-10339
-3134
5963
5080
1420
7119
6909
3672
2716
2716
8465
5494
-1236
-2984
-1456
2612
-8459
-8459
-11171
-11278
-7978
-5763
-10675
-11953
-13159
-14831
-13365
-13464
-10039
-9640
-11194
-10128
-8190
-4010
-2272
-3254
-2754
3762
3762
6629
6123
6070
8722
9259
9918
10490
11373
12376
12670
12123
13915
15574
15034
15440
16580
19043
18325
9060
-2410
-8069
13042
13042
13191
5795
-4886
-8500
-5998
-5797
-4210
-4530
-7221
-9541
-8385
-4549
-3682
-8730
-13245
-13045
-7371
-3089
-3089
-7270
-8057
-2883
1456
1456
-2352
-2352
-2868
-1978
1500
1890
-1564
-4802
-5032
-2488
-2457
-2457
-6930
-8863
-8877
-5533
-4125
-6669
-8813
-10644
-9273
-7018
-5636
-5801
-7126
-6353
-4691
-2545
-1264
-1264
3339
3339
4015
2952
4056
3893
8424
8187
5118
7612
6507
8366
9417
10637
11575
11034
13226
10858
11277
9041
7094
4116
2898
8507
10370
7426
1520
-1951
-1719
-1719
-2869
-3682
-4738
-5376
-5172
-5929
-7493
-8950
-8085
-5391
-4421
-5529
-7635
-8044
-6343
-5209
-4576
-4911
-4845
-4547
-4512
-4031
-3964
-4009
-3681
-2794
-3206
-3687
-4545
-5062
-4523
-4836
-4464
-5204
-5561
-4484
-5710
-4616
-3479
-3117
-5771
-6037
-1273
-1273
-1050
-3326
-2518
1041
2004
1859
1859
2454
1183
1524
5200
6803
3276
1981
3158
8116
7461
5348
6978
6419
10730
9118
5831
8997
7365
6252
2782
1410
9011
8841
3640
-1874
-1874
2899
2642
-2065
-2065
-3447
-2686
-2763
-3174
-4566
-5846
-6799
-6665
-5880
-4750
-4387
-5905
-7448
-8361
-6976
-4368
-4260
-5098
-6246
-6359
-5590
-5035
-5600
-5605
-5673
-5120
-4295
-5226
-5050
-4809
-3764
-7935
-4680
-1697
-6018
-3171
-2251
-6074
-2609
-2489
-5672
-2912
-2912
-1466
-1466
-3320
-1814
-1814
2051
4530
4530
1463
5502
5502
5010
1463
1463
5319
5305
1870
4243
2509
6885
5204
3974
8369
4863
6074
3032
6051
6051
7029
4322
1800
3597
3597
2539
1393
1393
-1182
-1182
-1169
-1169
-3146
-4209
-3419
-2166
-2007
-2507
-4924
-6809
-6229
-5190
-3240
-3514
-6117
-6179
-5777
-6197
-4201
-4317
-6099
-3772
-5245
-1293
-1229
-5467
-3965
-4981
1229
1229
-6891
2502
2502
-2473
-2473
-1467
8576
-2163
-4030
3029
2347
6630
6630
6352
6352
-1053
1908
1908
1699
6232
2134
2134
3880
3880
6237
-3145
4108
2549
8338
2725
-3401
8869
7044
3876
1476
3616
11922
8244
4019
2485
9212
7082
4989
4069
3471
8112
5757
3608
3488
3488
5740
2054
1631
2423
2423
-2260
-2260
-1616
-1616
-3719
-3921
-2287
-1455
-2450
-6647
-2706
-2559
-3570
-1532
-3961
-1665
-3943
-2813
3562
-3630
-3630
2477
-1225
-3269
4717
4076
-1754
-3507
6128
5452
-5364
2786
6163
-2782
8910
8910
9467
9467
-1942
-1942
1847
4792
3755
-6445
7910
3375
3375
1993
-1108
-1108
4486
11506
-3268
-5184
10292
5046
6772
-2086
2405
10600
9694
9694
4637
4637
7678
3152
5720
2005
5423
7868
4951
2258
2087
5338
7179
1767
3451
3451
5211
1869
1197
1197
-1832
-1832
-3013
-3013
-1214
-1214
-2346
-2615
-1882
-2102
-1996
-1996
-3132
-2445
1398
-1597
-5110
1373
1373
-1617
-6873
2488
2488
-2642
-2642
-3537
1532
1532
2060
-5955
-1277
1896
-1856
-1856
-4835
3166
-1415
-1415
1808
-6473
-2010
8302
-12660
-12660
2342
2928
2928
3946
-14426
1228
12717
-9901
-9901
-1428
10474
4626
-5803
-2537
3245
7957
4569
-7914
-1066
10579
4644
-9912
-9912
5631
17127
-18351
8418
5578
-6466
10917
-7569
2960
2298
-1177
5527
-9796
-6671
14577
-3905
-6169
-1602
9324
9324
-9025
-4328
-1112
6193
-10244
-10244
6715
6715
-4010
-4010
-1954
1470
5187
-3402
-1047
-1047
2704
3428
-5007
5190
1483
-3376
6209
-3687
1395
10687
-8515
3443
12297
12297
-7985
2860
2860
6346
6346
-4893
1065
-1149
-1149
2262
-3563
-3563
9222
-10065
-10065
8636
2931
2931
1830
-5765
6907
3020
-2742
2895
2233
4317
4317
-2567
8299
8299
1783
-5622
4483
2970
1753
3483
3483
-3093
-3093
7707
-6143
4636
1727
-6141
1594
3318
-7202
7698
-3444
-10851
10711
-7619
-7619
2840
2840
1227
-3145
-2981
3285
-2006
8434
-9952
-1361
13605
-4256
-9090
11344
3222
-3707
5506
5506
9400
9400
-2324
1789
6656
6656
1775
-1291
2760
2353
4284
4227
4227
-2603
-2603
9720
-1467
1787
1787
2950
4999
-6997
4287
3747
2990
5164
5164
5272
5272
-2505
3774
3253
1673
3052
-2198
6489
8502
-9971
7357
4774
-4392
11118
-3526
2078
7404
7404
2269
-5699
-1515
3686
7743
-2606
-16482
18260
-1538
-8713
2691
-4430
10495
-9629
-4631
-4631
13394
-9509
-5594
2674
6846
-10667
-10667
7241
3305
1761
-6427
8447
8447
2059
-6563
1738
4322
8657
8657
-5347
-1170
4630
3942
2869
-4007
-3158
11737
3182
-4111
-1537
4652
9935
-10300
2560
1439
1439
14697
-12694
-6328
14856
4055
-2412
-5300
2864
13653
-1625
-7552
2399
6439
9702
-7720
-1166
4702
7335
4890
-10528
3600
9342
-5464
4115
4435
4435
-6777
5398
-1357
-1357
3722
-10185
9652
-8409
5044
5044
-8676
5328
-5640
-3738
2751
-3842
-4104
-4104
-2179
6452
-12179
1267
9594
-12751
3961
3961
-4844
9414
-11550
-6365
17529
-11323
-1816
-1816
7316
-8097
-8097
1820
7646
-1479
-2331
-5592
5450
6078
-5587
-1384
-1384
1553
1553
-4213
-4213
-4466
-4466
2957
1519
-3395
2808
2808
-5434
9763
-7180
6806
6806
-9170
5761
-3667
10315
-4692
-14168
21183
-3974
-8294
7976
7976
-4689
-8108
7768
-2095
-2095
-1387
-7178
6925
-4646
-1551
-6673
-4697
7781
-5792
-8422
2704
-8100
-8100
2733
-11545
6083
6083
-11605
1398
-9809
-9809
5501
-9600
5085
-4215
-5634
7274
-9390
3014
-3348
-1289
5409
-6570
7296
7296
-12162
10289
-4623
5075
5075
-11208
9004
-6539
-6539
4976
-2255
-1872
1411
2254
2254
-5699
-5302
13455
-9321
-1999
-2561
4418
6340
-11920
-1583
11181
-5004
-7480
12156
-8500
3638
-3823
12284
12284
-10406
-1965
1300
2751
4478
-6434
-3891
-2813
9494
6180
-20782
4610
7908
-2240
-6931
-7776
7151
2405
-8446
-1501
-3812
-2852
8446
-8610
-12724
11824
-7998
-7998
2161
-7917
8393
-4280
-8959
8340
-7461
6749
6749
-13204
4233
2772
-1082
-3044
-2761
2226
2777
-5309
-1523
2751
5088
5088
-11653
6156
3671
-6776
5721
-7500
7282
7282
-10265
-1875
-1875
2459
-7149
-2901
5096
-7851
5506
5506
-14265
7537
-2140
-8702
5307
-5355
-5355
-2427
-2427
-1157
1727
-5624
1932
-5177
-4438
4889
-2016
-4109
-5379
-3303
4737
-3492
-11211
1135
-1587
-1059
-10408
-4887
5429
-11627
-1696
-7508
-2695
1160
-13383
-2393
-13114
-13114
9022
-10899
-7507
3074
-11132
5923
-10184
-6100
-1676
-1676
-4215
-10320
-10320
3849
3849
-4219
-7493
-1501
1120
-2811
-8342
-8342
4081
-5617
-1922
4847
-5145
-7501
3009
3964
-10326
-2915
-2915
4863
-4195
-5583
-4384
8997
8997
-11593
-7759
5404
3443
-5321
-4349
-3076
9089
-2187
-12471
6990
5134
-10941
1796
2454
-4395
7305
-12182
7893
2079
-8408
3747
-5943
5453
3353
-17397
7005
5683
-13504
5286
-4107
-2185
-6276
-6276
1352
-14732
-14732
7189
-2136
-11218
6485
-5842
-4159
-2803
-2803
-6053
3911
-6720
8218
-11555
-4602
13168
-8705
-3901
1497
4100
-2644
-1839
-2551
1450
2430
1861
-4946
-4252
8449
5134
-12747
3587
2748
1621
-5866
-5866
5882
1864
-6216
1398
-1265
2714
1074
-7226
1449
2381
1408
-3257
-5798
3325
8671
-5607
-4778
5084
-2984
5233
-3958
-6318
13276
-4685
-4936
4461
4461
4658
-8139
-1387
3936
-2531
4913
-6719
-4490
11693
-10115
-2237
2384
2384
-5465
-9147
7261
-5439
-1467
-1434
-10369
7008
-2836
-9825
-1611
7813
-9860
-8003
4995
4549
-9154
-5511
3863
-1483
-6837
-6837
2598
-1038
-1994
1244
-5897
5286
-10309
-10309
11327
-2357
-8333
7829
-5465
2712
-6208
2225
5663
-13482
7898
-1928
-3398
1655
-8510
5385
-1500
-6330
2764
-2478
-1097
1359
-8996
4960
-9106
-9106
10671
-9304
-2265
11836
-9864
-1533
2058
-1715
-1715
3261
3261
-5424
-5424
7644
7644
-1579
-9917
7933
7933
-7442
-7442
-4667
5028
9092
-12743
-3029
3409
-3133
5601
-5592
-7385
6674
1250
-6078
2395
-2144
4724
4724
-6751
8243
8243
-5750
3862
3862
-3482
9224
-6136
6611
6611
-3432
3356
-6088
5687
7692
-6895
-2856
5112
1549
-2573
-2573
-5479
12324
-3608
-4644
4069
-4494
7916
-2803
-7589
9719
-1166
-5478
11583
-4083
4135
4135
5233
5233
3147
4158
3106
3106
6427
5999
2229
5752
6546
6546
12206
4228
-5395
15029
7343
1043
9956
-2977
15217
5429
1044
6948
11509
11509
3121
-7463
11316
5930
-4188
2967
1874
4106
2442
-7941
3767
9094
-9906
4429
-3369
-3369
11681
-11758
15002
15002
-6302
8014
8014
-8495
6376
10174
-3378
-3651
10392
2828
-1486
6636
3851
3851
7567
2516
2391
6869
7525
-7906
14689
2570
9350
9350
-6686
8705
2764
-1297
2356
2356
1207
1731
-8697
6827
6827
-6054
-6191
-3904
3787
4330
-9266
-5820
8613
-3185
3646
3646
-9552
12583
-14054
-14054
13169
-7658
-7658
6074
-10684
4756
-13061
-13061
4771
-8445
-2686
-1484
-9351
-1426
-5736
-13063
-12239
-12239
-2056
-8225
-15205
-4787
-10849
-10849
-13869
-6306
-6306
-6230
-4679
-5854
-4772
-3610
-1344
-2308
-8729
2104
-3154
-8218
-1687
-8157
-2381
2809
-15978
-3623
1549
-9549
-4984
-4455
-10667
1673
-8207
-11124
-9202
-9202
-5733
-1914
-12265
-2111
-6161
-4130
-2973
-11528
-2644
-2857
-3915
-7978
-4345
-9437
-2986
-3084
-10041
-6991
-1392
-7569
-6584
-6215
-6780
-4039
-8606
-6151
-4404
-5038
-10290
-7939
-7939
-11479
3810
-6292
-9019
-6386
2131
-5703
-14487
1702
1702
-8394
-8827
-2911
-7285
-7285
-7970
2102
-8539
-5325
-7228
-7228
-4923
-3445
-7477
-1303
-9957
-9957
-3040
-3799
3926
-6903
-8406
2613
-11359
-11359
3007
4810
-3797
-5009
-3007
7269
-2833
-2833
-3665
4257
4257
2081
-5476
-6173
14059
-2214
-11818
4610
4117
1132
-6771
-2267
4218
1876
-6554
-6554
10997
10997
-7478
-2322
3658
5781
5781
-4831
3191
3191
3362
3362
5662
-11042
6833
7090
-3896
5823
-5166
7077
1733
-1447
7218
-2572
5242
5412
3496
3496
9018
-2893
7529
7529
2009
2510
3790
1935
1935
8030
3391
2717
2060
4769
8132
6547
2383
3939
13578
4917
3238
6491
12062
5151
10005
10005
10260
6358
6358
7281
2543
2078
6827
1677
4787
4633
-3075
6046
5683
5789
-5358
4580
7100
7078
14471
14471
2849
2849
7155
5733
8923
1530
3537
7737
8028
5375
7376
7376
2579
5728
5105
2979
2979
2399
2399
7726
5397
-7157
2911
7097
1492
5190
-1187
-1187
7903
4511
-1907
6372
6258
6258
3285
-1598
7419
1429
7029
-3041
-1670
4820
2767
3769
-4144
-8595
9174
-6893
-6893
2181
-7233
4320
4320
-3492
-6526
-1329
4047
-3341
-3341
2062
1482
-4276
8894
-5976
-5976
7108
2782
2782
2137
-2203
2883
8918
8918
-1309
-9817
12516
6212
-3848
5014
5014
3343
-1421
1845
2478
2478
3865
7878
7878
-4874
2440
3797
-2036
3165
-4138
3441
7893
-6646
-3524
12930
-4153
-1858
8551
8551
-8608
-8608
5364
3863
-4206
-4206
3022
4620
-3320
-3320
1557
1557
5297
1279
-6842
5640
-1856
-1856
8002
-5567
-2603
4488
6408
-6430
-6430
3013
6768
-1313
1177
-1331
-1331
7945
-1930
-1930
9348
9348
-4214
-4214
6881
-2722
4558
2839
-1350
5536
-2299
8390
8390
-1878
5361
5361
-3576
2464
3654
1472
3310
-3261
-2726
10172
2520
-8101
8612
-1125
-1125
5868
-5899
5081
5698
-2855
1261
3617
-4906
8356
3962
-6508
3624
10674
10674
-1924
-7812
8819
1763
2040
2040
-2955
1561
7621
-4838
1946
-1605
2491
5610
-3486
1683
-4739
5347
-2713
-2713
2435
-1829
2505
2505
-1796
-1796
-2258
-2258
5968
-1584
-1095
-4577
-4577
9105
-3305
-3305
6774
6774
1988
-5889
1388
2791
5547
2998
-6215
3113
6336
1437
1964
-1318
-2097
7652
4408
-1770
-1770
6143
6143
6176
-1774
-1119
2556
2498
3847
2576
-2494
1039
7379
3139
3139
-2054
1161
6073
1266
-1494
1744
3362
5423
5423
-4873
6012
4774
-6924
9365
-2396
-2396
6084
5456
5456
2236
2236
4550
2195
2195
6233
6233
2365
-5537
6487
3903
3426
3426
1671
1157
6798
-3240
1941
5440
1978
2058
-2851
7199
2471
5193
5193
-1631
1170
10199
-2189
-1071
8893
-2847
-2847
13730
1144
-7234
12028
3228
-1254
1905
7204
2825
2515
1903
1903
7393
2850
-2093
4410
8528
-2860
4197
3566
1492
4783
-4123
6027
7717
-2280
1172
7308
7308
3758
-6012
8026
1132
3772
3772
-2425
7525
3523
-6573
8110
3655
-1329
5001
-2021
2712
2632
2114
2153
2309
1278
2996
-1836
4845
2492
2241
2288
-2519
1995
4675
2386
4995
4995
-4269
11484
11484
-1305
-5741
4087
6382
1403
-3520
8531
-1410
-1410
3188
1773
3418
1712
1712
2315
2628
1087
2278
6721
6721
2603
-3046
3392
5658
1936
-3609
3670
6268
2144
-1274
-1274
9104
-1618
1130
1573
12241
12241
-6745
6299
6299
-1325
2800
-1385
7410
7410
1789
1789
-1729
-2447
9574
2452
2452
3484
3634
3634
2057
-1775
4064
3199
-1864
-1864
2319
3510
5302
-4882
-4882
6561
5937
-5247
3303
4305
-3712
6848
2680
-1910
4678
-1802
6903
6903
3778
-3532
6630
6630
-1657
2137
2098
3824
3824
2840
1529
1103
1103
5496
-1580
2036
4835
4137
4137
-1503
3625
3725
3725
3328
-1051
4608
1339
2014
4020
-1374
6074
6074
1982
4576
-4779
10390
10390
-2484
5257
5257
4668
-5237
1279
5800
-1424
-1424
2353
-1631
5772
2777
-4008
4938
4938
-1309
1542
4912
4912
-2950
4678
4678
-3852
-3852
4772
2698
1394
-2770
-2770
5808
2548
2548
-2323
6615
1199
1199
4953
-4771
5121
3005
-1797
3386
3914
-1893
7114
7114
-1241
5130
5130
-1762
3119
5241
-2798
2890
2890
1976
2514
4002
4002
3453
2672
2672
1369
5340
1283
-2810
6486
1173
2076
2016
-2346
5517
5305
-4390
3070
5685
3266
3266
3208
1185
1185
-1526
-1526
1109
3193
1196
-2312
3452
3452
-2213
-2213
1648
1648
2176
-2624
-2624
4262
4262
-2156
-4450
6680
2653
-2036
-2036
-3761
9074
-3613
-3613
3881
3881
4867
-1997
-2255
1666
1818
1989
3896
3896
3283
3283
3686
-1813
-2325
5071
2660
-2358
2062
2062
3699
3680
-2329
-1341
1543
2858
1844
-1882
1220
2134
2553
3089
-3901
-3671
10399
-5386
-5386
4086
2592
3710
-3478
-3220
4388
4554
1110
-5955
-1310
7143
-2663
-2663
-3373
1902
7227
-3141
-2940
2705
2705
-1396
-4063
3484
2539
-2687
-2628
-2628
5464
-3505
-3505
4626
4626
3022
-6264
2806
2806
1577
1577
1752
1752
1484
1484
4462
4462
1061
1061
2373
2373
-1423
-1423
1680
2219
2782
2782
-1386
-1386
2673
1193
1984
1984
4380
4380
1188
-4320
4429
1999
1999
2430
2430
3267
3267
-1778
-1778
3753
1205
2336
3398
3398
2482
-2033
-1092
3696
1400
2019
2019
-2309
6838
6838
-1647
-1896
1649
3053
3053
-3225
1661
1661
-1719
2953
-1489
-1654
4571
-1524
-1904
3017
3017
1155
-1051
-1051
3266
3266
1882
-3360
1310
4091
-1673
4363
4363
-1130
-2151
2095
1929
2267
2267
-1064
-1064
2728
2728
1843
-2425
-2425
2697
3914
-1102
-1905
3501
3501
4130
-2992
-1185
3267
2127
-2500
-2500
1681
2795
1670
-4004
-4004
4236
3318
-1763
-1068
1210
1763
1277
-1204
-1204
1740
1740
2324
-2250
-2250
2385
2385
-2911
-2911
2362
2362
1627
1627
-2037
-2730
3394
1721
-2328
-2001
-1395
5123
-6082
-6082
2679
2679
1490
-1042
-2468
2760
2760
2576
2576
-1832
-1832
2242
2242
-1184
-1184
1076
1655
-1301
1203
-1112
-1112
1327
1159
-1751
-1751
1491
1491
-1867
-1867
1310
1310
-2126
-2126
1109
1218
-3988
-3988
3005
3005
-1413
1640
1640
1232
-2225
1632
1632
-1628
-1628
1230
1230
-1591
-2131
-2131
-1866
-1758
-1758
-2112
1120
-3239
-3239
-2984
-2984
-1510
2149
-1740
-2051
-2765
-2765
-1569
-1569
1343
1343
-2005
-1601
-1601
1224
1224
-2094
-1860
-1860
-1155
-1155
-1783
-2550
-2550
-1048
-1048
-3119
-3119
1168
1168
-2050
-1489
-1489
-3383
-3383
-2539
-2539
-1831
2334
-3343
-3343
-1903
1898
1898
-2487
-2487
-1589
-1589
-1033
-1033
2157
-1709
-1709
-1565
-1565
1255
-2340
-2340
-1212
-1212
-1202
-1202
1689
1689
1556
1556
1768
1768
-1461
-1461
1427
1427
-1364
-1364
-1764
-1764
1710
1710
-1410
2427
2427
-1783
2384
2384
2201
2201
1759
1759
1133
1133
1890
2519
2519
-1907
-1907
2800
2800
1106
1106
1192
1192
1387
1387
1279
1279
2317
2317
2165
2165
1772
1772
1771
1771
-1098
-1098
-1332
-1332
1725
1725
-1091
-1091
-1099
1663
1663
-1099
-1197
1814
1814
-1510
-1510
1308
1308
1827
1827
2248
2248
2882
1901
1901
1967
1636
1636
3459
1778
1778
2054
1379
2082
2082
1446
1630
1630
1345
1112
1112
1545
1300
2608
2608
1911
1842
1842
1964
1913
1913
2654
-1967
-1967
2165
2165
1880
1880
-1574
-1574
-1443
-1322
-1322
1050
1050
-1931
-1931
-1070
-1097
-1097
-1241
-1160
-1160
-1400
-1400
-1035
-1035
-1416
-1416
-1435
-1435
-1061
-1061
-1136
-1136
-1617
-1617
-1289
-1781
-1781
-2059
-1285
-1285
-1081
-1081
-1043
-1428
-1428
-1598
-1343
-1343
-1521
-1920
-1920
-1204
-1204
-1152
-2009
-1115
-1263
-1384
-1107
-1838
-1082
-2234
-2234
-2154
-1289
-1289
-2983
-2136
-2002
-2002
-2970
-1188
-2673
-2673
-1783
-1178
-1916
-2208
-2208
-2310
-1440
-1440
-1533
-1379
-1711
-2236
-2236
-1732
-1200
-1582
-1582
-1604
-1190
-1190
-2106
-1453
-1465
-1465
-1412
-1355
-1355
-1488
-1488
-1242
-1242
-1266
-1179
-1179
-1111
-1308
-1308
-1058
-1058
-1149
-1149
-1161
-1161
-1048
-1048
-1061
-1108
-1108
-1238
-1265
-1265
-1290
-1290
-1072
-1072
-1165
-1230
-1255
-1147
-1076
-1076
-1069
-1136
-1220
-1220
-1156
-1156
-1224
-1224
-1126
-1126
-1110
-1043
-1149
-1035
-1050
-1050
-1049
-1049
-1131
-1131
-1244
-1114
-1114
-1163
-1148
-1242
-1283
-1244
-1212
-1227
-1175
-1177
-1355
-1338
-1240
-1295
-1124
-1148
-1147
-1147
-1099
-1182
-1182
-1084
-1084
