-199
-199
-243
-187
-211
-211
-310
-367
-389
-233
-149
-149
-301
-370
-372
-312
-182
-146
243
243
356
383
334
319
350
437
498
605
571
591
547
219
-306
-306
159
382
259
-165
-375
-357
-439
-450
-226
-347
-347
-421
-275
-365
-384
-409
-136
-136
-278
-246
-190
123
123
159
-256
-256
-456
-472
-371
-223
-198
-355
-493
-586
-612
-470
-372
-200
-226
-176
-175
303
303
431
560
626
623
652
696
769
876
905
971
565
161
-186
517
517
406
-454
-454
-425
-436
-546
-444
-276
-337
-534
-669
-416
-429
-548
-670
-453
-275
-275
-240
-192
125
125
249
221
146
146
232
278
236
130
130
-187
-187
-390
-439
-271
-270
-311
-489
-606
-639
-655
-553
-414
-309
-281
-381
-362
-259
267
267
451
515
571
638
708
847
881
1041
1074
1117
1086
607
200
399
399
763
536
-120
-519
-486
-515
-622
-399
-217
-345
-718
-901
-578
-591
-666
-769
-406
-142
-142
-326
-438
-291
-183
221
221
335
226
212
212
329
385
289
207
162
-349
-349
-520
-403
-192
-211
-354
-606
-712
-759
-724
-565
-397
-300
-386
-482
-479
-350
-154
301
301
468
501
542
579
734
895
1060
1251
1345
1303
1236
856
389
321
321
922
806
152
-583
-653
-596
-625
-528
-236
-303
-708
-1109
-939
-672
-738
-794
-644
-191
-175
-390
-549
-384
-152
202
202
360
313
190
190
453
514
458
331
354
267
-279
-279
-478
-347
-218
-186
-398
-694
-932
-1046
-920
-648
-490
-519
-706
-774
-659
-463
-190
138
138
279
427
564
615
807
955
1259
1484
1568
1439
1205
1026
1122
956
730
326
314
499
222
-235
-720
-612
-522
-601
-636
-566
-726
-1065
-1341
-1008
-653
-591
-692
-723
-435
-402
-363
-334
126
126
206
308
372
321
342
541
691
642
468
223
169
-232
-232
-414
-382
-423
-555
-770
-957
-1011
-1048
-965
-850
-797
-848
-904
-806
-537
-286
163
163
296
424
622
801
1075
1182
1376
1513
1626
1553
1416
1229
1285
1034
740
331
265
493
234
-212
-750
-690
-565
-674
-829
-784
-898
-1127
-1427
-1158
-794
-737
-790
-807
-426
-331
-306
-287
163
163
187
226
393
507
534
477
588
704
636
531
309
322
139
-394
-394
-481
-328
-330
-549
-827
-1043
-1060
-1072
-984
-865
-848
-815
-911
-762
-511
-275
-122
212
212
454
578
706
847
1168
1325
1464
1591
1689
1781
1739
1516
1413
1004
746
501
522
773
416
-124
-796
-811
-579
-555
-705
-810
-1021
-1211
-1508
-1272
-863
-721
-739
-840
-503
-379
-329
-327
191
191
273
283
380
467
548
503
612
755
722
608
334
289
150
-330
-330
-473
-406
-346
-516
-805
-1082
-1147
-1146
-1054
-900
-854
-906
-1087
-1018
-743
-368
-137
187
187
369
571
773
1024
1246
1371
1495
1548
1690
1706
1820
1628
1556
1046
653
409
514
849
498
-792
-792
-859
-689
-632
-757
-786
-1103
-1356
-1642
-1344
-913
-826
-843
-908
-541
-413
-361
-337
132
132
179
221
380
502
543
445
549
732
735
613
351
256
157
-139
-368
-487
-294
-275
-550
-894
-1179
-1212
-1232
-1126
-941
-842
-911
-1055
-997
-664
-365
130
130
307
424
612
803
1130
1325
1478
1606
1715
1808
1837
1840
1711
1480
852
583
465
899
871
302
-494
-894
-702
-557
-592
-732
-917
-1377
-1677
-1691
-1059
-781
-845
-1061
-934
-559
-468
-414
-323
145
145
402
502
484
492
752
889
705
440
256
342
267
-338
-338
-510
-447
-478
-656
-925
-1169
-1278
-1300
-1167
-958
-928
-1027
-1117
-942
-590
-356
-179
-122
188
188
355
623
803
1060
1226
1448
1665
1750
1822
1776
1901
1858
1805
1137
659
386
835
1151
761
-148
-857
-796
-598
-520
-679
-757
-1245
-1682
-1939
-1333
-763
-728
-1070
-1163
-781
-575
-507
-425
249
249
576
630
509
680
901
777
480
280
409
368
-251
-251
-342
-238
-445
-717
-873
-918
-1022
-1234
-1230
-1048
-990
-1062
-1122
-925
-607
-486
-333
-248
209
209
436
726
995
1124
1274
1515
1642
1756
1779
1966
2078
1972
1534
735
488
630
1364
1267
488
-555
-882
-723
-531
-586
-499
-779
-1443
-2042
-1963
-1058
-718
-848
-1195
-991
-747
-786
-738
-325
-276
-276
396
396
556
498
492
939
920
623
296
394
445
-238
-238
-263
-207
-207
-581
-837
-827
-868
-1037
-1148
-1036
-999
-1093
-1149
-1041
-760
-639
-472
-293
142
142
541
893
1129
1165
1373
1469
1645
1761
2006
2180
2080
1747
974
670
638
1385
1502
949
-180
-694
-629
-407
-444
-332
-475
-1108
-1888
-2182
-1289
-741
-710
-1209
-1203
-969
-940
-933
-544
-458
-458
-471
402
402
438
342
729
831
617
312
269
485
259
-164
-164
-124
-180
-469
-563
-540
-572
-825
-1079
-1067
-919
-928
-899
-940
-805
-794
-642
-289
328
328
694
898
1099
1253
1388
1436
1643
1924
2118
2135
1851
1277
717
612
1272
1724
1390
196
-532
-568
-232
-192
-661
-661
-1749
-2299
-1578
-668
-476
-1057
-1275
-1191
-1131
-1168
-721
-543
-543
-866
-427
130
324
298
589
756
486
145
194
515
449
-159
-159
-124
-302
-302
-391
-344
-349
-619
-814
-820
-714
-785
-852
-865
-823
-806
-684
-319
215
215
478
727
934
1163
1205
1280
1385
1742
1983
2156
1986
1380
917
683
1314
1510
1304
389
-201
-201
-121
-270
-491
-491
-1441
-1945
-1387
-935
-798
-1119
-1105
-1128
-1260
-1302
-792
-258
-274
-748
-886
-583
-231
489
489
462
256
224
224
484
344
-133
-133
-172
-304
-257
-257
-327
-552
-686
-689
-660
-766
-781
-860
-835
-875
-738
-410
-203
-168
-168
292
292
496
698
908
1026
1052
1293
1484
1799
1821
2003
1608
1238
780
1037
1418
1450
850
229
243
243
-665
-665
-1533
-1472
-1102
-842
-930
-1057
-1051
-1163
-1298
-1117
-606
-345
-502
-834
-813
-618
-285
-130
177
360
216
266
266
393
232
-124
-124
-209
-173
-262
-262
-446
-492
-497
-585
-611
-618
-664
-734
-762
-481
-226
-128
-128
167
167
298
497
704
838
809
944
1172
1479
1653
1713
1781
1432
1180
872
1190
1295
1223
692
383
216
229
175
175
169
-626
-626
-1238
-1212
-1067
-907
-908
-903
-922
-1092
-1239
-1071
-683
-426
-568
-717
-806
-671
-469
-254
235
235
140
121
121
228
177
-170
-170
-239
-123
-126
-131
-271
-348
-421
-496
-550
-498
-545
-665
-776
-692
-409
-232
-164
-144
200
200
462
604
649
584
832
1037
1353
1413
1572
1579
1391
1172
985
1190
1123
1036
674
574
451
373
246
246
175
-455
-455
-876
-939
-956
-936
-876
-793
-764
-957
-1034
-953
-638
-527
-555
-652
-747
-709
-599
-424
-182
-182
-142
-142
-229
-222
-164
-147
-163
-163
-274
-400
-450
-424
-334
-478
-600
-681
-548
-358
-262
-210
-168
-126
147
147
353
437
385
430
657
901
1085
1252
1325
1503
1343
1325
1132
1218
1089
972
870
808
747
612
358
274
309
129
-316
-316
-555
-768
-941
-886
-767
-649
-725
-865
-970
-884
-748
-659
-608
-682
-816
-795
-701
-433
-201
-144
-145
-201
-151
-191
-191
-188
-146
-176
-176
-304
-388
-362
-303
-368
-480
-592
-687
-626
-563
-435
-319
-293
-325
-309
-179
126
126
182
228
348
431
594
809
1023
1194
1250
1324
1362
1370
1246
1232
1033
1066
953
937
846
708
456
443
404
323
150
-226
-511
-716
-808
-697
-578
-548
-714
-920
-1018
-830
-674
-576
-629
-795
-926
-873
-736
-393
-187
-186
-267
-348
-208
-244
-244
-308
-195
-263
-263
-359
-379
-331
-272
-304
-460
-630
-711
-593
-420
-307
-267
-297
-299
-223
214
214
267
267
329
460
727
960
1143
1215
1288
1339
1441
1384
1387
1169
1020
962
926
974
869
652
468
426
281
212
-332
-332
-572
-789
-763
-700
-665
-780
-905
-1011
-936
-802
-704
-696
-832
-939
-892
-745
-509
-294
-259
-253
-270
-174
-135
-135
-228
-213
-126
-231
-231
-361
-410
-374
-300
-362
-500
-701
-795
-753
-586
-467
-402
-424
-470
-400
-232
143
143
120
188
350
563
800
926
1056
1143
1292
1398
1535
1475
1403
1154
963
1007
1069
1114
942
676
476
480
381
326
158
-205
-513
-812
-812
-662
-588
-680
-868
-1008
-1003
-825
-694
-577
-659
-820
-876
-791
-553
-265
-151
-157
-227
-268
-158
133
133
-344
-344
-404
-299
-164
-199
-199
-366
-531
-569
-492
-423
-479
-668
-803
-836
-703
-540
-392
-320
-350
-317
-195
136
136
236
289
325
426
566
835
1043
1202
1252
1324
1388
1540
1538
1464
1249
964
939
952
1041
987
787
500
403
244
203
-199
-199
-448
-765
-860
-803
-674
-669
-763
-899
-927
-755
-660
-574
-597
-676
-737
-694
-557
-271
-184
-199
-236
-230
-129
-192
-192
-421
-483
-418
-297
-258
-366
-519
-624
-652
-562
-458
-505
-641
-783
-816
-649
-463
-280
-188
-204
-206
281
281
392
413
433
501
631
868
1049
1178
1219
1250
1306
1425
1485
1401
1221
868
828
895
1007
1010
813
498
336
228
202
245
-319
-319
-663
-858
-790
-629
-486
-543
-706
-924
-835
-663
-464
-392
-528
-682
-741
-683
-402
-163
-127
-217
-393
-410
-294
-152
-213
-213
-455
-652
-625
-514
-346
-359
-497
-656
-739
-666
-502
-428
-508
-643
-718
-610
-438
-240
256
256
407
428
442
470
553
706
882
1010
1085
1095
1152
1239
1411
1390
1273
1015
799
880
961
1012
894
638
381
328
250
302
217
-129
-406
-658
-622
-507
-419
-475
-595
-743
-755
-551
-430
-345
-455
-616
-670
-625
-499
-297
-284
-353
-451
-474
-350
-215
-205
-327
-518
-713
-689
-558
-418
-388
-527
-670
-702
-627
-456
-315
-373
-496
-638
-618
-422
-220
212
212
389
482
465
439
446
525
708
855
953
1025
1039
1137
1229
1351
1297
1194
909
750
816
893
968
831
596
375
344
300
392
313
-338
-338
-627
-562
-426
-294
-343
-481
-690
-731
-570
-392
-271
-404
-651
-798
-826
-672
-435
-367
-400
-567
-661
-590
-460
-394
-446
-600
-792
-799
-702
-544
-466
-537
-618
-634
-574
-438
-356
-382
-470
-544
-497
-312
-133
129
129
287
426
472
410
373
411
531
723
869
953
973
958
1038
1148
1334
1283
1162
893
717
805
891
994
923
717
529
476
410
481
410
136
-382
-382
-394
-338
-259
-266
-360
-508
-598
-532
-463
-373
-457
-636
-786
-840
-769
-615
-588
-617
-716
-754
-669
-562
-497
-526
-661
-822
-805
-692
-515
-440
-528
-605
-614
-527
-377
-246
-232
-315
-421
-435
-286
185
185
326
418
394
328
337
412
571
660
733
778
818
907
1029
1187
1304
1177
1032
792
811
961
1069
1078
914
700
573
622
651
703
502
170
-124
-335
-284
-219
-177
-347
-533
-746
-727
-615
-533
-530
-741
-982
-1140
-1129
-959
-771
-757
-827
-943
-935
-792
-608
-510
-536
-697
-833
-772
-637
-419
-341
-386
-431
-427
-340
-163
-160
-160
-301
-280
-152
134
134
262
369
383
288
236
256
387
533
606
677
704
781
920
1099
1260
1369
1216
1117
937
952
1124
1219
1252
1095
894
742
792
811
819
620
229
-341
-341
-341
-272
-265
-430
-629
-835
-869
-815
-781
-761
-904
-1103
-1242
-1248
-1140
-958
-907
-864
-876
-861
-763
-634
-535
-537
-599
-720
-637
-511
-359
-250
-258
-269
-274
-200
-194
-194
-305
-329
-181
150
150
267
290
216
170
202
294
450
569
685
738
771
854
1017
1158
1282
1326
1207
1175
985
1066
1148
1245
1204
1062
880
755
733
637
634
374
-215
-215
-423
-418
-429
-456
-593
-719
-913
-937
-925
-889
-891
-1002
-1141
-1195
-1175
-1055
-914
-848
-795
-811
-778
-688
-561
-481
-468
-512
-553
-465
-373
-220
-131
-135
-162
-198
-144
-133
-133
-207
-233
-158
142
142
232
306
311
300
290
344
463
611
755
840
893
922
1017
1159
1307
1392
1269
1207
1012
1046
1119
1208
1205
1039
797
639
632
565
517
248
-303
-303
-499
-481
-472
-479
-695
-881
-1090
-1051
-960
-897
-920
-1092
-1277
-1332
-1250
-1049
-856
-834
-876
-934
-872
-679
-467
-364
-390
-531
-619
-510
-321
-138
-138
-219
-246
-172
-241
-241
-241
173
173
277
302
257
238
271
372
503
588
685
724
780
914
1048
1203
1238
1247
1141
1119
1014
1079
1126
1138
1064
901
778
698
716
631
532
282
-222
-222
-411
-398
-443
-505
-690
-851
-1002
-1020
-990
-964
-992
-1107
-1240
-1280
-1205
-1056
-909
-846
-816
-818
-768
-651
-508
-409
-396
-446
-439
-343
-224
-127
-127
197
197
241
311
134
262
421
438
593
712
718
759
911
986
1090
1165
1285
1135
1142
1054
1030
1075
1134
1157
988
875
680
596
498
480
298
-217
-217
-454
-647
-601
-652
-775
-861
-1102
-1235
-1219
-1192
-1099
-1162
-1221
-1282
-1323
-1197
-1031
-862
-785
-791
-806
-760
-614
-368
-231
-319
-300
-241
-323
120
120
-191
-191
164
164
-216
-274
-274
241
241
198
192
266
344
440
588
713
711
747
823
851
1004
1163
1183
1253
1172
1125
1052
1030
1068
1068
976
853
718
521
486
373
311
148
-309
-309
-545
-616
-689
-743
-829
-933
-1063
-1196
-1182
-1114
-1063
-1050
-1098
-1139
-1103
-1014
-879
-750
-658
-624
-608
-559
-403
-262
-197
-174
-224
-216
-193
-133
-178
-178
-147
-127
-127
-193
-187
-156
151
151
283
352
362
381
404
471
555
659
742
809
820
861
913
1018
1122
1122
1054
932
890
788
859
786
772
676
543
391
265
242
198
127
-122
-346
-533
-643
-655
-715
-729
-827
-905
-1036
-1051
-985
-886
-875
-929
-1005
-978
-879
-767
-659
-602
-543
-550
-537
-468
-326
-219
-196
-266
-301
-233
-178
-143
-143
-138
-138
-147
140
140
155
200
265
334
352
362
373
448
528
601
629
644
704
761
824
863
890
904
874
798
688
775
799
874
754
560
463
452
472
339
231
-274
-274
-386
-435
-460
-660
-795
-895
-821
-786
-829
-879
-938
-1006
-1085
-1088
-1021
-842
-680
-593
-567
-579
-487
-434
-383
-379
-396
-345
-269
-193
-155
-155
-212
-136
-144
-144
-163
-138
198
198
213
149
120
178
279
374
470
511
580
548
581
665
819
896
911
875
891
906
827
602
597
799
968
757
149
210
210
751
600
-387
-387
-327
-309
-309
-496
-514
-434
-701
-1145
-1189
-756
-465
-723
-1140
-1146
-831
-687
-870
-899
-648
-455
-572
-698
-581
-245
-173
-173
-224
-135
-154
-154
239
239
195
-212
-212
147
147
182
-227
-227
-228
-139
-139
-376
-313
-163
-163
128
128
183
153
153
473
549
555
662
833
791
765
797
1100
1237
1200
1174
1091
905
504
683
1132
1489
825
-191
-446
176
591
131
-448
-629
-347
-560
-1021
-1101
-781
-633
-1065
-1356
-1164
-944
-1079
-1345
-1053
-554
-479
-864
-1124
-762
-232
-227
-227
-254
-127
241
241
379
375
218
156
310
426
290
121
121
-297
-297
-347
-167
-142
-292
-470
-475
-379
-376
-436
-408
-261
-245
-306
-271
233
233
289
216
254
378
564
601
640
734
859
902
912
981
1058
1136
1134
1064
1153
1077
745
255
380
833
1119
555
-536
-673
469
469
-657
-657
-844
-543
-606
-939
-878
-758
-750
-1126
-1262
-765
-572
-840
-1174
-895
-261
-145
-615
-853
-504
258
258
493
422
130
130
243
-351
-351
-512
-313
-206
-206
-513
-626
-517
-428
-396
-349
-224
-151
-216
-255
-154
139
327
302
240
234
344
465
565
698
773
751
673
646
756
964
1032
940
767
881
920
612
170
234
687
1010
413
-645
-703
527
527
-611
-611
-784
-540
-538
-701
-668
-599
-673
-1023
-1020
-531
-489
-733
-990
-660
-167
-275
-643
-729
-366
156
156
-120
-120
182
182
432
494
180
-125
219
219
353
176
-131
-131
-281
-281
-221
-221
-426
-486
-368
-216
-182
-227
-266
-308
-280
-229
197
197
192
140
164
164
322
439
465
456
499
496
548
597
802
927
900
831
715
901
916
559
200
318
845
1039
258
-627
-429
411
754
-851
-851
-872
-380
-341
-615
-683
-685
-740
-1085
-894
-420
-547
-936
-1155
-610
-167
-423
-873
-781
-148
239
-316
-316
-196
205
205
375
487
494
171
190
190
484
510
126
177
177
-216
-216
-241
-127
-127
-376
-610
-616
-403
-295
-357
-460
-501
-412
-349
-238
239
239
374
427
470
516
609
655
693
799
883
943
934
941
952
1119
1066
683
253
475
950
1062
242
-553
-219
564
703
-230
-981
-757
-248
-336
-664
-717
-665
-702
-1027
-787
-430
-620
-927
-1090
-444
-392
-392
-642
-399
178
267
-246
-246
320
320
435
505
580
576
234
171
451
691
494
-205
-205
199
199
-321
-321
-335
-250
-358
-658
-816
-650
-456
-514
-668
-765
-697
-545
-488
-405
-331
-291
-190
129
129
282
302
307
342
442
570
626
673
743
835
950
976
986
961
1053
1114
783
271
235
743
1139
688
-391
-483
257
769
166
-851
-936
-382
-212
-537
-718
-614
-527
-812
-923
-559
-575
-740
-966
-578
-288
-288
-583
-541
319
319
-265
-265
-133
233
391
485
497
496
218
253
253
523
444
-329
-329
168
168
-448
-448
-524
-377
-332
-600
-878
-822
-586
-484
-570
-696
-716
-564
-476
-364
-280
-282
-176
242
242
285
342
356
419
538
618
680
723
782
883
954
900
884
876
1066
1128
747
280
300
806
1145
643
-319
-329
375
799
146
-735
-717
-420
-420
-651
-532
-348
-592
-781
-544
-549
-624
-811
-539
-157
-317
-540
-509
151
151
-424
-424
-254
153
304
261
120
159
141
141
215
171
-181
-329
-199
-380
-380
-510
-460
-374
-550
-740
-700
-507
-393
-550
-683
-682
-516
-402
-373
-327
-327
-241
-155
190
190
225
214
183
286
434
495
544
556
666
809
851
835
812
916
1061
1146
866
412
272
732
1202
999
-316
-316
298
959
636
-343
-701
-187
122
-225
-561
-530
-268
-476
-879
-704
-573
-571
-837
-836
-399
-390
-609
-689
-342
-172
-172
-570
-489
203
203
163
208
208
136
136
261
-194
-194
-171
123
123
-180
-423
-420
-250
-338
-634
-703
-543
-347
-484
-701
-716
-536
-360
-380
-422
-448
-348
-172
168
168
146
151
151
315
502
565
517
548
706
885
900
820
829
999
1132
1194
1026
663
397
607
1086
1251
602
-252
672
672
956
190
-703
-638
-464
-464
-701
-531
-384
-748
-946
-769
-705
-763
-969
-712
-468
-639
-797
-635
-190
-457
-457
-651
-311
121
121
165
165
191
191
223
-261
-261
-124
-320
-320
-388
-301
-324
-576
-672
-505
-286
-302
-544
-634
-471
-271
-208
-259
-300
-223
246
246
277
276
332
435
533
558
555
646
763
808
774
738
809
917
987
984
982
819
509
308
604
1034
936
-499
-499
840
840
700
-310
-911
-405
-179
-179
-669
-719
-334
-380
-893
-955
-699
-533
-708
-902
-631
-494
-638
-731
-511
-144
-223
-582
-610
-245
143
143
-158
-158
-146
-228
-228
-222
-182
-280
-442
-410
-251
-138
-264
-450
-431
-252
-129
-138
-222
-229
155
155
203
180
178
207
295
379
429
443
490
490
562
646
663
691
688
711
796
876
731
353
241
621
1000
756
-133
-432
247
868
462
-518
-820
-199
-343
-343
-711
-615
-283
-532
-996
-848
-569
-550
-900
-1022
-609
-470
-648
-744
-483
-171
-302
-606
-484
156
156
234
234
364
236
190
190
266
135
-238
-238
-254
-144
-269
-269
-401
-357
-254
-216
-267
-302
-247
-207
-128
121
121
269
375
349
334
374
490
647
590
551
615
717
825
805
828
742
430
238
496
863
784
-441
-441
159
776
501
-452
-808
-214
-339
-339
-730
-619
-268
-470
-944
-771
-475
-487
-821
-919
-461
-306
-562
-665
-371
-134
-134
-488
-399
171
171
167
167
268
128
129
262
370
225
173
173
234
-142
-142
-183
-183
-315
-303
-211
-165
-279
-411
-372
-266
-227
-204
-233
-238
-221
-137
157
157
150
151
151
243
323
299
321
389
409
444
419
496
553
562
592
596
667
719
481
141
199
592
841
424
-332
-217
480
765
185
-559
-448
-358
-358
-518
-311
-126
-505
-658
-445
-363
-477
-756
-554
-256
-370
-553
-456
-153
-303
-303
-464
-216
127
127
139
139
147
-157
-157
-136
-144
-244
-294
-304
-221
-227
-337
-426
-398
-308
-244
-289
-387
-412
-341
-172
-131
-131
-144
134
134
219
266
328
311
363
447
490
542
621
678
484
235
354
714
874
384
154
154
763
780
-336
-336
317
317
-340
-340
-360
-528
-528
-560
-386
-329
-558
-740
-463
-332
-482
-633
-448
-146
-192
-479
-507
-182
-142
-142
196
196
250
250
323
194
194
241
-182
-182
-282
-263
-172
-294
-488
-523
-432
-368
-434
-524
-447
-411
-434
-402
-282
-175
-175
-212
154
154
159
159
319
403
426
433
530
662
665
678
707
884
888
569
347
661
1149
1050
290
400
400
951
673
-165
-446
227
227
-319
-654
-477
-136
-275
-719
-514
-347
-485
-796
-788
-321
-328
-598
-671
-360
-208
-208
-418
-274
411
411
346
248
248
-249
-249
-238
-230
-230
-479
-554
-474
-570
-651
-657
-566
-418
-499
-522
-577
-643
-562
-422
-174
146
146
174
177
268
414
493
487
499
567
666
674
656
727
858
980
972
995
1006
1080
1063
596
338
338
761
465
-347
-347
-948
-944
-276
-120
-683
-921
-575
-123
-480
-1118
-941
-381
320
320
287
-172
-366
613
613
674
407
477
651
498
232
245
245
275
-132
-132
-465
-938
-1000
-836
-805
-891
-1032
-996
-956
-1093
-1073
-948
-744
-541
-463
-320
-208
-191
-131
235
235
295
416
495
415
329
263
388
543
494
419
364
346
346
275
349
512
559
578
614
680
809
792
931
975
482
-143
-326
268
998
752
-321
-321
-349
-410
-667
-560
-226
-226
-734
-805
-440
-155
-668
-1155
-773
-203
130
130
-435
-435
-272
353
806
591
231
341
403
216
133
133
423
297
-200
-200
-243
-301
-657
-995
-866
-687
-709
-888
-1095
-1059
-1012
-993
-757
-569
-445
-452
-453
-213
240
240
372
347
346
317
249
266
346
517
533
358
269
266
323
354
343
496
648
677
666
657
734
889
958
1187
932
225
-286
-165
557
935
369
-159
-350
-428
-638
-850
-485
-147
-532
-903
-841
-436
-342
-944
-1030
-561
-283
-283
-296
179
769
881
442
304
457
327
158
282
282
486
148
-166
-368
-479
-544
-844
-863
-704
-768
-910
-1089
-1090
-909
-935
-852
-640
-464
-306
-339
-257
154
154
264
411
336
277
336
323
363
337
423
527
370
205
141
212
353
350
408
538
559
540
565
668
935
990
1196
928
212
-305
-201
598
1113
555
-396
-396
-495
-563
-685
-322
-545
-545
-909
-777
-350
-313
-1007
-1116
-539
200
200
-251
-251
-286
200
873
994
459
227
404
416
312
185
363
603
286
-338
-338
-399
-414
-673
-698
-613
-679
-837
-1025
-1055
-876
-886
-764
-607
-481
-325
-384
-281
-150
154
154
258
310
198
165
258
266
333
326
405
439
261
145
211
211
317
354
412
501
515
536
600
741
962
1020
1231
791
142
-312
830
830
1090
444
-214
-495
-512
-524
-577
-215
-237
-637
-924
-772
-353
-524
-1014
-958
-451
-278
-278
440
440
981
828
325
224
371
473
404
302
500
484
149
-155
-424
-386
-501
-660
-626
-733
-834
-1035
-1157
-1042
-979
-903
-756
-714
-588
-558
-512
-290
-232
220
220
126
136
136
220
338
340
349
427
330
236
144
166
327
368
439
482
491
546
621
709
979
971
1190
941
266
-155
-223
568
1127
712
-542
-542
-736
-535
-559
-181
-147
-592
-853
-924
-550
-499
-910
-876
-553
-162
-152
-152
-266
-266
280
280
793
817
407
300
296
317
377
314
528
521
151
-419
-419
-441
-521
-672
-553
-661
-863
-1050
-1250
-1087
-985
-922
-728
-722
-638
-647
-575
-291
-153
167
167
154
168
277
295
411
451
492
529
359
283
242
292
406
426
511
568
541
502
532
662
951
1013
1246
947
247
-265
-270
564
1171
798
-421
-421
-667
-546
-524
-385
-385
-710
-761
-410
-474
-837
-776
-401
-336
-336
325
325
824
684
291
217
251
234
212
291
572
472
-231
-231
-460
-415
-497
-510
-401
-591
-882
-1120
-1137
-926
-872
-811
-649
-626
-602
-666
-518
-255
-141
185
185
196
271
271
409
473
438
496
544
355
252
223
344
409
390
457
558
517
430
416
585
836
911
1091
601
-455
-455
-177
693
1039
515
-544
-544
-619
-590
-435
-344
-344
-700
-628
-393
-628
-821
-553
-156
-122
-122
-238
-253
-253
-281
452
452
663
321
210
210
257
142
222
222
499
329
-307
-307
-454
-461
-553
-402
-308
-497
-890
-1152
-1090
-861
-747
-641
-563
-581
-651
-656
-393
-188
221
221
219
225
225
437
522
478
509
484
413
333
316
441
492
519
559
570
575
526
536
680
853
1088
628
-430
-430
-204
519
781
407
-419
-419
-624
-753
-573
-339
-339
-653
-584
-433
-673
-826
-573
-209
-122
-122
-191
-297
-297
-273
383
383
529
290
150
223
242
143
157
157
376
330
132
-238
-483
-589
-533
-329
-298
-472
-770
-1053
-1123
-1003
-729
-502
-506
-605
-662
-580
-405
-330
-197
133
133
137
137
239
444
591
585
434
382
443
510
517
492
555
657
682
659
613
690
697
926
761
319
-123
-253
234
595
428
-314
-314
-570
-647
-685
-266
-249
-388
-582
-559
-406
-622
-785
-628
-326
-157
-157
-225
-225
-243
314
314
494
316
285
335
351
216
137
216
327
266
206
-214
-214
-445
-574
-376
-304
-360
-588
-736
-862
-918
-840
-624
-507
-495
-542
-506
-336
-357
-245
-130
175
175
190
193
178
145
187
343
497
579
485
463
439
481
458
479
580
652
672
691
697
684
678
833
583
193
-186
391
391
550
231
-414
-414
-551
-758
-627
-201
-244
-438
-713
-549
-463
-677
-718
-423
-187
-187
-144
-144
145
145
529
452
259
305
475
448
186
224
224
298
231
158
-285
-285
-660
-692
-430
-286
-412
-692
-840
-913
-924
-819
-563
-477
-487
-542
-371
-245
-226
-166
198
198
281
337
338
318
279
357
496
631
597
537
526
528
526
468
551
591
719
758
880
823
763
631
172
-180
-180
277
677
498
-362
-362
-575
-520
-627
-301
-164
-340
-549
-662
-401
-520
-736
-669
-305
-122
-122
380
380
687
486
366
347
445
318
147
195
333
308
219
-202
-202
-542
-748
-571
-369
-396
-690
-885
-963
-967
-939
-764
-590
-585
-625
-559
-343
-252
-245
-194
224
224
366
384
344
262
266
438
599
677
598
563
524
495
409
483
570
709
681
735
716
832
494
-301
-301
-208
365
538
324
-429
-429
-671
-760
-696
-227
-272
-353
-603
-516
-446
-688
-740
-542
-157
-219
-219
138
138
592
589
443
398
443
445
265
211
242
277
215
176
-269
-269
-611
-617
-490
-382
-510
-661
-758
-912
-967
-895
-657
-550
-543
-492
-363
-278
-252
-180
249
249
360
444
494
497
401
385
523
675
709
650
590
564
518
472
511
572
651
719
749
821
312
-170
-512
-278
330
510
353
-468
-468
-663
-854
-629
-313
-325
-288
-470
-308
-465
-739
-792
-596
-140
154
227
243
-232
-232
-190
538
538
560
547
410
344
276
142
152
148
181
227
171
-409
-409
-677
-606
-484
-372
-460
-597
-800
-955
-909
-748
-552
-508
-473
-427
-320
-243
-158
304
304
535
657
601
444
388
566
749
865
823
745
617
529
507
554
587
559
646
751
823
349
-226
-552
-383
136
332
242
-438
-438
-688
-835
-670
-387
-435
-386
-412
-266
-374
-659
-732
-609
-301
203
203
300
-146
-146
417
417
440
505
510
467
364
262
206
120
120
-227
-227
-514
-594
-624
-588
-577
-513
-667
-864
-923
-804
-643
-686
-684
-525
-342
-183
157
157
370
587
738
685
571
656
794
914
936
881
822
727
723
760
764
751
687
727
465
-308
-308
-363
-141
-141
-414
-653
-853
-753
-556
-615
-625
-621
-403
-456
-671
-771
-677
-448
-234
218
218
150
252
252
268
349
401
485
398
246
153
-190
-190
-432
-539
-594
-557
-584
-546
-620
-736
-765
-733
-712
-734
-689
-522
-358
-232
-148
235
235
499
677
693
688
725
796
815
834
888
872
904
913
945
907
928
803
645
312
128
128
-171
-171
-346
-581
-769
-764
-730
-681
-791
-713
-621
-592
-703
-812
-774
-679
-530
-276
-200
-200
176
176
278
424
418
325
239
171
-200
-200
-342
-432
-524
-463
-421
-384
-473
-555
-594
-645
-665
-561
-412
-274
-220
-125
125
125
316
442
502
480
511
587
590
656
765
783
866
847
892
926
835
713
435
369
319
339
361
224
-261
-261
-314
-461
-494
-593
-586
-528
-542
-572
-764
-845
-863
-737
-562
-469
-442
-439
-424
-333
-253
-172
192
192
247
188
159
173
173
254
287
225
-127
-127
-202
-251
-297
-258
-263
-238
-259
-294
-216
-186
137
137
233
270
310
274
338
441
469
560
532
529
593
621
595
497
379
422
392
430
399
313
201
-195
-195
-230
-255
-275
-337
-440
-524
-588
-581
-557
-540
-508
-519
-542
-562
-555
-476
-439
-386
-290
-230
-173
-207
-169
-136
-123
-123
120
120
170
166
233
255
311
351
337
488
498
551
618
522
493
428
473
482
485
473
331
242
154
-153
-153
-236
-314
-348
-371
-372
-335
-281
-306
-381
-445
-445
-352
-288
-249
-240
-251
-270
-293
-275
-252
-209
-176
-186
-199
-199
-169
-186
-207
-173
-226
-226
-172
-172
155
155
198
198
120
194
157
157
261
149
278
251
403
312
283
306
346
251
326
253
292
244
190
157
-179
-179
-171
-272
-231
-306
-304
-305
-348
-371
-361
-396
-378
-346
-345
-216
-339
-258
-293
-255
-216
-189
-194
-144
-144
-185
-185
-128
-128
-133
-133
137
137
263
263
223
223
217
262
321
256
305
198
293
230
360
189
345
170
181
139
139
-195
-195
-162
-212
-165
-169
-197
-126
-279
-185
-310
-154
-249
-187
-187
-171
-126
-176
-179
-126
-154
-154
-139
-139
-171
-171
-252
-252
-170
-170
-173
-173
-122
-122
143
143
182
182
208
198
195
290
138
349
129
351
229
229
183
183
194
194
-151
-151
-123
-193
-126
-208
-204
-268
-323
-323
-148
-211
-224
-218
-218
-241
-241
147
147
184
184
168
168
188
188
154
154
-179
-179
-220
-220
-161
-161
-127
-127
-133
-133
159
159
245
245
209
209
135
242
170
293
268
182
182
134
200
200
142
142
-271
-271
-315
-315
-130
-337
-211
-328
-202
-329
-212
-318
-229
-246
-274
-154
-154
120
120
120
120
219
219
228
228
185
185
133
133
-145
-145
-191
-191
-147
-147
-140
-148
-130
-173
-204
-178
-130
-130
-158
-130
-130
-184
-184
135
135
137
131
184
286
286
328
328
245
219
207
145
186
186
128
128
-211
-211
-310
-310
-232
-232
-170
-213
-235
-268
-243
-324
-205
-263
-163
-160
-153
-120
-120
244
244
222
222
221
221
125
241
174
157
154
163
200
200
-136
155
-132
-137
-137
-156
-137
-137
-169
-169
-219
-219
-312
-312
166
-307
131
-130
128
128
182
182
249
249
242
242
202
202
148
148
-130
-130
-189
-189
-204
-204
-195
-195
-178
-214
-129
-176
-146
-146
-120
-120
193
200
200
130
130
157
157
260
260
232
232
188
188
154
154
-182
-182
-201
-201
-160
-160
165
165
125
125
-140
-140
-206
-206
-234
-234
-256
-256
-186
-186
-174
-174
-126
-126
-129
-129
204
-140
228
154
154
150
150
186
186
133
133
-148
-148
-136
-136
-124
-124
-151
-151
-140
-140
-200
-200
-190
-190
-133
-133
-138
-138
-161
-161
-162
-162
-190
-190
-144
-144
-124
-124
275
275
257
257
196
196
207
207
222
222
155
155
121
121
-144
160
-132
-132
-130
-130
-120
-120
-170
-170
-210
-210
-179
-179
-223
-223
-218
-218
-179
-179
154
154
223
223
174
174
135
135
139
139
157
157
186
186
194
194
184
184
144
144
152
152
148
148
171
171
-129
179
-175
186
-136
-147
-147
-121
-121
-137
-137
-138
-138
136
136
-126
155
-127
181
164
164
188
188
155
155
164
164
175
175
193
193
217
217
132
132
135
135
127
127
-191
-191
-172
-172
-158
-158
153
153
147
147
158
158
125
125
143
143
-225
-225
-202
-202
-140
-140
139
139
-132
-120
-120
-159
-159
-204
-204
-212
-212
-181
-181
-172
-172
-193
-193
-160
-160
-139
-139
-121
-121
134
-139
-139
-135
-135
-150
-150
222
-170
215
-169
125
125
-170
-170
-240
-240
-239
-239
-204
-204
-190
-190
-161
-161
-132
-132
-160
-160
-167
-167
-139
-139
-164
-164
-135
-135
120
120
165
165
-162
188
147
147
-221
208
-235
156
-203
-191
-191
-156
-156
-142
-142
-194
-194
-202
-202
-146
-146
-153
-153
-154
-154
-136
-136
-143
-143
-131
-131
-139
-139
-131
-131
-158
-158
-123
-123
-151
-151
175
-158
215
-137
197
147
147
145
145
149
149
141
141
-125
-165
-165
-174
-174
-159
-159
-163
-163
-188
-188
-134
-134
-129
-129
-124
-124
-123
-123
-122
-122
-143
-143
130
130
126
126
-130
-130
-139
-139
-143
-143
-165
-165
-166
-166
166
166
186
186
-120
147
-121
-121
-140
-140
-140
-140
-121
-121
-130
-130
-148
-148
-134
-134
-129
-129
-123
-123
-123
-123
120
120
124
124
-157
-157
-178
-178
121
-182
-139
-139
-133
-133
-127
-127
-139
-139
150
125
125
-145
-145
-125
-125
121
-134
-134
150
150
128
128
-128
-128
129
129
121
121
126
126
-133
-133
-127
-127
-148
-148
-134
-134
-134
-134
-183
-183
-203
-203
125
-189
137
-148
167
167
-178
202
-216
193
-189
131
-181
-181
132
-178
160
160
181
181
192
192
169
169
143
143
160
160
156
156
138
138
136
136
123
123
-127
-127
-149
-149
-143
-143
128
128
151
151
127
127
134
134
145
145
160
160
120
120
-137
-137
-155
-155
-132
-132
-138
-138
-135
-135
-123
-123
-125
-125
-124
-124
-124
-124
-125
-125
-120
-120
-121
-121
-141
-141
-128
-128
-176
-176
-188
-188
-143
-143
-164
-164
-167
-167
-154
-154
-151
-151
-151
-151
-140
-140
-128
-128
-145
-145
-190
-190
127
-192
-144
-144
-198
-198
-225
-225
-173
-173
-142
-142
-212
-212
-193
-193
-160
-160
-120
-120
-125
-125
-120
-120
