136
136
-144
-144
-142
-134
-134
-132
-139
-139
-138
-170
-170
-140
-128
-128
-128
-128
-126
-126
-131
-131
-143
-126
-126
-126
-126
-126
-132
-131
-133
-134
-133
-131
137
137
153
128
-132
-132
-162
-176
-177
-189
-195
-196
-188
-196
-214
-217
-200
-200
-199
-198
-180
-159
-153
-141
-137
190
190
159
-152
-152
-178
-236
-227
-216
-174
-208
-234
-260
-262
-243
-247
-239
-233
-231
-223
-208
-207
-193
-197
-169
-138
-130
-130
-132
130
130
133
138
126
126
144
161
177
200
213
198
179
227
243
241
225
227
269
191
137
142
200
208
151
143
143
-133
-133
-194
-176
-238
-298
-307
-278
-267
-315
-334
-293
-294
-313
-325
-293
-239
-258
-255
-254
-219
-221
-233
-203
-174
-167
-170
-173
-133
-131
-124
143
143
155
171
184
208
240
263
304
325
359
318
347
370
397
395
384
401
448
437
390
349
364
305
152
-223
-223
-272
-299
-347
-459
-474
-425
-386
-410
-449
-420
-389
-413
-422
-370
-273
-241
-256
-236
-185
-157
-163
-147
-148
-148
-162
-181
-210
-242
-242
-216
-217
-213
-192
-163
-158
-157
193
193
241
291
353
412
476
530
599
614
638
640
686
701
692
669
716
722
709
656
617
632
381
-391
-391
-342
-198
-198
-619
-789
-746
-696
-638
-452
-326
-363
-593
-615
-455
-320
-346
-312
159
159
-175
-175
-161
-161
-365
-490
-479
-433
-463
-492
-537
-600
-680
-690
-608
-503
-415
-361
-325
-292
-265
-175
130
130
245
302
357
389
419
460
524
640
655
688
673
740
746
760
749
769
795
791
818
838
866
772
752
430
-452
-452
-325
141
356
-758
-758
-969
-822
-659
-623
-416
-264
-355
-694
-780
-476
-238
-272
-314
298
298
235
256
256
221
231
321
314
-135
-135
-237
-237
-568
-709
-613
-476
-463
-511
-596
-744
-867
-839
-675
-509
-437
-412
-389
-368
-337
-204
250
250
342
374
419
473
499
561
689
773
776
720
746
780
803
703
689
727
776
752
665
591
582
586
658
611
670
171
-321
-676
-388
130
217
-326
-860
-950
-775
-669
-609
-316
-259
-319
-714
-621
-318
-176
-232
-272
144
328
203
155
155
294
204
247
332
315
-184
-184
-168
-182
-428
-714
-804
-626
-502
-576
-696
-800
-881
-940
-906
-681
-519
-475
-545
-604
-536
-461
-237
219
219
292
270
325
415
503
624
694
790
759
730
772
862
865
871
827
913
850
856
770
861
840
822
714
704
602
-328
-328
-532
159
159
-700
-700
-936
-950
-791
-761
-523
-305
-362
-632
-909
-560
-310
-136
-287
214
214
260
137
137
322
351
265
365
388
271
178
178
-153
-153
-215
-376
-376
-678
-763
-666
-702
-705
-661
-700
-892
-1040
-963
-698
-534
-517
-510
-425
-356
-304
135
135
272
280
353
503
621
649
670
764
820
824
813
889
953
894
872
889
953
893
820
865
887
973
859
750
508
-374
-374
-390
130
258
-152
-842
-1136
-1023
-783
-725
-462
-442
-589
-949
-1064
-617
-314
-174
-316
-140
168
168
355
316
272
346
366
257
202
202
340
292
-128
-310
-259
-158
-313
-550
-715
-665
-781
-865
-878
-806
-888
-1061
-968
-792
-583
-636
-696
-587
-405
-214
141
141
230
207
290
518
715
813
766
828
871
897
875
932
1028
1046
991
997
963
940
859
911
1065
1115
958
681
-331
-331
-442
390
390
-709
-709
-1243
-1177
-915
-745
-527
-394
-572
-969
-1323
-912
-427
-149
-290
-264
-136
-136
173
423
426
264
322
424
424
208
263
383
435
-198
-198
-240
-151
-243
-576
-723
-684
-609
-756
-889
-998
-994
-1128
-1040
-891
-604
-616
-793
-786
-644
-333
-129
197
197
209
223
363
623
828
929
913
935
883
900
938
1091
1098
1100
1024
1034
1002
981
991
1099
1112
961
583
-250
-250
-235
211
241
-851
-851
-1117
-1065
-851
-772
-576
-591
-811
-1212
-1335
-870
-495
-330
-458
-285
-203
-203
236
236
384
354
282
408
525
468
341
448
526
423
-152
-152
-130
-324
-419
-501
-479
-663
-838
-939
-918
-995
-1043
-993
-930
-833
-878
-850
-737
-565
-372
-146
166
166
397
608
782
876
967
932
908
925
1059
1158
1113
1104
1119
1135
1096
1062
1120
1248
1210
1027
423
-126
-126
228
424
278
-363
-845
-943
-834
-743
-558
-470
-733
-1123
-1527
-1232
-816
-543
-592
-567
-384
-375
-427
-362
200
200
171
201
201
408
504
408
481
618
453
246
-124
-124
-261
-362
-345
-493
-640
-665
-674
-881
-1007
-1046
-895
-854
-864
-900
-850
-678
-583
-280
286
286
475
659
812
923
1035
973
997
1085
1270
1295
1278
1263
1278
1251
1226
1327
1391
1363
681
329
501
501
579
339
-262
-645
-774
-791
-788
-623
-501
-835
-1247
-1705
-1415
-1107
-808
-853
-846
-720
-769
-726
-600
-207
-129
-129
127
127
402
454
576
591
465
264
138
219
224
139
-220
-220
-256
-302
-367
-407
-495
-673
-896
-972
-967
-923
-867
-880
-882
-854
-746
-487
-259
-133
-134
259
259
444
679
842
945
913
1068
1168
1340
1340
1399
1420
1417
1340
1388
1519
1593
1391
863
623
407
655
595
488
-409
-409
-706
-714
-664
-454
-541
-836
-1266
-1624
-1492
-1273
-961
-931
-887
-948
-1029
-953
-702
-322
-147
-167
-250
-214
242
242
359
569
533
430
299
290
355
297
150
-151
-151
-182
-223
-365
-553
-699
-764
-765
-850
-860
-902
-898
-881
-767
-507
-341
-276
-293
-181
316
316
528
726
788
799
939
1156
1332
1418
1424
1469
1419
1394
1447
1580
1581
1186
907
650
820
816
653
244
-301
-301
-405
-521
-433
-442
-684
-1020
-1416
-1404
-1239
-1043
-1042
-1050
-1003
-1021
-1003
-903
-636
-411
-385
-425
-420
-225
131
131
287
331
313
211
152
222
310
241
-146
-146
-171
-159
-157
-157
-352
-549
-658
-673
-659
-639
-706
-786
-848
-787
-572
-353
-201
-189
-165
215
215
434
580
659
720
846
1044
1177
1313
1342
1453
1443
1466
1463
1537
1435
1211
1025
903
935
825
695
401
209
-261
-261
-363
-256
-363
-599
-977
-1240
-1283
-1163
-1013
-945
-943
-1009
-1120
-1083
-899
-607
-455
-455
-540
-512
-315
232
232
268
234
152
205
224
257
129
-159
-159
-149
-236
-350
-371
-448
-522
-595
-663
-644
-636
-560
-486
-382
-321
-252
-156
209
209
368
457
534
650
801
940
1063
1148
1248
1304
1345
1384
1486
1407
1277
1037
1009
951
884
774
564
364
162
-158
-158
-351
-714
-977
-1101
-1074
-954
-866
-854
-994
-1083
-1134
-975
-757
-652
-642
-719
-727
-542
-367
-192
133
133
-155
-155
-173
-134
-127
-233
-233
-321
-338
-331
-312
-362
-434
-469
-456
-398
-291
-211
-160
246
246
313
344
407
536
634
791
859
999
1065
1152
1204
1312
1363
1323
1255
1123
1119
968
950
872
828
690
502
266
212
149
-200
-200
-527
-739
-908
-963
-912
-875
-929
-1132
-1238
-1247
-1024
-876
-817
-870
-958
-951
-791
-599
-380
-257
-247
-253
-238
-167
-167
-208
-201
-220
-235
-322
-403
-418
-375
-312
-262
-277
-238
-203
-132
153
153
184
230
337
459
607
702
783
858
943
1073
1211
1305
1406
1391
1283
1186
1057
994
1056
1040
983
802
540
362
346
283
169
-428
-428
-665
-831
-864
-813
-854
-971
-1144
-1238
-1197
-1032
-968
-958
-1039
-1106
-1028
-867
-693
-507
-446
-414
-377
-289
-174
-174
-141
-154
-154
-132
-172
-172
-317
-399
-412
-338
-229
-181
-196
-206
-216
141
141
211
199
201
263
373
504
630
730
784
841
903
1065
1188
1299
1327
1364
1276
1219
1085
998
1079
1042
983
812
611
454
449
338
221
-370
-370
-575
-744
-747
-736
-768
-911
-1067
-1176
-1134
-960
-878
-880
-977
-1083
-1043
-890
-716
-504
-449
-450
-440
-367
-179
-187
-187
-226
-135
-180
-180
-180
-148
-137
-197
-336
-442
-471
-418
-310
-277
-288
-299
-299
-219
149
149
158
156
230
350
500
624
728
777
826
876
1024
1179
1313
1395
1398
1327
1229
1161
1044
1092
1051
977
828
625
439
396
314
198
-299
-299
-533
-737
-816
-786
-805
-902
-1050
-1150
-1162
-1013
-921
-893
-933
-1040
-1032
-923
-778
-583
-485
-455
-430
-370
-229
-202
-202
-255
-206
-130
-130
-222
-204
-141
-248
-248
-394
-470
-451
-318
-213
-218
-267
-302
-243
193
193
229
218
218
337
497
692
812
846
880
897
1032
1189
1358
1407
1420
1311
1211
1128
1025
1096
1065
1009
784
587
406
390
323
169
-345
-345
-567
-754
-800
-768
-775
-930
-1095
-1172
-1146
-977
-898
-866
-921
-1027
-1053
-921
-748
-561
-485
-498
-470
-398
-236
-144
-144
-242
-221
-196
-196
-199
-185
-125
-183
-183
-322
-450
-473
-376
-249
-251
-273
-319
-286
-175
172
172
188
190
270
399
566
717
804
898
909
1027
1143
1323
1401
1472
1380
1260
1157
997
1084
1063
1029
836
627
403
351
287
158
-302
-302
-539
-766
-851
-812
-816
-927
-1090
-1198
-1228
-1059
-943
-871
-888
-991
-1013
-908
-746
-555
-449
-447
-417
-371
-244
-184
-184
-180
-187
-187
-215
-240
-158
-173
-173
-299
-433
-481
-412
-270
-238
-220
-301
-299
-205
165
165
178
184
234
348
538
679
786
837
898
980
1154
1287
1428
1457
1441
1311
1257
1147
1156
1182
1103
975
760
575
459
416
279
128
-143
-412
-599
-775
-774
-805
-846
-1032
-1157
-1240
-1130
-976
-925
-920
-992
-1031
-991
-861
-666
-500
-446
-458
-429
-340
-157
-152
-152
-188
-188
-229
-193
-147
-170
-246
-367
-405
-410
-317
-268
-245
-247
-265
-203
136
136
192
208
235
319
443
603
723
799
873
954
1073
1194
1343
1409
1462
1379
1271
1209
1097
1154
1104
1047
870
695
482
418
346
201
-312
-312
-518
-705
-780
-793
-845
-963
-1113
-1195
-1235
-1083
-1000
-949
-960
-1013
-1002
-924
-815
-643
-511
-468
-435
-410
-292
-157
-157
-217
-170
-134
-144
-230
-344
-426
-410
-316
-269
-203
-235
-243
-214
146
146
190
187
223
286
464
595
717
768
823
875
1001
1155
1317
1380
1387
1279
1171
1209
1106
1153
1133
1024
775
611
485
430
363
253
-305
-305
-474
-694
-765
-762
-808
-953
-1119
-1173
-1219
-1092
-1002
-954
-996
-1033
-1019
-958
-823
-643
-533
-506
-483
-458
-348
-162
129
129
-180
-180
-186
-136
-129
-129
-220
-383
-444
-398
-306
-178
-200
-225
-264
-212
141
141
156
169
173
288
445
582
668
681
704
786
923
1087
1225
1223
1200
1075
1070
1021
1044
1043
974
837
648
522
418
423
320
166
-352
-352
-498
-634
-649
-711
-762
-891
-1005
-1062
-1059
-932
-869
-831
-871
-934
-906
-828
-684
-542
-461
-450
-445
-417
-294
138
138
-129
-129
-174
-138
-138
-298
-343
-375
-279
-151
-123
-210
-210
-217
217
217
218
209
220
158
341
413
586
680
630
720
726
868
976
1065
1058
1043
1003
955
985
921
947
843
771
636
567
439
396
318
143
-221
-221
-350
-519
-592
-609
-673
-723
-842
-871
-943
-864
-809
-785
-744
-807
-785
-741
-681
-552
-478
-429
-379
-337
-297
-180
-124
-175
-175
-141
-141
-148
-152
-152
-175
-349
-320
-336
-307
-180
-154
-181
-203
-193
-160
159
159
130
160
182
238
346
451
568
560
613
618
633
735
794
855
854
850
848
779
822
755
726
668
591
540
425
365
262
147
-321
-321
-332
-439
-638
-654
-454
-671
-775
-443
-733
-888
-569
-605
-701
-606
-431
-624
-620
-312
-383
-398
-214
-233
-351
-200
-126
-126
-194
-228
-228
-277
-158
-143
-149
-149
-202
-212
-215
126
126
218
214
270
317
332
370
482
506
465
513
448
429
498
547
554
584
600
546
518
487
519
455
477
396
299
207
158
-163
-163
-264
-272
-295
-283
-357
-383
-405
-345
-361
-422
-400
-383
-325
-312
-311
-265
-271
-286
-327
-278
-229
-166
-210
-255
-237
-207
-164
-169
-178
-174
-221
-253
-276
-242
-199
-216
-253
-282
-237
-209
-184
-176
-183
-284
-158
-206
-396
-207
200
200
257
248
254
277
233
329
376
363
335
377
328
219
260
332
422
386
450
387
454
497
436
272
232
306
370
414
292
207
124
124
-219
-219
-366
-356
-194
-225
-225
-321
-328
-408
-397
-269
-298
-298
-441
-425
-284
-206
-190
-206
-196
-182
-265
-277
-158
-129
-129
-142
-128
-175
-175
-172
154
154
213
123
123
160
160
137
137
248
285
226
210
260
358
403
373
272
183
245
412
609
589
461
236
186
167
159
233
372
419
157
-186
-388
-241
-156
-156
-194
-352
-523
-512
-287
-172
-172
-430
-575
-494
-385
-376
-366
-284
-177
-262
-347
-336
-160
-137
-137
-187
-133
-142
-142
-565
-669
-462
-422
-461
-411
-229
-235
-352
-448
-172
144
144
314
314
362
312
216
346
585
814
870
906
986
1118
1182
925
666
410
644
1024
1346
886
386
207
400
335
-228
-383
379
379
-711
-711
-971
-591
-473
-896
-1061
-771
-400
-609
-1178
-980
-524
-399
-777
-881
-302
261
-407
-407
-315
137
384
136
426
426
641
446
157
260
551
434
247
247
-235
-235
-430
-430
-581
-319
-131
-347
-583
-553
-423
-483
-724
-797
-452
-303
-422
-584
-295
-199
-199
-274
-136
182
182
257
257
279
389
423
642
643
665
708
880
1020
821
552
413
815
1309
1317
576
270
270
1078
1104
424
260
260
625
263
-299
-359
-471
-471
-665
-440
-346
-763
-1036
-560
-169
-455
-1157
-1246
-592
-374
-374
-831
-781
-420
-274
-463
-451
-230
-166
-330
-403
-228
-212
-212
-303
-144
-423
-423
-428
155
155
-371
-371
-349
-157
-157
-225
-191
-142
-142
175
175
212
258
242
257
348
429
542
557
533
622
835
938
974
787
501
479
818
1252
1198
533
274
274
965
1068
437
520
520
284
-293
-430
-352
-352
-713
-569
-318
-463
-798
-671
-356
-422
-873
-991
-525
-346
-346
-792
-733
-318
-349
-349
-498
-250
-136
-136
-340
-235
-234
-234
-277
-333
-333
-445
-131
134
-505
-505
-539
-190
-255
-255
-430
-345
-205
-202
-272
-187
174
174
235
328
404
490
454
524
617
752
851
859
914
945
1054
893
486
545
1043
1419
999
128
769
769
1224
681
-171
-315
268
293
-230
-515
-268
-314
-314
-801
-680
-401
-450
-883
-931
-474
-332
-764
-1100
-763
-160
-128
-677
-875
-532
-167
-249
-491
-304
-177
-177
-389
-361
-341
-341
-446
-136
-147
-147
-475
-338
-410
-410
-564
-273
-139
-139
-374
-297
-141
-169
-169
138
138
267
279
295
373
381
388
465
563
742
779
841
865
872
1022
978
673
475
738
1162
1145
496
485
485
1090
915
-450
-450
354
354
-479
-479
-465
-617
-617
-826
-564
-370
-686
-1020
-771
-396
-471
-811
-801
-347
-164
-550
-914
-652
-191
-317
-317
-385
-143
-267
-267
-413
-189
-141
-141
-387
-338
-217
-217
-312
-184
-162
-392
-528
-330
-314
-314
-386
-251
-146
-212
-232
-161
150
150
263
265
240
290
365
437
512
645
711
751
844
914
992
1089
1067
854
549
598
980
1194
843
230
286
869
998
253
-505
-380
270
205
-459
-711
-351
-448
-448
-1036
-958
-640
-609
-945
-970
-583
-467
-754
-945
-690
-351
-477
-845
-762
-340
-232
-232
-366
-349
-349
-231
-233
-233
-243
229
229
-355
-355
-181
-324
-324
-297
-248
-248
-403
-260
-192
-192
-284
-214
-132
177
177
150
148
228
311
380
416
517
623
732
805
883
975
1046
1149
1030
721
495
771
1196
1137
545
125
631
1159
696
-206
-590
471
471
-157
-718
-598
-859
-859
-1066
-712
-458
-742
-1085
-825
-459
-576
-865
-845
-489
-387
-785
-868
-487
-124
-124
-413
-251
-286
-286
-314
216
216
-184
-184
217
217
136
-129
-143
-167
-167
-212
-125
-125
-269
-268
-155
-231
-231
-288
-227
192
192
288
325
370
438
530
600
646
744
804
862
951
1095
1084
705
388
651
1108
1140
568
456
456
1058
816
-567
-567
350
350
-631
-631
-606
-703
-703
-1076
-819
-507
-610
-1017
-931
-578
-567
-767
-840
-594
-401
-665
-846
-611
-233
-239
-239
-223
-169
-169
-249
231
231
209
209
229
-160
-160
-169
-169
-278
-278
-318
-267
-195
-283
-310
-240
-171
180
180
281
254
301
389
496
595
601
658
724
797
927
1056
1045
705
397
597
1034
1068
529
412
412
1044
800
-530
-530
418
418
-629
-629
-613
-611
-611
-1050
-834
-516
-576
-988
-930
-518
-428
-657
-825
-665
-435
-605
-797
-573
-210
-264
-264
-308
-229
-229
125
125
180
-189
-189
-165
-184
-184
-164
-146
-146
-221
-299
-315
-233
-249
-246
-226
-190
158
158
210
191
244
399
474
486
472
571
682
746
800
886
944
739
399
392
729
932
639
141
217
816
897
221
-422
-307
330
187
-449
-619
-213
187
-299
-909
-814
-435
-327
-769
-945
-543
-292
-443
-715
-660
-380
-413
-667
-588
-249
-230
-230
-213
-213
141
141
208
-208
-208
-175
-159
-159
-154
-217
-217
-280
-283
-232
-215
-238
-237
-213
143
143
224
224
359
440
422
379
489
648
762
699
707
895
1065
838
399
376
753
1004
639
126
272
925
980
189
-411
-266
335
217
-456
-611
-235
198
-270
-938
-865
-477
-365
-799
-966
-600
-307
-442
-706
-654
-401
-399
-636
-579
-244
-251
-251
-186
-186
-149
127
127
198
198
-165
-165
-169
-126
-126
-153
-189
-189
-267
-302
-259
-285
-279
-273
-259
-163
-123
-123
168
168
216
241
245
376
512
530
503
564
717
889
971
712
424
380
669
882
616
228
191
744
941
347
-262
-300
293
330
-300
-546
-276
239
-743
-743
-793
-414
-212
-612
-945
-625
-218
-290
-598
-665
-400
-304
-621
-664
-356
-127
-127
-337
-168
-295
-295
-293
-155
-155
-315
190
190
-294
-294
-354
-129
-197
-197
-355
-229
-277
-277
-368
-283
-203
-217
-280
-264
-171
143
143
193
185
188
226
383
412
476
500
516
537
646
785
813
798
525
403
467
737
742
378
291
291
830
670
-415
-415
-157
378
-504
-504
-497
207
207
-387
-806
-628
-328
-323
-753
-792
-417
-252
-385
-535
-433
-285
-429
-573
-393
-158
-230
-230
-158
-248
-248
-322
-297
-297
-165
-224
-224
-362
-255
-151
-253
-369
-281
-145
-151
-300
-354
-293
-216
-243
-324
-288
-187
204
204
255
247
262
307
465
550
538
467
598
699
773
730
783
857
628
458
456
788
861
429
297
297
884
715
-382
-382
500
500
-466
-466
-473
258
258
-444
-819
-581
-213
-301
-802
-811
-417
-230
-388
-574
-491
-316
-438
-556
-411
-201
-124
-236
-161
-218
-218
-248
-152
-152
-307
233
233
145
-218
-334
-171
-158
-158
-333
-217
-204
-204
-325
-234
-178
-213
-246
-290
-189
166
166
196
216
176
300
433
405
385
440
564
627
597
601
725
849
747
446
354
609
859
687
214
573
573
928
464
-208
-329
232
389
-233
-548
-303
212
-706
-706
-744
-401
-201
-561
-945
-627
-300
-333
-585
-645
-350
-315
-565
-585
-367
-164
-257
-341
-150
-172
-172
-314
-224
-278
-278
-259
-262
-262
-236
-245
-245
-303
-202
-174
-174
-232
-170
-141
-143
-218
-235
180
180
259
189
186
277
427
445
439
484
633
699
614
668
762
967
1104
785
412
443
856
895
530
413
504
666
308
-284
-284
-508
-508
-661
-438
-123
-123
-934
-1033
-831
-618
-745
-948
-470
-129
-272
-568
-596
-239
-262
-262
-332
210
210
254
-293
-293
-234
-339
-339
-264
-254
-445
-616
-567
-437
-445
-503
-456
-343
-384
-467
-575
-527
-309
-207
185
185
195
355
518
491
516
448
516
630
608
776
959
1010
1040
1094
1230
1387
1450
1109
424
671
671
1044
705
-186
-186
-387
-830
-1089
-861
-305
-553
-1134
-1146
-709
-395
-1117
-1735
-1365
-691
-186
-225
231
231
-505
-505
-505
166
1049
1080
689
648
800
847
551
377
489
529
412
211
-532
-532
-1089
-1270
-1094
-933
-978
-1215
-1374
-1350
-1336
-1325
-1200
-996
-729
-506
-328
-206
-197
-140
178
178
483
775
908
845
680
690
875
993
943
821
766
806
787
749
740
721
823
915
930
1054
1100
1343
847
-234
-959
-654
622
1326
657
-422
-823
-926
-1128
-1126
-664
-344
-344
-1025
-1002
-420
-1001
-1001
-1509
-750
217
764
453
249
302
-169
-480
980
980
1753
1219
432
295
397
431
202
185
482
436
-388
-388
-663
-962
-1401
-1528
-1155
-762
-886
-1377
-1719
-1711
-1373
-1054
-695
-455
-442
-345
-223
198
198
569
881
922
736
482
351
395
691
1001
1016
720
371
184
268
329
515
711
851
841
798
864
1105
1302
502
-439
-865
1223
1223
1554
524
-624
-1040
-992
-790
-580
-593
-593
-1124
-1020
-335
-201
-1072
-1178
-489
373
695
185
-381
-381
-150
474
1327
1537
663
333
333
536
405
398
499
182
-264
-761
-1016
-1108
-1241
-1111
-815
-876
-1296
-1746
-1900
-1456
-904
-518
-321
-465
-458
-327
226
226
225
347
647
856
953
743
492
386
409
733
1111
1162
805
274
183
183
357
521
697
894
866
706
581
796
1170
386
-511
-934
1177
1177
1256
-817
-817
-1151
-1083
-846
-579
148
-810
-810
-1219
-958
-154
-251
-887
-731
-162
411
563
202
292
-223
-223
210
812
1472
1261
450
185
155
327
432
398
431
348
-432
-432
-817
-1139
-1260
-1321
-1048
-904
-1107
-1482
-1756
-1762
-1399
-913
-483
-250
-425
-422
-214
154
403
377
462
710
850
838
760
576
501
386
600
1031
1074
698
131
236
236
407
501
631
803
806
677
550
1094
744
-262
-1030
-738
795
1537
691
-540
-1079
-1182
-864
-785
273
273
-475
-1020
-1157
-335
-707
-707
-814
-263
385
690
206
140
146
-235
513
513
1324
1530
576
279
279
459
351
400
463
-389
-389
-749
-1069
-1064
-1322
-1121
-834
-849
-1188
-1709
-1841
-1482
-906
-504
-237
-341
-336
-257
410
410
497
614
709
827
885
863
734
608
523
638
1003
1053
881
400
213
262
442
636
770
879
770
742
695
1153
390
-539
-1109
-423
1048
1363
295
-693
-1166
-1219
-911
-675
263
174
-693
-1233
-1047
-695
-695
-620
530
530
533
173
260
-211
-211
580
580
1348
1163
353
172
172
215
325
423
345
-239
-737
-1089
-1069
-973
-1099
-921
-972
-1065
-1410
-1703
-1594
-1140
-654
-340
-293
-402
-397
-280
408
408
605
719
737
792
732
706
647
625
650
803
937
930
701
393
275
303
560
750
892
874
803
711
1040
524
-307
-832
-520
762
1261
403
-412
-1026
-1172
-1051
-867
180
180
-494
-1074
-1204
-506
-456
-698
-380
389
389
229
167
167
219
135
309
577
1050
985
548
327
181
238
290
345
429
423
-475
-475
-1022
-1166
-973
-800
-670
-1054
-1487
-1656
-1646
-1402
-1093
-869
-567
-567
-640
-454
-205
189
289
394
702
817
851
724
688
830
884
901
1037
997
936
683
548
611
658
673
763
778
959
796
899
769
-164
-739
-809
1118
1118
683
-279
-814
-1254
-1062
-1163
-575
-277
-277
-680
-1045
-806
-557
-880
-645
394
394
462
162
162
267
267
580
955
1078
595
381
344
286
222
170
342
613
372
-172
-804
-1277
-1076
-888
-525
-586
-1152
-1536
-1826
-1681
-1211
-920
-582
-559
-780
-685
-569
151
151
171
505
643
764
673
509
706
836
948
1065
1038
997
850
661
701
746
781
895
904
1143
1041
1151
382
-569
-967
-554
629
1162
445
-434
-1093
-1363
-1205
-964
-182
-597
-597
-1014
-1088
-671
-718
-824
-433
357
357
263
329
329
609
984
936
613
520
284
187
431
431
619
253
-401
-1195
-1329
-995
-695
-402
-737
-1105
-1548
-1828
-1484
-991
-643
-538
-745
-628
-473
-386
-149
433
433
706
776
831
697
668
732
892
1219
1288
1219
1083
918
918
798
788
940
996
1199
1079
1173
596
-572
-1079
-822
385
1081
353
-536
-1196
-1511
-1338
-1218
-440
-195
-623
-922
-1120
-870
-952
-1105
-530
476
476
443
542
542
830
1040
820
540
570
424
310
151
257
257
346
154
-352
-1145
-1464
-1253
-834
-446
-717
-1115
-1551
-1743
-1536
-1189
-821
-552
-600
-549
-533
-452
-243
-124
279
667
918
1003
797
732
811
957
1252
1352
1346
1322
1168
1191
1149
1107
1088
1182
1362
1643
1062
-962
-962
-934
727
727
461
-175
-857
-1415
-1663
-1572
-813
-541
-733
-941
-956
-811
-1154
-1415
-891
-135
435
420
159
143
481
481
955
1234
971
716
713
615
363
257
257
392
156
-432
-1089
-1507
-1491
-1020
-606
-687
-1153
-1648
-1785
-1563
-1209
-804
-590
-570
-597
-523
-295
285
285
647
947
1081
1011
912
852
969
1264
1489
1574
1379
1248
1080
1150
1172
1277
1281
1423
1202
315
-507
-876
-318
349
378
-620
-620
-1263
-1647
-1757
-1134
-649
-750
-960
-1072
-943
-1152
-1365
-1051
-433
249
249
201
319
198
296
296
670
1076
1030
953
894
719
515
164
-334
-334
-789
-1244
-1458
-1360
-1201
-1064
-1098
-1331
-1478
-1593
-1370
-1108
-873
-748
-603
-393
-204
262
262
550
899
1054
1122
1045
1002
1129
1298
1423
1487
1442
1350
1385
1367
1519
1455
1545
1178
364
-223
-426
477
477
228
-222
-660
-1002
-1174
-1380
-1049
-921
-954
-933
-926
-853
-1209
-1423
-1150
-652
-187
-124
-124
291
291
648
836
750
823
925
909
697
369
169
189
189
290
-434
-434
-943
-1148
-1010
-858
-885
-1061
-1273
-1369
-1387
-1218
-1016
-914
-887
-735
-508
-224
193
193
482
830
1018
1031
976
1056
1230
1403
1507
1525
1477
1436
1469
1590
1701
1679
1132
345
-179
-148
307
534
231
-279
-720
-996
-1148
-1155
-918
-852
-847
-823
-717
-767
-1124
-1285
-1027
-458
171
171
-312
-312
-202
156
548
689
580
506
510
512
368
154
154
256
-548
-548
-1012
-1150
-969
-749
-642
-794
-1066
-1276
-1322
-1145
-1033
-887
-745
-485
-299
-220
-238
-181
467
467
887
1139
1151
1017
957
1090
1351
1544
1694
1684
1698
1708
1806
1773
1270
466
604
604
742
322
-276
-832
-1085
-1235
-1085
-905
-973
-1094
-1018
-814
-804
-1147
-1281
-1003
-510
388
388
613
534
422
499
617
560
259
-126
-294
-185
-172
-172
-650
-1025
-1049
-869
-709
-717
-900
-1015
-1049
-909
-825
-844
-834
-729
-434
-162
337
337
679
986
959
890
950
1150
1380
1358
1344
1450
1668
1977
1903
1399
616
171
171
623
933
761
209
-354
-805
-1016
-983
-969
-942
-925
-738
-641
-818
-1233
-1518
-1373
-864
-283
-294
-294
-264
231
231
501
651
684
619
436
233
144
144
165
-486
-486
-759
-943
-900
-755
-634
-669
-879
-933
-942
-908
-887
-798
-519
-267
169
169
182
193
336
617
861
1054
1069
1017
938
927
1082
1235
1394
1554
1401
1010
403
193
193
419
578
508
279
-545
-545
-705
-726
-704
-686
-644
-406
-439
-604
-883
-956
-903
-688
-335
-130
-130
-291
-283
-172
144
144
299
249
216
124
-162
-162
-152
-282
-282
-474
-608
-540
-552
-496
-569
-571
-540
-524
-447
-405
-356
-276
-160
281
281
380
385
424
603
774
882
920
933
1002
1017
1168
1284
1354
1157
785
446
243
304
370
349
183
-328
-328
-446
-556
-575
-709
-673
-622
-430
-406
-506
-609
-637
-532
-424
-229
136
136
140
-185
-185
-238
-240
-221
-297
-378
-491
-548
-618
-595
-594
-627
-664
-663
-584
-510
-410
-309
-165
201
201
329
456
608
713
787
779
806
865
937
1033
1132
1086
1011
806
653
566
507
419
273
173
-159
-159
-329
-497
-621
-752
-726
-660
-553
-559
-655
-697
-717
-676
-552
-327
-158
153
153
306
438
509
460
343
204
-132
-132
-202
-310
-406
-517
-646
-779
-796
-753
-633
-588
-638
-664
-650
-503
-378
-184
224
224
276
407
603
739
797
931
991
1066
1162
1210
1193
1152
1043
843
819
711
533
380
265
140
-335
-335
-575
-659
-688
-648
-637
-695
-729
-836
-841
-816
-700
-599
-549
-467
-334
-206
-142
-138
129
129
330
433
497
409
367
321
338
366
329
310
224
-318
-318
-352
-348
-375
-335
-422
-568
-648
-658
-650
-424
-313
-271
-261
-207
-243
255
255
226
515
579
605
604
760
680
793
816
820
790
728
640
504
533
410
315
281
192
-234
-234
-337
-359
-455
-434
-531
-650
-797
-857
-830
-822
-687
-680
-642
-622
-574
-471
-330
-242
-165
158
158
174
189
216
198
299
329
266
200
179
133
133
137
-142
-142
-199
-199
-139
-139
-231
-231
-223
-171
-180
-148
144
144
232
402
392
426
445
412
401
398
460
445
540
546
446
337
266
202
182
148
156
-146
-146
-220
-253
-332
-375
-483
-464
-467
-463
-461
-459
-475
-465
-434
-342
-314
-290
-242
-199
-236
-123
133
133
133
133
182
182
189
261
132
132
176
199
199
158
158
179
179
-151
-252
-252
-152
-152
142
142
186
140
140
127
318
318
236
406
308
254
255
272
325
270
358
154
170
148
-133
-133
-143
-270
-287
-302
-404
-367
-360
-368
-447
-390
-446
-435
-284
-350
-140
-313
-192
-353
-158
-158
280
280
-164
364
291
291
606
606
266
266
174
174
141
141
-179
137
-267
-192
-192
-141
-130
-148
-148
-235
-235
206
-148
284
139
139
126
126
193
354
354
194
489
327
327
274
274
133
203
318
123
123
-199
-199
-264
-264
-130
-196
-311
-199
-207
-232
-336
-286
-286
-215
-156
-163
-165
-165
151
151
275
275
151
151
231
231
134
134
171
171
-251
214
-219
-138
-138
-198
-198
-189
-189
-300
156
-441
164
-179
-165
-185
-185
-160
-160
309
144
144
147
147
242
242
238
238
-159
299
-180
199
-208
-208
-305
-305
130
-314
-310
-310
-160
-160
-191
-128
-128
205
205
-250
158
235
235
188
188
254
254
-199
204
159
159
-128
252
-360
190
-421
315
-358
406
-406
160
-171
-183
-336
-336
133
-321
162
-387
294
-456
304
-333
157
-142
-142
344
186
186
229
129
129
288
375
375
173
173
-126
-126
-231
-231
-148
-148
237
237
-210
184
184
184
253
253
170
170
239
239
220
220
-144
-216
-216
-215
-215
-177
-177
-128
-235
-235
-241
-364
-364
-155
-155
-174
-174
223
223
263
263
-137
223
238
238
-171
291
176
176
155
155
263
263
-197
258
141
141
-266
-124
-124
185
185
-180
227
-210
197
216
216
130
130
-125
208
-279
231
-148
-165
-165
-169
-169
-248
-248
-248
-248
-315
-315
-325
-325
-212
-212
-181
-181
-202
-202
177
177
149
149
219
326
326
-225
313
167
167
139
139
-218
206
-261
130
-244
-244
168
-171
-171
280
-397
330
-268
166
285
285
-331
172
156
156
142
142
293
293
233
233
225
225
183
183
142
142
-220
-240
-240
-330
-330
-147
-147
-186
-325
-325
-220
-220
-217
-141
-141
244
244
-151
252
-148
-332
-332
164
-297
-157
-157
140
140
191
191
329
329
252
252
160
160
-173
-173
227
-319
232
-191
-146
-146
-189
-189
-223
-223
-239
-239
-317
-317
-302
-302
-126
-126
-223
-223
286
-264
-199
-199
-186
-186
-201
-201
246
-311
145
-167
-167
-174
-174
-140
-140
175
260
260
-247
404
-147
276
170
308
308
140
140
206
132
132
163
248
248
161
161
-190
-235
-235
133
-338
141
-338
-199
-199
-156
-363
-363
-289
-289
-187
-187
165
-202
197
-132
-132
-135
-135
137
-142
-250
-250
128
-253
-319
-319
186
-383
-193
-193
-130
-295
-295
136
-231
-162
-162
232
-196
317
-227
259
125
125
396
396
-133
185
173
194
194
251
251
280
280
305
305
-392
369
-386
194
-277
127
-308
-341
-341
-137
-137
-417
174
-556
130
-344
-174
-174
-233
-233
268
-134
238
238
-137
247
-135
-135
-144
-144
-158
-158
-158
-158
-290
-290
-242
-242
-273
-273
155
220
220
-203
151
285
285
170
170
177
285
285
286
286
173
173
264
264
141
141
-146
-146
-248
-248
144
-367
-137
-137
-255
-287
-287
-217
-217
-201
-201
-196
-196
-237
-237
185
185
184
184
138
138
-189
-189
-320
-320
-323
-323
-192
-192
-179
-179
-195
-195
184
-135
273
354
354
-184
351
307
307
148
148
133
156
156
-349
-349
-290
-290
-150
-360
-360
-316
-316
-140
-150
-240
-172
-172
-191
-191
-204
-204
168
168
206
206
184
184
-250
163
-160
-160
-134
-134
-206
-206
-209
-209
174
-187
178
133
133
150
150
184
184
156
156
-153
-153
-292
-292
-219
-219
-144
-133
-278
-382
-382
-198
-198
-172
166
166
239
239
-127
-127
166
-141
146
139
139
-196
155
171
171
-269
-209
-209
130
180
180
-180
-191
-191
185
-339
147
-149
-131
-131
-266
-266
144
-229
176
176
-228
361
-371
517
-369
544
-340
349
250
250
-149
333
-225
392
-293
246
-212
155
-219
137
-228
-177
-177
-210
-210
-128
-128
-198
-198
132
156
156
-178
214
163
163
-320
214
-227
-126
-126
-138
-138
-173
-173
134
134
242
242
-223
141
141
-203
359
-280
255
158
158
-132
-132
-166
-166
158
-126
-126
350
-455
416
-178
-159
255
-287
138
-133
-183
-183
198
-353
273
-217
-186
-186
-161
-161
160
-332
293
-222
-139
-139
-154
-154
128
-186
-134
-134
136
-154
155
-245
-133
-133
-186
-186
-227
-227
-217
-217
-160
-160
193
193
-179
-179
260
-192
151
140
140
-178
222
-205
187
-130
192
192
-334
263
-260
-374
-374
168
-332
-130
-130
-201
-201
209
-167
199
199
179
179
-267
170
-180
-180
-214
-214
-158
-158
166
166
-166
277
-136
-215
-215
-274
-274
213
-201
-168
-168
-186
-186
-133
-133
-126
-126
147
-180
190
190
214
214
-266
268
-128
187
187
-325
277
-306
146
-124
-159
-159
141
141
-356
274
-342
157
157
150
150
-163
-138
-138
-268
-268
-211
-211
127
-270
-210
-210
-150
-150
-160
-160
157
-237
172
199
199
-143
-143
177
197
197
153
153
-205
318
-229
139
-188
-188
184
192
192
-297
231
-186
-143
-143
-150
-150
-205
-205
196
-225
-137
-137
-188
-188
-176
-176
-123
-123
124
124
128
128
154
154
182
182
-211
214
149
149
-196
210
-152
-193
-193
259
-266
175
126
126
-176
-142
-142
137
-259
130
-132
-132
-135
-135
-133
-133
-150
-150
187
187
-162
304
-134
128
224
283
283
191
191
126
208
208
272
272
135
135
176
197
197
-138
-138
-138
-138
-181
-181
-148
-148
-187
-187
-172
-172
-126
-126
148
148
-191
-191
-153
-153
-167
-167
-158
-158
-198
-198
-153
-153
129
129
168
168
365
365
310
310
172
172
152
152
-253
-253
-157
-157
-146
-146
-142
-142
-176
-176
-124
-124
-194
-194
133
133
201
201
123
123
133
133
-126
-274
-274
144
-171
-160
-160
-282
-282
194
-266
133
-125
137
137
209
209
-268
195
-252
-252
-164
-164
-236
-236
-173
-173
138
-187
150
150
-140
-140
-217
-217
-163
-163
-194
-194
-178
-178
171
-249
211
142
142
174
174
190
190
-144
194
-148
-148
-181
-181
-208
-208
-248
-248
-127
-127
-174
-174
-130
-130
159
159
-161
203
-174
140
-210
-210
-128
-128
-147
-147
160
160
163
163
169
169
127
127
212
212
142
142
-259
-259
158
-226
-164
-164
127
-139
-139
151
151
-144
-151
-151
-135
-135
-132
-132
-177
-177
-144
-144
-132
-132
124
124
160
160
206
206
-168
-168
145
-196
-125
-125
-159
-159
-174
-174
-142
-142
-134
-134
140
140
-154
-154
-168
-168
-218
-218
-157
-157
-158
-158
-143
-143
-172
-172
-146
-146
-130
-130
-160
-160
123
123
162
162
-138
161
-139
-139
-209
-209
-138
-138
159
159
157
157
-180
-180
-206
-206
-144
-144
-139
-139
-158
-158
-132
-132
149
149
171
171
-139
-139
135
-139
-130
-130
-214
-214
-147
-147
172
172
-145
-145
-151
-151
-145
-145
-147
-147
-129
-129
154
154
125
125
-125
127
127
159
159
-131
-131
-148
-148
-128
-128
-136
-136
170
-173
-123
-123
134
134
-188
-188
-183
-183
-136
-136
-143
-143
-128
-128
-137
-137
-130
-130
-156
-156
-127
-127
-145
-145
-135
-135
-126
-126
-139
-139
-131
-131
-139
-139
-131
-131
-156
-156
-139
-139
-135
-135
-127
-127
-123
-123
-151
-151
131
131
123
123
