-170
-170
-176
-183
-175
-170
-170
-170
-170
-176
-176
-181
174
174
192
208
230
174
-195
-195
-233
-236
-195
182
182
210
218
229
232
249
266
282
291
302
286
197
-198
-198
-215
-200
-202
-216
-227
-230
-250
-295
-310
-297
-240
-201
-191
-205
-211
-189
219
219
256
273
283
317
366
414
461
494
356
173
173
-183
-183
-236
-286
-252
-195
-226
-286
-304
-267
-338
-434
-459
-337
-199
-215
-215
-280
-275
-244
-186
-224
-224
-250
-239
-247
-249
-228
-204
-179
211
211
254
265
266
276
339
364
400
429
475
500
509
533
349
277
277
229
-262
-262
-297
-315
-363
-262
-203
-203
-342
-378
-284
-330
-468
-473
-295
-187
-187
-274
-279
-174
174
174
209
209
-180
-180
-193
-301
-301
-400
-411
-353
-295
-321
-306
-272
-189
239
239
323
347
328
320
389
511
619
634
632
638
671
725
694
681
351
207
207
369
-233
-233
-393
-318
-328
-384
-330
-250
-395
-494
-480
-310
-387
-532
-476
-228
-170
-170
-196
253
253
191
-232
-232
-330
-360
-329
-324
-386
-525
-569
-566
-538
-536
-551
-503
-485
-410
-299
-176
221
221
350
416
416
476
581
700
796
823
878
846
918
905
973
894
807
529
343
343
-468
-468
-446
-501
-551
-559
-435
-474
-591
-629
-550
-515
-612
-545
-300
-179
-179
173
173
266
240
190
-296
-296
-504
-542
-448
-393
-436
-558
-644
-659
-675
-671
-641
-579
-462
-287
190
190
478
593
691
736
789
876
929
1040
1112
1160
1216
1178
1219
1061
955
598
171
385
385
230
-253
-809
-845
-748
-762
-770
-578
-615
-825
-1024
-856
-610
-666
-660
-458
-195
-195
-282
325
325
495
467
259
174
293
495
431
313
-228
-228
-426
-520
-504
-479
-455
-575
-776
-999
-1031
-892
-697
-615
-613
-649
-633
-521
-332
276
276
423
598
629
713
817
995
1160
1212
1239
1166
1155
1179
1230
1297
1277
1126
881
234
-299
-299
181
287
-647
-647
-953
-882
-968
-1021
-798
-584
-673
-873
-924
-632
-659
-674
-518
262
262
201
201
389
613
721
526
389
297
450
410
340
253
-270
-270
-481
-695
-708
-622
-562
-626
-835
-1124
-1209
-1171
-963
-806
-704
-644
-698
-653
-548
-298
302
302
488
625
694
753
896
1047
1221
1347
1374
1367
1330
1310
1332
1312
1380
1358
1292
923
-359
-359
-399
261
276
-245
-920
-1135
-1070
-1121
-1081
-748
-602
-818
-1087
-1003
-621
-650
-703
-535
287
287
252
252
504
740
765
479
298
294
484
479
380
177
-250
-250
-532
-776
-909
-828
-763
-781
-1013
-1311
-1453
-1402
-1106
-858
-682
-724
-817
-804
-586
-300
279
279
493
667
789
809
921
1065
1290
1433
1485
1418
1357
1318
1366
1428
1431
1470
1421
1367
619
-192
-605
502
502
192
-574
-1158
-1176
-1157
-1230
-983
-548
-594
-947
-1243
-905
-643
-714
-698
-328
249
315
178
178
369
613
816
675
364
202
285
458
382
342
222
-473
-473
-770
-991
-877
-716
-682
-850
-1255
-1506
-1527
-1272
-927
-683
-608
-697
-843
-815
-607
-258
204
204
426
598
715
767
847
1049
1231
1446
1513
1516
1467
1393
1417
1441
1555
1596
1645
1556
1424
531
-251
-703
554
554
262
-600
-1333
-1359
-1311
-1256
-971
-548
-637
-1090
-1494
-1144
-795
-709
-688
-337
215
258
-194
-194
187
187
451
744
1000
832
424
348
348
638
680
562
410
284
-220
-220
-466
-777
-1000
-952
-922
-838
-1219
-1594
-1827
-1653
-1266
-877
-722
-814
-1081
-1110
-777
-339
179
179
481
692
845
966
1071
1258
1405
1541
1482
1387
1326
1507
1692
1864
1726
1662
1549
1635
1109
262
-355
-179
618
558
-191
-1086
-1271
-1171
-1123
-1009
-524
-507
-979
-1653
-1551
-881
-610
-604
-597
-209
-209
207
207
359
460
643
741
519
230
201
515
701
655
471
334
271
-201
-201
-469
-634
-791
-1006
-1036
-1164
-1253
-1436
-1586
-1495
-1231
-926
-842
-1018
-1039
-912
-582
-326
-188
196
196
457
766
985
1065
1133
1264
1416
1531
1495
1504
1578
1727
1825
1831
1785
1790
1735
1663
832
-380
-380
184
732
472
-461
-1336
-1399
-1213
-1113
-927
-732
-951
-1471
-2008
-1562
-1015
-719
-811
-728
-274
-183
-183
-289
209
209
316
414
685
774
603
351
477
771
872
772
599
478
330
-296
-296
-445
-797
-1129
-1166
-1253
-1299
-1583
-1685
-1630
-1377
-1157
-1064
-1168
-1191
-1053
-696
-379
-276
-246
-243
408
408
835
1088
1124
1155
1215
1467
1630
1773
1667
1709
1739
1979
1962
1937
1821
1895
1772
902
199
-202
553
825
316
-700
-1235
-1170
-1115
-1243
-938
-760
-1078
-1813
-2222
-1523
-998
-881
-1168
-920
-394
-258
-418
-400
232
232
241
337
715
863
701
446
647
945
1017
855
661
614
495
214
-348
-348
-460
-669
-893
-1078
-1376
-1443
-1603
-1704
-1686
-1496
-1228
-1260
-1436
-1387
-1164
-788
-555
-524
-425
-299
342
342
730
1049
1190
1290
1346
1593
1771
1872
1883
1954
2052
2189
2094
2125
2035
2223
1925
1076
325
770
770
907
303
-775
-1276
-1177
-1138
-1305
-1096
-1092
-1360
-2143
-2435
-1805
-1298
-1139
-1391
-1135
-735
-626
-704
-542
203
203
183
256
610
851
802
640
862
1084
1095
897
694
717
555
333
-326
-326
-648
-907
-1125
-1172
-1361
-1632
-1846
-1859
-1644
-1431
-1418
-1442
-1499
-1298
-1062
-783
-547
-412
-269
276
276
712
1055
1259
1344
1487
1716
1942
2077
2105
2118
2203
2289
2303
2330
2266
2342
1673
975
312
512
1037
813
-984
-984
-1225
-1187
-1301
-1321
-1082
-1217
-1752
-2595
-2479
-1833
-1366
-1406
-1531
-1176
-925
-876
-859
-407
244
244
172
337
709
901
816
839
1093
1227
1135
900
806
784
575
310
-361
-361
-702
-968
-1048
-1170
-1413
-1706
-1872
-1817
-1632
-1490
-1474
-1533
-1524
-1361
-1086
-730
-559
-465
-359
383
383
796
1129
1311
1467
1615
1875
2075
2202
2234
2229
2298
2249
2277
2251
2373
2005
1318
662
513
946
909
331
-590
-1016
-1142
-1253
-1367
-1122
-1134
-1530
-2360
-2673
-2186
-1698
-1514
-1639
-1435
-1240
-1204
-1206
-822
-211
318
318
643
747
806
1054
1189
1118
896
824
884
786
501
230
-229
-229
-486
-619
-767
-945
-1263
-1534
-1665
-1725
-1631
-1553
-1496
-1532
-1546
-1393
-1160
-840
-634
-484
-351
194
194
562
933
1210
1412
1589
1786
2036
2230
2319
2360
2330
2331
2282
2337
2258
1797
1293
861
1036
1075
764
-473
-473
-698
-878
-1166
-1119
-1083
-1242
-1824
-2393
-2257
-1934
-1659
-1688
-1589
-1420
-1411
-1411
-1183
-645
-249
-236
-290
240
240
481
579
842
1034
1018
803
710
820
917
706
472
194
-178
-178
-393
-465
-548
-704
-1015
-1263
-1352
-1345
-1347
-1387
-1428
-1337
-1226
-1090
-920
-764
-519
-380
-175
352
352
639
868
1069
1281
1588
1836
2053
2149
2245
2220
2224
2186
2242
1953
1620
1224
1187
1205
988
605
-288
-288
-609
-798
-794
-987
-1341
-1850
-1933
-1787
-1708
-1729
-1687
-1499
-1492
-1577
-1546
-1201
-872
-750
-717
-571
-342
356
356
613
703
672
617
650
741
687
595
380
233
-301
-301
-436
-623
-750
-826
-924
-973
-1019
-1155
-1238
-1227
-1038
-780
-661
-582
-540
-400
-242
287
287
518
729
792
984
1266
1588
1864
1997
2087
2135
2142
1997
1789
1575
1536
1494
1369
1112
806
575
329
-325
-325
-679
-1124
-1396
-1487
-1495
-1487
-1366
-1273
-1308
-1496
-1592
-1427
-1147
-1031
-1004
-975
-850
-698
-580
-317
189
189
198
179
301
427
471
385
307
263
182
-199
-199
-439
-574
-539
-493
-519
-657
-858
-1022
-998
-877
-620
-509
-437
-455
-431
-296
345
345
507
645
791
969
1193
1405
1633
1790
1973
1863
1738
1515
1513
1497
1412
1230
1070
914
707
400
217
196
-201
-201
-605
-824
-1054
-1198
-1256
-1209
-1106
-1207
-1313
-1381
-1293
-1214
-1194
-1152
-1105
-1060
-977
-859
-636
-431
-333
-245
187
187
239
251
179
210
210
239
211
-194
-194
-353
-459
-552
-519
-506
-512
-475
-412
-370
-356
-293
-170
347
347
573
807
1009
1207
1319
1430
1480
1628
1631
1605
1391
1221
1164
1225
1415
1291
1141
804
657
347
282
-233
-233
-462
-606
-727
-842
-873
-1021
-1131
-1286
-1241
-1151
-1064
-1068
-1171
-1318
-1323
-1210
-987
-742
-621
-587
-564
-475
-306
221
221
284
180
-287
-287
-409
-336
-271
-226
-283
-353
-394
-358
-244
235
235
462
750
997
1164
1278
1285
1345
1277
1359
1327
1388
1408
1343
1249
1119
993
927
926
780
634
346
-246
-246
-476
-567
-612
-644
-779
-909
-1047
-1082
-1068
-1089
-1089
-1164
-1223
-1248
-1192
-1043
-913
-877
-889
-819
-665
-469
-310
-226
-235
-278
-258
-208
-208
-196
-196
-190
-204
271
271
433
526
653
763
977
1075
1228
1250
1320
1230
1151
1215
1308
1432
1333
1175
991
952
853
817
685
387
-297
-297
-387
-388
-380
-539
-762
-953
-1018
-947
-904
-886
-1037
-1200
-1292
-1229
-1059
-921
-869
-904
-944
-898
-776
-556
-371
-289
-352
-390
-371
-213
199
199
213
225
225
366
489
669
797
903
967
1087
1109
1118
1009
970
1058
1135
1201
1126
1030
916
940
884
866
710
414
-175
-175
-185
-221
-394
-588
-763
-820
-786
-775
-790
-945
-1095
-1191
-1175
-1075
-978
-950
-982
-995
-926
-792
-618
-522
-494
-552
-527
-431
-274
-174
-174
189
189
192
192
211
230
217
270
309
443
526
664
713
829
934
1099
1148
1105
1031
878
950
966
1078
1064
958
805
748
762
775
771
548
317
-183
-183
-184
-193
-364
-552
-705
-659
-602
-544
-647
-846
-991
-1084
-1007
-894
-797
-848
-947
-992
-913
-717
-553
-491
-545
-644
-649
-542
-379
-225
-224
-311
-345
-278
204
204
300
324
307
280
311
379
521
630
661
702
713
876
989
1163
1144
1094
918
803
901
977
1078
942
787
623
637
659
716
656
412
171
-170
-170
-217
-217
-448
-593
-642
-566
-529
-485
-595
-775
-938
-1010
-915
-805
-792
-884
-960
-973
-884
-741
-611
-564
-637
-708
-682
-559
-420
-374
-412
-467
-446
-340
-179
210
210
259
259
379
419
373
331
303
393
559
695
744
730
743
833
980
1150
1171
1126
897
801
846
992
1040
953
764
596
565
521
595
531
342
-237
-237
-276
-251
-179
-259
-421
-600
-675
-615
-510
-415
-510
-671
-829
-868
-753
-658
-623
-706
-823
-862
-792
-613
-473
-463
-577
-684
-681
-564
-412
-344
-375
-497
-536
-467
-277
-192
-192
-195
180
180
331
423
406
376
382
453
597
714
801
825
815
905
1019
1197
1178
1110
886
806
839
914
975
884
723
508
486
460
545
474
255
-260
-260
-280
-288
-192
-244
-392
-546
-645
-565
-504
-396
-486
-623
-803
-879
-779
-662
-559
-630
-749
-818
-759
-588
-439
-367
-452
-588
-678
-607
-454
-352
-345
-466
-537
-535
-416
-272
-180
-194
-263
-318
-278
193
193
349
433
443
418
435
503
642
767
818
833
809
901
1007
1179
1206
1134
993
824
881
934
1060
993
839
612
502
501
538
596
405
-196
-196
-349
-320
-247
-191
-354
-522
-716
-704
-601
-437
-411
-583
-782
-928
-835
-684
-539
-527
-653
-771
-814
-683
-476
-323
-349
-495
-641
-622
-521
-382
-318
-367
-468
-563
-516
-368
-209
-199
-254
-343
-340
-233
190
190
361
440
390
381
385
536
654
751
791
769
818
896
1046
1197
1188
1112
952
869
948
1026
1078
945
765
578
533
542
576
534
318
-265
-265
-266
-219
-222
-403
-555
-687
-641
-577
-509
-516
-657
-791
-926
-855
-761
-647
-651
-762
-806
-819
-708
-577
-449
-407
-488
-571
-577
-471
-367
-316
-332
-393
-410
-397
-298
-203
-179
-224
-313
-299
-221
245
245
338
323
302
292
410
519
624
676
678
702
720
843
919
1033
986
927
819
808
902
955
1012
873
790
608
543
582
574
514
348
184
-191
-191
-176
-259
-380
-473
-615
-603
-614
-587
-631
-733
-809
-885
-819
-769
-690
-709
-731
-758
-776
-667
-575
-443
-417
-450
-499
-528
-455
-350
-244
-247
-275
-317
-310
-225
202
202
267
261
248
223
262
372
486
546
526
494
468
553
713
807
864
756
759
676
760
846
928
913
781
634
492
589
545
630
530
232
-175
-175
-369
-477
-616
-624
-601
-556
-685
-750
-821
-877
-812
-771
-683
-749
-776
-825
-799
-673
-572
-492
-504
-503
-518
-480
-357
-257
-183
-184
-192
-199
208
208
224
189
196
196
280
332
331
346
329
389
449
568
640
662
677
644
704
727
809
767
758
726
677
627
560
600
581
526
349
215
-172
-172
-287
-353
-518
-525
-537
-517
-592
-709
-739
-760
-783
-803
-728
-635
-611
-641
-703
-625
-475
-403
-356
-348
-301
-278
-420
-364
-294
-294
-203
-258
-258
-387
-267
-245
190
190
336
426
468
462
511
618
656
691
774
959
979
941
794
908
1085
1261
1086
875
783
760
706
462
345
269
320
-297
-297
-320
-376
-667
-831
-806
-745
-915
-1084
-1070
-863
-884
-1055
-1186
-987
-760
-697
-778
-681
-523
-448
-457
-409
-248
-248
-170
-170
-243
-222
-222
-233
-258
-258
-350
-279
-179
-179
179
291
291
314
648
611
481
593
742
1035
1105
1116
1182
1392
1075
861
565
1026
1273
1395
892
470
345
286
231
266
266
277
-835
-835
-1158
-906
-486
-652
-1006
-1104
-1112
-1226
-1483
-1326
-820
-573
-785
-1150
-1092
-662
-519
-512
-517
-230
-205
-205
-241
477
477
432
398
398
627
496
246
-259
-259
-190
-340
-340
-728
-723
-427
-469
-536
-491
-353
-487
-750
-700
-286
256
256
401
447
579
871
1056
978
941
1311
1595
1513
1488
1554
1728
1692
1285
778
594
815
1207
1138
573
-674
-674
-1016
-804
-346
-527
-1153
-1538
-1332
-1252
-1609
-1669
-1161
-619
-826
-1465
-1414
-771
-442
-649
-831
-313
185
539
539
502
240
240
949
1273
901
339
327
540
429
272
272
-424
-424
-712
-519
-295
-628
-1021
-985
-589
-523
-819
-932
-680
-434
-459
-425
-192
393
393
751
868
746
783
1095
1337
1361
1277
1336
1468
1584
1606
1666
1683
1338
641
238
609
1257
1357
287
-650
-605
183
183
-523
-1017
-833
-735
-1161
-1409
-928
-387
-785
-1587
-1476
-576
-262
-912
-1324
-667
-714
-714
-768
-260
-241
-241
-253
262
435
-492
-492
567
567
558
-257
-257
384
384
-241
-241
-258
-258
-332
-446
-446
-598
-375
-409
-409
-512
-227
296
296
331
304
374
668
891
895
910
1018
1179
1181
1195
1305
1375
1029
536
627
1203
1674
1121
-211
-211
330
751
392
-256
-336
-502
-502
-984
-933
-452
-441
-1175
-1518
-984
-480
-879
-1568
-1421
-678
-393
-930
-1177
-830
-411
-469
-663
-307
-505
-505
-373
201
404
-298
-298
333
333
347
-218
-218
-443
-404
-390
-390
-248
173
173
202
202
402
444
473
650
918
1009
984
1052
1365
1525
1500
1210
788
729
1059
1612
1743
905
683
683
969
430
-259
-237
-184
-563
-891
-775
-362
-698
-1413
-1417
-804
-596
-1281
-1812
-1386
-584
-586
-1112
-1202
-833
-492
-661
-604
-178
-241
-241
-436
525
525
439
316
316
674
504
172
172
210
185
-440
-440
-502
-270
-172
-172
-475
-675
-553
-294
-263
-263
-378
-280
177
177
195
219
335
515
700
932
1100
1193
1207
1289
1572
1661
1237
708
821
1566
2127
1470
329
674
674
1084
621
-498
-498
-947
-797
-283
-532
-1470
-1751
-1072
-649
-1232
-1935
-1661
-805
-684
-1240
-1379
-961
-577
-745
-763
-239
-170
-170
-491
502
502
583
340
340
681
519
280
280
295
175
-384
-384
-494
-301
-483
-483
-698
-537
-218
-268
-268
-456
-308
210
210
387
540
668
872
1175
1280
1224
1266
1609
1704
1280
723
884
1742
2195
1419
355
228
871
1138
577
-592
-592
-913
-626
-630
-630
-1588
-1725
-1025
-724
-1362
-1922
-1488
-702
-801
-1380
-1428
-901
-543
-783
-743
-202
-296
-296
-531
698
698
556
-215
-215
354
759
519
232
232
420
195
226
226
-424
-424
-596
-281
-314
-314
-657
-671
-382
-343
-422
-451
-370
-207
217
217
248
315
570
954
1184
1148
1150
1269
1629
1817
1518
982
845
1322
1986
1986
1054
338
480
1011
1081
372
-230
-276
-402
-616
-693
-421
-328
-1048
-1791
-1621
-982
-871
-1457
-1791
-1286
-793
-1010
-1379
-1322
-861
-618
-734
-554
-256
-231
-385
-264
304
585
173
-283
535
535
866
582
199
-280
-280
-492
-350
-188
-188
-490
-721
-612
-432
-404
-423
-450
-389
-275
231
231
476
791
1050
1032
1011
1164
1368
1699
1811
1503
986
811
1345
2083
2027
974
208
421
1102
1132
297
-326
-337
-359
-551
-651
-438
-476
-1260
-1878
-1530
-852
-889
-1656
-1920
-1276
-750
-1017
-1403
-1272
-777
-576
-732
-508
-178
-315
-315
-195
396
625
-257
-257
680
680
905
520
170
170
206
-229
-229
-490
-392
-188
-278
-567
-799
-729
-561
-562
-507
-500
-481
-389
-300
177
177
441
748
928
999
1086
1271
1444
1691
1782
1532
1070
950
1495
2110
2018
960
258
579
1196
1138
215
-447
-333
-276
-490
-679
-573
-593
-1248
-1859
-1554
-985
-1045
-1670
-1885
-1212
-740
-1064
-1482
-1382
-814
-550
-697
-598
-309
-216
-253
404
404
584
-247
-247
787
787
1035
571
323
323
337
196
-170
-170
-328
-279
-297
-297
-588
-774
-719
-520
-502
-529
-506
-481
-381
-262
449
449
716
880
949
994
1214
1439
1591
1715
1627
1288
979
1201
1766
2089
1425
431
298
906
1350
761
-208
-424
-184
-238
-522
-655
-535
-784
-1531
-1670
-1084
-735
-1171
-1837
-1587
-830
-733
-1263
-1483
-1047
-498
-526
-725
-475
-208
-235
-235
482
482
341
-180
-260
387
973
820
232
232
406
242
-193
-193
-342
-306
-242
-357
-610
-773
-626
-470
-479
-498
-482
-279
183
183
475
633
756
909
1035
1173
1327
1457
1664
1587
1235
894
1048
1602
1933
1448
477
222
691
1126
765
-448
-448
-317
-351
-550
-671
-569
-775
-1428
-1679
-1218
-871
-1166
-1735
-1612
-928
-817
-1294
-1526
-1140
-599
-579
-792
-599
-315
-255
-248
472
472
347
-235
-376
260
946
862
188
188
467
301
-180
-180
-400
-421
-301
-361
-643
-804
-636
-451
-524
-618
-548
-325
-192
-245
-199
236
236
436
548
713
904
1006
1086
1265
1450
1604
1576
1283
995
1017
1443
1878
1660
714
176
516
1146
1020
-610
-610
-447
-282
-439
-733
-732
-736
-1302
-1764
-1472
-958
-991
-1608
-1767
-1137
-729
-1036
-1395
-1181
-586
-405
-651
-553
-215
469
469
534
-194
-194
242
891
949
360
352
352
259
-201
-201
-279
-279
-486
-550
-413
-402
-613
-841
-878
-717
-661
-650
-582
-420
-265
-272
-297
379
379
498
576
799
1041
1134
1253
1395
1596
1677
1454
1105
918
1248
1721
1852
1123
250
205
775
1100
481
-454
-653
-458
-478
-696
-810
-710
-991
-1612
-1653
-1155
-882
-1297
-1768
-1444
-796
-751
-1167
-1240
-809
-356
-455
-588
-331
334
334
620
335
649
649
1022
699
228
228
303
-184
-184
-455
-630
-475
-305
-445
-754
-974
-792
-624
-637
-547
-439
-258
-234
-309
342
342
469
540
740
1004
1084
1175
1350
1482
1630
1561
1304
1006
981
1410
1873
1668
663
340
340
1025
976
-683
-683
-529
-371
-518
-847
-773
-649
-1201
-1730
-1540
-942
-840
-1452
-1697
-1110
-591
-861
-1293
-1185
-556
-280
-571
-563
-278
356
356
448
-287
-287
647
647
775
222
-227
259
259
239
-321
-321
-291
-404
-558
-592
-412
-361
-590
-920
-960
-710
-561
-539
-582
-451
-289
-253
-199
268
268
390
414
514
807
1033
1089
1153
1290
1476
1555
1403
1087
836
1073
1561
1817
1146
189
721
721
1164
531
-484
-719
-395
-405
-675
-821
-596
-819
-1550
-1706
-1182
-724
-1154
-1777
-1526
-819
-667
-1175
-1323
-891
-397
-518
-715
-449
-186
-197
-197
558
558
342
-234
-234
404
849
615
309
309
-181
-181
-379
-523
-379
-187
-364
-686
-905
-679
-451
-452
-511
-478
-266
-188
-173
296
296
325
421
659
975
1018
1020
1163
1397
1540
1396
1073
751
884
1352
1798
1466
434
424
424
1144
917
-756
-756
-492
-299
-473
-685
-557
-478
-1149
-1643
-1313
-714
-714
-1436
-1556
-924
-484
-831
-1225
-954
-387
-264
-652
-601
-295
424
424
354
-465
-465
665
665
702
-336
-336
183
183
209
-266
-266
-272
-440
-556
-490
-246
-226
-506
-814
-757
-453
-380
-434
-507
-317
286
286
366
433
546
784
909
942
1094
1287
1471
1421
1228
922
688
864
1311
1623
1064
542
542
1104
573
-467
-797
-399
-346
-608
-795
-520
-541
-1260
-1518
-1098
-572
-845
-1508
-1331
-675
-450
-947
-1171
-745
-233
-332
-644
-435
457
457
277
-195
-296
279
701
469
-225
-225
237
237
-216
-216
-290
-355
-543
-606
-405
-195
-319
-614
-821
-620
-434
-397
-410
-352
181
181
397
488
580
730
951
1049
1171
1340
1544
1585
1482
1305
912
686
900
1426
1744
1145
271
436
436
446
-254
-913
-659
-232
-625
-1107
-1394
-1010
-1212
-1872
-1805
-1285
-800
-1225
-1520
-1040
-501
-636
-1176
-936
-201
439
251
356
356
524
522
345
718
1123
942
424
188
519
671
285
-348
-509
-331
-369
-713
-1042
-1025
-1049
-1302
-1497
-1302
-1023
-1023
-1237
-1257
-896
-663
-588
-488
196
196
302
334
533
902
1198
1311
1339
1488
1660
1731
1830
1960
2126
2087
1914
1866
2042
1710
707
-183
-182
750
1181
274
-809
-1118
-1048
-1422
-2144
-1991
-1080
-1101
-1838
-2297
-1736
-1063
-1623
-2150
-1593
-498
-375
-375
-344
325
463
-231
-231
650
1840
1900
1080
857
1066
1113
782
652
1179
1368
781
-298
-298
-305
-562
-1163
-1435
-1207
-1158
-1418
-1852
-2015
-1875
-1896
-1837
-1586
-1161
-821
-864
-952
-763
-437
229
229
589
982
1096
980
992
1155
1474
1717
1749
1762
1686
1557
1464
1440
1468
1608
1590
1612
1458
1417
1028
-1132
-1132
-1172
924
924
392
-975
-1601
-1652
-1714
-2103
-1981
-805
-538
-1211
-1790
-1449
-577
-821
-1468
-1053
899
899
689
309
587
698
950
950
2091
2151
1037
399
488
595
354
200
591
854
-813
-813
-1209
-1135
-1124
-1537
-1722
-1345
-1071
-1412
-1971
-2096
-1718
-1346
-1240
-883
-381
-248
-248
-433
385
385
665
867
1106
1350
1404
1099
951
1155
1431
1643
1608
1494
1425
1113
888
923
1167
1359
1306
981
1067
709
-387
-1347
-1490
-243
882
413
-794
-1485
-1563
-1609
-1946
-1573
-424
-339
-944
-1511
-1085
-243
-618
-1209
-805
323
1136
850
352
505
505
177
177
895
1996
1947
823
177
206
412
312
459
459
668
-860
-860
-1432
-1287
-1026
-1339
-1560
-1389
-1168
-1362
-1915
-2057
-1593
-1140
-944
-742
-417
-292
-292
424
424
898
1085
1091
1281
1393
1176
976
1042
1432
1731
1546
1366
1232
1091
940
872
1055
1325
1254
974
953
231
-670
-1420
-1099
236
839
-1141
-1141
-1678
-1629
-1702
-1868
-1089
-334
-567
-1129
-1513
-782
-340
-806
-924
-240
769
1132
658
502
707
429
228
479
1385
2114
1479
570
176
181
252
182
311
606
209
-641
-1329
-1484
-1189
-1290
-1536
-1454
-1331
-1381
-1809
-2055
-1803
-1367
-1107
-800
-508
-202
-291
-291
350
350
797
1018
1090
1257
1399
1302
1112
1088
1297
1601
1639
1489
1303
978
873
810
1033
1177
1208
930
982
566
-458
-1304
-1455
-237
751
420
-810
-1546
-1792
-1716
-1844
-1260
-349
-373
-955
-1473
-997
-245
-500
-873
-436
514
1220
938
656
818
623
285
387
1206
2192
1845
809
203
265
265
179
272
615
421
-484
-1189
-1478
-1181
-1219
-1505
-1415
-1247
-1342
-1780
-2034
-1748
-1340
-1244
-1003
-591
-206
-401
-401
-173
303
703
930
1089
1329
1456
1212
1001
1141
1321
1573
1536
1440
1398
1031
800
740
949
1140
1130
916
878
859
-948
-948
-1455
-663
521
623
-275
-1062
-1565
-1723
-1820
-1489
-384
-194
-703
-1359
-1228
-404
-400
-748
-480
281
947
908
587
876
830
364
294
806
1847
1912
1023
438
201
200
416
416
568
-187
-1020
-1537
-1362
-1160
-1391
-1315
-1224
-1317
-1699
-2008
-1757
-1304
-1146
-1017
-685
-335
-321
-321
-220
184
542
845
988
1245
1410
1194
933
1012
1287
1535
1515
1369
1349
1092
819
670
842
1094
1077
830
729
775
-1010
-1010
-1509
-804
387
533
-313
-970
-1335
-1485
-1696
-1456
-355
-468
-468
-1136
-1144
-360
-280
-565
-273
411
975
833
498
815
925
538
369
713
1597
1710
965
518
324
265
329
329
493
-237
-1049
-1525
-1368
-1191
-1426
-1310
-1204
-1348
-1725
-1958
-1659
-1216
-1090
-896
-516
-223
-321
-321
368
368
656
898
1043
1278
1404
1119
949
1077
1280
1470
1461
1419
1411
1074
828
708
905
1098
1088
857
1028
659
-412
-1205
-1379
-283
620
313
-503
-1047
-1415
-1564
-1757
-1050
-621
-621
-1108
-810
-396
-585
-483
660
660
883
566
577
851
608
371
430
925
1446
1158
731
458
-241
-241
388
388
-561
-561
-1186
-1572
-1427
-1402
-1279
-1132
-1299
-1602
-1846
-1839
-1547
-1323
-1117
-765
-520
-314
-278
-203
250
250
605
999
1237
1341
1264
1150
1196
1209
1297
1473
1556
1547
1245
1032
902
874
904
1007
1085
1100
984
-761
-761
-1191
-728
451
451
-705
-705
-1246
-1514
-1658
-1480
-684
-430
-558
-870
-889
-658
-765
-795
-225
431
754
652
482
719
659
507
633
946
1291
1164
882
855
603
-236
-236
232
232
219
-291
-737
-1203
-1402
-1561
-1505
-1155
-1198
-1469
-1750
-1775
-1622
-1466
-1297
-914
-689
-535
-420
-241
242
242
675
1121
1292
1232
1170
1263
1231
1222
1371
1579
1654
1334
1141
1120
1132
1001
855
958
1137
1155
176
-679
-1107
-696
210
210
-179
-550
-993
-1429
-1660
-1445
-638
-482
-694
-891
-757
-606
-894
-961
-313
366
550
404
409
809
687
430
559
1000
1303
1052
843
1047
984
417
242
242
245
-181
-525
-1014
-1385
-1722
-1521
-1024
-1048
-1447
-1805
-1784
-1634
-1476
-1240
-815
-722
-639
-591
-194
194
204
311
600
1043
1276
1257
1233
1314
1244
1286
1396
1555
1627
1346
1295
1197
1190
1069
1036
1021
1298
1027
-690
-690
-1072
-352
242
189
-390
-795
-1219
-1400
-1606
-1085
-541
-602
-839
-1027
-679
-672
-977
-837
351
351
472
248
462
656
431
446
716
1178
1138
811
887
1102
856
321
189
189
315
-170
-170
-502
-981
-1454
-1669
-1227
-986
-1229
-1601
-1753
-1725
-1752
-1602
-1162
-764
-732
-757
-618
-180
418
418
831
1140
1139
1200
1335
1393
1364
1477
1592
1665
1422
1412
1493
1499
1268
1058
1022
1355
1048
-537
-537
-775
-376
-376
-729
-1281
-1568
-1677
-972
-674
-855
-1091
-1132
-808
-1035
-1257
-947
-260
203
203
437
437
394
220
363
769
1184
1010
853
979
1049
673
270
297
297
240
-181
-181
-555
-1054
-1515
-1490
-1124
-1102
-1392
-1630
-1632
-1663
-1749
-1646
-1207
-996
-888
-778
-439
-201
-201
354
354
908
1140
1122
1172
1373
1398
1495
1645
1843
1810
1572
1514
1662
1663
1544
1283
1323
1281
407
-266
-706
-219
173
-470
-470
-660
-1022
-1346
-1733
-1396
-868
-911
-954
-1054
-770
-969
-1285
-1157
-511
276
276
315
322
322
661
1094
979
873
1014
1190
933
534
262
303
335
264
217
-665
-665
-1199
-1342
-1182
-1172
-1363
-1506
-1539
-1621
-1722
-1669
-1411
-1280
-1117
-872
-547
-321
-332
239
239
695
932
1068
1214
1330
1326
1466
1687
1822
1734
1651
1764
1879
1696
1508
1367
1551
1315
411
-181
-459
-189
-189
-489
-690
-1115
-1493
-1733
-1270
-1090
-1244
-1263
-1102
-749
-1062
-1294
-1056
-495
-198
425
425
297
346
346
774
1091
839
832
1014
1107
766
473
375
448
241
-551
-551
-990
-1010
-962
-1140
-1429
-1444
-1379
-1424
-1564
-1504
-1349
-1355
-1302
-1076
-637
-406
-347
-189
463
463
708
936
1160
1274
1343
1511
1724
1794
1768
1766
1932
1948
1850
1745
1709
1675
869
238
-183
326
326
-297
-297
-614
-966
-1322
-1627
-1449
-1181
-1324
-1314
-1273
-964
-1227
-1531
-1437
-901
-480
-277
597
597
1056
924
810
887
1061
861
673
598
648
472
272
262
-271
-271
-781
-880
-757
-811
-1020
-1215
-1275
-1349
-1480
-1359
-1200
-1189
-1240
-1173
-815
-581
-476
-340
237
237
408
572
789
957
1082
1223
1479
1699
1757
1715
1798
1834
1894
1804
1909
1596
980
409
226
607
576
276
-182
-439
-777
-1234
-1484
-1270
-1275
-1316
-1385
-1064
-947
-1371
-1650
-1628
-1055
-660
-312
-173
-173
-241
473
473
680
680
801
891
904
703
591
484
417
391
539
535
242
-277
-585
-673
-777
-788
-791
-769
-1016
-1243
-1255
-1164
-1168
-1244
-1110
-843
-635
-564
-434
-287
-216
264
264
651
808
753
815
1020
1251
1432
1543
1681
1612
1569
1645
1896
1642
1048
560
604
949
862
606
238
-363
-363
-764
-782
-728
-918
-1120
-1155
-814
-891
-1251
-1479
-1481
-1193
-1012
-638
-344
-329
-436
-417
-179
295
295
525
651
620
530
595
456
332
366
615
638
314
-183
-183
-272
-464
-558
-511
-495
-711
-853
-807
-734
-879
-997
-922
-673
-481
-348
397
397
577
613
699
850
898
951
1115
1297
1409
1511
1352
1103
739
612
891
1015
957
738
522
277
-299
-299
-259
-335
-477
-644
-488
-495
-865
-1155
-1220
-1073
-1045
-964
-681
-526
-669
-846
-736
-433
-350
-353
206
206
230
230
378
354
-193
-193
-254
-314
-299
-364
-438
-437
-352
-242
-190
260
260
288
251
364
436
545
723
789
902
947
805
556
465
525
654
694
775
668
523
365
-268
-268
-399
-530
-525
-529
-421
-314
-384
-514
-683
-715
-645
-576
-540
-454
-373
-324
-322
-350
-397
-432
-327
-211
-188
-240
-208
275
275
297
314
418
375
370
366
354
427
350
334
336
507
537
490
476
375
170
170
265
255
209
-180
-180
-252
-228
216
216
201
-170
-170
-179
-174
-195
-195
-248
-288
-377
-507
-530
-500
-516
-573
-614
-583
-610
-702
-656
-553
-487
-492
-419
-231
-186
251
251
335
405
561
635
612
628
632
830
741
754
636
715
755
714
873
712
467
-345
-345
-501
-506
-553
-566
-512
-336
-244
-285
-373
-438
-481
-387
222
222
204
197
197
233
213
214
318
375
337
307
278
173
-224
-224
-313
-424
-488
-619
-622
-606
-704
-666
-657
-642
-600
-351
-515
-429
-298
444
444
184
407
624
599
659
787
730
701
917
1032
1076
931
932
453
458
479
426
413
299
247
-355
-355
-454
-543
-557
-531
-477
-477
-614
-633
-666
-659
-619
-408
-242
-219
-179
222
222
278
421
385
428
322
379
220
220
212
-210
-210
-200
-375
-338
-614
-462
-546
-513
-485
-597
-436
-522
-438
-419
-306
-381
-191
-191
222
236
236
306
231
646
630
903
977
838
747
696
615
672
716
662
603
438
389
230
-252
-252
-277
-254
-300
-338
-501
-488
-567
-694
-675
-645
-657
-541
-565
-412
-356
-351
-294
-316
229
229
285
173
406
220
274
330
330
284
284
-209
-209
-241
-241
-205
-315
-414
-414
-415
-415
-181
-176
310
310
436
302
552
217
466
398
485
538
510
562
545
407
384
333
234
211
-273
-273
-356
-312
-508
-479
-518
-520
-457
-440
-424
-352
-397
-387
-440
-253
-236
-190
-190
207
207
195
233
170
170
354
354
326
326
228
228
-360
-360
265
-244
259
-304
170
-249
183
183
239
239
247
247
214
214
363
363
267
267
208
193
193
178
178
-203
-203
-177
-339
-212
-300
-201
-361
-236
-332
-315
-316
-349
-205
-367
-312
-312
-307
-307
-195
-195
-172
-172
203
-173
370
-187
293
255
255
281
281
200
200
240
351
351
537
537
413
413
249
249
-178
-178
-202
-202
-249
-249
-284
-284
-295
-295
-192
-236
-220
-246
-246
-344
-344
-298
-298
220
220
234
234
216
216
251
251
314
314
320
320
401
401
184
184
219
219
233
261
261
-229
-229
-184
-187
-187
-190
-235
-235
-180
-286
-171
-171
-174
-174
-188
-188
-218
-218
-177
-177
-266
-266
-215
-215
-232
-232
237
237
259
259
246
246
229
229
188
234
234
263
263
227
227
-195
-195
-255
-255
-249
-249
-275
-213
-233
-259
-259
-190
-182
-178
-263
-233
-233
-182
-250
-250
-225
-225
-206
-206
192
192
263
263
189
189
233
233
276
276
232
232
170
227
227
276
276
-190
-190
-210
-210
-257
-257
-297
-297
-234
-255
-224
-212
-188
-225
-175
-175
-186
-202
-202
201
201
311
311
218
218
280
280
185
185
301
301
194
194
-207
-207
-275
-275
-181
-181
206
206
278
278
341
341
225
225
240
240
185
185
182
182
-189
-189
-212
-212
-288
-288
-209
-209
-172
-172
222
222
247
247
172
172
181
181
-187
-187
-229
-229
-209
-209
-174
-174
202
202
178
178
-208
-208
-190
-190
-192
-192
-170
-170
-190
-190
-182
-182
-181
-181
-250
-250
-181
-181
191
191
-271
235
-223
181
181
201
201
174
174
204
204
268
268
248
248
227
227
172
172
-233
220
-197
-242
-242
193
-230
-186
-186
-232
-232
-211
-211
180
180
-203
-203
-199
-199
173
173
-200
187
187
-213
-179
-179
-206
-206
-203
-203
-201
-201
257
257
282
282
237
237
-176
237
243
243
-243
-243
-203
-203
-179
-179
-190
-190
-180
-180
180
180
182
182
175
175
221
221
-367
-367
256
-370
-242
-242
-256
-256
299
-379
333
-230
198
224
224
200
200
308
308
-297
359
-255
196
-184
-184
-256
-256
-230
-230
176
176
-251
-251
-299
-299
183
183
200
200
214
214
-173
-200
-200
-189
-189
-206
-206
-232
-232
-177
-177
187
187
170
170
-173
-173
-269
-269
-246
-246
183
183
-180
-180
-195
-195
-181
-181
203
-317
221
-225
209
209
-192
-209
-209
184
175
175
-171
257
235
235
-207
-207
-317
-317
-353
-353
-317
-317
-186
-186
-175
-175
-235
-235
-259
-259
-199
-199
174
174
-328
-328
-290
-290
-188
-188
-172
-172
-172
-172
182
182
-177
203
203
-235
234
-176
-176
-243
-243
-253
-253
-323
-323
-339
-339
-210
-210
-232
-232
-192
-192
-198
-198
-174
-174
-215
-215
-178
-178
-287
-287
220
-244
-234
-234
209
-280
185
185
-173
-173
-214
-214
-212
-212
-271
-271
-195
-195
186
186
185
185
192
192
-272
-272
-259
-259
-187
-187
-213
-213
-190
-190
-230
-230
-209
-209
-200
-200
-173
-173
-242
-242
-199
-199
-218
-218
-262
-262
-214
-214
-290
-290
-251
-251
198
198
-209
255
-206
-206
-221
-221
-174
-174
-210
-210
-183
-183
182
239
239
-185
188
189
189
200
200
-239
243
-213
229
229
-215
211
223
223
184
184
194
194
-179
189
177
177
-184
182
182
-187
173
173
-243
-243
182
182
-266
-266
262
-312
230
-192
-192
194
194
-196
-196
-204
-204
-183
-183
-228
-228
214
-260
-170
-170
175
175
-173
-212
-212
-188
-188
193
193
177
177
