140
140
146
149
143
143
141
-126
-126
-130
-130
-130
-134
-139
-137
-128
-127
-126
-129
-129
137
137
145
143
133
138
156
167
131
-143
-143
-148
-151
-170
-189
-173
-141
-126
-126
134
134
141
133
127
130
142
144
134
-149
-149
-158
-159
-144
-130
-133
-147
-160
-144
-135
158
158
185
192
186
196
202
214
225
217
233
242
258
262
185
-147
-147
-156
-150
-148
-142
-170
-184
-195
-210
-223
-258
-220
-157
-169
-169
-175
-167
194
194
244
256
229
219
226
250
268
291
296
323
289
191
-187
-187
-204
-193
-163
-155
-187
-209
-243
-268
-301
-303
-238
-177
-146
-177
-197
-196
-185
-155
146
146
198
226
220
228
245
255
251
261
276
319
324
367
345
245
141
141
-150
-150
-184
-239
-258
-246
-213
-206
-274
-303
-333
-345
-388
-416
-319
-221
-160
-222
-274
-272
-230
-171
-139
175
175
213
231
264
272
272
278
302
352
400
422
415
465
399
243
147
147
194
-174
-174
-237
-301
-290
-235
-187
-226
-320
-341
-361
-379
-428
-398
-274
-173
-170
-262
-301
-277
-185
-137
-137
-169
-169
-241
-229
-189
154
154
239
302
321
332
336
330
342
393
453
519
508
515
485
510
429
271
158
158
205
-153
-153
-271
-314
-332
-308
-266
-243
-308
-449
-465
-458
-414
-420
-391
-261
-200
-186
-262
-258
-190
-134
-134
-176
-183
-195
-212
-288
-317
-313
-377
-372
-335
-244
-198
-140
169
169
278
328
317
347
413
503
547
598
603
654
664
680
675
645
625
460
227
227
227
225
-368
-368
-392
-324
-393
-411
-347
-312
-446
-607
-562
-454
-400
-454
-374
-185
-159
-159
-239
-178
149
149
171
142
131
173
184
149
128
128
-243
-243
-317
-283
-257
-249
-333
-466
-550
-598
-570
-528
-515
-503
-474
-415
-334
-231
-145
139
139
275
333
355
404
506
620
722
803
827
831
858
875
884
859
795
760
477
173
338
338
172
-289
-589
-509
-489
-616
-614
-514
-522
-725
-865
-673
-551
-529
-596
-416
-147
-134
-216
-288
-132
154
154
234
229
155
154
269
349
296
157
-133
-133
-276
-302
-303
-397
-430
-556
-654
-717
-717
-635
-606
-578
-585
-606
-515
-366
-208
219
219
327
426
538
613
734
788
876
905
943
983
1018
1034
1018
940
919
597
267
459
459
285
-190
-680
-676
-565
-646
-639
-517
-515
-771
-1063
-861
-605
-517
-591
-503
-182
-136
-228
-309
-126
144
144
225
315
350
255
178
329
463
486
342
196
157
-190
-190
-301
-325
-436
-487
-559
-677
-769
-870
-796
-738
-661
-633
-654
-638
-541
-381
-234
-142
155
155
301
418
561
619
767
859
964
1015
1069
1119
1134
1169
1220
1206
1179
1023
598
274
485
485
547
203
-411
-701
-603
-601
-663
-590
-522
-704
-1079
-1168
-822
-643
-659
-757
-510
-291
-312
-405
-348
190
190
306
301
199
257
428
500
419
279
260
225
137
-136
-136
-258
-321
-443
-499
-613
-732
-872
-948
-903
-836
-751
-762
-729
-697
-565
-440
-319
-215
289
289
420
561
660
792
908
1029
1102
1171
1199
1252
1245
1265
1265
1283
1134
627
267
154
594
596
157
-486
-703
-630
-666
-751
-599
-524
-815
-1260
-1287
-851
-678
-759
-866
-577
-349
-419
-498
-324
136
136
323
315
217
275
502
560
441
305
304
298
143
-212
-212
-300
-452
-525
-619
-784
-936
-993
-901
-818
-767
-776
-753
-712
-607
-485
-321
-179
277
277
432
610
748
909
1003
1099
1185
1269
1306
1348
1351
1402
1373
1405
1028
574
253
504
866
598
-612
-612
-583
-556
-654
-658
-452
-605
-1099
-1532
-1195
-786
-768
-956
-905
-516
-527
-683
-648
-279
-128
-128
-129
126
282
195
307
307
554
521
330
283
363
280
-127
-127
-173
-152
-308
-456
-508
-637
-778
-980
-934
-822
-754
-774
-788
-736
-672
-641
-477
-288
153
153
317
495
640
838
1025
1087
1118
1229
1351
1496
1445
1493
1487
1522
1115
680
462
807
1012
667
-401
-401
-372
-446
-573
-528
-336
-589
-1132
-1494
-1141
-773
-768
-933
-849
-587
-659
-761
-620
-213
-216
-216
-208
213
213
142
147
398
576
482
307
334
433
312
-260
-260
-370
-387
-501
-713
-865
-838
-755
-733
-760
-745
-710
-710
-621
-461
-255
-154
244
244
395
589
808
936
959
1059
1220
1446
1496
1496
1499
1530
1566
1174
839
616
924
1110
817
234
-196
-227
-278
-459
-380
-235
-470
-1029
-1506
-1212
-892
-823
-977
-928
-705
-848
-975
-834
-392
-220
-388
-418
-217
300
300
497
376
207
239
431
332
-137
-137
-219
-259
-439
-616
-720
-690
-607
-674
-754
-761
-726
-700
-660
-478
-310
-236
-201
-143
235
235
410
667
767
791
880
1093
1324
1414
1394
1440
1446
1528
1322
1045
802
838
1106
1013
643
159
-202
-202
-303
-211
-211
-576
-1188
-1248
-943
-816
-854
-934
-718
-786
-978
-1006
-647
-335
-423
-560
-465
-272
-216
-221
310
310
298
287
287
343
-257
-257
-243
-235
-343
-564
-616
-548
-575
-654
-661
-576
-566
-645
-596
-394
-203
-146
-127
142
142
283
503
678
741
778
950
1204
1330
1369
1402
1470
1476
1116
951
828
1128
1117
885
492
277
210
-221
-221
-698
-1050
-861
-768
-729
-826
-735
-682
-909
-1000
-847
-501
-450
-626
-696
-568
-449
-391
-266
228
228
183
-165
-165
-230
-189
-137
-234
-407
-542
-511
-511
-490
-501
-509
-535
-628
-569
-444
-285
-197
-139
155
155
309
501
581
662
781
949
1126
1214
1308
1377
1438
1197
1015
817
993
1064
981
672
429
350
297
180
147
202
-254
-254
-718
-741
-684
-607
-683
-680
-590
-685
-850
-893
-629
-444
-501
-630
-654
-565
-538
-477
-250
-227
-227
-197
-175
-175
-223
-244
-335
-312
-211
-203
-300
-412
-366
-342
-316
-348
-303
-328
-362
-366
-242
155
155
266
280
307
377
534
630
677
748
869
991
1108
1182
1334
1181
1041
742
877
959
980
717
491
399
334
194
229
422
323
-473
-473
-507
-495
-437
-468
-393
-341
-513
-731
-714
-461
-283
-370
-457
-544
-554
-605
-543
-325
-197
-231
-376
-381
-301
-248
-287
-282
-358
-437
-561
-518
-402
-336
-394
-470
-437
-415
-372
-335
-248
-248
-312
-324
-183
139
139
164
207
283
335
400
486
608
648
614
660
771
944
1010
1091
1105
1030
880
719
808
771
755
504
425
339
284
172
172
199
173
-308
-308
-370
-431
-409
-407
-325
-270
-402
-520
-567
-359
-272
-247
-380
-461
-484
-535
-459
-351
-242
-293
-388
-445
-393
-398
-402
-471
-532
-613
-695
-660
-624
-554
-580
-585
-584
-545
-490
-410
-351
-346
-345
-294
-159
153
153
270
328
372
393
520
660
798
795
776
794
877
1018
1129
1248
1183
1022
777
831
857
870
703
519
329
158
265
265
255
-311
-311
-486
-517
-519
-475
-438
-350
-495
-604
-657
-466
-290
-248
-296
-387
-408
-505
-465
-333
-149
-157
-271
-323
-303
-247
-260
-293
-396
-489
-618
-620
-592
-555
-582
-673
-706
-685
-600
-511
-441
-467
-549
-547
-441
-210
148
148
187
264
386
579
746
835
809
830
852
997
1113
1271
1315
1255
1078
967
902
838
792
659
556
370
217
143
143
142
-317
-317
-476
-638
-612
-549
-447
-470
-584
-643
-610
-441
-331
-234
-260
-312
-376
-389
-282
-183
-140
-140
-139
-126
-169
-169
-258
-391
-472
-467
-481
-477
-551
-617
-667
-666
-605
-500
-465
-518
-575
-575
-446
-282
172
172
245
396
582
769
810
852
879
979
1106
1239
1356
1367
1292
1133
1089
984
985
830
743
633
494
336
254
239
136
-285
-285
-394
-501
-548
-617
-670
-636
-720
-745
-753
-580
-465
-420
-428
-439
-403
-400
-296
-224
-162
-162
-136
-144
-144
-266
-295
-311
-310
-388
-494
-564
-594
-581
-557
-541
-580
-614
-663
-616
-501
-389
-284
-248
-153
287
287
457
560
605
675
762
957
1070
1225
1243
1252
1175
1139
1159
1122
1104
946
828
619
498
366
356
280
149
-303
-303
-430
-594
-595
-637
-673
-760
-881
-877
-845
-665
-593
-504
-534
-553
-542
-486
-347
-259
-160
-180
-173
-148
-188
-188
-210
-210
-205
-291
-398
-502
-525
-495
-474
-474
-557
-631
-685
-623
-516
-420
-348
-317
-257
-163
171
171
331
415
461
531
637
813
929
1076
1123
1161
1166
1123
1141
1032
1055
940
885
738
609
503
420
376
237
135
-218
-218
-379
-460
-504
-578
-585
-713
-747
-781
-698
-631
-576
-539
-542
-544
-552
-465
-372
-255
-216
-216
-199
-172
-149
-149
-172
-193
-182
-213
-264
-337
-408
-414
-414
-392
-466
-520
-582
-564
-500
-441
-331
-321
-265
-233
159
159
262
300
364
428
558
684
823
943
959
1027
992
1038
1026
956
966
860
858
717
650
534
479
383
283
207
-279
-279
-327
-410
-459
-463
-567
-581
-663
-636
-616
-549
-529
-512
-504
-520
-459
-434
-327
-292
-270
-260
-259
-199
-145
-169
-169
-183
-209
-188
-219
-262
-294
-339
-350
-359
-339
-363
-384
-437
-407
-363
-315
-243
-243
-190
-167
201
201
249
289
340
456
551
681
749
824
878
915
954
986
985
900
870
803
820
739
686
590
520
428
321
279
164
-204
-204
-281
-315
-321
-406
-432
-530
-521
-541
-495
-471
-461
-454
-495
-466
-466
-377
-341
-312
-324
-332
-296
-251
-207
-204
-236
-269
-259
-249
-235
-259
-279
-313
-341
-330
-301
-263
-286
-317
-345
-318
-269
-236
-191
-185
-168
-176
130
130
143
182
233
325
405
496
556
583
644
659
764
819
819
757
675
713
688
757
702
649
529
437
371
346
349
230
147
-130
-130
-200
-212
-181
-266
-312
-454
-474
-500
-440
-407
-415
-449
-538
-522
-517
-393
-360
-350
-400
-445
-408
-358
-267
-255
-268
-329
-351
-359
-313
-272
-259
-294
-351
-348
-320
-240
-224
-214
-266
-265
-253
-213
162
162
198
230
210
264
288
411
456
483
474
473
554
610
691
660
673
563
562
574
642
673
573
485
361
377
365
403
346
236
-133
-133
-251
-325
-304
-283
-212
-267
-335
-456
-474
-455
-412
-366
-401
-423
-500
-493
-446
-367
-333
-381
-452
-494
-456
-388
-312
-290
-317
-364
-379
-330
-242
-186
-187
-225
-264
-226
-178
153
153
203
201
168
170
225
269
320
300
299
264
272
321
406
490
493
481
438
438
425
483
506
543
486
416
388
409
470
485
478
393
324
223
192
196
197
173
-134
-134
-159
-157
-187
-277
-370
-483
-495
-515
-501
-528
-574
-593
-630
-603
-591
-534
-526
-548
-572
-574
-511
-462
-408
-381
-338
-321
-278
-207
-136
141
141
178
230
203
191
129
129
135
146
129
180
208
283
328
366
380
387
393
439
464
533
590
625
675
661
660
661
680
666
618
544
450
389
313
256
181
151
-221
-221
-255
-334
-383
-463
-533
-589
-651
-667
-681
-636
-649
-642
-678
-670
-635
-598
-584
-538
-520
-425
-559
-626
-372
-198
-132
-132
-152
175
175
188
219
269
364
453
590
620
623
599
669
752
871
928
856
763
649
627
520
500
509
472
377
195
-160
-160
-316
-343
-457
-503
-641
-780
-671
-675
-744
-744
-736
-695
-712
-753
-678
-604
-545
-473
-374
-173
-295
-326
-282
-338
-168
-186
-186
-183
-135
-135
-151
-133
-133
-141
145
145
160
229
314
350
363
413
481
577
632
732
727
688
561
577
660
821
760
590
470
365
310
222
203
229
143
-357
-357
-428
-336
-275
-418
-501
-571
-634
-712
-769
-600
-494
-499
-686
-791
-687
-523
-435
-411
-349
-383
-410
-413
-269
-286
-286
-293
-242
-242
-307
-432
-168
-342
-342
-163
-236
-159
-130
-130
-314
243
243
167
141
157
157
348
334
372
383
192
295
249
593
575
665
513
540
592
718
770
714
414
289
425
625
828
551
381
219
219
265
-534
-534
-837
-633
-323
-232
-322
-523
-728
-938
-1121
-848
-406
-299
-510
-948
-997
-783
-495
-297
-138
-154
-271
-513
-469
159
159
198
-172
-172
182
182
164
130
-196
-196
175
175
175
-248
-248
-218
-230
-230
-145
225
225
195
151
151
222
286
347
407
353
274
231
472
631
740
604
572
644
814
800
610
326
268
494
767
799
417
195
-178
-178
234
234
-592
-592
-877
-707
-446
-536
-583
-575
-566
-835
-1167
-1012
-541
-287
-424
-712
-678
-527
-448
-406
-186
-134
-134
-192
170
170
132
232
232
260
-274
-274
-342
-342
-491
-379
-211
-216
-279
-176
-133
-133
-324
-290
217
217
144
185
246
374
345
248
361
559
716
630
648
764
903
825
772
931
992
778
325
190
542
913
729
-243
-243
338
338
-527
-527
-625
-295
-311
-600
-672
-459
-401
-977
-1243
-865
-311
-298
-794
-816
-402
-155
-357
-531
-259
129
141
221
221
313
373
373
461
186
-194
227
227
316
-237
-237
-242
-174
-220
-336
-218
-178
-411
-722
-758
-414
-202
-334
-596
-555
-352
-224
-331
-320
362
362
358
396
438
597
619
612
687
888
1090
1004
1057
975
857
600
523
955
1330
1188
328
-140
837
837
890
261
-221
-196
-298
-298
-414
-302
-534
-534
-1057
-891
-432
-245
-806
-1055
-663
-326
-565
-995
-840
-350
-197
-477
-556
-427
-408
-512
-431
129
129
-335
-748
-528
229
229
-444
-444
-405
-309
-234
-198
-379
-379
-523
-373
154
154
155
155
252
348
435
483
476
553
629
759
913
1051
1127
1118
1101
1177
1104
930
588
756
1185
1436
861
-157
-157
456
956
493
-198
-461
-208
-323
-568
-611
-313
-357
-1025
-1110
-707
-284
-648
-1261
-996
-439
-311
-788
-953
-520
-226
-226
-401
-213
-134
-217
-335
421
421
202
-245
-370
337
337
231
-139
-139
-142
-221
-187
-221
-221
-474
-517
-357
-203
-285
-336
-347
-261
-243
-182
249
249
267
330
408
590
775
842
867
841
1009
1168
1308
1389
1309
1115
697
681
1137
1589
1384
446
-126
229
982
908
195
-427
-365
-341
-552
-616
-394
-242
-874
-1325
-1120
-637
-610
-1265
-1312
-836
-595
-891
-1213
-867
-365
-311
-606
-564
-395
-312
-337
-151
291
205
-148
-364
299
299
273
-338
-338
-470
-443
-248
-187
-168
-239
-266
-282
-234
-137
175
175
213
173
199
412
655
826
876
896
888
965
1088
1309
1524
1340
943
544
831
1391
1614
933
149
709
709
1034
499
-180
-376
-226
-365
-558
-532
-302
-639
-1239
-1197
-810
-604
-1115
-1484
-1040
-654
-759
-1173
-1088
-591
-386
-568
-608
-402
-394
-426
-315
189
319
-365
-365
-185
259
343
-269
-269
-377
-292
-225
-214
-248
-200
-232
-290
-292
-204
185
185
167
230
452
710
834
803
835
923
1090
1210
1418
1466
1236
776
663
1165
1687
1457
545
469
469
1140
865
-372
-372
-215
-212
-515
-639
-364
-324
-1034
-1401
-1095
-625
-814
-1539
-1454
-830
-612
-1017
-1303
-865
-381
-451
-733
-583
-367
-328
-402
338
338
218
-194
-308
448
448
339
-179
-179
-383
-356
-244
-173
-230
-320
-373
-305
-263
-181
-159
-161
131
131
186
265
436
599
695
722
821
956
1091
1205
1324
1511
1449
1175
720
827
1357
1759
1294
386
625
625
1225
805
-477
-477
-286
-286
-469
-551
-376
-508
-1207
-1390
-1037
-660
-947
-1579
-1350
-855
-745
-1104
-1184
-709
-387
-549
-769
-526
-327
-205
-168
133
371
-200
-200
376
376
556
306
153
153
242
134
-295
-295
-363
-254
-208
-248
-345
-288
-351
-346
-375
-279
-167
-222
-132
135
135
166
180
360
574
664
623
729
940
1165
1221
1262
1381
1462
1358
1049
842
1092
1447
1472
868
308
312
893
1008
392
-342
-551
-319
-406
-499
-608
-503
-864
-1389
-1296
-980
-769
-1261
-1587
-1205
-836
-875
-1157
-984
-563
-434
-741
-759
-455
-242
-166
-149
209
257
-197
-197
427
427
456
160
172
172
141
-230
-230
-427
-412
-300
-224
-249
-373
-441
-495
-386
-295
-201
-272
-312
-155
174
174
151
224
413
623
672
700
786
945
1113
1248
1376
1467
1396
1176
926
916
1266
1528
1303
598
209
516
1108
886
-525
-525
-390
-180
-323
-543
-609
-511
-993
-1311
-1113
-801
-839
-1420
-1445
-924
-660
-913
-1139
-771
-371
-427
-786
-616
-280
-151
-151
298
298
172
-182
-182
279
559
357
232
232
193
-275
-275
-396
-314
-191
-158
-268
-392
-435
-413
-283
-224
-186
-270
-253
184
184
213
306
444
566
595
740
878
1029
1109
1239
1331
1402
1294
1113
894
916
1243
1407
1090
366
137
624
1127
686
-195
-671
-314
-300
-300
-595
-613
-554
-1040
-1189
-939
-651
-828
-1398
-1242
-736
-594
-875
-1017
-646
-366
-547
-811
-570
-281
-158
-194
128
128
-302
-302
-158
287
387
-284
-284
-166
127
180
-182
-182
-273
-362
-383
-295
-235
-205
-331
-383
-412
-312
-193
-147
-149
-204
216
216
268
336
458
582
647
705
859
1017
1151
1194
1240
1321
1362
1259
1032
778
999
1325
1371
768
182
295
956
1027
239
-536
-558
-161
-161
-451
-638
-504
-711
-1174
-1052
-722
-584
-1096
-1432
-968
-584
-659
-980
-817
-402
-374
-710
-737
-337
-129
-162
-162
-188
-188
-224
431
431
224
-154
-246
202
202
-241
-241
-293
-393
-373
-284
-248
-288
-386
-424
-416
-347
-277
-177
-163
-195
-132
219
219
315
378
421
505
602
740
911
1025
1090
1131
1236
1358
1403
1215
938
805
1102
1415
1300
653
211
475
1027
850
-548
-548
-359
-241
-241
-559
-675
-479
-790
-1137
-1023
-767
-735
-1300
-1389
-884
-604
-813
-1127
-852
-418
-459
-811
-753
-384
-179
-231
-261
-180
-180
-256
300
300
137
-174
-234
167
167
-257
-257
-279
-341
-323
-281
-250
-276
-346
-393
-376
-267
-196
-150
-225
-223
137
137
294
310
312
387
532
655
790
888
965
1038
1116
1281
1408
1291
1015
713
892
1321
1438
895
227
237
867
1132
428
-370
-518
-428
-428
-639
-497
-524
-1018
-1068
-810
-653
-1003
-1438
-1018
-580
-672
-1064
-1029
-464
-297
-657
-866
-527
-227
-201
-296
-267
-267
245
245
204
-134
-254
180
180
-201
-201
-206
-291
-366
-286
-239
-278
-369
-408
-373
-299
-252
-204
-199
-266
-218
203
203
326
293
280
420
603
743
841
864
950
1057
1198
1306
1359
1239
1060
793
928
1226
1351
905
284
262
813
1023
342
-415
-511
-567
-567
-791
-571
-487
-966
-1139
-927
-717
-996
-1443
-1106
-691
-718
-1072
-1043
-487
-313
-664
-909
-558
-188
-137
-289
-159
-184
-184
241
241
199
-224
-224
178
178
-203
-203
-231
-260
-300
-250
-259
-281
-322
-334
-329
-297
-220
-156
-157
-239
-157
229
229
290
270
339
475
575
660
763
854
938
998
1082
1203
1267
1150
963
723
896
1148
1204
709
189
276
870
970
230
-459
-446
-549
-549
-725
-459
-406
-910
-1020
-771
-559
-911
-1327
-953
-581
-637
-983
-865
-346
-297
-711
-873
-459
-132
-178
-369
-196
-133
-133
-223
212
212
-222
-222
-288
132
132
-208
-208
-189
-264
-296
-219
-204
-201
-292
-302
-272
-194
-141
-141
189
189
287
345
372
408
489
619
785
811
839
846
970
1090
1171
1094
879
614
729
1035
1116
610
173
173
796
888
161
-481
-445
-173
-173
-620
-698
-417
-404
-939
-1018
-697
-486
-862
-1311
-972
-596
-669
-996
-856
-363
-305
-727
-883
-484
-205
-270
-455
-245
-176
-176
-320
-174
141
-275
-275
-367
-128
-153
-153
-189
-167
-167
-294
-237
-167
-207
-207
-248
-221
-132
-148
-148
-166
179
179
338
407
408
409
520
608
758
836
949
1124
1197
1233
1260
1270
1089
627
375
539
872
812
333
288
288
419
-149
-802
-815
-258
-247
-797
-1034
-668
-385
-947
-1461
-1310
-886
-832
-1145
-879
-309
-259
-748
-940
-464
-256
-256
487
487
494
218
210
453
347
356
356
512
155
-253
-318
-226
-437
-769
-833
-613
-499
-684
-849
-802
-680
-716
-794
-716
-448
-277
-212
-140
136
136
330
595
763
845
841
862
913
936
1027
1202
1336
1428
1433
1493
1489
1544
1401
806
-178
-178
365
968
708
-128
-640
-566
-731
-1420
-1696
-1129
-588
-1055
-1666
-1488
-833
-918
-1735
-1779
-1014
-296
-276
-352
133
290
-258
-601
978
978
1237
815
673
952
907
546
335
696
951
652
234
143
189
-180
-802
-1156
-1083
-916
-985
-1145
-1316
-1411
-1495
-1541
-1406
-1122
-802
-611
-486
-383
-274
-155
241
241
542
826
1003
1027
981
981
1082
1237
1368
1390
1306
1116
987
962
1050
1107
1055
908
897
926
1125
898
-1062
-1062
-1262
-328
683
496
-492
-1224
-1320
-1486
-1730
-1360
-483
-213
-960
-1385
-916
-222
-498
-1217
-907
701
701
607
445
623
380
-186
-148
741
1626
1511
720
275
319
250
428
428
414
-577
-577
-732
-873
-1275
-1525
-1344
-910
-837
-1175
-1491
-1591
-1457
-1227
-882
-416
-178
-185
-193
148
148
284
396
657
995
1185
1099
880
736
775
950
1166
1286
1141
819
591
427
551
683
841
852
810
621
740
716
-1032
-1032
-1317
-348
919
826
-334
-1253
-1377
-1289
-1405
-1032
-164
-730
-730
-1364
-1062
-273
-341
-991
-726
228
845
584
220
220
235
866
866
1632
1406
459
192
192
176
237
495
380
-289
-981
-1108
-1005
-1055
-1198
-1184
-942
-955
-1347
-1687
-1680
-1253
-780
-522
-335
-267
-276
-261
244
244
599
754
825
906
992
974
779
648
784
1090
1299
1241
886
558
364
414
590
829
918
888
703
621
746
-895
-895
-1381
-639
805
1144
-1274
-1274
-1631
-1305
-1149
-856
-145
204
-552
-1325
-1163
-258
-530
-530
-613
208
949
869
274
166
366
185
240
865
1610
1549
480
-314
-155
258
379
288
265
-457
-457
-1129
-1278
-1067
-1030
-1200
-1317
-1080
-1058
-1475
-1878
-1786
-1180
-551
-373
-390
-421
-465
-322
511
511
878
889
787
812
950
1027
915
810
979
1203
1247
1079
762
576
441
453
654
849
930
741
467
347
687
193
-694
-1243
-754
585
985
-1199
-1199
-1484
-1171
-956
-770
-142
153
-546
-1274
-1135
-192
254
-278
-492
151
764
686
194
145
457
364
306
728
1228
1177
303
-314
240
240
349
187
-620
-620
-1140
-1241
-1016
-898
-1022
-1216
-1233
-1344
-1568
-1672
-1444
-983
-619
-518
-523
-567
-564
-288
576
576
828
784
724
703
789
920
998
1056
1092
1122
1097
984
724
585
523
672
837
901
840
697
497
505
757
-593
-593
-1021
-453
777
746
-280
-1103
-1443
-1126
-898
-687
-923
-923
-1253
-1013
-498
-498
-355
224
584
512
203
347
526
238
449
948
1307
1037
161
150
150
290
242
136
-127
-127
-723
-1199
-1194
-1090
-985
-1119
-1258
-1307
-1548
-1729
-1677
-1390
-1001
-715
-681
-605
-628
-515
263
263
651
771
735
753
764
864
981
1022
1102
1145
1111
1061
897
690
601
536
684
770
820
733
609
439
574
737
-762
-762
-1119
-322
943
773
-396
-1138
-1392
-1052
-780
-540
131
-150
-889
-1204
-841
-459
-459
-233
301
535
375
347
347
384
438
438
856
1137
694
138
138
-190
-190
-943
-1234
-1066
-989
-956
-1078
-1054
-1143
-1516
-1686
-1416
-1022
-690
-624
-615
-402
-490
-354
491
491
812
720
677
808
869
855
885
988
1230
1186
1013
967
810
656
577
626
895
886
717
516
642
539
854
491
-379
-730
-772
247
1015
341
-587
-1069
-1217
-771
-614
-143
221
-535
-980
-996
-338
162
-289
-401
388
388
405
180
419
419
535
535
824
852
134
-208
-174
-174
-175
-494
-494
-1090
-1074
-1179
-1135
-1073
-967
-760
-1174
-1667
-1637
-1214
-755
-498
-565
-447
-499
-589
-205
241
698
688
547
678
849
851
815
828
1023
1157
1029
1007
928
762
614
510
753
912
853
686
656
697
741
784
-518
-518
-716
-173
803
708
-275
-908
-1211
-987
-648
-426
-292
-292
-958
-1091
-748
-210
-210
-580
-312
168
366
286
225
225
167
423
423
822
914
416
-186
195
195
-312
-312
-834
-1038
-1016
-1074
-1055
-949
-746
-1044
-1526
-1692
-1380
-878
-623
-491
-454
-424
-592
-445
583
583
713
628
725
847
926
818
884
1124
1237
1195
1065
1039
949
777
642
795
978
967
808
671
711
721
845
-619
-619
-827
-302
733
646
-352
-986
-1279
-1145
-853
-571
-311
-311
-1129
-1243
-813
-250
-250
-676
-362
131
292
156
281
281
289
380
380
819
943
418
-225
330
330
170
-159
-159
-200
-200
-785
-1042
-1059
-1053
-1005
-970
-739
-932
-1455
-1646
-1405
-889
-594
-550
-429
-373
-499
-363
491
491
750
696
826
887
884
811
856
1161
1354
1240
1102
1010
955
910
757
855
947
992
876
831
754
914
591
-384
-801
-767
220
925
223
-709
-1249
-1413
-1106
-896
-349
-736
-736
-1272
-1252
-622
-174
-553
-521
277
277
319
165
165
372
175
304
839
1068
957
225
202
202
156
136
136
-616
-616
-1128
-1104
-1105
-918
-871
-855
-945
-1427
-1592
-1412
-1083
-826
-773
-657
-425
-400
-367
-181
421
421
593
846
1023
932
801
762
1006
1275
1393
1279
1155
926
854
928
1052
1106
966
867
931
892
903
728
-178
-639
-773
819
819
426
-500
-1157
-1515
-1163
-932
-562
-194
-706
-1211
-1276
-928
-425
-634
-636
-179
211
211
132
135
295
134
289
865
1030
933
401
173
280
230
230
288
-620
-620
-1052
-1053
-1151
-988
-837
-745
-952
-1569
-1703
-1389
-1080
-841
-784
-586
-461
-647
-556
-151
258
478
480
767
1060
989
806
786
1070
1350
1347
1338
1329
1134
876
803
1058
1280
1170
922
921
961
1077
328
-491
-744
-440
452
626
-737
-737
-1307
-1437
-1164
-826
-220
-448
-1126
-1320
-1091
-598
-660
-873
-459
227
227
171
571
571
1033
1096
669
223
335
284
154
135
286
256
-238
-784
-914
-1051
-1101
-1019
-833
-713
-1175
-1517
-1525
-1283
-1044
-874
-587
-371
-483
-569
-342
455
455
559
787
1021
1017
968
919
1130
1282
1313
1367
1422
1285
1053
890
1000
1144
1085
998
998
946
964
283
-492
-808
-601
299
628
-694
-694
-1332
-1471
-1207
-914
-246
-388
-923
-1211
-1121
-715
-726
-863
-442
128
128
181
181
567
567
1012
1101
689
180
237
258
230
350
354
148
-272
-727
-751
-923
-1068
-1034
-942
-842
-1159
-1409
-1404
-1303
-1159
-938
-627
-399
-510
-534
-266
346
346
471
771
1058
1032
975
964
1131
1291
1303
1405
1465
1305
1092
956
1028
1156
1053
1066
990
1061
679
-251
-747
-793
-133
419
-381
-381
-921
-1430
-1453
-1249
-605
-307
-676
-901
-951
-772
-792
-955
-618
-143
197
197
171
219
-126
-126
281
769
951
777
399
441
411
173
132
132
221
-231
-231
-404
-765
-1071
-1109
-991
-738
-912
-1211
-1317
-1360
-1243
-1035
-812
-591
-672
-630
-368
224
224
288
492
763
906
1003
1112
1143
1206
1158
1303
1483
1476
1391
1201
1184
1105
1047
1138
1235
1241
644
-252
-657
-570
262
262
-131
-511
-952
-1264
-1300
-1198
-761
-712
-929
-920
-796
-660
-876
-1035
-694
-264
191
191
150
136
321
321
537
656
517
496
607
379
170
-169
-169
-603
-939
-932
-729
-691
-947
-1084
-1117
-1182
-1188
-1035
-761
-703
-799
-702
-374
321
321
531
730
935
1076
1219
1153
1181
1289
1394
1457
1443
1445
1410
1330
1279
1308
1250
894
222
-222
-270
247
247
-490
-490
-843
-1112
-1208
-1115
-912
-874
-958
-998
-954
-860
-921
-948
-725
-397
-156
270
270
444
395
480
557
607
523
327
218
193
-329
-329
-727
-752
-711
-645
-764
-829
-861
-1031
-1124
-977
-785
-685
-764
-734
-469
-223
157
157
350
508
669
891
1026
1087
1116
1208
1393
1508
1504
1445
1381
1454
1480
1514
1350
877
245
323
323
348
-480
-480
-870
-1111
-1179
-1068
-903
-918
-1020
-1045
-992
-1004
-1157
-1129
-884
-500
-162
-192
-192
-337
-156
203
493
575
537
533
444
309
268
247
251
245
259
258
-410
-410
-706
-759
-618
-509
-501
-601
-853
-1031
-1008
-822
-641
-565
-524
-417
-310
-210
-146
278
278
552
774
867
781
727
854
1103
1321
1475
1418
1342
1237
1321
1475
1371
996
430
286
363
490
383
-291
-291
-581
-831
-813
-796
-863
-1103
-1195
-1016
-845
-900
-1133
-1196
-1080
-828
-578
-315
-212
-260
-326
-244
143
143
225
362
456
467
425
290
245
200
246
382
379
183
-156
-363
-358
-352
-334
-408
-516
-648
-744
-694
-597
-587
-633
-597
-367
-146
358
358
606
733
748
711
745
866
962
1096
1239
1326
1406
1272
1096
683
486
505
652
833
680
336
-400
-400
-520
-568
-517
-464
-581
-592
-773
-904
-1059
-1144
-1087
-967
-783
-572
-534
-616
-714
-658
-423
-250
133
133
190
223
155
-136
-136
-210
-271
-352
-352
-345
-351
-274
-207
-144
301
301
426
449
431
462
522
603
701
784
943
854
732
554
396
416
389
491
539
407
282
-130
-130
-227
-206
-274
-251
-262
-315
-416
-510
-699
-665
-647
-466
-436
-383
-495
-554
-546
-480
-420
-374
-275
-217
-145
-145
-132
-226
-171
-180
-136
-136
-218
-228
-200
-126
-145
-145
-173
-186
187
187
262
397
409
417
411
448
506
497
476
469
532
612
726
713
583
416
205
187
202
225
298
214
142
-162
-162
-148
-239
-230
-242
-215
-166
-166
-219
-296
-372
-326
-293
-167
-128
-128
-157
-157
-131
-131
-131
-171
-171
-187
-205
-288
-324
-351
-360
-401
-543
-547
-564
-499
-499
-512
-483
-530
-483
-454
-362
-227
171
171
241
249
385
479
592
600
653
716
670
758
697
631
691
744
739
699
584
333
153
-306
-306
-389
-508
-495
-468
-444
-354
-347
-322
-369
-429
-438
-430
-277
-133
194
194
266
270
209
138
-127
-127
-221
-221
-428
-428
-511
-541
-517
-522
-603
-600
-547
-567
-445
-277
-253
-277
-134
247
247
336
383
490
516
567
705
727
719
823
827
968
947
851
594
530
458
373
403
382
186
-237
-237
-250
-391
-435
-531
-512
-530
-609
-653
-662
-741
-708
-632
-506
-445
-392
-318
-254
-159
165
165
180
257
278
305
251
183
135
-216
-216
-182
-286
-412
-332
-454
-438
-413
-402
-478
-400
-407
-456
-278
-294
-205
-215
210
210
210
221
286
415
475
647
707
695
634
711
520
569
612
589
471
416
344
198
-133
-133
-235
-307
-376
-488
-537
-509
-527
-529
-591
-561
-589
-553
-460
-372
-343
-323
-291
-165
-126
130
130
194
156
180
210
185
185
179
-135
-135
-208
-208
-128
-348
-289
-289
-192
-128
-250
-159
-205
-205
-133
-133
191
290
290
321
321
277
299
409
419
344
452
402
449
512
411
419
237
328
271
253
150
126
-135
-135
-214
-223
-267
-353
-385
-460
-355
-436
-445
-389
-440
-331
-392
-339
-308
-321
-224
-213
-128
-128
148
148
211
211
131
131
237
237
-158
274
-172
-172
-129
-129
-277
-277
-252
-252
256
256
269
269
259
259
305
305
237
248
330
259
322
256
403
171
299
185
326
272
272
-168
-168
-157
-196
-206
-148
-301
-242
-347
-253
-298
-264
-194
-230
-198
-231
-191
-167
-168
-168
143
150
150
-132
-132
-149
-149
-196
-196
-301
-301
152
152
190
190
194
163
210
196
214
237
129
344
302
302
174
220
148
206
206
-130
-130
-143
-143
-180
-180
-160
-181
-181
-155
-155
-170
-201
-201
132
-272
-139
-139
-185
-185
-154
-154
170
170
-129
161
-190
-190
-190
-144
-144
-189
-189
-138
-381
-381
181
-373
-194
-194
-157
-198
-198
-136
-136
147
147
290
290
151
151
152
152
280
280
132
132
138
161
161
-157
-133
-133
-171
-171
-219
-219
143
-193
-205
-205
-264
-264
-415
-415
-336
-336
-203
-203
-185
-185
-335
-335
-202
-202
-153
-279
-279
145
-148
158
158
318
318
-127
235
168
168
186
186
172
172
-178
134
-215
-215
346
-233
282
143
143
-157
-157
-156
-156
-200
-200
-366
-366
-217
-217
-227
-422
-422
174
-297
-200
-200
-255
-255
254
-214
179
225
225
131
131
247
247
-319
254
-371
238
-234
168
-189
242
-268
208
130
130
-141
204
-162
254
-169
261
-184
244
-147
-147
236
-183
-134
-134
-191
-191
-129
-129
-324
-429
-429
183
-309
-143
-143
-245
-245
-307
-307
215
-222
192
192
-183
175
251
251
195
195
-291
-291
160
-172
-156
-156
-335
-335
129
-257
144
144
-138
158
200
200
200
200
197
197
252
252
280
280
-162
-162
136
-342
295
-441
267
-353
-245
-245
-316
-316
-252
-252
-352
-352
308
-683
362
-647
213
-386
151
-331
-332
-332
-363
-363
-188
-188
-155
-155
-172
-172
-131
-131
-193
-193
153
-275
145
-127
-127
-137
-137
-206
-206
-148
-148
129
-160
155
193
193
151
151
160
160
245
245
265
265
342
342
-253
335
-389
282
-332
-254
-254
-147
-147
-238
-418
-418
131
-465
149
-437
-198
-198
-130
-130
-171
-171
-244
-244
161
-295
-148
-148
-139
-139
132
-215
203
-357
354
-381
466
-437
478
-421
370
-258
133
-147
-147
176
-186
157
138
138
143
143
274
274
246
246
260
260
294
294
255
255
207
207
184
184
-159
267
-227
-199
-199
-127
-395
-536
-536
178
-567
223
-552
295
-373
-129
-129
170
170
-225
375
-507
467
-484
252
-184
-340
-340
267
-398
199
-368
226
-300
164
-133
139
139
-133
261
-197
212
200
200
163
163
129
129
209
209
209
209
-144
172
172
-325
353
-398
231
-264
-198
-198
-260
-260
-360
-360
127
-372
-165
-165
-261
-363
-363
-183
-183
-155
-311
-311
229
-332
212
-194
-133
-133
-179
-179
230
-302
245
-280
196
-245
156
-133
185
185
-165
219
219
-128
225
188
188
-157
317
-204
179
167
167
-156
-145
-145
161
-150
-149
-149
-129
-129
-250
-250
-205
-205
-202
-202
-228
-228
-274
-274
128
-349
161
-263
-157
-157
-135
-135
-141
-141
138
138
-191
-149
-149
166
-290
148
-150
-150
163
163
220
220
145
145
-180
-180
-197
-197
130
-309
-249
-249
150
-359
-165
-165
-158
-158
-267
-267
217
-268
214
-201
191
-207
-136
-136
-127
-127
130
130
-238
192
-250
154
154
260
260
-146
225
-139
-139
-202
-202
-186
-186
-206
-206
-213
-213
-222
-222
145
-185
140
146
146
-164
300
-259
279
-136
-126
-126
-153
-153
-241
-241
-201
-201
-154
-154
-257
-257
-154
-154
127
127
149
149
-146
-146
-254
-254
-259
-259
-195
-195
-343
-343
138
-280
149
149
-215
239
197
197
-165
376
-287
347
-175
171
148
148
-237
159
-204
-189
-189
-211
-211
-206
-206
-263
-263
-168
-168
-264
-264
176
-237
132
163
163
-133
199
-219
195
129
129
253
253
-206
259
-215
280
-191
192
-148
131
-142
-215
-215
-185
-185
-134
-134
-182
-182
-137
-137
-149
-149
-184
-184
128
128
-176
225
-224
264
-158
175
127
127
-168
-206
-206
-260
-260
-276
-276
-306
-306
-327
-327
135
-284
-179
-179
-140
-140
-202
-202
148
-187
-163
-163
-231
-231
126
-278
-352
-352
184
-280
-191
-191
160
160
-187
210
210
-129
213
-143
-143
-177
-177
-197
-197
133
-153
128
128
148
148
-134
-141
-141
170
170
192
192
142
142
146
146
193
193
189
189
143
143
-227
150
-164
-190
-190
-252
-252
-263
-263
-305
-305
140
-309
128
-251
-145
-145
-138
-138
195
-203
201
-184
-135
-135
-154
-154
-127
-127
-129
-129
-216
-216
131
-154
-245
-245
150
-300
-216
-216
-187
-187
-216
-216
-140
-140
-187
-187
-187
-187
-142
-142
133
133
175
175
178
178
163
163
-144
-144
-134
-134
-138
-138
-126
-126
-132
-132
-181
-181
149
149
176
176
187
187
132
132
144
144
180
180
143
143
202
202
131
131
-146
-146
159
159
142
142
-186
161
-135
-152
-152
138
138
-140
213
152
152
170
170
225
225
-133
207
129
129
-182
-182
-174
-174
-138
-138
-194
-194
-219
-219
-136
-136
136
136
-140
-140
140
140
170
170
178
178
-127
-127
-133
-133
133
133
-136
-136
126
-197
-159
-159
-138
-138
-162
-162
-193
-193
146
-182
129
143
143
140
140
153
153
-180
-180
-137
-137
-131
-131
-180
-180
-144
-144
-141
-141
-157
-157
-128
-128
-166
-166
-148
-148
126
126
152
152
-137
146
-146
-146
-171
-171
-154
-154
-141
-141
-130
-130
-134
-134
-194
-194
-149
-149
194
-199
201
-147
150
150
138
138
-141
-141
-167
-167
-154
-154
-127
-127
-155
-155
-199
-199
132
-173
-142
-142
-157
-157
-140
-140
-134
-134
-149
-149
-127
-127
-142
-142
-133
-133
-154
-154
-167
-167
-159
-159
-144
-144
-172
-172
-145
-145
-127
-127
-130
-130
-131
-131
-141
-141
128
128
-160
148
-176
-132
-132
-141
-141
-184
-184
-193
-193
-160
-160
-137
-137
-132
-132
-131
