-176
-176
-174
-174
-190
-235
-213
-194
-181
-188
-182
-182
-182
178
178
-184
-184
-200
-186
-206
-196
-231
-206
-215
-258
-267
-273
-221
-211
-208
-178
-178
-186
-185
239
239
227
-190
-190
-217
-217
-269
-289
-288
-361
-360
-322
-279
-301
-345
-320
-327
-345
-364
-310
-237
-241
-261
-248
-219
-224
-224
173
173
195
178
178
197
203
202
275
282
267
201
222
239
235
249
238
310
237
267
250
277
213
213
213
282
327
-190
-190
-330
-330
-355
-339
-274
-258
-265
-202
-202
-188
-209
-238
-284
-290
-183
-218
-218
-302
-310
-211
-220
-235
-244
-244
-238
-275
-224
-259
-287
-320
-199
-269
-269
-323
-294
-231
199
199
282
357
314
304
389
442
515
558
569
547
474
504
592
522
468
411
463
495
342
264
-190
-190
-198
-198
-393
-500
-395
-399
-422
-370
-325
-256
-364
-366
-293
-227
-213
-192
-202
-202
-257
-306
-322
-293
-322
-387
-440
-516
-475
-500
-445
-428
-446
-440
-423
-300
-228
197
197
328
390
520
586
633
671
660
760
799
800
807
781
849
746
731
722
671
659
528
512
-359
-359
-535
-535
-721
-679
-688
-749
-627
-442
-477
-623
-620
-337
-307
-429
-421
243
243
208
175
175
192
385
498
311
-220
-220
-390
-361
-326
-359
-501
-628
-797
-866
-765
-560
-547
-730
-913
-845
-664
-557
-462
-404
-306
-256
270
270
293
322
563
815
917
859
844
965
1066
1104
1123
1153
1180
1059
1085
1078
1156
981
743
449
-203
-203
-474
-474
-912
-1020
-910
-913
-940
-753
-708
-727
-887
-765
-531
-568
-494
-351
244
244
228
228
316
444
610
606
378
253
273
412
302
-575
-575
-742
-794
-704
-707
-829
-888
-1111
-1262
-1258
-1036
-785
-798
-794
-773
-733
-663
-551
-250
219
219
339
535
565
648
843
994
1186
1030
1133
1051
1103
1048
1087
1235
1208
1170
1076
1161
1002
702
231
-581
-581
-1045
-1196
-1014
-795
-775
-745
-877
-863
-974
-800
-560
-448
-323
-237
251
251
195
353
353
512
602
637
586
370
290
314
488
436
297
-269
-269
-619
-706
-620
-587
-771
-948
-1069
-1253
-1394
-1332
-1054
-862
-871
-877
-873
-839
-795
-581
-221
257
257
452
643
781
1004
1128
1162
1145
1169
1216
1129
1146
1193
1375
1385
1293
1238
1190
1206
1012
751
-295
-295
-299
268
258
-379
-1147
-1292
-1030
-945
-913
-768
-689
-1049
-1313
-1122
-494
-463
-660
-596
388
388
339
339
367
447
695
796
473
223
223
571
617
319
-193
-193
-695
-998
-723
-585
-745
-1034
-1126
-1322
-1615
-1608
-1181
-863
-948
-1069
-1037
-935
-1003
-810
-351
193
193
463
677
827
1080
1295
1276
1133
1165
1349
1407
1309
1287
1435
1520
1492
1399
1380
1398
1308
1002
-364
-364
-349
479
547
-280
-1256
-1440
-1090
-1041
-1082
-805
-676
-1151
-1691
-1455
-540
-449
-790
-872
451
451
421
421
428
444
768
1039
696
175
196
725
912
560
211
185
-526
-526
-1045
-993
-518
-437
-897
-1179
-1456
-1699
-1810
-1393
-783
-804
-1175
-1314
-1173
-998
-902
-428
451
451
732
868
1114
1420
1514
1311
1207
1426
1524
1534
1432
1674
1725
1626
1461
1574
1645
1614
1156
326
-293
-426
498
679
-1372
-1372
-1694
-1277
-1011
-1137
-1041
-894
-1261
-1957
-1920
-910
-543
-807
-1214
-482
235
-270
-270
-247
354
492
435
637
1019
879
349
246
736
1082
796
315
-539
-539
-836
-655
-481
-709
-1120
-1275
-1396
-1621
-1768
-1464
-1074
-1122
-1249
-1341
-1201
-1243
-1049
-462
401
401
884
1088
1306
1489
1464
1238
1284
1691
1884
1693
1453
1610
1804
1788
1613
1698
1675
1644
1069
292
-302
-327
440
542
-186
-1366
-1707
-1383
-1186
-1188
-950
-929
-1352
-2112
-1935
-1033
-643
-835
-1104
-458
-266
-266
457
457
562
523
741
1050
941
504
469
883
1140
898
476
212
-543
-543
-835
-698
-377
-518
-1102
-1430
-1622
-1685
-1729
-1400
-1074
-1168
-1491
-1513
-1279
-1115
-964
-534
468
468
895
1132
1331
1516
1525
1304
1361
1728
2029
1848
1604
1621
1834
1831
1775
1832
1876
1686
717
-303
-303
347
743
330
-779
-1583
-1524
-1223
-1154
-1088
-941
-1215
-1856
-2375
-1644
-930
-741
-1189
-1102
-415
-240
-240
-398
513
513
515
452
753
1063
829
528
678
1161
1185
789
272
-477
-477
-577
-544
-438
-912
-1262
-1494
-1499
-1582
-1608
-1398
-1261
-1455
-1621
-1505
-1243
-1066
-887
-418
-195
-195
766
766
1065
1236
1304
1516
1521
1520
1768
2053
2174
1883
1798
1969
2195
2072
1983
1927
2011
1251
349
289
289
925
484
-514
-1460
-1469
-1212
-1147
-1103
-998
-1232
-1936
-2524
-2015
-1069
-767
-1130
-1367
-849
-475
-376
-383
448
448
399
303
484
935
1043
838
874
1104
1223
892
476
177
-317
-317
-436
-564
-815
-1203
-1326
-1389
-1390
-1533
-1548
-1488
-1483
-1606
-1478
-1215
-1043
-903
-702
-306
-214
653
653
1011
1059
1131
1404
1612
1707
1802
2040
2148
1973
1819
1920
2250
2250
2070
1949
2017
1371
428
531
531
1109
649
-653
-1465
-1433
-1203
-1190
-1117
-946
-1343
-2160
-2753
-2189
-1254
-901
-1238
-1500
-1208
-911
-755
-515
350
350
199
691
691
992
972
981
1103
1037
746
417
390
399
-315
-315
-490
-386
-714
-1097
-1254
-1177
-1279
-1553
-1666
-1492
-1569
-1694
-1570
-1268
-1052
-1100
-814
-454
-221
617
617
874
979
1125
1483
1742
1812
2005
2177
2332
2161
2126
2195
2360
2317
2261
2052
1460
676
328
857
1134
588
-646
-1184
-1099
-990
-1164
-1103
-1036
-1572
-2468
-2704
-1898
-1213
-1217
-1630
-1656
-1377
-1241
-1031
-606
-296
-296
-342
615
615
896
987
1002
1035
881
730
637
735
708
349
-345
-345
-275
-345
-569
-792
-922
-1148
-1449
-1524
-1393
-1358
-1451
-1470
-1391
-1295
-1118
-741
-434
-369
-362
296
296
585
770
1080
1362
1475
1528
1803
2130
2315
2199
2184
2210
2291
2220
2255
2069
1541
854
790
1271
1286
483
-539
-770
-644
-715
-935
-872
-1009
-1623
-2475
-2461
-1759
-1247
-1295
-1649
-1687
-1630
-1479
-1174
-688
-296
-328
-611
-665
-251
382
776
931
830
762
632
613
730
858
785
393
-221
-221
-221
-189
-186
-377
-621
-1076
-1272
-1269
-1190
-1196
-1285
-1343
-1416
-1366
-1082
-653
-425
-431
-369
-188
254
254
579
1018
1212
1292
1389
1647
1945
2129
2224
2315
2274
2233
2147
1920
1598
1210
1310
1497
1404
729
-277
-277
-317
-371
-376
-354
-718
-1479
-2172
-2058
-1546
-1255
-1322
-1497
-1604
-1736
-1716
-1347
-807
-553
-675
-906
-955
-628
313
313
584
601
476
307
359
582
830
791
485
-268
-268
-639
-898
-915
-855
-868
-994
-1149
-1267
-1292
-1094
-697
-441
-437
-510
-413
-179
232
232
539
775
899
1051
1303
1647
1809
1895
1995
2128
2259
2219
1927
1621
1392
1503
1592
1484
1070
615
291
-454
-454
-1011
-1579
-1704
-1509
-1329
-1278
-1381
-1529
-1686
-1644
-1379
-1058
-900
-960
-1063
-1109
-875
-492
182
182
374
543
543
317
-351
-351
-583
-567
-549
-624
-784
-898
-967
-1035
-922
-655
-442
-407
-429
-382
-229
316
316
436
510
715
1010
1339
1555
1721
1862
1896
1968
1959
1885
1696
1613
1585
1512
1249
982
869
736
484
303
203
-506
-506
-1036
-1191
-1118
-1092
-1158
-1252
-1321
-1478
-1562
-1431
-1127
-948
-1019
-1263
-1388
-1237
-878
-508
-291
-238
-260
-255
-189
303
303
433
284
194
194
285
282
176
-192
-192
-191
-194
-194
-352
-540
-709
-769
-683
-452
-375
-419
-498
-432
-290
-183
221
221
506
884
1117
1296
1415
1581
1723
1825
1872
1787
1715
1644
1627
1509
1336
1202
1098
884
669
545
421
196
-246
-559
-726
-865
-1001
-1124
-1145
-1216
-1301
-1394
-1368
-1272
-1188
-1190
-1341
-1402
-1293
-1021
-799
-685
-610
-517
-431
-296
193
193
215
-250
-250
-421
-555
-478
-346
-276
-293
-316
-293
-304
-240
259
259
544
737
941
1168
1290
1389
1435
1590
1615
1640
1542
1467
1378
1254
1234
1164
1051
956
885
751
526
-204
-204
-398
-530
-553
-660
-779
-1018
-1188
-1248
-1143
-1047
-1065
-1195
-1392
-1458
-1363
-1124
-898
-775
-765
-790
-793
-612
-338
-227
-227
-319
-322
229
229
243
182
182
174
-198
-198
-384
-386
-208
-262
-262
-270
186
186
198
365
365
629
817
988
1003
1118
1232
1417
1436
1435
1359
1261
1200
1116
1174
1229
1166
1078
1032
906
728
379
-277
-277
-367
-475
-542
-716
-936
-1070
-1067
-1008
-1006
-1073
-1247
-1409
-1477
-1397
-1187
-980
-864
-893
-970
-938
-716
-518
-397
-445
-479
-529
-508
-312
-205
-205
-311
-175
215
215
343
293
192
247
247
476
703
942
1007
1075
1059
1148
1173
1260
1226
1117
1047
979
1113
1166
1121
982
942
802
697
501
263
-261
-261
-349
-331
-443
-682
-869
-910
-794
-769
-808
-1032
-1217
-1317
-1295
-1137
-980
-888
-933
-1053
-1075
-900
-649
-492
-511
-605
-686
-702
-605
-335
-241
-241
174
174
234
189
305
305
411
410
346
337
410
574
713
875
921
995
1051
1172
1228
1192
1144
952
946
914
1025
1092
1024
832
723
643
617
563
374
233
-257
-257
-330
-360
-385
-529
-645
-728
-748
-781
-752
-789
-918
-1036
-1132
-1091
-1036
-978
-926
-946
-988
-982
-869
-700
-662
-707
-777
-804
-718
-575
-432
-376
-384
-390
-301
-189
194
194
210
182
196
219
263
362
495
537
451
400
436
629
776
906
982
998
1043
1054
1150
1164
1208
1013
932
860
909
959
871
744
657
612
500
450
262
-303
-303
-349
-348
-304
-444
-579
-678
-660
-654
-615
-610
-735
-881
-988
-935
-821
-771
-800
-864
-917
-908
-817
-678
-607
-703
-791
-849
-764
-637
-488
-423
-439
-526
-530
-394
-238
-180
-180
-241
-183
249
249
222
196
176
267
398
525
579
538
519
523
627
771
909
1015
1026
1057
1067
1209
1243
1277
1123
958
914
882
969
938
818
639
551
462
459
343
-333
-333
-391
-426
-379
-403
-555
-716
-769
-680
-604
-563
-680
-800
-898
-936
-878
-781
-684
-707
-819
-869
-802
-674
-580
-578
-661
-766
-846
-796
-609
-455
-414
-514
-599
-585
-469
-334
-242
-246
-319
-361
-288
276
276
420
510
532
506
515
592
756
886
965
990
1027
1107
1215
1391
1373
1350
1023
906
912
1021
1105
977
788
609
525
404
431
294
-450
-450
-503
-535
-434
-506
-623
-748
-755
-703
-634
-573
-634
-702
-875
-974
-909
-749
-599
-625
-733
-769
-733
-619
-514
-504
-537
-699
-782
-739
-564
-436
-447
-507
-554
-522
-463
-330
-266
-271
-377
-452
-327
-175
254
254
406
532
543
510
456
562
770
966
1048
1023
1040
1123
1280
1458
1484
1419
1090
934
949
1087
1202
1103
872
632
496
420
499
409
213
-468
-468
-540
-558
-453
-501
-633
-800
-883
-837
-713
-608
-671
-814
-979
-1010
-910
-761
-631
-662
-761
-804
-748
-569
-412
-396
-501
-663
-725
-691
-531
-414
-372
-471
-584
-598
-473
-284
-238
-288
-423
-507
-436
-293
358
358
476
490
466
454
526
679
868
996
1042
1032
1139
1251
1480
1478
1444
1227
1027
1041
1072
1225
1148
986
709
599
526
555
513
269
-388
-388
-499
-534
-434
-443
-618
-815
-966
-900
-762
-589
-638
-794
-1012
-1117
-1017
-812
-624
-626
-741
-848
-797
-637
-378
-293
-323
-548
-694
-686
-542
-318
-287
-338
-507
-545
-492
-291
-270
-270
-468
-440
-367
210
210
399
436
444
394
420
558
724
921
946
943
967
1128
1306
1486
1424
1326
1125
987
1097
1157
1270
1130
932
687
639
634
660
560
227
-372
-372
-410
-413
-352
-412
-636
-856
-973
-853
-755
-660
-787
-967
-1142
-1181
-1044
-883
-747
-790
-890
-945
-832
-656
-437
-362
-408
-565
-663
-609
-459
-290
-263
-311
-436
-456
-391
-222
-255
-255
-429
-416
-308
291
291
360
355
292
301
430
586
746
828
833
837
914
1079
1272
1383
1284
1206
1035
1043
1114
1189
1222
1077
870
705
698
671
664
469
204
-283
-283
-315
-351
-346
-482
-647
-839
-887
-836
-782
-780
-913
-1022
-1139
-1146
-1075
-983
-894
-896
-932
-906
-812
-655
-507
-465
-488
-560
-569
-523
-407
-327
-281
-268
-273
-266
-248
-247
-247
-293
-248
344
344
365
316
258
268
407
562
735
780
786
753
866
1049
1235
1351
1219
1174
1043
1081
1152
1173
1213
1046
922
907
867
808
721
406
-206
-206
-243
-243
-309
-549
-832
-1048
-1125
-922
-803
-789
-1104
-1345
-1442
-1323
-1132
-966
-830
-843
-967
-1028
-893
-576
-318
-326
-446
-551
-477
-349
-195
-285
-285
-307
-283
-283
-383
-294
-243
-212
-212
-281
268
268
228
198
198
385
539
728
755
751
738
848
1102
1357
1447
1323
1092
1029
1103
1301
1330
1172
937
720
599
557
662
731
697
325
-409
-409
-445
-275
-290
-411
-671
-861
-1025
-1136
-1077
-944
-851
-1018
-1272
-1405
-1281
-1062
-942
-872
-857
-813
-779
-690
-486
-285
-205
-266
-390
-350
-204
-197
-197
-185
-186
-186
-357
-366
-282
-249
-249
-233
173
173
215
239
239
447
661
746
750
738
811
948
1122
1347
1449
1401
1160
966
1008
1269
1483
1348
1055
737
598
512
440
401
395
281
-476
-476
-677
-569
-491
-589
-839
-1060
-1114
-1185
-1215
-1217
-1151
-1105
-1188
-1252
-1218
-986
-872
-858
-867
-878
-669
-433
-263
-189
-189
-186
-186
-281
-281
-318
-290
-218
-181
-181
-222
-360
-399
-366
257
257
416
397
458
511
644
779
833
979
1058
1119
1158
1270
1289
1125
869
902
1236
1445
964
201
670
670
1275
818
-381
-381
-386
-386
-538
-731
-697
-957
-957
-1665
-1122
-712
-469
-1290
-1604
-891
-587
-908
-1538
-1192
-270
-382
-951
-1146
-389
-449
-449
-417
184
184
-476
-476
346
346
331
-221
-221
-261
-261
-255
-251
-251
-631
-607
-207
-312
-312
-467
-438
-320
-202
229
229
505
602
489
501
649
743
865
958
1082
1257
1214
1239
1206
1160
1023
1019
1438
1639
1208
202
730
730
1258
696
-314
-552
-525
-525
-947
-782
-571
-1010
-1376
-1192
-935
-1072
-1589
-1306
-773
-724
-1233
-1627
-1068
-383
-268
-730
-928
-592
-269
-233
-241
-241
255
255
184
184
-272
-272
-346
264
264
-384
-384
-487
-327
-223
-223
-447
-459
-193
195
195
249
524
614
578
567
705
802
718
814
1043
1227
1257
1076
944
798
764
1044
1390
1370
542
-217
788
788
979
-591
-591
-480
-190
-190
-688
-849
-555
-580
-986
-1025
-868
-779
-1119
-1143
-542
-563
-762
-1147
-1047
-499
-174
-598
-598
-714
-408
-199
-199
-269
207
207
-203
-203
-305
-180
-180
-422
-430
-187
-229
-229
-251
246
246
267
293
182
298
485
658
717
590
669
696
728
827
1004
1152
1191
997
704
552
677
1119
1327
949
-335
-335
861
861
664
-218
-612
-316
-297
-297
-746
-689
-465
-566
-951
-905
-710
-748
-1078
-984
-497
-335
-735
-1186
-919
-328
-433
-433
-760
-603
-270
-217
-217
-174
-212
-212
-207
-207
-278
-186
-268
-268
-336
-314
-232
-224
-224
-328
-259
239
239
302
177
223
422
597
560
571
745
805
761
744
999
1322
1325
987
557
479
873
1271
1287
528
736
736
927
-644
-644
-522
-587
-587
-831
-619
-572
-894
-967
-765
-645
-1041
-1219
-780
-463
-651
-1164
-1041
-388
-306
-306
-779
-680
-275
179
179
179
-198
-198
-223
-223
-202
-311
-311
-415
-302
-204
-204
-228
-314
-365
-345
-218
-218
197
197
234
263
414
465
394
507
685
843
844
898
1087
1180
1124
930
755
747
932
1218
1148
506
336
336
974
896
-594
-594
-299
191
-715
-715
-794
-462
-439
-841
-1015
-837
-733
-1014
-1142
-873
-634
-764
-1015
-780
-330
-260
-706
-952
-583
-295
-295
-287
-237
-237
-335
-335
-387
-206
-200
-200
-221
-243
-252
-318
-205
-175
-175
286
286
426
488
425
459
658
750
782
915
1125
1282
1129
846
635
742
1089
1233
893
375
319
809
1040
485
-264
-311
-473
-473
-816
-463
-421
-421
-921
-1030
-806
-813
-1008
-894
-657
-662
-942
-981
-602
-342
-541
-883
-794
-400
-282
-282
-307
-232
-232
203
203
-234
-234
-247
-184
-184
-192
-207
-248
-346
-371
-224
-197
-197
-186
225
225
342
341
362
526
732
826
850
1019
1236
1266
1037
632
622
970
1318
1139
542
299
724
1232
791
-429
-429
209
209
-278
-718
-540
-265
-265
-989
-1235
-878
-602
-885
-1113
-988
-710
-758
-922
-778
-563
-638
-940
-848
-423
-241
-241
-347
198
198
-368
-368
-222
258
409
-253
-253
340
340
323
-225
-225
-285
-233
-233
-319
-385
-471
-487
-316
-182
-237
-384
-288
266
266
446
580
732
894
832
1021
1109
1260
1191
869
705
857
1269
1355
929
469
641
1164
1040
223
-413
275
275
-604
-604
-619
-798
-798
-1260
-992
-559
-721
-1199
-1190
-741
-499
-747
-940
-756
-542
-669
-811
-529
-320
-320
-192
200
200
-282
-282
426
426
272
334
334
299
-236
-236
-210
-210
-330
-252
-236
-236
-355
-505
-552
-536
-407
-327
-411
-462
-346
332
332
429
549
671
824
923
1045
1093
1217
1305
1159
874
786
1160
1476
1263
678
504
972
1176
530
-229
-271
236
192
-438
-753
-332
-531
-531
-1256
-1227
-677
-565
-1123
-1352
-887
-441
-607
-1038
-998
-598
-486
-722
-708
-343
-179
-179
-225
214
214
-195
-195
395
395
415
223
223
300
-180
-180
-232
-232
-182
-274
-274
-463
-550
-554
-535
-458
-370
-382
-485
-383
267
267
439
519
636
793
879
1012
1049
1186
1314
1394
1277
921
939
1250
1508
1137
613
579
1132
1190
379
-292
-200
376
-573
-573
-737
-302
-693
-693
-1243
-1057
-544
-658
-1307
-1328
-793
-378
-725
-1105
-913
-526
-514
-809
-682
-284
-253
-253
-229
205
205
-216
-216
383
383
284
260
260
280
-209
-209
-200
-200
-255
-238
-249
-402
-504
-544
-479
-501
-476
-451
-476
-469
-384
264
264
346
455
559
748
817
879
1063
1141
1323
1246
1061
833
917
1209
1299
979
527
612
1044
1017
309
-301
-188
260
-601
-601
-673
-207
-703
-703
-1249
-1007
-491
-616
-1253
-1271
-740
-351
-686
-1043
-840
-495
-503
-836
-720
-344
-229
-229
-231
-276
-276
304
304
176
237
237
-253
-253
-224
-184
-236
-274
-256
-199
-336
-438
-514
-491
-478
-447
-369
-431
-423
-324
310
310
381
437
627
747
825
849
1009
1212
1267
1233
1120
958
881
1003
1211
1168
735
480
756
1036
633
-322
-322
195
195
-340
-714
-432
-338
-338
-1025
-1137
-659
-445
-980
-1264
-908
-380
-488
-945
-963
-580
-368
-696
-820
-596
-212
-283
-283
-271
-271
-259
-259
183
183
-241
-241
-313
-213
-213
-270
-314
-185
-254
-342
-428
-445
-377
-369
-269
-360
-443
-315
360
360
379
343
504
772
793
734
839
1104
1265
1138
1110
1028
842
804
947
1260
1047
543
307
825
1027
433
-287
-330
283
-481
-481
-743
-246
182
-455
-1085
-1057
-411
-400
-1041
-1178
-712
-240
-609
-1039
-910
-375
-317
-805
-932
-609
-223
-223
-346
-287
-191
-191
-395
-191
-256
-256
-311
-323
-323
-280
-288
-288
-267
-247
-247
-406
-319
-202
-223
-223
-398
-293
176
176
181
181
389
402
312
395
672
817
682
715
916
1141
1098
993
1059
896
700
649
991
1192
732
264
370
1013
862
-480
-480
415
415
-665
-665
-591
-751
-751
-1123
-725
-192
-648
-1191
-1007
-385
-303
-887
-1024
-600
-215
-630
-1071
-914
-353
-466
-466
-491
-297
-290
-290
-419
-182
-441
-441
-273
203
203
-336
-336
-243
-274
-274
-217
-231
-231
-324
-194
-334
-334
-391
-199
260
260
356
175
273
523
648
605
488
706
950
1013
971
939
1013
755
490
555
978
1156
632
370
370
1029
884
-438
-438
372
372
-686
-686
-480
255
-774
-774
-1105
-586
-618
-618
-1218
-1011
-403
-341
-889
-980
-506
-228
-698
-1103
-892
-339
-200
-473
-456
-243
-316
-316
-327
-209
-209
-449
241
241
225
-218
-218
-204
-204
-330
-275
-275
-225
-188
-188
-409
-365
327
327
359
291
246
324
602
705
791
828
1023
1309
1432
1463
1324
1032
538
380
733
1170
1037
516
401
689
420
-349
-803
-354
-339
-339
-930
-783
-1072
-1072
-1546
-1215
-691
-996
-1300
-784
-905
-905
-1212
-621
-459
-459
-262
253
352
284
284
333
-276
-276
372
372
254
-198
-383
-438
-548
-702
-621
-352
-394
-615
-779
-680
-623
-608
-613
-653
-532
-396
352
352
551
744
772
630
666
834
1026
1094
1144
1289
1481
1763
1880
1851
1929
1794
1113
-210
-210
557
1551
1434
360
-474
-515
-799
-1476
-1718
-998
-414
-1093
-1922
-1711
-821
-957
-2063
-2406
-1510
-297
-221
-357
-367
-367
-1042
-468
983
1794
1369
740
677
936
818
581
879
1201
1110
497
239
330
-695
-695
-1436
-1399
-1093
-1070
-1369
-1513
-1449
-1733
-2031
-1896
-1198
-722
-719
-789
-552
-245
-243
-188
528
528
834
915
1020
1082
1110
1121
1250
1365
1395
1246
1122
1045
1058
1161
1217
1333
1362
1420
1426
1608
1258
-1209
-1209
-1306
1508
1508
1206
-306
-1467
-1538
-1752
-1973
-1549
-283
-1028
-1028
-1996
-1563
-504
-755
-1599
-1347
934
934
551
256
256
295
-228
-362
666
2105
2270
1152
284
284
333
544
1080
1135
424
-773
-1198
-1065
-936
-1202
-1415
-1276
-1308
-1690
-2101
-2054
-1699
-1421
-1183
-785
-418
-334
-436
-423
-185
582
582
932
1061
929
708
634
718
920
1167
1413
1435
1142
678
377
431
712
969
1221
1341
1369
1141
1034
1270
855
-361
-1409
-730
1199
2169
832
-1098
-1826
-1534
-1487
-1302
-382
609
-1856
-1856
-2334
-1055
-678
-678
-1341
-604
660
747
-253
-253
244
207
196
196
1602
2318
1387
-377
-377
200
602
702
1033
1215
551
-805
-1621
-1268
-652
-615
-1042
-1370
-1600
-2009
-2297
-2035
-1437
-1088
-1142
-995
-627
-453
-546
-487
519
519
790
879
918
891
710
587
799
1220
1445
1434
1295
1114
766
473
450
827
1221
1385
1278
1235
1042
1088
1164
443
-688
-1337
-323
1465
1820
-1547
-1547
-1989
-1602
-1389
-980
398
398
-857
-2332
-2140
-499
248
-637
-1101
-258
738
519
-173
610
610
359
606
606
1916
2094
758
-360
579
579
748
689
910
883
-1469
-1469
-1756
-1091
-479
-686
-1244
-1597
-2078
-2573
-2483
-1755
-959
-802
-1122
-1086
-879
-649
-432
539
539
815
735
747
858
854
817
793
1170
1471
1402
1220
999
902
668
501
717
1118
1267
1204
951
1001
924
1269
1103
-988
-988
-1270
1640
1640
1289
-480
-1607
-1696
-1493
-1405
-655
377
-1469
-1469
-2404
-1387
-869
-869
-657
301
656
703
703
896
198
917
917
2047
1607
328
-176
242
529
467
584
925
481
-850
-1813
-1548
-757
-625
-1174
-1656
-1910
-2288
-2409
-2001
-1306
-900
-1099
-1095
-873
-685
-471
434
434
764
740
762
897
971
1004
991
1190
1417
1333
1201
1144
1059
833
623
608
913
1016
1115
1113
1109
920
927
1158
423
-594
-1378
-461
1397
1573
-1375
-1375
-1831
-1469
-1505
-1169
196
394
-811
-2204
-1961
-478
-647
-647
-563
283
646
-416
-416
351
903
519
244
726
1652
1451
375
312
312
464
393
375
718
575
-699
-1636
-1701
-1069
-719
-1125
-1460
-1828
-2362
-2566
-2183
-1495
-940
-1090
-1136
-966
-907
-581
-181
473
845
773
771
897
891
966
1125
1400
1579
1215
1103
1187
1159
894
561
652
1005
962
977
965
1138
1014
841
1181
454
-566
-1313
-539
1350
1651
-1208
-1208
-1646
-1429
-1435
-1163
214
438
-752
-2017
-1712
-434
-724
-724
-388
490
656
-469
-469
306
803
400
336
880
1549
1248
218
364
364
342
285
326
586
423
-746
-1492
-1657
-1224
-851
-974
-1189
-1830
-2461
-2333
-1775
-1253
-994
-1167
-908
-768
-831
-435
711
711
708
641
889
1150
937
846
1102
1587
1684
1127
998
1087
1101
779
630
806
1072
853
804
920
1176
884
976
988
183
-758
-1362
1657
1657
1295
-298
-1335
-1604
-1209
-1339
-653
390
-1115
-1115
-2040
-1287
-220
-220
-634
-192
307
395
-182
-182
505
375
319
319
943
1388
743
211
211
423
682
-1163
-1163
-1539
-1455
-975
-930
-892
-1110
-1962
-2479
-2134
-1390
-768
-867
-1077
-777
-806
-674
-255
429
853
655
634
917
1107
959
885
1161
1652
1506
1132
1021
1063
992
729
720
1056
1075
965
834
1030
1116
1039
1141
322
-507
-1173
-460
1190
1465
-978
-978
-1598
-1431
-1272
-813
349
-963
-963
-1927
-1466
-349
-174
-586
-255
278
322
544
544
568
214
214
753
1332
946
219
247
247
291
291
667
298
-900
-1488
-1652
-1091
-743
-775
-919
-1648
-2349
-2283
-1672
-901
-531
-825
-817
-950
-901
-389
770
770
794
752
858
898
871
951
1059
1408
1489
1272
1235
1036
942
879
748
981
1050
1127
1180
1153
973
1121
1102
-736
-736
-1223
1417
1417
1197
-309
-1283
-1661
-1504
-1423
-688
387
-1411
-1411
-2275
-1387
-237
-290
-651
-364
737
737
543
315
315
868
1339
748
233
246
296
194
303
303
496
-989
-989
-1362
-1503
-1023
-976
-1030
-1096
-1805
-2238
-2161
-1700
-1040
-773
-861
-634
-902
-873
-428
775
775
769
876
966
858
868
1061
1318
1612
1480
1293
1413
1164
1085
911
974
1242
1169
1268
1280
1311
1109
1339
440
-493
-1223
-763
1065
1568
335
-1124
-1867
-1862
-1474
-1078
233
-1042
-1042
-2130
-2088
-671
-263
-363
-188
600
600
755
466
694
933
1363
1021
378
272
195
237
458
531
406
-1004
-1004
-1346
-1611
-1292
-906
-900
-1134
-1909
-2273
-2054
-1695
-1282
-1029
-840
-597
-757
-781
-381
521
521
598
898
1219
1163
962
922
1268
1629
1669
1547
1519
1299
1145
981
1159
1342
1318
1252
1220
1277
1204
1189
-804
-804
-1330
-414
1090
1154
-187
-1377
-2083
-1988
-1590
-897
214
-338
-1468
-2273
-1754
-726
-574
-505
220
220
738
738
536
513
897
1324
1522
888
457
433
302
349
349
504
536
-224
-1198
-1610
-1801
-1312
-1080
-883
-1123
-1988
-2426
-2260
-1690
-1026
-800
-672
-546
-940
-850
-403
388
967
837
932
953
1040
1102
1225
1486
1695
1487
1525
1457
1382
1258
1003
1144
1398
1474
1495
1287
1247
1481
-962
-962
-1454
-384
1453
1328
-196
-1369
-2218
-1936
-1555
-815
487
-314
-1491
-2441
-1912
-590
-573
-679
-312
189
189
652
652
437
554
896
1291
1762
967
400
307
333
529
644
478
378
-375
-1151
-1362
-1661
-1295
-1284
-1167
-1356
-1974
-2227
-2093
-1756
-1333
-1052
-760
-505
-779
-668
-392
658
658
810
1171
1190
1082
982
1140
1541
1753
1694
1614
1515
1292
1228
1106
1342
1502
1499
1452
1245
1509
335
-863
-1581
-846
925
1343
-993
-993
-1946
-2184
-1896
-1267
323
-896
-896
-1902
-1953
-1024
-851
-758
-217
197
307
-186
-186
278
196
352
844
1260
1709
1087
407
230
203
424
616
573
558
-1029
-1029
-1479
-1825
-1416
-1227
-1173
-1267
-1870
-2238
-2284
-1985
-1384
-999
-738
-670
-1002
-821
-425
209
707
800
1080
1157
1126
1201
1365
1633
1722
1699
1830
1814
1615
1403
1222
1477
1482
1688
1594
1761
1292
-384
-1390
-1554
1210
1210
746
-420
-1448
-2326
-2120
-1800
-493
262
-560
-1288
-1781
-1217
-744
-849
-460
301
301
431
215
215
217
562
562
1049
1574
1442
698
331
209
209
553
608
475
177
-561
-853
-1287
-1542
-1427
-1306
-1048
-1411
-1936
-2180
-2109
-1816
-1370
-982
-521
-823
-1116
-965
-429
384
647
904
1090
1067
1092
1111
1417
1774
1862
1918
1882
1749
1797
1525
1730
1745
1857
1792
1787
1396
-946
-946
-1279
874
874
483
-552
-1481
-2122
-2101
-1940
-854
-278
-751
-1265
-1630
-1240
-1097
-1106
-530
513
513
569
293
315
516
516
1155
1671
1389
760
386
195
226
355
376
473
239
-309
-797
-1360
-1587
-1602
-1339
-941
-979
-1466
-2043
-2278
-2028
-1508
-942
-547
-657
-914
-1077
-713
409
409
754
944
1051
1039
1015
1178
1488
1762
1951
2007
2037
1926
1717
1695
1911
2087
2177
2076
864
-913
-913
-506
650
657
-834
-834
-1713
-1882
-2190
-1624
-847
-942
-1070
-1434
-1277
-1123
-1502
-1293
-719
671
671
601
573
255
662
662
1491
1811
1381
850
341
282
282
237
475
575
201
-291
-1107
-1625
-1561
-1443
-1004
-909
-1161
-1494
-2017
-1976
-1655
-1169
-701
-708
-694
-741
-678
-406
-214
182
598
843
1091
1048
1015
1041
1019
1396
1722
2040
2097
1968
1817
1885
1783
2063
2102
1100
403
-291
251
875
446
-710
-710
-1296
-1402
-1809
-1168
-978
-1405
-1544
-1614
-1054
-1114
-1554
-1364
-1029
-451
433
433
193
193
600
1170
1292
1169
1062
668
417
349
282
575
444
271
-766
-766
-1252
-1503
-1292
-818
-867
-1130
-1588
-1924
-1875
-1683
-1145
-782
-739
-837
-923
-592
-270
175
175
347
690
872
991
1057
1056
1106
1148
1358
1683
1901
1973
1888
1859
1774
1996
1327
671
306
387
1168
1066
413
-931
-931
-995
-1199
-944
-477
-977
-1169
-1524
-1293
-1103
-1421
-1379
-1201
-925
-430
-259
-398
-398
-236
815
815
1035
935
675
448
413
495
427
495
443
257
-251
-251
-499
-717
-861
-730
-772
-888
-1004
-1273
-1304
-1415
-1261
-933
-893
-762
-783
-583
-338
-271
360
360
777
894
1013
883
796
970
1126
1469
1662
1667
1633
1603
1542
1858
1268
636
222
222
1028
1079
696
210
-518
-711
-893
-735
-215
-589
-689
-965
-810
-692
-1124
-1198
-1142
-869
-425
-287
-296
-296
-599
-496
-268
186
423
436
383
266
-185
-185
-437
-644
-837
-805
-642
-531
-416
-651
-844
-1063
-1040
-767
-504
-355
-267
-218
365
365
680
824
917
869
751
692
780
1054
1379
1444
1440
1350
1381
1264
628
449
449
920
845
531
-472
-472
-798
-840
-385
-253
-253
-368
-443
-393
-619
-800
-807
-716
-407
-262
-262
-510
-549
-321
208
208
-208
-208
-299
-329
-254
-336
-336
-640
-830
-861
-641
-443
-377
-428
-553
-648
-633
-476
-325
275
275
538
598
508
415
435
636
926
1076
1007
862
626
688
816
1026
1108
1170
1065
733
276
237
237
442
454
232
-316
-316
-615
-653
-576
-453
-286
-240
-227
-337
-516
-704
-730
-496
-233
-233
-311
-323
-228
-249
-249
-366
-453
-487
-459
-424
-505
-590
-674
-743
-792
-835
-755
-630
-509
-501
-417
-357
-275
-219
384
384
579
684
723
747
701
739
850
819
950
1035
1009
1016
944
758
798
791
585
373
187
207
184
-188
-188
-244
-342
-399
-316
-402
-462
-533
-488
-319
-364
-293
-338
-362
-282
-210
-212
-212
-302
-345
-331
-438
-542
-622
-788
-772
-798
-723
-744
-849
-811
-682
-513
-359
318
318
470
564
709
711
812
935
952
1131
1048
1131
1194
1158
1179
1008
774
522
389
372
429
365
190
-317
-317
-518
-465
-526
-503
-652
-756
-742
-716
-655
-656
-666
-726
-688
-442
-195
219
219
350
340
338
330
305
233
-370
-370
-494
-657
-756
-689
-693
-609
-617
-629
-675
-541
-635
-486
-382
321
321
533
718
687
679
825
923
1085
1083
1087
983
896
594
690
646
550
350
-347
-347
-500
-621
-634
-462
-506
-478
-649
-685
-678
-604
-492
-386
-369
-282
-277
193
193
306
372
332
210
286
286
206
206
-314
-314
-186
-308
-324
-413
-441
-534
-439
-485
-437
-443
-397
-348
-266
-278
-209
-230
437
437
310
310
182
273
574
476
781
657
651
660
578
603
613
515
637
514
459
342
310
205
-209
-209
-432
-426
-470
-343
-346
-448
-477
-665
-566
-496
-385
-239
-282
-268
-268
-193
269
269
311
311
-223
-267
-267
-341
-292
-511
-342
-194
-411
-471
-471
-187
-375
-202
-202
201
201
211
211
273
342
518
410
638
440
507
364
357
420
498
466
385
272
218
197
197
-221
-221
-200
-246
-244
-244
-263
-275
-299
-334
-366
-334
-288
-225
-192
-192
204
204
-188
-188
-207
-324
-324
-324
-324
-331
-331
-363
-363
-295
-295
-339
-339
-403
-403
191
-440
202
174
174
361
361
352
352
337
469
458
348
292
376
359
276
272
296
-206
-206
-210
-210
-307
-307
-194
-194
-224
-301
-301
-213
-213
-186
190
190
-304
-304
-282
-282
-342
-342
-184
-279
-191
-199
-269
-288
-202
-373
-419
-419
-396
-396
-356
-356
178
178
297
297
343
343
241
318
249
202
221
221
306
306
182
-257
-257
-246
-246
-175
-188
-188
-201
-201
209
186
186
183
183
209
209
222
209
209
-268
-268
-593
-593
-497
-497
-259
-580
-580
-618
-618
-413
-413
-181
-242
-242
211
211
399
399
381
381
284
284
190
190
214
214
186
-265
-265
-336
-336
-197
-197
-181
-181
337
337
355
355
257
257
184
184
-195
-195
-294
-294
-183
-183
-191
-393
-393
-196
-373
-260
-274
-302
-224
-417
-318
-350
-272
-247
-183
-183
-181
-181
190
190
185
185
224
224
-270
-270
232
-302
232
-176
-187
-187
-228
-228
-214
-214
-487
-487
216
-668
265
-589
-342
-342
-232
-232
-247
-247
191
191
-234
-234
209
185
185
233
233
256
256
329
329
276
276
187
187
175
175
-320
-320
-321
-321
-200
-200
-241
-241
-262
-262
-246
-187
-174
-228
-228
-285
-285
-187
-187
-212
-212
-175
-175
-196
-196
-251
-251
175
175
191
191
238
238
340
340
287
287
214
214
180
303
222
222
-193
-193
-296
-296
-381
-381
-382
-382
-291
-291
-178
-178
179
194
194
260
260
205
205
220
220
221
221
-223
-223
-343
-343
-305
-305
-214
-190
-230
-245
-328
-333
-333
-326
-326
-193
-193
240
-453
314
-385
236
-272
-265
-265
-189
-189
-208
-208
221
-207
247
247
215
215
225
225
217
217
214
214
306
306
-190
214
193
193
285
285
-273
308
-414
287
-400
-323
-323
-468
-468
-570
-570
367
-564
381
-474
-211
-211
188
-259
-259
-262
-262
-263
-263
-193
-193
-276
-276
-289
-289
274
274
355
355
212
212
213
213
285
285
235
235
319
319
-217
263
-224
-224
-272
-272
228
-392
260
-376
-177
-177
-202
-202
-177
-177
-209
-209
-181
-181
-266
-266
293
-274
237
-193
-193
-183
-183
-271
-271
-230
-230
-243
-243
197
258
258
175
175
-221
-221
-214
-214
-188
-188
-209
-209
233
233
-189
-189
186
186
221
221
198
198
342
342
417
417
255
255
-184
-184
-272
-272
-271
-271
-211
-211
-197
-197
-181
-181
-202
-202
-219
-219
-227
-227
-236
-236
-249
-249
-245
-245
-182
-182
-189
-189
177
177
202
202
-173
-173
-199
-199
-207
-207
-237
-237
-228
-228
-263
-263
-220
-220
186
186
-183
-183
-216
-216
-246
-246
-315
-315
-256
-256
194
194
-180
258
305
305
249
249
180
180
242
242
-240
-240
-272
-272
-208
-208
211
211
211
211
-195
-195
-187
-187
-250
-250
-213
-213
173
173
182
182
230
230
200
200
-175
-175
-187
-187
-216
-216
-179
-179
-173
-173
-182
-182
211
211
184
184
-183
-183
-203
-203
-203
-203
-243
-243
180
-235
-179
-179
-180
-180
-184
-184
-189
-189
-258
-258
-203
-203
-181
-181
-200
-200
-216
-216
194
194
248
248
197
197
-182
-182
-176
-176
-236
-236
-212
-212
-235
-235
-215
-215
-192
-192
190
190
-215
-215
-176
-176
199
199
240
240
230
230
186
186
-203
-203
