-1350
-1350
-1388
-1564
-1523
-1441
-1757
-1622
-1604
-1282
1464
1464
1491
1739
1711
2046
2122
2130
1655
-1501
-1501
-1618
-1369
-1288
-1288
-1358
-1295
1301
1301
1289
1333
-2077
-2077
-1991
-1328
-1411
-1411
-2396
-2396
-1923
-1547
-1547
-2003
-1555
1448
1448
1633
1533
1587
2115
2417
3023
3144
3005
2707
2845
3535
3642
3437
2026
1530
1530
2002
1470
-1298
-1298
-1304
-1319
-1319
-1503
-1342
-1342
-1454
-1454
-1878
-1878
-1976
-1418
-1418
-1693
-1356
1386
1386
1880
2298
2235
1582
-1446
-1446
-1333
-1774
-2473
-2806
-2788
-2820
-2748
-2629
-2495
-2722
-2731
-2049
-1517
-1353
-1353
1602
1602
1833
1998
2160
2152
2559
2705
3133
3217
3318
3386
3022
3068
2907
2651
1824
1775
1775
2370
1429
1429
-1390
-1390
-1722
-1722
-1443
-1443
-1436
-1319
-2024
-2806
-2377
-1369
-1369
-1742
-1641
1494
1494
1381
1411
1617
2033
2110
1838
1565
-1567
-1567
-1508
-2089
-2089
-3699
-3711
-3163
-2409
-2306
-2802
-2962
-3216
-2539
-1638
1661
1661
2514
2809
2953
2622
2595
2731
3400
4665
4792
3907
2906
3250
4234
3935
3027
1931
2045
2045
1639
-1532
-1532
1498
1498
-1730
-1730
-1472
-1472
-1388
-1538
-1538
-1483
-1407
-1407
-2618
-3070
-1981
-1323
-1323
-1929
-2052
-1397
2130
2130
2153
1827
1697
2274
2518
2792
1881
-2486
-2486
-1520
-2379
-2379
-4064
-4123
-3652
-2969
-2113
-2633
-4336
-4976
-3621
-1937
-1640
-1988
-1888
-1654
1314
1314
2127
2706
2940
2590
2685
3349
4520
4653
4340
3826
4639
5170
5208
4671
4400
3626
2535
1733
1733
2205
1510
-1480
-1480
-1735
-1735
-1678
-1370
-1370
-1383
-1562
-2318
-2981
-2513
-1606
-1698
-1698
-2268
-1942
-1484
1829
1829
2121
2221
2262
2634
-1513
-1513
-1949
-2692
-2692
-3118
-3406
-3418
-2995
-2012
-2434
-4394
-4795
-3765
-2550
-2460
-2390
-1675
-1695
-1632
1892
1892
2534
2642
2602
2883
4029
5321
5661
5110
4721
5102
5686
6188
6674
5671
4153
2252
1298
2002
2002
3448
2133
-2806
-2806
-1355
-1355
-2442
-2442
-2805
-2332
-2332
-2283
-2283
-1744
-2478
-2478
-3774
-2896
-1630
-1630
-2632
-2319
-1679
2017
2017
2343
2270
2570
2690
-2337
-2337
-2830
-2810
-3169
-2687
-2272
-2977
-4415
-4740
-3958
-3255
-3040
-2786
-2301
-2271
-2138
-2098
-1557
1293
1293
1721
2251
2719
3539
4351
5534
6057
5815
5952
5849
6285
6679
7481
7099
6370
3869
2802
2802
6532
3884
-1831
-4081
-5293
-5293
-5040
2035
2035
-1735
-3957
-3004
-3004
-1441
-1441
-2546
-2206
-2206
-4822
-3462
-1618
-1618
-2824
-2506
-2348
-2034
1329
1329
-1642
-1642
2138
2138
2851
2849
2627
2442
1914
-1924
-1924
1710
1710
1478
-2458
-5010
-4569
-3176
-2021
-1970
-1970
-4962
-7497
-6238
-2771
-1747
-1747
-3299
-4138
-3937
-2440
2277
2277
3357
3583
3847
4595
5895
7191
7170
6517
6255
7197
8308
8740
8890
7058
2102
1460
1460
7924
7698
-4740
-4740
-2553
-5407
-5407
-7990
-2234
3286
-5304
-5304
-4299
-3348
-3348
-2333
-3396
-3396
-2445
-4155
-4155
-4862
-1308
-2612
-2612
-2631
-1752
-1742
1869
1869
-2555
-2555
-1430
1796
3272
3086
1942
1674
-2740
-2740
2564
2564
3943
-4386
-4386
-4166
-2105
-1305
-1570
-1380
-2596
-5468
-6469
-4378
-1993
-2167
-3688
-4047
-3539
-3391
-3079
-2220
1675
1675
2202
3339
4806
6103
6138
5319
5597
7389
9153
9389
9050
8278
7773
4486
2246
3367
7918
8793
2753
-3248
-2668
2011
2604
-3471
-3471
-7525
-4728
1462
1896
-4299
-6908
-3352
-3017
-3017
-3945
-2590
-2590
-4615
-2115
-1334
-1334
-3795
-2329
-2941
-2941
-3143
-1435
-1435
1457
1457
3462
2526
2475
2475
2571
-4005
-4005
-3908
-1449
-1449
-3832
-5423
-5130
-2841
-3507
-3507
-5049
-4839
-3264
-1997
-1301
-1345
-1737
-1463
1618
1618
2932
3965
4134
4523
4807
5883
7277
8403
9572
9444
9169
8639
9311
6677
4398
4639
8864
10131
3819
-2002
-1336
3584
3942
-4005
-4005
-7986
-4355
2486
2335
-5171
-8763
-5508
-2419
-3177
-3296
-5107
-5107
-6842
-2520
1673
-3782
-3782
-3798
-1621
-1350
-2505
-1694
-1367
-1367
-1679
1306
1306
2674
-2903
-2903
-2549
2775
2775
1321
-1697
-1697
-2277
-2397
2071
2071
-3408
-3408
-6240
-4389
-1647
-1647
-3075
-4421
-5116
-3873
-1538
-2210
-2210
-4191
-3932
-1757
2652
2652
4108
5516
5643
6223
6697
7998
9035
9770
9676
9792
9449
6070
4689
6262
11327
9753
2349
-2017
1677
5755
3649
-5415
-5415
-7724
-1577
3666
-8714
-8714
-9205
-4366
-2455
-4600
-3631
-3379
-3379
-8185
-7084
2013
2013
-1896
-5781
-4400
-1676
-1721
-2065
1366
1366
-3292
-3292
-1743
2005
2675
2143
2143
-1309
-1309
2612
2612
-1972
-1972
1546
1546
-4038
-4038
-5180
-2503
-2052
-2052
-2960
-2820
-4189
-5561
-4532
-1491
-3237
-3237
-5044
-4332
-2577
-1438
3171
3171
5244
5739
5322
6157
6641
7486
8449
10419
10697
10664
8263
5926
5630
8288
12038
9071
2785
3605
3605
5757
3812
1721
2453
-5602
-5602
-6622
3271
3271
-2009
-8891
-8274
-4557
-4476
-5962
-3354
-1514
-5215
-10000
-7567
-1479
-3744
-3744
-5740
-4176
-3136
-3591
-2328
1291
1291
-1889
-3776
-1591
1667
2172
1815
1815
2929
-2457
-2457
-2169
-2169
-4953
-3238
-1520
-1520
-4439
-4005
-2576
-3834
-5146
-3486
-2526
-2526
-5187
-4654
-2301
-1758
-2217
3755
3755
4784
4024
4840
6188
6873
6896
8318
9857
10035
8755
6712
6788
7352
9751
9449
6337
3206
3577
5298
5413
3702
2904
2335
-1297
-4184
-2152
1349
-4336
-4336
-6805
-5330
-4598
-5569
-4639
-2629
-3375
-7430
-8627
-5243
-1845
-2647
-4699
-4774
-4327
-4637
-4017
-2984
-2984
-2939
1528
1528
1625
2358
2358
2110
-2527
-2527
-3272
-2021
-1371
-1371
-2984
-3546
-3798
-4136
-3842
-2436
-1907
-3427
-4830
-4223
-2868
-2378
-2099
2468
2468
3024
3143
3917
4635
5041
5623
7000
8102
8597
8034
7429
7193
7260
7927
8006
7136
6207
6292
6340
5806
4830
4470
4295
2468
-1453
-1453
-2457
-2535
-3536
-4707
-4665
-3904
-3773
-5133
-5847
-5521
-4980
-5387
-4974
-4301
-4257
-4806
-4990
-4264
-3144
-2770
-2429
-2374
-2232
-2259
-1842
-1360
-1360
-2154
-2454
-2432
-2237
-2247
-2519
-2813
-3275
-3584
-3217
-2704
-2380
-2400
-2510
-2334
-1930
1597
1597
2644
3826
4893
5566
6150
6645
7342
8175
9214
9429
9118
8114
7652
7970
8669
9285
8418
7119
5887
4596
4302
4244
3655
2410
-1361
-1361
-2052
-2041
-2053
-3013
-4296
-5426
-6207
-5922
-5308
-4641
-5126
-6023
-6847
-6620
-5889
-5011
-4674
-4552
-5002
-5011
-4425
-3205
-2072
-1665
-2063
-2443
-2016
1391
1391
-1784
-1784
-2361
-2024
-1770
-2093
-2552
-3047
-3585
-3925
-3652
-3060
-2824
-3282
-3672
-3167
-2310
-1667
2256
2256
3590
4539
5053
5696
6465
7525
8515
9525
9936
9441
8203
7556
8359
9172
9866
8929
7552
6305
5156
4667
4852
4218
3161
-1761
-1761
-1503
-1531
-2369
-4107
-5359
-6221
-5974
-5317
-4470
-4778
-5913
-6975
-6936
-5948
-5131
-4999
-5079
-5463
-5647
-5074
-3775
-2397
-1977
-2442
-2844
-2450
-1683
-2100
-2100
-2483
-2228
-2027
-2397
-2983
-3179
-3291
-3774
-3575
-3346
-2928
-3046
-3293
-2932
-2278
-1713
1486
1486
2401
3586
4589
5530
6277
7077
8136
9034
10081
10057
9571
8449
8270
8884
9808
9989
8666
7220
5878
4938
4884
4690
3779
2114
-1790
-1790
-2181
-1823
-2074
-3443
-5202
-6305
-6685
-5997
-5352
-4770
-5686
-6853
-7747
-7055
-5762
-4955
-5166
-5625
-5925
-5552
-4765
-3141
-1997
-1992
-3037
-3348
-2477
1489
1489
-1455
-1455
-2623
-2771
-2377
-2232
-2343
-3073
-3617
-4035
-4055
-3560
-3311
-3181
-3304
-3501
-3089
-2537
-1596
1739
1739
2808
3849
5274
6155
6922
7670
8427
9654
10499
10365
9589
8450
8780
9317
10152
10078
8660
7110
5588
4802
5196
4547
3415
-2109
-2109
-2398
-1981
-2481
-3882
-5709
-7111
-6943
-5781
-5140
-5068
-6045
-7043
-7835
-6994
-5470
-4732
-5141
-5692
-6107
-5573
-4425
-2902
-1978
-2055
-3022
-3249
-2273
1470
1470
-1719
-1719
-2652
-2956
-2405
-2435
-2714
-2912
-3301
-3937
-3979
-3475
-2829
-2847
-3103
-3037
-2493
-1889
1440
1440
2251
3615
4728
5670
6854
7869
8585
9344
10590
10925
10367
8903
8744
9657
10225
10448
9440
8302
6625
5031
4883
5103
4375
2374
-1815
-1815
-2304
-2293
-2607
-3428
-4854
-6689
-7801
-6734
-5524
-4815
-5820
-6931
-7775
-7848
-6691
-5385
-4806
-5314
-6235
-6254
-5210
-3639
-2459
-1975
-2368
-3201
-3144
-2020
-2169
-2169
-3374
-3053
-2320
-2455
-2915
-3289
-3787
-4275
-4315
-3427
-2699
-2846
-3390
-3307
-2188
-1787
1629
1629
2562
4532
5479
6355
7479
8518
9331
9995
10934
10809
9660
8402
9333
10275
11018
9667
8712
7542
5874
4630
5074
4778
3680
-1954
-1954
-2358
-2321
-2800
-3566
-4677
-6029
-7834
-7807
-6339
-5100
-5569
-7018
-7714
-7882
-7266
-6148
-5228
-5147
-5917
-6482
-5520
-4261
-3006
-2269
-2210
-2802
-3009
-2357
-1906
-1906
-3248
-3461
-2720
-2325
-2740
-3358
-3398
-3810
-4125
-3683
-2848
-2431
-2782
-3160
-2317
-1449
1827
1827
2184
2619
4385
5937
7126
7669
8729
9767
10783
10898
10727
9520
8646
9298
10393
11755
10343
8674
6936
5568
4650
4973
4615
3734
-2618
-2618
-3237
-2155
-2270
-3357
-5131
-6187
-7990
-7935
-6788
-4699
-5078
-6866
-8413
-8391
-7219
-5840
-5097
-4951
-5614
-6475
-6189
-4390
-2602
-1709
-1965
-2835
-3278
-2699
-1310
-1310
-1454
-1321
-1321
-1651
-1651
-3048
-3988
-3334
-2485
-2352
-2957
-3394
-3820
-4111
-4015
-2917
-1986
-1854
-2635
-2459
-1380
1634
1634
2391
2887
3133
4279
6285
7903
8533
9335
10134
11076
10854
10539
9386
9992
10183
10864
10993
9732
8420
7046
5416
5310
5056
4531
2739
-2475
-2475
-2716
-1984
-2560
-4017
-5500
-6793
-7817
-7360
-6394
-4875
-5872
-7517
-8648
-8270
-7010
-5679
-5521
-5344
-6169
-6460
-5677
-3989
-2437
-1635
-2618
-3321
-3174
-2070
-1609
-1609
-1430
-1564
-1564
-1790
-1562
-1297
-1500
-1500
-2668
-3539
-3707
-3306
-2733
-2868
-3133
-3458
-4081
-3991
-3084
-2307
-1618
-1892
-1908
1606
1606
2493
3292
3318
4344
5621
7667
8934
10189
10752
11817
10531
9668
9133
10736
11913
11239
9456
10735
11630
8917
4867
3713
5016
4290
2159
-1400
-1882
-3279
-3279
-6770
-9096
-7975
-7623
-6780
-5376
-5127
-7463
-9857
-10945
-9445
-7461
-5498
-6380
-6401
-6551
-6658
-6954
-5194
-2688
-1690
-2497
-3191
-2009
-1600
-1600
-1578
-1578
-1438
-1685
-2093
-2093
-3657
-3425
-2706
-2607
-3257
-3175
-2908
-3218
-3717
-3265
-1804
-1304
-1760
-1877
2465
2465
3859
4957
5034
6161
7695
9896
11348
12214
13011
12384
8729
6694
8169
13077
14762
10521
5665
3990
5668
6951
5106
4874
4582
2870
-4896
-4896
-3973
-2050
-3710
-3710
-6103
-6924
-6627
-6969
-6579
-6155
-5552
-6872
-8333
-8128
-5711
-4488
-4925
-7251
-7038
-5905
-4511
-3735
-2831
-1648
-1534
-3060
-3795
-1896
1942
1942
-1658
-1658
-1510
-1510
-1680
-2644
-2756
-1709
-2479
-2479
-3881
-3892
-3525
-3616
-4278
-4355
-3800
-3955
-4122
-3451
-2172
-1917
-2505
-2532
2447
2447
3466
4657
4641
5480
7685
9860
11757
12283
13364
13556
12689
9271
7086
9229
14225
16346
11290
4791
2417
5362
8078
5875
4357
3237
1997
-1730
-5931
-4513
-1718
-4841
-4841
-7305
-7241
-6395
-7138
-7180
-6313
-5870
-7280
-8816
-7733
-5135
-4604
-5931
-8093
-6998
-5322
-3645
-2955
-2575
-1922
-2092
-2844
-2930
1688
1688
2560
-2066
-2066
-2501
-1740
-2206
-2206
-3489
-3050
-2758
-2183
-2684
-3582
-4310
-5016
-5215
-4589
-2747
-3486
-4526
-3541
-2848
-2756
-2556
-1965
2263
2263
2566
4230
5372
5639
7238
9628
12037
13393
13310
13485
13783
13318
8411
6339
10734
18994
19332
8502
-1771
9024
9024
12460
5760
1456
1456
-4114
-8377
-4462
1561
-7152
-7152
-10833
-8567
-6028
-7203
-8134
-6760
-5673
-7628
-9487
-7604
-4727
-4872
-7555
-9126
-5779
-2205
-1341
-3642
-4445
-3047
-1293
-1538
1577
1577
3572
1825
-2324
-2917
2019
2019
1397
-2062
-2062
-3588
-3807
-1785
-4704
-4704
-5146
-2489
-3136
-3136
-5757
-5650
-4598
-3941
-4007
-3409
-3564
-5365
-6127
-3881
-1820
-1820
-2456
1692
1692
3209
4909
6554
7105
6713
8799
12202
14519
14154
13820
14665
13636
8325
6941
13067
21502
18399
4349
-3005
2833
13063
13372
4781
-4728
-4728
-5627
1515
1515
-3547
-11440
-12534
-7716
-4059
-6056
-8846
-8906
-7709
-7702
-7933
-6693
-5141
-6289
-8469
-8351
-3809
-2197
-2197
-5909
-5991
-2134
-3073
-3073
2973
2973
2233
-1658
-4819
-4425
-2592
-1515
-1487
-1487
-3795
-5294
-3690
-1336
-1336
-4157
-5655
-4572
-3223
-3428
-4163
-3727
-3568
-4067
-3402
-1522
2291
2291
4520
5280
6320
6826
7928
9695
12327
14090
14317
14390
14414
12107
7526
8461
15706
21422
14526
1527
-2229
5644
13986
11060
3741
-2478
-2478
-6405
-3181
-6793
-6793
-12846
-10678
-6571
-5017
-6875
-8446
-7913
-8319
-8301
-7878
-6622
-5868
-6601
-7276
-5979
-3479
-2761
-3774
-5507
-3345
1773
1773
-1363
-1363
1479
1479
2957
-5779
-5779
-6873
-2606
-3088
-3088
-5713
-5731
-4706
-1367
-2328
-2328
-5585
-6812
-4640
-2720
-2330
-3489
-4401
-4181
-3336
-1489
2151
2151
4841
6132
5858
6630
8007
10266
12201
14135
14819
15098
14890
12601
8088
7460
14518
22863
18074
1398
-7223
3866
20094
18843
2731
-7754
-4475
-3169
-3169
-7523
-7523
-16230
-13141
-3168
-5899
-5899
-13456
-14209
-9992
-6855
-6112
-6097
-5814
-6959
-8188
-7143
-3498
-1305
-2831
-5315
-4286
1649
1649
-1552
-1552
3244
3244
1827
-1983
-2557
-3806
-3806
-4914
-2583
-1431
-3041
-4986
-4850
-3551
-3050
-2893
-3760
-5388
-6629
-5337
-2244
-1560
-3381
-4952
-3853
-2106
-1355
3981
3981
6956
7080
5733
6390
8913
11664
12704
13253
13582
14781
15139
12578
8275
8990
15735
19770
10797
-1612
12477
12477
19601
8782
-4497
-5610
2293
2293
-3124
-3466
-3922
-3922
-11618
-13836
-5997
-4676
-4676
-13161
-15359
-10864
-6622
-6238
-6879
-6791
-6964
-7957
-7459
-4834
-2002
-2225
-4352
-5050
-2219
2918
2918
2088
-1397
-3357
-3963
-3963
-5408
-4047
-3121
-2622
-2573
-3620
-5739
-6535
-5484
-3575
-3220
-3763
-3788
-4005
-4272
-3437
-1570
-1578
-1578
-3017
-2144
2199
2199
2691
3765
5747
6716
6574
7220
9201
11064
12045
12482
13129
13788
15098
13833
9952
7343
12472
19046
15984
1459
-4561
6641
21125
16259
-2090
-10249
-1945
6198
1632
-5187
-3581
-2425
-7642
-14260
-9495
-11309
-11309
-18213
-14462
-6828
-5621
-9280
-9735
-7827
-5789
-6656
-6260
-3701
-2554
-4207
-5586
-2647
2782
4818
2315
1343
2965
2079
-1872
-5831
-3538
-1306
-3281
-6859
-7198
-4518
-4511
-7257
-7825
-7446
-7477
-7408
-4993
-2302
-1939
-3463
-3061
-1845
-2004
-2960
-1927
3351
3351
2878
3399
5649
7693
8757
9445
11594
13245
15059
16728
18669
19546
19744
19462
23178
20446
12016
-2174
-2174
8778
18190
12236
-5152
-11557
-2805
2754
-7087
-18902
-16456
-6243
-6987
-17006
-17262
-6370
-1819
-12576
-23562
-17632
-3553
3082
-2731
-2731
1432
1432
-1568
-1446
5704
11708
9997
3962
3920
11722
15156
11457
2825
3300
3300
4545
4442
4005
2772
-2696
-13792
-19557
-17908
-12681
-13321
-18405
-20922
-18640
-15607
-16293
-18123
-19409
-17635
-12741
-6828
-2201
-2201
-5277
-5959
-1728
4537
9086
10929
9885
11176
13036
14966
15227
14673
15860
18459
22271
25150
25620
24621
21779
20888
19489
19591
21249
13681
-12792
-12792
-6142
12439
14383
-3359
-24091
-20829
-9545
-15317
-22987
-19926
-4820
-7208
-24594
-24051
-6996
5826
-7496
-21677
-12777
6706
15819
7404
4020
7456
9035
5239
2852
14823
23086
19556
7008
7358
7358
12126
8011
-4337
-4337
-1513
-1513
-4896
-4867
-4519
-9697
-21183
-26465
-19699
-13176
-12795
-18825
-22722
-21043
-17137
-13397
-11681
-11911
-10448
-7478
-2926
2763
2763
2083
-1782
-1782
1894
8954
12482
10219
6193
5594
8908
10926
12735
13476
13774
15309
16862
20091
20539
18106
18835
21035
23786
22880
22133
14570
-15576
-15576
-9370
13736
20985
3429
-19405
-20477
-9401
-14640
-22859
-20020
-6767
-5088
-20637
-20037
-5613
3464
-8670
-23908
-14825
7136
18191
12198
4925
5863
7485
3747
2044
13519
23129
20630
6779
6509
6509
11387
5206
-4127
-6957
-3669
-3669
-5445
-7895
-13962
-24996
-30149
-24540
-14812
-10663
-16659
-23031
-23693
-17692
-13763
-13173
-9965
-6149
-1561
1871
1871
6118
3428
-1821
-1821
4739
13729
15550
12912
9586
8588
8775
11826
15353
19239
21150
20326
21427
18969
20981
21776
22802
22125
21180
15879
-12611
-12611
-9478
12018
16845
-3863
-24418
-22556
-3049
-9108
-24538
-24765
-12695
-5119
-20064
-20084
-2664
6022
-6443
-23269
-13314
11695
21417
11050
2765
6513
12514
9877
4695
12982
20517
16423
4508
-1548
8090
12696
2230
-8604
-11555
-3915
-1422
-6091
-9170
-12242
-18426
-25985
-28385
-21747
-14146
-15252
-19820
-21092
-17007
-11432
-12929
-12830
-8457
-3121
1621
2521
5333
6707
2465
1659
1659
8906
13727
12015
9303
9472
10562
11769
12670
13902
17872
18839
20494
21169
20848
23022
21361
20496
21520
20866
7957
-9106
-15980
3365
19356
8211
-15033
-28230
-15866
-9428
-17204
-17645
-13832
-7678
-17574
-22545
-9257
4343
-13706
-13706
-16733
18093
18093
17465
9272
5317
6642
8704
6353
12388
20785
18667
7747
-2600
9036
9036
6935
-1445
-9311
-9594
-6125
-5157
-7941
-11915
-19228
-26276
-27864
-24927
-14881
-13630
-18929
-22437
-21906
-12285
-10208
-10487
-8520
-5803
3182
3182
6445
7932
3838
2168
2168
8440
13835
14321
11019
9419
10134
13195
15676
17475
19747
21511
22449
22317
24164
23457
22570
18221
22501
18864
-14043
-14043
-13380
13152
15469
-5187
-23270
-22901
-8975
-20957
-26614
-18613
-5394
-6679
-25104
-18955
5060
5060
-8641
-18816
-5787
14947
19101
11291
9597
12077
10278
4241
4790
18684
24474
15164
2439
-1495
4920
5081
-1841
-6790
-8553
-6399
-7877
-9605
-11215
-17809
-28039
-32768
-29137
-15203
-8499
-14633
-21928
-22221
-16372
-12943
-10784
-5528
-1407
1444
1444
5865
8986
5588
7399
7399
15611
17998
14482
10196
9665
11326
13725
18715
23310
25099
24681
23128
24528
24583
20124
20256
22816
8072
-9435
-17894
3958
20242
4371
-20127
-28358
-12254
-14423
-24997
-22276
-9213
-2730
-22059
-26248
-8040
8781
-17371
-17371
-13673
8368
21295
13906
7633
12120
12812
6838
2374
12496
25463
20220
3857
-3982
6140
6140
1652
-6533
-10262
-8202
-8801
-9025
-12679
-15875
-23117
-32359
-31670
-21765
-9631
-11151
-20418
-23415
-17738
-10979
-9871
-6207
-1816
4350
4350
8889
7993
2523
5154
5154
13554
16894
15740
10950
10256
13129
14115
18188
22367
25044
24206
22071
24156
26376
23483
21012
20617
2344
-13053
-17778
7716
24602
4593
-22345
-29952
-15930
-16341
-24549
-21320
-5058
-3567
-22481
-24240
-6905
10184
-2329
-18670
-11718
12623
25032
16098
7945
11437
10360
4313
3075
15287
27734
19473
1686
-5408
4746
4746
-8452
-8452
-11478
-9628
-9433
-8914
-14319
-21182
-29697
-32768
-28347
-16472
-8792
-11620
-22019
-23600
-16209
-9823
-5453
-3406
2753
2753
3775
6969
9750
7219
1852
1767
8576
16841
18106
15126
11170
10831
13637
15871
19807
23994
25639
26166
22053
21286
20801
22806
24091
2956
-13656
-18923
4725
23127
4431
-21089
-28330
-14815
-13995
-24808
-23267
-5327
-2442
-20685
-25693
-6107
13401
2062
-17850
-13523
11727
25240
17384
7444
13122
13576
6107
1614
11342
26295
20061
1488
-7222
-1382
5372
-10247
-10247
-13711
-10290
-9897
-11252
-15804
-20057
-26463
-32763
-30744
-20664
-10965
-11173
-20570
-22352
-15212
-9809
-6686
-4603
4248
4248
4274
6597
9493
8540
4306
2491
8175
15684
17559
16002
11786
13565
14826
17510
18830
22968
25845
27240
23936
19099
19317
21958
24653
-18587
-18587
-20319
7309
24548
-23484
-23484
-27085
-14819
-18384
-29788
-20591
-2868
-2868
-24042
-26600
-2584
13687
-18376
-18376
-8369
16700
24899
16073
8552
16593
13788
3519
13759
13759
28758
19909
-6547
-6547
-1845
2647
-2891
-11227
-12032
-9634
-11252
-13521
-16732
-19978
-27189
-32768
-30190
-19429
-10315
-12236
-21614
-20311
-14353
-11840
-8311
-4101
2895
5143
3680
6403
9940
8257
3620
2682
9652
16660
17571
13966
12421
14512
15532
16667
17906
23952
26998
26260
22408
20490
18573
22027
19506
-1994
-15251
-18324
8055
18955
-3453
-21886
-25180
-14405
-20181
-30650
-19796
-3657
-3657
-22458
-23918
-2441
10798
-2958
-16097
-3349
17410
23939
12559
9016
18665
14264
4946
13618
13618
27080
17547
1368
-3573
-5944
-5944
-12375
-9446
-7526
-10080
-16253
-23125
-24795
-27719
-31178
-28337
-21609
-14094
-14209
-20604
-18814
-14232
-11815
-8800
-4074
5026
8805
5905
5566
6466
6593
6344
7923
13068
17427
17214
16024
15945
17114
19279
19691
22103
26242
28800
28142
22003
17341
21123
17411
-3397
-17912
-17435
10987
18030
-6527
-24277
-26971
-15211
-22496
-32390
-19912
-4074
-4074
-20868
-20844
8929
8929
-6605
-15473
22632
22632
27440
13679
10564
18705
15484
7626
3942
15810
26546
16104
1707
-1701
-9875
-9875
-16168
-10944
-6931
-9266
-16166
-24095
-27034
-30274
-32140
-27982
-20780
-15202
-16129
-20965
-17725
-12205
-11293
-9435
-5277
5258
10259
8441
7984
7305
6287
6051
9488
15782
19518
17628
16122
17498
17895
20273
20592
24267
27721
27471
24711
21115
20401
24287
10149
-12585
-21063
-10990
18766
10671
-13151
-26972
-24179
-16655
-28211
-30819
-14265
-11778
-11778
-23167
-14266
5250
5201
-14413
-14878
7918
27603
27240
12706
14129
18099
12483
6983
8720
22578
26060
11193
3518
3518
-13029
-13029
-16997
-10475
-6846
-9901
-15840
-22663
-27334
-31621
-32768
-26146
-18903
-14361
-20689
-23225
-14180
-13479
-13065
-11751
-4242
5625
7462
8222
10727
9768
4005
3109
8049
17691
21144
16018
16852
16957
20331
21164
17954
24419
26346
28748
27022
23594
21709
21136
8125
-12659
-17004
-10724
16619
10529
-13406
-25464
-26536
-17551
-27394
-31854
-16530
-4172
-10543
-21005
-15648
1916
1447
-15337
-14157
7266
26273
26510
12070
12984
18294
12802
8915
10537
22522
27374
12335
2801
3564
4670
-12251
-12251
-15205
-8546
-5799
-8356
-14899
-23030
-28911
-32328
-32768
-27382
-20977
-16091
-21192
-25201
-17131
-16275
-14590
-12404
-6553
3755
6920
8806
10891
8708
4070
4058
9668
19279
22848
19204
19877
19098
22627
22917
20864
26936
27702
31868
28371
25448
24880
19645
-17768
-17768
-16382
1729
19005
-2200
-20090
-26383
-21829
-22474
-32768
-27782
-11047
-8566
-19449
-20905
-6408
4344
-8829
-20769
-7101
16397
27966
20291
12487
18150
16416
9979
9127
17575
28271
22641
7274
5187
7788
6876
-2649
-14462
-12111
-6634
-6567
-9862
-16624
-23433
-30901
-32768
-32148
-24366
-17196
-19368
-26297
-22943
-16130
-17352
-15246
-11605
-2643
4173
5622
10129
11893
7129
2166
4532
13945
22746
22589
19968
21260
22091
24835
22345
24625
28346
30269
30084
27045
26900
24689
9566
-15434
-18612
-6248
17674
8556
-16717
-25228
-22757
-20224
-30812
-32231
-17716
-7720
-18325
-24445
-11861
3285
-2967
-21751
-17063
8103
24406
22912
12619
15936
18952
11593
8005
15040
27156
27347
12118
4522
9319
10786
3500
-9606
-13150
-6973
-5379
-8391
-12242
-17509
-26802
-32432
-32768
-28367
-20758
-20438
-23769
-25835
-18231
-17024
-16991
-13828
-7879
3080
3080
6441
10402
9705
3870
3499
9661
18580
23228
19334
20710
21677
23953
25258
23962
28211
29348
32123
29951
27008
24782
17655
-5144
-15969
-12458
11443
18801
-8279
-24878
-27707
-18069
-23574
-32768
-25315
-10160
-13775
-25644
-20677
-3440
2289
-15927
-23769
-3783
17968
24597
12741
10104
17471
14336
9747
11680
23353
30215
18208
5280
8041
13028
10370
-1995
-10907
-6441
-2510
-5882
-9976
-15298
-22856
-31165
-32768
-30265
-21658
-18387
-24322
-29636
-22937
-18652
-18997
-16004
-11318
-4370
3230
3230
9467
10995
4435
2529
7041
15981
23120
21168
21862
22325
23861
26317
26903
29775
31305
30930
28836
28975
27965
23235
-3541
-16453
-11900
12090
21854
-8405
-24871
-28171
-17778
-23567
-32768
-24234
-10701
-15924
-31168
-23642
-3623
2922
-16125
-26761
-5452
15851
21201
10762
9303
18803
14590
8674
11221
24827
31887
18254
4201
7917
15993
14320
-8129
-8129
-4972
-2177
-6915
-9982
-11860
-18875
-29494
-32768
-30531
-22259
-19135
-25624
-31963
-23718
-19591
-19689
-16418
-11690
-5411
-4253
8969
8969
12932
6202
2698
6463
14870
21580
20194
22329
23657
24235
25459
24997
30188
30665
30704
28239
27943
29611
23591
-14358
-14358
-10219
9838
20184
-6038
-21567
-23873
-17242
-21925
-32768
-24715
-11097
-15754
-29179
-24129
-5327
-16452
-16452
-25306
-5868
13887
17379
7742
7808
19032
15703
8990
10560
22407
30144
18825
7022
11094
16797
13737
1502
-5098
-6290
-6290
-10761
-10992
-14263
-26046
-32768
-30129
-22436
-22288
-28485
-31144
-22242
-19878
-23661
-20096
-13647
-7034
-6736
-3456
5200
9564
4952
2648
6310
13085
18109
16792
19120
22006
23182
24423
22756
26549
29124
29337
29037
29689
28774
25945
14746
-4854
-6681
-4044
14729
13766
-9325
-19492
-23914
-15273
-21886
-30126
-21666
-12657
-16769
-25747
-19872
-6938
-6185
-21582
-20729
14331
14331
14191
2240
6510
15575
12745
11148
13125
23209
25895
14464
10038
15120
18194
11189
-2162
-2162
5454
5011
-4188
-9589
-12950
-16737
-27821
-32768
-26420
-22617
-24532
-30934
-30216
-21517
-23356
-25169
-22025
-14311
-7680
-5575
-1753
3898
4188
3479
3479
8255
16053
17636
16632
20397
21938
25041
25083
24359
28314
28860
29493
28795
31457
29036
24696
10482
-5325
-2052
1760
17387
7556
-11668
-18466
-20214
-13871
-23134
-27723
-20163
-15220
-20608
-25356
-16685
-8426
-13451
-26590
-18039
2926
11742
7806
-2163
5917
12145
10134
11808
16114
24423
21434
12078
13579
20076
21003
10714
1365
3119
10331
7280
-6510
-6510
-12026
-16272
-26906
-27809
-22974
-23890
-27082
-32330
-28636
-22882
-25113
-26619
-24265
-17280
-10705
-8157
-5736
2495
2495
7813
14781
13840
14947
18368
22013
25181
23420
23358
27536
28352
30912
29201
28945
28598
26593
22546
4214
-2693
-2481
14694
17358
-4443
-16703
-18666
-8630
-17388
-28603
-23041
-13181
-15633
-29013
-23659
-9844
-8929
-25532
-29073
-7207
8651
6934
-6016
-2301
8356
8474
7020
10867
23004
24319
13103
9362
17464
25405
18173
5985
4671
12884
14439
5131
-2782
-6003
-9367
-20814
-26823
-21632
-17758
-22592
-31948
-31510
-24162
-24171
-27339
-26872
-19834
-14913
-14055
-10613
-4730
-3264
-5477
-2167
4541
11586
11539
11235
15193
17828
22697
22343
23910
26069
26151
28388
26964
28880
30530
28608
27116
15906
2610
4269
4269
19196
11559
-7312
-16265
-12490
-6247
-16445
-24944
-19690
-13100
-20299
-25640
-17714
-8750
-15504
-30817
-23470
-2859
6160
-1331
-11008
-2202
5145
5439
6044
11561
19601
15964
8213
10929
20709
22931
13280
4838
8375
17052
13134
2001
-5193
-7546
-9288
-16566
-18193
-15048
-18606
-24877
-29399
-24657
-20021
-23588
-25111
-22421
-17465
-14346
-13518
-11510
-8640
-7704
-2943
2098
4523
6475
6890
10460
14498
16759
20445
21029
21573
21623
21875
24237
26063
25175
26482
26015
26499
16078
-1683
-1683
7340
22426
10679
-6890
-11010
-4795
-3682
-17530
-20720
-12157
-8371
-19398
-23143
-11968
-6934
-17360
-30360
-19066
-1356
2429
-6707
-12172
-3268
1794
1794
9589
14504
7856
2973
8059
16275
15824
7964
4816
6007
6926
2170
-5073
-5073
-10941
-14578
-10484
-10020
-15224
-20075
-21053
-16982
-16223
-15864
-16429
-16416
-16120
-13773
-9231
-6870
-4868
-3800
2798
2798
6186
7702
8204
9907
11905
14985
16396
17339
16433
16452
16572
18542
20395
20627
22147
24467
11020
-2256
-4198
11340
25851
9381
-5762
-7829
-3020
-3020
-15778
-12953
-2549
-7430
-18759
-14572
-1571
-4572
-23739
-27190
-8553
-2951
-2951
-9728
-5846
-2383
-8180
-4308
4553
8609
4635
3901
3901
10451
9756
4840
4177
4177
6350
1749
-3631
-7242
-5728
-8317
-8866
-6628
-9678
-13724
-18129
-13169
-8963
-12978
-15879
-13824
-9350
-7166
-7436
-7527
-4551
-3134
4111
4111
5831
5858
2126
4828
7343
11472
11903
10931
13785
8104
15072
15917
13439
11809
16725
19010
5140
2056
2056
15337
13122
-3392
-3392
6057
6057
-2264
-8724
-5256
-2776
-6397
-10775
-6288
-2860
-8681
-17378
-14675
-6883
-4929
-7446
-10620
-6964
-6780
-6705
-4145
-1692
-2078
-2078
-2401
2781
2781
1849
-2128
-2128
4119
4119
-2796
-2796
-6463
-5317
-4034
-6265
-5122
-7536
-8730
-9962
-10692
-9543
-9518
-9996
-11049
-8871
-7227
-5928
-6151
-7953
-7047
-2350
1696
1696
-2090
4970
4220
5822
5822
6953
8247
7135
8536
8659
12913
10389
5881
13005
15210
9756
2324
8256
8256
11730
3803
2685
2685
-3662
-3662
-3754
-2678
-4768
-8041
-5916
-3847
-5564
-11143
-12901
-10274
-6472
-5099
-6835
-7579
-8730
-6715
-3834
-2227
-1910
-2049
-1439
-1439
-5370
-5370
-5594
-5000
-3813
-3885
-6135
-8052
-7414
-7926
-8626
-8015
-10261
-8362
-9603
-6449
-5765
-6964
-6893
-6671
-3705
-4549
2427
-2177
-2177
-1330
5715
2365
-4325
6753
8712
3534
4893
6346
9715
4900
5937
11497
8110
11425
7740
8056
4992
5447
3007
3371
6454
4719
2505
-3156
-3156
-4018
-1491
-2577
-2577
-4090
-5670
-6081
-5784
-6010
-4363
-2751
-3777
-3700
-3187
-2491
-1292
-1432
1462
1462
-1412
-1412
1446
1446
-1281
-1483
-3887
-4634
-1927
-4638
-4261
-3297
-5470
-5948
-8218
-3812
-7344
-9974
-5624
-6666
-2958
-5467
-9222
-3453
-3697
-6294
-1938
3821
-4689
-4689
4017
4017
2379
2379
6096
2499
6579
6579
6382
2411
6405
3235
6049
10078
4694
1525
8470
7803
2820
4407
9263
4569
2662
2662
6265
-2224
-2224
-3779
-3779
-2883
-2846
-1893
-2006
-2440
-2046
-2349
-3359
-2628
-1659
1484
1484
-1849
-1849
-2904
1427
1344
-1496
-1496
-1964
-1964
-3216
-3216
-5614
-2087
-3236
-5557
-2282
-5307
-7230
-7967
-3709
-2763
-9512
-7919
-3845
-6598
-7300
-5792
-3906
-6965
-6204
-6944
4340
-8721
-8461
4824
-9726
3219
-1654
-1654
-9122
4268
6423
-13105
5396
3420
-2786
-1852
-2539
1680
5876
-7522
6566
6566
-4317
1535
-2929
1961
-4848
-4848
1971
1899
3423
3423
-2014
-2014
-1293
3092
3092
-2069
-2069
1376
2310
1724
1714
2879
2200
2639
1309
2361
1670
2539
2539
-2269
-2269
-2447
-4141
-4141
-1377
-3017
-5028
-4066
-6812
-5068
-3717
-3717
-11400
-4423
1527
-7879
-5178
-1355
-7609
3572
-7887
-2209
-1398
-1683
-2159
-2159
-5394
10403
-6143
1608
-2012
7724
1861
-1301
6394
1430
5699
2572
6751
6751
3593
8003
5023
-5269
11523
6733
6733
7214
-3717
9033
8389
-1404
3650
3361
9581
9581
-2065
4371
9738
2888
2888
7642
1744
7659
6665
1365
12059
3639
2317
6469
6627
6920
7388
7388
5352
1568
4849
2159
1997
3155
-1975
3581
2152
-2152
2650
-4926
4447
-3111
-2858
-4894
-4894
2593
-8107
-6564
-6564
-1825
-1825
-1625
-3348
-4223
3829
-2993
-2993
9065
9065
-3388
-6037
3467
11985
4335
-8133
1298
18080
5189
-12246
3213
11306
7548
2025
-7677
7345
15813
-6138
-6138
-4513
26145
7240
-18518
7794
11177
16261
-10741
-7320
15065
12892
-5617
-5617
4894
9758
14228
-7482
-3976
16014
16487
-1950
-2145
8886
10767
6792
3682
3682
9391
3486
5694
7976
-3950
6888
4747
3578
2969
-6942
10906
-3230
7730
-6712
-6712
6786
-5141
5210
-1469
-5966
3000
4757
4757
-2283
-9016
6345
-5465
-5465
1845
4033
-1295
3726
-7395
7598
7598
-2824
2658
10533
10533
-10399
5161
4558
4022
4022
-2020
12012
-6037
2005
5416
3006
3906
-8885
13059
8022
-14971
8413
11781
-7415
1640
4671
-1938
7734
4536
-12240
8613
19122
-13775
2859
10832
-2680
11648
-2626
17159
17159
-2133
2271
1507
6743
13296
-2200
-2994
7947
13634
-3903
-3903
4083
12321
-6419
12214
12214
-6271
6780
-1282
-6191
14841
-4791
-1579
6703
-6325
8212
-2398
1825
3240
-5821
-5821
3527
11229
-14385
14265
1568
-3615
6350
6350
4364
-4291
4125
3489
3489
11738
-5497
-1297
14249
-5694
1922
5328
7415
7415
-1831
-1831
7949
4635
-2188
4562
-2617
7834
4039
-1679
-1679
2145
8563
-2204
-5508
13254
-7042
-7042
9063
-2959
3460
7629
-8432
5682
12307
-6509
3019
8587
-7525
7800
6724
-9826
15442
-2459
3135
-4218
6669
6556
-11366
4884
4126
1824
-7750
2966
6163
6163
-10449
-3117
12168
-8124
-8200
-8200
1755
11729
-17014
5181
3994
-13258
16769
-12077
-2034
8599
-1834
-6663
2506
5967
-4071
-3033
2261
7235
-7756
12109
-6534
6170
6170
-3218
6743
-3725
4988
4401
4401
-7659
-7659
15727
-5859
-3706
10985
-2516
6360
6360
-9724
8543
9457
-13465
2639
14068
-3561
-3922
6480
1310
5098
-2240
5955
2568
-2641
13926
-1476
-5142
8535
13101
-8578
-5738
14340
-4942
-4942
4929
-3505
-3505
12700
-9927
11083
11083
-9867
2149
-5645
13496
-4729
-12551
11281
3433
-2586
-5689
1882
4581
-4015
2420
2420
-3967
18235
-19022
2716
6266
7668
-26308
-26308
32767
-5981
-9338
2568
4913
6475
-11501
5422
8046
1294
-2128
-6924
11317
1685
2405
2405
-6834
9589
3867
-5281
13366
13366
-6215
-9383
16490
4603
-13978
8326
1423
5255
5255
-2652
8283
-6249
9210
1831
-6060
17145
-6313
4538
4538
5771
-4118
-4118
12966
-8248
12036
12036
-2817
-1947
-1457
-1457
9618
9618
-16362
-1836
16498
-9527
-9136
2779
10655
-14358
-2967
8387
-6395
8994
-14275
13099
13099
-8172
2767
-5226
4104
4104
-6223
-6223
3085
10596
-13511
13208
13208
-9229
2382
-6229
7371
2223
-11561
14048
-7252
2524
-1746
-4394
15940
-14730
16525
16525
-14732
6305
6305
-7449
6195
-1533
-8822
10186
6915
-18224
10862
-12329
19661
1734
-28821
27873
2353
-19128
-19128
10582
22322
-20081
4840
4840
4376
8837
-17147
7939
7939
9784
-12091
-12236
14164
4009
-12922
-5724
3813
2603
-1531
-14033
-2370
9336
-6110
-7014
-6506
-2590
10921
-7077
-18942
3826
17860
-18213
-14539
23282
-13055
-7280
10611
-8221
-5150
4834
-4358
-4358
-3723
4597
-3749
-4441
5433
-2592
-6150
2720
-5305
-5305
-2868
-2868
2723
2723
-11960
5882
1500
-7185
-5246
5030
-4473
-4923
9158
-15706
2911
7125
-8031
-5667
4820
3671
-15542
7878
2095
2095
-15521
12545
6530
-5878
-7778
3434
11817
-12331
5379
-2329
-3797
14325
-18507
6992
-2147
9896
9896
-28907
19527
2580
-16795
4170
-3289
-4141
-4141
-4063
2432
-8378
4636
-1729
-8655
5020
-6222
-6222
1820
1820
6830
-10842
3905
4943
4943
-1655
-3913
7989
-4411
-2072
4809
7614
-18215
14131
6247
-17623
18892
-11611
5131
9041
-13356
9184
-3748
6754
-6014
5062
5062
-4783
4111
-6492
7422
-5138
-1832
9161
-10113
9927
-6499
-2493
5810
1283
-7280
5442
8072
-9682
4893
3106
-3040
7277
-2791
3581
3581
-1960
3588
-1290
-1290
2567
2567
1801
-5338
7262
7262
-12842
6799
-8658
9465
-3007
-16840
21565
-13892
5163
5163
-8710
4579
-1408
-6358
6537
-2033
-3627
2695
2954
-5748
6071
-1904
-2772
6401
-3174
-3174
2923
9159
-6391
6527
-1761
6640
1780
-1444
3683
8332
-3450
-2092
12811
-6915
2759
9534
-11085
8244
-3254
-3254
-1473
2030
7354
-15282
7891
1829
1829
-10574
9971
9971
-11157
-2285
-2285
9678
-7603
-5024
5997
-2549
5988
-9362
14663
14663
-11115
-2105
8569
-8112
-8112
11073
-9131
-9131
5182
2226
-2361
-5052
8150
-6294
2171
2171
-12566
7922
-2769
-3411
-1307
-2913
1355
-3604
-9870
-9870
8018
-4922
-6555
1381
-5725
7506
-11105
-2513
2324
-1766
-1766
-11421
6832
1476
-9794
-3058
-3058
-8837
-8837
1624
-4261
4552
-7336
-8496
6882
-7593
4095
-10595
-2490
4116
-7182
-4863
-6425
2777
-6528
-3614
-15449
-15449
5289
2457
-13611
-4039
-4039
6695
-9169
-10275
6102
-10980
-10980
2694
-5782
2964
2964
-11123
-5587
4859
4248
-17980
-1984
2305
6272
-9925
-13695
4198
7581
-10909
-12683
7852
-2505
-8385
-3837
-3753
-1542
-8957
-8957
-2331
3287
-9735
1619
-3072
-2102
-4584
-4584
-2590
7428
-3881
-7875
1894
8219
-3413
-4711
9816
-5740
8777
-3973
1667
17305
-11323
6680
12589
8015
8015
4427
3179
10100
5442
4853
4946
7088
3980
2910
5032
2339
6099
1867
-2020
6525
7578
-4100
-1295
8567
2474
1533
2701
-3007
13695
-5716
-3489
13739
-1720
-4578
2186
10090
-3989
-3039
11757
-5360
8847
8847
1790
1790
2247
-6043
5284
5070
-10706
6373
-1824
-1824
-2430
-4079
11344
-10722
-1872
4328
-6337
-2837
-2837
-3959
-2289
-4948
6424
-5644
-16247
15123
-7854
-6088
-3105
-1754
5389
-7059
-6397
-2221
4634
-9196
-6455
-6455
-7158
-7158
-1795
-5856
4990
-6694
-10065
4098
-1852
-9325
2901
-11021
-2419
1884
-14307
3154
-7365
-6746
-8885
-8885
-2082
-4895
-7706
-5925
-5925
-10319
6520
-9589
-10110
-3075
1398
-8153
-1297
-9957
1305
5104
-12987
-2704
-3363
8827
-8354
-2982
-4487
2970
3196
-10738
-2357
-2357
-3247
-3247
3524
3992
-5656
2835
4791
4555
4555
-5766
4457
9136
-9677
3855
3855
-3493
-2995
-8053
-1290
-6144
-9557
-7031
-15731
-14240
-6750
-24871
-21863
-10172
-19302
-20774
-22268
-17811
-13605
-22905
-19811
-16264
-23662
-4525
-21963
-27766
-9809
-13244
-19112
-29888
-13113
-6180
-26227
-21115
-18762
-12712
-10379
-28479
-11467
-13988
-13766
-12052
-20090
-14804
-8405
-13070
-22996
-2114
-25891
-9718
-6478
-29530
-6519
-18201
-10783
-18459
-17787
-7601
-19213
-16907
-12766
-12532
-16981
-15232
-15699
-14807
-18566
-11861
-18653
-18043
-13639
-11386
-11886
-22125
-6074
-7898
-14073
-11660
-6213
-12254
-13209
-3717
-14860
-14649
-2835
-8087
-23685
-6920
-9244
-15239
-12786
-19341
-7595
-6842
-15362
-16219
-7449
-8132
-11596
-10215
-8837
-5124
-7942
-11294
-10298
-2944
-14407
-8504
-11940
-11785
-6661
-16865
-11690
-8784
-17534
-13017
-6782
-16563
-18419
-3858
-12749
-21467
-6056
-11006
-9696
-14330
-11392
-4556
-14222
-7549
-17100
-12971
-8595
-13702
-18482
-19588
-7447
-21988
-17206
-14980
-21710
-22911
-20055
-17464
-28882
-22142
-14424
-25115
-23572
-15858
-15750
-19866
-15870
-17006
-18968
-5140
-19474
-7633
-13834
-17627
-2197
-10874
-12409
-6982
-10047
-6973
-5504
-10761
-9298
-8578
-8578
-11866
-4991
-2316
-2086
-14616
-3757
-2875
-9296
2954
-11777
-2914
2825
-11051
-2873
-2873
-7682
-7682
1749
-6723
-2949
4356
-8589
-7034
-2702
1816
-10810
-8962
-8962
-6841
-1734
-8475
-5158
-12120
-3539
-2214
-13138
-7502
-10312
-10312
-7269
3400
-7280
-5965
-2035
2925
-8463
-3082
3366
-4394
-5641
-5641
1901
2183
-6532
1679
3235
1549
6571
6571
5280
5280
6963
-7818
13278
13278
-3442
-7669
3607
5630
-5248
-1965
-1391
-1642
4733
-6394
-4452
2453
2453
-6141
-7296
1683
1683
-7006
3178
-4216
-4216
2775
5629
7038
-1904
-1827
4201
6283
-1325
-4860
2068
3291
3641
3641
3750
-3781
-2108
7411
-5822
-3268
-4752
-5018
-5018
-12212
5071
-7934
-9343
4214
4214
-9477
-5559
-1669
-4033
-4033
-8293
2716
-3819
-3819
-8091
2158
-4559
-2436
-3805
-4251
-7613
-7613
-7702
-7702
3073
-5293
-2525
5305
-13613
-2165
3776
-7463
-6273
-6273
-3001
-3001
-1337
1858
-8538
2488
2488
-3401
-3401
-1915
4405
3652
3652
4482
3705
4795
6672
6672
4519
8507
3164
2811
7186
8040
8981
5002
5002
8702
6274
7183
4424
1717
5318
7081
7403
4184
3623
3623
6907
7081
1849
2866
2866
9842
6446
-4922
7244
6297
5917
7669
7669
7868
4418
-1616
6553
7918
3371
3304
4676
2699
8601
5213
5357
5357
6048
3570
1791
7346
2889
2398
2033
5018
6113
-1297
-1297
8038
2589
2858
2858
1327
5082
2433
2433
2361
2361
4999
5692
5692
3832
4040
1683
1683
9214
5286
1312
1312
4313
13075
-4050
-1491
12807
4016
4016
-1681
5477
9722
-5471
2851
2851
6687
1408
-4878
3420
4318
4318
-2189
-1691
3916
1814
-1794
3229
3229
3958
3958
-1427
-1427
5960
1864
6036
6036
7946
-1927
2863
7999
7364
2831
1650
8727
7471
5412
8130
8130
8113
6931
6931
8023
8023
5023
-1932
6340
4194
3556
8005
8005
4689
4689
4760
4760
4162
4162
5117
3894
3894
2768
-2555
-2555
7049
-4774
3790
3790
-1692
-4083
-4083
5809
1708
1708
-1454
1633
-1535
-1535
2509
-2424
1649
2317
-8633
6205
6205
-2319
-6754
-2055
3969
-4926
-4926
-3980
2419
-2058
-2058
-3921
-3921
7406
-2956
-3116
4696
1609
4147
-2771
3994
6249
6249
5273
5273
-3223
-1555
-1555
-5350
-5350
3699
-9831
-9937
-9937
-1827
-5506
-4383
-5440
-12566
-6700
-1794
-5191
-15233
-8284
-6485
-6485
-9044
-8554
-2587
-7705
-7228
-7172
-10257
-5454
-8383
-19130
-5442
-5287
-16159
-11214
-8312
-9077
-7662
-11558
-12274
-8207
-8207
-11998
-6756
-3842
-8352
-8459
-4236
-12399
-4250
-2565
-12620
-8351
-3561
-7769
-11047
-5901
-6039
-6414
-13102
-6031
-3403
-11000
-7924
-11263
-4585
-4460
-10760
-10318
-6312
-11833
-11833
-8739
-1673
-1327
-3300
-10063
-4394
5005
-10830
-10830
2980
-4418
-4418
-1410
-1410
-1901
-1901
8405
-2386
-1453
-1453
4078
8734
-5126
2197
6881
1344
2257
3856
3204
4386
3684
3112
4903
9013
3227
7256
7256
7799
8049
3445
5395
7911
10994
7025
3001
6679
13500
13238
6807
6807
15961
10274
4549
4496
12480
15459
6602
3447
9997
17510
6028
3677
13890
8963
13492
4920
8035
15179
9222
11645
13304
13304
17508
3083
7939
9895
14769
7289
4906
12048
12331
8762
6688
6368
13227
13446
4723
4723
14232
10980
3322
5318
6581
14153
5818
-2198
10142
12942
4926
2262
5463
9216
13003
4152
12438
12438
13290
6294
6103
8919
12056
12420
7611
8876
11883
12660
10471
8224
12391
13175
9570
8440
13183
13406
10727
6239
11209
15480
10847
9768
7028
13006
12923
11849
7787
6245
15772
12757
11013
2148
14955
16550
6046
7839
9670
16275
12954
4436
7194
16386
14883
9537
2803
13361
17896
9160
7858
9422
13618
14134
7688
7585
14503
13557
7194
8778
11241
12602
12749
2750
11419
14548
8448
8583
8097
8583
13274
9331
5854
9769
10404
12301
8062
4494
14126
12720
5797
8955
12701
14367
5033
11217
8730
11859
17591
3106
8532
13888
11502
9607
6432
10524
12820
8263
8860
7148
12155
10374
2991
10077
11554
7301
7911
9253
3147
9816
14692
4873
2930
9377
13637
6391
3975
12009
6620
9706
8523
7117
9615
9422
11432
1874
9801
14659
11380
3007
5992
14591
11451
5280
6360
11823
10317
9856
3579
8502
14384
9482
9448
9448
13828
11447
2915
2190
11238
14344
7170
10241
10241
10114
10048
6461
3701
10257
13888
8053
8793
8793
15699
11856
4434
4434
16639
10871
8621
3447
7047
17014
6152
6496
9151
8309
13876
5022
5217
8923
13153
7380
2149
11035
8677
9325
9286
9984
9984
12980
5962
5487
5146
10479
9328
6238
1794
9830
12857
5849
2800
5520
13911
8101
4485
3697
9419
13106
8103
1732
3460
15668
12182
-2233
3806
13202
13929
1799
11580
11580
12141
8255
5468
5468
9975
9906
5854
7289
7289
11638
8526
1964
2493
10644
11089
4737
8597
8597
11856
7230
3810
4756
9351
10761
7293
4978
4620
11472
9000
6813
4619
6197
10128
8953
6227
2405
10078
11538
3065
3566
7874
11374
7101
1607
7732
6782
8495
6325
3464
7459
8568
5740
5472
6535
5644
8050
6850
6928
3839
8228
10785
3248
7956
5422
8085
10158
2150
8951
8556
7222
6331
7037
6650
8640
10607
2333
7669
7988
8837
8153
1734
8514
9367
7498
6501
2534
8988
8032
7715
5698
3451
12636
6359
4114
6548
7751
10422
5864
7429
5445
9452
11822
4780
6278
6745
11516
10967
4514
7454
8679
9455
10050
6702
8634
6704
11051
10341
4817
6298
9317
11645
5211
6149
10056
9075
6240
5534
7312
8647
8595
5623
7107
8429
6516
7484
7249
6954
7116
6495
9679
7109
4537
6702
8481
8089
5045
5689
6243
7977
7237
2176
5195
7969
4823
3971
4822
4414
4820
2320
1426
4092
2059
3252
1536
4071
4071
1750
1750
1411
1411
-2020
1636
1636
-2383
1737
1950
1950
3219
3219
3095
3095
2967
-2816
-2816
6037
1454
3231
3231
1979
1979
3039
2449
2449
1439
1614
2327
1575
1829
1829
3831
-1294
-1294
3398
5573
2999
2999
3471
2093
1567
2166
4484
2484
3165
3165
2783
3707
2901
1296
4778
2040
3282
2314
5099
5099
1450
4123
2553
2553
3957
1860
1860
2434
1586
2538
2538
2767
-1306
2334
2334
2021
2021
1932
1932
1477
1477
3136
2171
2847
2847
3253
1856
2775
1997
3562
2974
2420
4644
2877
4166
4166
3630
4183
2591
1818
4268
4057
3924
1958
2094
5542
3945
2725
3397
3534
4326
5397
2065
3249
5765
4250
4832
4089
4724
4299
7015
3578
4367
6487
6259
4710
3552
7061
5859
5014
3744
5562
7576
3810
3729
5457
4977
5885
2704
2005
5353
5696
3161
4413
4413
5275
2380
2123
1282
4170
3469
1514
1930
1930
4450
2239
3034
3034
2857
3194
1989
4074
4074
4946
1409
2768
2768
4390
3191
2910
2910
4374
1446
1446
3194
1940
3089
-2419
2089
4101
1403
1403
2815
2815
2087
2087
3582
3039
3039
4066
4066
2693
1673
1524
3880
4000
1439
3116
2451
3219
3567
3276
3741
2430
3738
2357
3056
4897
1403
3106
3796
2017
2846
2209
2963
3016
2354
2354
3649
1722
2752
2752
3728
1373
1373
4732
3376
3376
3077
2609
2609
4288
3955
3955
4312
3006
3006
5217
3374
1823
4271
3026
3102
4810
3003
2911
2586
4843
2455
2504
4035
1936
2796
2853
2123
3822
1332
1332
5230
2208
2208
1402
2526
3328
3033
3033
2414
1324
2205
1425
2458
2443
1884
1884
2894
1680
1810
1522
1940
2522
1870
2025
2025
2433
3204
3204
1471
2832
2832
-1676
-1676
-1472
-1472
1489
1489
-3294
-3294
2030
2030
1677
1677
1903
1903
1497
1687
1687
2977
1881
1881
2973
2973
2251
2251
1436
1436
-2793
-2793
-1973
-1973
-1709
-1709
-1453
-1453
-2523
-2523
-1372
-1372
-1553
-1553
-1297
-1990
-1936
-1936
-1809
-1809
-2062
-2062
-1595
-1595
-1992
-1992
-2259
-2259
1938
1938
-2157
-2157
-2607
-2601
-2601
-1307
-2530
-4588
-1913
-2297
-3883
-4631
-3569
-1491
-3818
-5027
-2902
-3773
-3288
-2376
-3699
-3163
-2606
-1998
-1939
-3099
-1709
-2701
-2046
-2046
-1336
-1336
-2053
-2136
-2136
-1727
-1727
-1979
-2858
-2858
-1630
-1658
-1658
-2115
-1310
-1477
-1360
-1518
-1382
-1382
1328
1328
-1847
-1441
1780
1367
1367
1357
1685
1685
1731
1731
1807
1501
1717
1285
2051
2250
1346
2098
2233
1900
2230
2101
2215
1920
2249
2192
1324
1848
2359
1840
1387
1582
1582
1293
1501
1501
2041
2041
1379
1379
2038
2038
1997
1333
1302
1773
2250
2061
2066
1571
2034
2823
2937
1881
1551
2386
2520
1616
1929
2279
2044
1692
1852
1942
1660
1761
1410
1497
1701
1736
1326
1508
1577
1598
1396
1309
1801
1535
1659
1975
1919
1752
1799
2500
1744
1438
2533
2196
1834
2085
2618
2572
1930
2045
2037
2224
3300
1554
2580
2580
2609
2143
1365
1365
1972
2138
1566
1566
1587
1473
1473
1309
1309
1281
1549
1873
1434
1434
2388
1830
1331
1516
2328
1813
1832
2025
1282
2300
2498
1797
1671
1606
1943
2156
1606
2145
2145
1515
1340
1340
-1290
-1290
-1406
-1525
-1802
-1488
-1537
-1975
-1859
-1955
-1972
-1881
-1899
-1745
-2033
-1974
-1838
-1961
-2159
-1703
-1571
-2052
-1726
-1585
-1602
-1597
-1708
-1398
-1303
-1633
-1379
-1358
-1444
-1452
-1291
-1628
-1628
-1478
-1434
-1434
-1482
-1525
-1560
-1466
-1563
-1614
-1700
-1468
-1603
-2051
-1792
-1767
-1923
-1834
-1685
-1717
-1669
-1557
-1731
-1799
-1542
-1506
-1513
-1376
-1310
-1465
-1465
-1419
-1372
-1474
-1545
-1537
-1515
-1563
-1505
-1547
-1486
-1419
-1423
-1378
-1433
-1302
-1302
-1281
-1387
-1387
-1410
-1402
-1299
-1414
-1391
-1587
-1681
-1513
-1502
-1422
-1637
-1476
-1486
-1476
-1428
-1538
-1488
-1351
-1405
-1426
-1293
-1293
-1291
-1305
-1305
-1282
-1282
-1295
-1291
-1309
-1309
-1307
-1307
-1351
-1388
-1388
-1420
-1355
-1355
-1293
-1293
-1340
-1388
-1388
-1335
-1335
-1425
-1393
-1393
-1283
-1283
-1315
-1315
-1379
-1379
-1399
-1298
-1290
-1371
-1417
-1363
-1358
-1446
-1402
-1443
-1512
-1565
-1419
-1466
-1593
-1441
-1462
-1502
-1483
-1436
-1359
-1387
-1353
-1355
-1352
-1352
-1350
-1321
-1321
-1408
-1280
-1306
-1306
-1387
-1347
-1481
-1481
-1345
-1345
-1479
-1324
-1509
-1509
-1481
-1296
-1301
-1301
-1394
-1295
-1281
-1362
-1362
-1529
-1284
-1351
-1351
-1534
-1447
-1452
-1452
-1366
-1339
-1339
-1383
-1305
-1305
-1308
-1281
-1308
-1308
-1304
-1336
-1282
-1316
-1352
-1362
-1404
-1379
-1379
-1526
-1432
-1451
-1579
-1600
-1710
-1584
-1647
-1836
-1706
-1645
-1790
-1874
-1787
-1740
-1680
-1715
-1780
-1668
-1606
-1485
-1640
-1699
-1558
-1475
-1459
-1639
-1454
-1524
-1635
-1488
-1525
-1473
-1320
-1389
-1589
-1481
-1455
-1495
-1509
-1659
-1562
-1476
-1538
-1626
-1645
-1435
-1467
-1626
-1568
-1528
-1426
-1614
-1591
-1353
-1355
-1389
-1510
-1525
-1422
-1412
-1519
-1528
-1481
-1521
-1499
-1513
-1528
-1431
-1426
-1454
-1534
-1481
-1501
-1549
-1528
-1479
-1541
-1520
-1648
-1720
-1580
-1629
-1727
-1857
-1849
-1844
-1833
-1940
-1954
-1865
-1909
-1932
-2014
-2013
-1823
-1994
-2148
-1952
-1864
-1839
-1896
-1927
-1872
-1694
-1744
-1836
-1733
-1713
-1699
-1794
-1689
-1590
-1718
-1713
-1794
-1785
-1632
-1639
-1716
-1729
-1649
-1620
-1727
-1747
-1720
-1704
-1761
-1835
-1742
-1777
-1821
-1907
-1870
-1796
-1844
-1769
-1840
-1910
-1816
-1845
-1965
-1736
-1679
-1710
-1682
-1788
-1623
-1627
-1690
-1672
-1691
-1519
-1618
-1782
-1774
-1650
-1589
-1756
-1841
-1840
-1760
-1784
-1925
-2012
-1922
-1889
-1994
-2030
-1932
-2045
-2166
-2111
-2128
-2098
-2125
-2035
-2068
-1957
-1926
-1963
-2013
-2006
-1939
-1912
-1888
-1960
-1811
-1711
-1840
-1880
-1703
-1634
-1739
-1758
-1635
-1763
-1815
-1758
-1871
-1856
-1894
-1810
-1766
-1910
-1813
-1868
-1850
-1842
-1837
-1783
-1856
-1829
-1759
-1747
-1748
-1919
-1866
-1742
-1754
-1752
-1896
-1771
-1746
-1766
-1760
-1851
-1695
-1825
-1822
-1739
-1682
-1742
-1845
-1836
-1769
-1764
-1877
-1941
-1863
-2004
-1977
-2056
-2070
-1977
-2133
-2073
-2139
-2108
-2113
-2174
-2178
-2132
-2247
-2196
-2097
-2167
-2152
-2080
-2048
-2038
-2101
-2189
-1995
-1781
-1948
-2055
-1899
-1890
-1993
-1926
-1970
-1977
-1978
-1975
-1900
-1877
-1989
-2079
-1981
-1980
-1995
-1985
-1948
-1879
-1905
-1961
-1982
-1867
-1829
-1919
-1901
-1952
-1903
-1847
-1791
-1728
-1760
-1851
-1831
-1830
-1719
-1710
-1737
-1671
-1697
-1684
-1728
-1651
-1651
-1740
-1798
-1795
-1666
-1754
-1822
-1747
-1791
-1755
-1832
-1914
-1759
-1856
-1846
-1851
-1906
-1824
-1858
-1905
-2083
-2073
-1865
-1951
-1996
-1958
-1929
-1831
-1858
-1887
-1808
-1754
-1865
-2074
-1844
-1783
-1934
-1946
-1788
-1637
-1700
-1592
-1665
-1560
-1551
-1716
-1673
-1601
-1479
-1575
-1607
-1609
-1535
-1605
-1630
-1552
-1564
-1538
-1563
-1584
-1583
-1609
-1564
-1542
-1596
-1502
-1546
-1519
-1545
-1526
-1562
-1516
-1366
-1415
-1423
-1441
-1481
-1574
-1519
-1383
-1441
-1517
-1623
-1597
-1510
-1537
-1621
-1596
-1481
-1490
-1656
-1734
-1548
-1569
-1582
-1496
-1509
-1465
-1470
-1590
-1561
-1515
-1544
-1506
-1605
-1551
-1552
-1587
-1638
-1617
-1488
-1500
-1530
-1617
-1486
-1438
-1414
-1475
-1476
-1391
-1456
-1415
-1451
-1313
-1366
-1482
-1388
-1321
-1371
-1337
-1343
-1378
-1325
-1325
-1464
-1464
-1355
-1417
-1417
-1397
-1306
-1317
-1317
-1286
-1290
-1290
-1320
-1303
-1292
-1292
-1294
-1294
-1409
-1393
-1354
-1307
-1307
-1469
-1469
-1463
-1489
-1512
-1538
-1335
-1363
-1330
-1411
-1430
-1292
-1409
-1359
-1311
-1322
-1326
-1366
-1351
-1330
-1279
-1325
-1303
-1307
-1307
-1315
-1315
-1349
-1349
-1297
-1350
-1350
-1307
-1313
-1313
