941
941
934
934
978
978
933
933
940
940
973
944
975
975
1026
1011
1112
1087
1028
1029
1055
1086
1062
934
944
1058
1017
962
968
1008
951
986
954
934
934
1036
1056
977
986
971
934
934
953
953
951
951
969
969
940
948
948
944
944
-991
-991
-979
-1019
-999
-980
-944
-957
-957
-1036
-1036
-967
-1024
-1024
-984
-969
-949
-949
-950
-944
-944
-1009
-1013
-1005
-943
-957
-1036
-1055
-1045
-980
-985
-1004
-991
-950
-950
-932
-932
-929
-929
-972
-946
-981
-1003
-971
-957
-957
952
952
927
927
948
948
934
981
981
1026
1000
1023
998
992
992
948
962
977
935
935
953
971
1080
1088
982
1043
1009
1015
960
1069
1055
1054
1003
972
1024
1006
994
942
952
974
999
938
937
937
933
975
926
926
929
929
-929
-929
-937
-937
-932
-932
-968
-1009
-1009
-963
-955
-955
-956
-956
-1005
-957
-951
-947
-938
-938
-956
-1055
-998
-944
-1027
-1027
-1029
-1018
-1021
-998
-985
-1039
-1039
-1051
-983
-943
-959
-959
-930
-933
-961
-953
-960
-960
-932
-932
-974
-974
-1081
-1081
-1150
-956
-956
-1127
-1127
-954
-1020
-1020
-1029
-1029
-1157
-1157
-1103
-1083
-1320
-1214
-998
-1048
-1048
-1479
-1473
-1372
-1392
-1127
-994
-988
-1455
-1369
-967
-1104
-1344
-1241
-1138
-1269
-1228
-1249
-1249
-1191
-991
-964
-964
-1245
-957
-1083
-1083
-1056
-1020
-1020
-1137
-999
-1047
-1047
-1048
-1182
-947
-947
-1100
-930
-930
-1132
-1115
-991
-991
-951
-951
-1048
-1046
-947
-1176
-1061
-972
-972
-1015
-1197
-1057
-1057
-1222
-1222
-940
-940
-930
-930
-935
-934
-934
-1077
-1077
-1158
-958
-958
-1092
-1092
-1218
-1071
-1071
-962
-962
-1167
-1167
-1263
-1089
-1089
-962
-962
-1146
-1146
-1124
-964
-964
-959
-959
-934
-936
-1204
-1204
-1033
-1033
-1050
-962
-1310
-1197
-1227
-1077
-1094
-1490
-1271
-1131
-1174
-1185
-1505
-1190
-1381
-1645
-1474
-1305
-1403
-1559
-1774
-1467
-1572
-1618
-1573
-1716
-1855
-1838
-2080
-1865
-2027
-2154
-2106
-2165
-1904
-2340
-2098
-2260
-2590
-2825
-2695
-2420
-2667
-3027
-3180
-2981
-3210
-3599
-3423
-3262
-3552
-4005
-3941
-4018
-3906
-3986
-4232
-4419
-4617
-4594
-4775
-4903
-4976
-5159
-5103
-5434
-5439
-5574
-5618
-5966
-6182
-6010
-6195
-6394
-6851
-6836
-6826
-6763
-7057
-7281
-7053
-7502
-7358
-7545
-7409
-7335
-7781
-7870
-7857
-7583
-7658
-7921
-7745
-7778
-7804
-7939
-7811
-7754
-7973
-7924
-7857
-7530
-7719
-7776
-7807
-7756
-7591
-7509
-7280
-7407
-7554
-7342
-7115
-7024
-7165
-6765
-6820
-6839
-6976
-6685
-6491
-6688
-6541
-6001
-6191
-6515
-6182
-6018
-6061
-5967
-5704
-5596
-6262
-6125
-5649
-5453
-5659
-5646
-5537
-5648
-5631
-5698
-5339
-5647
-5710
-5793
-5489
-5265
-5462
-5544
-5439
-5243
-5074
-5160
-5254
-5408
-5149
-5346
-5124
-5238
-5365
-5400
-5488
-5171
-5159
-5145
-5065
-5169
-5140
-5219
-5038
-5050
-5368
-5232
-5345
-5264
-5410
-5370
-5382
-5439
-5420
-5391
-5317
-5525
-5618
-5671
-5594
-5495
-5582
-5585
-5838
-5798
-5768
-5620
-5410
-5536
-5704
-5704
-5592
-5552
-5452
-5360
-5346
-5471
-5382
-5161
-4969
-4822
-4857
-4845
-4594
-4221
-3929
-3822
-3737
-3611
-3236
-3165
-2924
-2766
-2765
-2583
-2738
-2101
-1796
-1428
-1236
-1545
-1369
-1526
-945
-947
-947
-995
-1266
-1266
-1568
-2104
-1392
-1158
-1535
-1989
-3032
-2952
-3501
-3268
-3455
-4155
-4819
-5509
-5175
-5117
-5100
-5220
-5682
-5827
-6008
-5805
-5590
-5670
-5540
-5486
-5197
-4915
-4685
-4777
-5054
-4968
-5039
-4561
-4877
-5430
-6023
-5730
-4825
-4379
-4440
-4901
-4963
-4778
-4362
-3550
-3177
-3271
-3666
-3604
-3088
-2445
-2061
-2076
-2135
-1997
-1602
-1372
-1331
-1318
-1044
1050
1050
1255
1483
1448
1662
1548
1964
2593
2988
2869
2746
3780
4364
4456
4743
4991
5533
5849
6128
6859
6747
7454
7380
7983
8368
8904
9441
9284
8549
8371
8739
8738
7321
4776
3952
4538
6157
5060
2188
1037
1037
-2328
-2328
-2905
-1188
-1305
-1305
-1139
-1032
-1032
-1063
-1835
-1835
-1646
-1107
-1457
-1457
-1975
-1719
-1128
-1128
-1104
-985
-985
-961
-1108
-1108
-1440
-1551
-1791
-1986
-1914
-1618
-1585
-1975
-2632
-2901
-2651
-2119
-1800
-1696
-1675
-1728
-1553
-1085
1854
1854
2603
2629
3234
3975
4977
5490
5857
6997
7152
7316
7731
8711
9699
9835
9805
9854
10249
10999
11260
11436
11280
11329
10966
10073
7718
5756
5540
7383
8217
5743
2642
1306
1306
2041
2273
2670
1882
-2205
-2205
-2498
1299
1299
1380
1076
1076
1512
1512
1749
1749
2330
1150
1109
1109
2559
2405
1453
1453
1752
1789
2285
2096
1535
1343
1354
1746
1948
2165
2204
1991
1412
934
934
1170
1094
1094
1784
2342
3395
3869
4217
4276
4605
5775
6562
7318
8199
8471
8862
8686
9501
10710
11165
11267
11596
11700
11955
12141
12875
12780
11845
10049
7038
5507
5678
8764
8803
4572
1600
1600
1867
1824
2427
1136
-1583
-3916
-2863
-1124
-1124
-1061
1000
1000
-1334
-1334
1669
1669
2110
1444
1444
1209
941
941
1745
1494
1406
1406
1847
1684
1106
1106
1257
1183
2087
2950
3827
4344
4502
5135
4945
6384
7766
8658
8388
8772
9437
10377
10989
11904
12039
12007
12145
12061
13022
13496
14756
13865
10051
6689
6143
8298
10287
8931
6107
2740
2544
2544
3992
3761
1641
-2502
-2502
-1729
999
999
979
979
1084
1179
1179
2202
2701
1700
2404
2404
3259
2730
1779
1854
1854
3054
3088
2410
1789
1715
1990
1029
1653
1653
2817
3283
1771
1269
1269
2588
3505
2579
1015
1015
1102
956
956
1605
1921
1786
1304
1297
2683
4145
5466
6267
5866
5709
6087
6932
8848
9320
10333
11317
10910
11477
12011
12608
13182
13135
14001
14660
14727
15145
11639
7615
5776
7824
10839
10068
6776
4484
1879
2737
2737
4232
2874
-2275
-2275
-2342
-1170
1528
1528
3001
2575
-1284
-1284
1027
1027
2174
2618
2680
1972
1274
1274
2522
2660
2509
2542
2943
2631
1693
985
985
2197
3062
2714
1218
1959
1959
2512
2273
1017
1627
1627
2624
2402
2062
1824
2546
3893
4703
5825
6534
6903
7215
7679
9004
9744
10059
10929
11761
12990
13049
13260
13948
13750
13808
14384
13396
10726
7535
7601
8900
9024
7263
5558
4164
2308
1153
1617
2434
2130
-1257
-1257
-1930
-1721
-1335
-1512
-1584
-1506
-1078
-1078
-1716
-1305
1122
1122
965
965
1015
1023
1023
1385
1387
1090
1180
1214
-1101
-1101
-1204
-1204
-1637
-2039
-2274
-2075
-1830
-1543
-1430
-1613
-1734
-1858
-1666
-1057
1314
1314
1801
2070
2700
3404
4361
5138
5954
6826
7308
7340
8032
9280
9865
10381
11298
11953
12051
11949
12484
12567
10520
8003
6538
6869
7819
7347
6086
4782
3116
1805
1375
1375
-2004
-2004
-2524
-2463
-3033
-3617
-3570
-3080
-2616
-2561
-2729
-2599
-2825
-3889
-4463
-3890
-2608
-1878
-2119
-2506
-2664
-3066
-3242
-2878
-2094
-1453
-1508
-1651
-1609
-1518
-1370
-1324
-1504
-1464
-1170
-1220
-1220
-1881
-2108
-2502
-2888
-2983
-2545
-1649
-2096
-2366
-2384
-2741
-3082
-3353
-2955
-2532
-3093
-3197
-3568
-3732
-3753
-3843
-3652
-3570
-3457
-3003
-2680
-2635
-2412
-2336
-2289
-1880
-1167
1179
1179
1601
2084
2719
3106
3828
4065
4608
5292
5319
5947
6479
6748
7156
7079
6319
5465
4521
4565
4619
4391
4187
4275
3768
3121
2503
2266
2044
1604
1076
-1449
-1449
-1970
-2208
-2243
-2065
-1971
-2309
-2597
-3275
-3497
-3317
-3214
-2855
-2866
-3300
-3445
-3242
-2995
-2774
-2732
-2891
-2925
-2772
-2533
-2289
-2054
-2399
-2697
-2775
-2691
-2449
-2339
-2436
-2800
-2941
-2886
-2545
-2286
-2285
-2586
-2906
-2740
-2715
-2550
-2756
-2659
-2778
-2867
-2665
-2418
-2260
-2234
-2218
-2245
-1812
-1454
-1270
-1024
1007
1007
1218
1532
1873
2420
2865
3444
4044
4521
4931
5399
5749
6418
6812
7250
7548
7901
8041
7871
7646
7458
7693
7777
8027
7757
7333
6619
6142
5853
5520
5095
4371
3194
2432
1707
1542
1298
-1337
-1337
-2084
-2344
-2274
-2354
-2680
-3224
-3819
-4083
-3868
-3779
-3919
-4219
-4612
-4503
-4064
-3583
-3505
-3801
-4002
-4052
-3633
-2923
-2464
-2361
-2542
-2709
-2396
-2008
-1544
-1533
-1782
-2170
-2162
-1746
-1326
-1198
-1226
-1452
-1714
-1637
-1380
-1223
-1427
-1644
-1895
-1777
-1653
-1385
-1457
-1620
-1899
-1819
-1630
-1354
-1034
-1013
-984
1097
1097
1628
2105
2493
2922
3288
3792
4360
5056
5647
6199
6672
7218
7733
8110
7900
7578
7023
7276
7921
8494
8565
7726
6913
6183
5995
6023
5777
4994
3700
2348
1886
1949
2069
1301
-1380
-1380
-2087
-2150
-1749
-1472
-1942
-2926
-3494
-3548
-2954
-2493
-2735
-3567
-4216
-4240
-3670
-2868
-2425
-2742
-3449
-4011
-3705
-2798
-2134
-2124
-2427
-2881
-2701
-1947
-1476
-1398
-1944
-2453
-2598
-1996
-1084
-1189
-1189
-1885
-2062
-1707
-1145
-1085
-1085
-1530
-1864
-1547
-1004
-1144
-1144
-1534
-1438
-1065
935
935
1325
1953
2507
2734
3016
3264
3627
4462
5171
5830
6321
6589
7230
7773
8260
8763
8561
8083
7482
7707
8299
9059
9101
8095
7306
6571
6330
6284
5987
5227
3893
2628
2221
2402
2537
1750
-1494
-1494
-1479
-1020
-1270
-1270
-2271
-2841
-2927
-2593
-2124
-2316
-2945
-3614
-3543
-3030
-2342
-2030
-2424
-3037
-3358
-3033
-2404
-1867
-1890
-2363
-2739
-2597
-2159
-1902
-1818
-2265
-2771
-2766
-2378
-1700
-1394
-1441
-1907
-2311
-2266
-1808
-1479
-1412
-1564
-1652
-1662
-1247
-1019
-1019
1268
1268
1720
2122
2481
2671
2954
3422
4095
4792
5248
5604
5898
6431
7066
7734
8663
9075
9505
8984
8433
7686
8238
8792
9606
9438
8346
7366
6659
6276
6654
6286
5378
3783
2245
1668
2133
2545
1710
-1272
-1272
-2021
-2026
-1421
-1183
-1760
-2793
-3557
-3417
-2497
-1901
-2145
-3098
-4007
-3845
-3051
-2308
-1761
-2328
-3167
-3311
-2887
-1833
-1102
-1328
-1974
-2381
-2038
-1152
-1267
-1267
-1934
-2480
-2263
-1636
-929
-1043
-1720
-2387
-2404
-1953
-1479
-1438
-1844
-2162
-2254
-1908
-1422
-1232
-1296
-1536
-1622
-1315
-938
976
976
1141
1281
1658
2142
2701
3296
3771
4155
4577
5110
5620
6411
6853
7535
8282
8965
9504
9433
8916
7925
8041
8854
9655
10025
8912
7866
6950
6608
6684
6739
5872
4352
2683
1942
2079
2735
2158
-1229
-1229
-2182
-2075
-1605
-1108
-1396
-2721
-3497
-3709
-2816
-1932
-2099
-2957
-4118
-4094
-3068
-2134
-1466
-2030
-3083
-3489
-3171
-2008
-1065
-1245
-2003
-2647
-2507
-1747
-1115
-1240
-1884
-2652
-2916
-2344
-1446
-1245
-1664
-2595
-3099
-2800
-2260
-1833
-2071
-2709
-2991
-2882
-2103
-1440
-1464
-1804
-2186
-1960
-1351
1009
1009
1584
1930
2079
2227
2662
3479
4120
4621
4951
5402
6022
6570
7365
7890
8677
9060
9410
9024
8571
7741
8415
9010
9979
9772
8577
7521
6739
6612
6787
6402
5322
3679
2287
1677
2179
2293
1171
-1923
-1923
-2267
-2020
-1585
-1475
-2103
-3260
-3821
-3693
-2694
-2319
-2615
-3512
-4393
-3856
-2836
-1886
-1723
-2519
-3213
-3296
-2582
-1394
-1324
-1324
-1998
-2153
-1794
-1042
-951
-1502
-2053
-2585
-2215
-1597
-1198
-1496
-2333
-2831
-2843
-2445
-2214
-2394
-2976
-3239
-3170
-2875
-2392
-2280
-2589
-2942
-2842
-2211
-1738
-1323
-1159
985
985
1634
2291
2942
3414
3996
4548
5225
5908
6694
7233
7978
8568
9470
9709
9527
8539
7784
8474
9374
10606
9960
8653
7274
6421
6588
6957
6706
5540
3200
1770
1460
2310
2304
1097
-2646
-2646
-3002
-2386
-1737
-1476
-2522
-4000
-4691
-4200
-2889
-2362
-2939
-4212
-5056
-4248
-2876
-1830
-1800
-2894
-3644
-3724
-2864
-1439
-1028
-1727
-2806
-3174
-2212
-1114
-1267
-1267
-2644
-3451
-3060
-1780
-1034
-1034
-2115
-3061
-3149
-2546
-1808
-1931
-2799
-3455
-3630
-2867
-2011
-1660
-2127
-2909
-3155
-2652
-1830
-1131
-975
-1054
-972
989
989
1221
2004
3025
3545
4261
4475
5085
5680
6707
7521
8161
8545
8996
8874
8397
7509
8239
8828
9823
9648
8407
7475
6343
6040
6152
5820
5138
3484
1668
1180
1180
1736
-2644
-2644
-3508
-3232
-2636
-2154
-2530
-3825
-4734
-4920
-3907
-3082
-3179
-4043
-5098
-4793
-3781
-2735
-2306
-2992
-3696
-4197
-3678
-2226
-1282
-1402
-2212
-2966
-2872
-1857
-1080
-1127
-1856
-2563
-3087
-2403
-1355
-1118
-1569
-2542
-3000
-2735
-2231
-1814
-2049
-2709
-3296
-3104
-2382
-2009
-1908
-2424
-2957
-2877
-2486
-1626
-1154
-1147
-1250
-1241
1211
1211
1825
2740
3716
4427
4713
5377
5970
6867
7896
8707
9177
8786
7917
7147
8314
9284
10392
9900
8318
7068
6224
6297
6875
6439
5353
3385
1727
1203
1914
2127
-935
-935
-2738
-3236
-2827
-2205
-1940
-2691
-3995
-4872
-4535
-3513
-3036
-3445
-4611
-5290
-4630
-3623
-2541
-2280
-3223
-3972
-4184
-3540
-2068
-1528
-1971
-2903
-3359
-2732
-1657
-1096
-1594
-2591
-3542
-3429
-2169
-953
-1061
-1879
-2704
-3102
-2558
-1878
-1854
-2430
-3105
-3273
-2598
-1826
-1517
-1847
-2726
-3083
-2642
-2018
-1312
980
980
1566
2421
3434
4162
4723
5028
5630
6305
7395
8317
8784
8378
7605
6658
7660
8751
10010
9698
8137
6912
5946
5962
6433
6382
5479
3602
1884
1234
1719
2050
-2901
-2901
-3562
-3052
-2428
-2072
-2704
-4150
-5093
-4980
-3907
-3409
-3828
-4759
-5374
-4914
-3980
-3051
-2722
-3456
-4313
-4443
-3820
-2506
-1796
-2081
-2907
-3392
-2847
-2003
-1628
-1849
-2506
-3107
-3238
-2417
-1657
-1441
-1893
-2466
-2755
-2602
-2276
-2126
-2409
-2717
-2861
-2608
-2039
-1686
-1849
-2350
-2644
-2526
-2217
-1613
-1253
-1027
1161
1161
1641
2340
3095
3990
4436
5205
5594
6480
7431
8333
8681
8123
6956
6295
7908
8943
10356
9280
7668
6342
5497
5829
6471
6127
4730
2472
1194
946
2240
1834
-2183
-2183
-3889
-4010
-3058
-2247
-2271
-3491
-4821
-5387
-4671
-3597
-3521
-4312
-5705
-6123
-5012
-3860
-2728
-2959
-4166
-4902
-4925
-3861
-2425
-2174
-2879
-3801
-3715
-2808
-1510
-1332
-2226
-3298
-4258
-3537
-2095
-1319
-1343
-2290
-3069
-3198
-2469
-1863
-2053
-2649
-3431
-3183
-2222
-1349
-977
-1568
-2457
-2565
-2146
-1286
1259
1259
1630
1634
1881
2519
3376
4623
5053
5844
6009
6793
7594
8464
8714
8008
7021
6346
7796
8933
10215
9112
7599
6023
5100
5328
5797
5398
4145
1963
1524
1524
1291
-2508
-2508
-4087
-4353
-3448
-2633
-2554
-3692
-4973
-5723
-4962
-3857
-3633
-4517
-5893
-6240
-5154
-3790
-2831
-3074
-4176
-5020
-4961
-3897
-2557
-2335
-3119
-4039
-3909
-2773
-1798
-1523
-2538
-3680
-4291
-3789
-2332
-1525
-1576
-2362
-3091
-3202
-2702
-2198
-2349
-2852
-3397
-3304
-2312
-1485
-1082
-1609
-2419
-2564
-2248
-1611
982
982
1616
1729
2040
2231
2776
3844
4707
5804
6266
7173
7619
8473
9043
8573
7585
6422
7354
8396
10040
9652
8292
6695
5267
5131
5695
5285
4527
2188
990
990
1243
-2167
-2167
-4496
-5355
-4653
-3745
-3181
-3774
-5410
-6258
-5932
-4678
-4040
-4671
-6093
-6993
-6354
-4932
-3263
-3001
-4030
-5175
-5602
-4826
-3292
-2725
-3194
-4425
-4730
-3753
-2539
-1567
-2079
-3231
-4496
-4616
-3258
-2181
-1802
-2471
-3361
-3568
-3160
-2345
-2262
-2680
-3468
-3741
-2919
-1866
-1121
-1235
-1970
-2408
-2407
-1808
-1140
1494
1494
2003
2116
2316
2697
3469
4546
5578
6299
7037
7590
8584
8777
8466
7326
6782
7523
8490
9979
9108
8145
6638
5489
5507
5640
5223
3977
1557
967
967
-2741
-2741
-4971
-5549
-5106
-4482
-3910
-4915
-6184
-6883
-6306
-5072
-4659
-5424
-6882
-7453
-6800
-5375
-3848
-3857
-4640
-5442
-5769
-4778
-3408
-3030
-3559
-4697
-4892
-3991
-2836
-2079
-2741
-3750
-4828
-4653
-3424
-2574
-2119
-3035
-3761
-3733
-3306
-2555
-2574
-3155
-3993
-4032
-3277
-2151
-1449
-1617
-2147
-2418
-2400
-1609
1107
1107
2005
2313
2532
2748
3394
3988
5064
5872
6682
7341
8141
8652
8456
7688
7031
7579
8084
9481
9006
8237
6975
5983
5719
5750
5282
4314
2135
-2288
-2288
-4421
-5248
-5128
-4777
-4248
-5010
-6337
-7230
-6931
-5862
-5186
-5482
-6607
-7576
-7436
-6414
-4816
-4295
-4826
-5717
-6050
-5363
-4091
-3426
-3801
-4859
-5196
-4762
-3454
-2725
-2936
-3829
-4989
-4978
-4057
-3106
-2829
-3506
-4289
-4469
-3839
-2893
-2688
-3019
-3797
-4136
-3677
-2659
-1707
-1566
-1982
-2214
-1832
-1187
1159
1159
2165
2782
2936
3109
3482
4104
5194
5726
6884
7331
8081
8033
8015
7128
7386
7702
8397
9002
8213
7672
6648
6019
5911
5635
5250
3664
1934
931
931
-2554
-2554
-4190
-4844
-4779
-4632
-4470
-5472
-6516
-6997
-6414
-5518
-5365
-5953
-7108
-7537
-7220
-6246
-5152
-4992
-5559
-6130
-6139
-5399
-4319
-3980
-4331
-5224
-5443
-4714
-3465
-2754
-3206
-4033
-5008
-4812
-3906
-3140
-2901
-3563
-4164
-4209
-3746
-2844
-2636
-2978
-3644
-3823
-3230
-2258
-1526
-1340
-1790
-1910
-1591
1405
1405
2281
2828
3092
3054
3251
4111
5005
6014
6513
6952
7184
7089
7164
6736
7331
7401
8177
8319
7942
7633
6611
6359
6115
5492
5155
3711
2621
1560
1129
1356
-1870
-1870
-3228
-3741
-4130
-4025
-4179
-5114
-5821
-6304
-5993
-5508
-5387
-5849
-6736
-7089
-6727
-5818
-5171
-5154
-5604
-6052
-5919
-5423
-4563
-4220
-4520
-5093
-5329
-4757
-3836
-3166
-3338
-4037
-4709
-4434
-3923
-3310
-3130
-3815
-4167
-4267
-3761
-2789
-2714
-2948
-3522
-3586
-2856
-1943
-1052
-942
-1491
-1757
-1520
1647
1647
2546
3017
3048
2685
2741
3286
4341
5214
5833
6054
6431
6265
6375
6089
6368
6373
6781
7104
6774
6751
6170
5862
5658
4954
4655
3725
2776
1998
1240
1463
-2109
-2109
-2776
-3377
-3607
-3607
-4307
-5066
-5565
-5663
-5479
-5300
-5549
-6110
-6591
-6641
-6265
-5673
-5378
-5496
-5792
-5905
-5745
-5095
-4578
-4595
-4859
-5171
-4760
-4237
-3719
-3269
-3625
-3995
-4390
-4084
-3521
-3066
-3061
-3408
-3419
-3267
-2718
-2230
-2044
-2251
-2641
-2668
-2175
-1480
-1138
-1138
-1200
-982
1038
1038
1694
1865
2028
1843
2075
2340
3194
3656
3885
4033
4412
4909
4817
5115
4609
4880
4575
5137
5612
5675
5496
4803
4598
4314
4134
4038
3312
2642
1729
1386
1478
1181
953
-1598
-1598
-2183
-2085
-2090
-2602
-3345
-3990
-4112
-4101
-4096
-4251
-4631
-5345
-5589
-5429
-5027
-4726
-4911
-5223
-5382
-5488
-5069
-4793
-4669
-4813
-5005
-4772
-4381
-3724
-3554
-3610
-3806
-3980
-3587
-3138
-2600
-2510
-2555
-2447
-2351
-1884
-1527
-1359
-1579
-1848
-1683
-1244
956
956
1301
1693
1839
1473
1250
1450
1363
2103
2281
2589
2568
2629
2813
2942
3238
3022
2673
2485
2595
2970
3522
3624
3580
3242
2948
2907
2849
2845
2382
1915
1527
1134
1298
1366
1312
-1423
-1423
-1879
-2104
-2133
-2121
-2373
-2739
-3180
-3591
-3561
-3429
-3191
-3279
-3573
-3845
-4009
-3982
-3805
-3646
-3683
-3906
-3952
-3868
-3514
-3384
-3477
-3518
-3749
-3752
-3415
-3027
-2601
-2537
-2513
-2521
-2286
-2118
-1963
-1880
-2009
-1892
-1715
-1292
-978
-1945
-1945
2049
2049
1440
1440
988
935
935
1135
1135
1331
1154
1260
1628
1791
1519
1211
1514
1657
1614
1746
2224
2480
2327
2347
2385
2378
2282
2355
2103
1770
1825
1689
1575
1657
1402
1203
-1633
-1633
-2022
-1413
-1874
-2639
-2446
-2215
-2305
-2015
-1859
-2071
-2507
-2810
-2510
-3234
-3203
-4605
-5001
-4074
-7457
-2306
-4600
-4600
-4760
-3531
-3784
-4447
-3898
-5216
-4241
-2413
-3588
-4439
-3403
-4106
-4476
-5328
-6858
-5189
-6559
-4829
-3111
-3111
-3502
-2912
-1240
-1048
-1048
-3687
1488
2409
1709
1709
1288
941
4111
5388
5945
7227
6459
7761
9520
8347
5730
4097
2460
6187
11332
10218
7874
5386
2364
1067
2613
2613
5433
2752
-3475
-3475
-4250
-2272
-3681
-5979
-6175
-7438
-6802
-5818
-5683
-5527
-7313
-8869
-9857
-7551
-1431
-1851
-1851
-4128
-5838
-4014
-1647
2937
2937
3586
-1906
-1906
1984
1984
3121
-979
-979
-1358
-2695
-5514
-8012
-6906
-4739
-4258
-6252
-9094
-10066
-9934
-8697
-5972
-5403
-7116
-8485
-8411
-6526
-4692
-5442
-5018
-4632
-4314
-3382
-2130
-1749
-2122
-2293
1782
1782
2415
2835
2535
3139
3303
4683
6702
7072
7232
8140
8855
11551
11468
12321
14343
16209
9941
3222
1403
6023
13492
12512
5288
2599
-1995
-4682
-5569
-2095
2949
-8272
-8272
-13241
-12107
-7859
-9586
-11409
-11310
-11598
-9221
-9351
-9819
-7059
-8456
-10712
-9568
-3817
3241
3686
-1818
-4864
-2301
1499
3685
6661
8936
7366
1604
-1034
2273
6288
5986
1120
-1676
-2842
-5532
-6717
-7532
-8888
-11996
-15519
-13897
-11240
-13149
-16183
-18427
-16361
-14217
-11681
-8445
-8977
-12249
-13060
-9797
-5101
-2827
-2623
-2584
-2554
-2413
3781
3781
4998
4617
5517
7213
9378
9721
9701
9668
10803
11818
14694
14642
14410
15410
15575
15548
19022
12397
2523
2674
2674
14305
13678
1971
-3020
-8074
-10203
-10543
-5985
2200
-3440
-14527
-22149
-18777
-9597
-10729
-12465
-11077
-12806
-11197
-10782
-9782
-4291
-5039
-7842
-5584
948
7592
7677
-2254
-2254
2456
6935
10372
12511
12423
9354
3326
3326
6841
3935
-4030
-5649
-7723
-10687
-11538
-12566
-12023
-16525
-18764
-15017
-13978
-16649
-19458
-18181
-14877
-12929
-9963
-7856
-8756
-11820
-9952
-3502
2726
2726
3142
3636
4653
5579
9463
12605
13740
13517
13974
16080
16643
17725
18423
18228
19464
20491
21947
23767
21682
5927
-1196
11067
11067
22617
9770
-2728
-9684
-16726
-13589
-10689
1989
1989
-12395
-26234
-28574
-17447
-9197
-11821
-11857
-13676
-13990
-12223
-12346
-5732
-1363
-4692
-5106
9118
9118
12907
6397
-1728
2702
9978
15489
18029
15925
13010
1947
-5875
7216
7216
10515
1921
-7188
-10840
-15966
-16363
-11903
-8397
-10926
-18581
-20256
-18325
-18809
-19306
-17143
-13189
-11637
-10801
-8441
-8327
-11090
-9489
-2205
4845
8729
8120
6693
6374
6924
12647
19874
21301
21776
18823
18753
20262
20703
24648
25881
26762
26077
24886
10597
1170
1170
11685
24085
11184
-2314
-7260
-14883
-15434
-14745
-2017
1705
-12935
-26940
-29119
-20253
-13805
-15293
-12284
-13047
-15302
-14040
-14363
-8329
-3456
-2919
-2020
1164
7746
11882
6821
5184
5184
13576
18309
17531
14099
12219
1924
-5528
8813
8813
10052
-9586
-9586
-12025
-16212
-16810
-11521
-6953
-11207
-20877
-22677
-20001
-19353
-19001
-15845
-11828
-12570
-13841
-11715
-9126
-9532
-6007
5911
5911
7935
6530
7105
9129
11595
17036
22800
23778
22999
21452
19861
24247
25898
29938
30988
29347
21742
4284
1171
7010
22717
24234
4128
-7045
-12906
-14278
-11852
-8601
-5055
-5055
-22947
-32768
-27589
-14172
-12310
-17291
-17986
-16451
-15198
-17396
-13751
-5615
-2733
-6164
-3954
4787
10800
8798
1801
1801
12331
18245
18607
15046
11505
7518
8667
8667
9955
3694
-6527
-10105
-9653
-13111
-12656
-9368
-10428
-16454
-21498
-20097
-18439
-19624
-18112
-14402
-12839
-14520
-15373
-12136
-9778
-7558
-1974
2416
4271
4002
4209
8551
12262
16479
19786
20807
20718
21158
22826
24835
27040
28924
30506
30684
26229
9612
3492
6899
21112
27869
9795
-3311
-10719
-13707
-11162
-8175
2097
-1030
-19656
-32768
-31750
-17181
-10333
-15162
-17096
-18687
-19044
-20774
-17273
-6390
-5117
-5117
-6732
6981
6981
8607
1950
3230
13282
18327
17978
13343
12076
8537
967
4329
11051
14262
5131
-8956
-9448
-8681
-7591
-5988
-5344
-8601
-18900
-23089
-18695
-14125
-13933
-15948
-14378
-14985
-17171
-15099
-10841
-7666
-5968
-2358
1063
2928
1839
2993
8367
13496
18633
20036
19433
17992
20092
23271
28505
29367
31595
29637
29833
18429
4517
7892
16627
31344
20437
-6707
-6707
-11504
-8768
-7527
3915
3915
-10917
-29158
-32768
-23534
-8851
-11307
-17935
-20388
-20803
-21842
-21507
-12915
-1245
-1620
-10339
-8161
7367
7367
3466
9855
9855
18199
16709
11378
9706
10149
4894
3065
12427
17236
8844
-6200
-11064
-5588
-3528
-3655
-2200
-5905
-16158
-23749
-19565
-11075
-10181
-13979
-15665
-15870
-17254
-16227
-11194
-6757
-6264
-5520
-2132
2434
2434
1981
5916
10892
16229
18237
17942
17323
18628
21956
25997
28817
31534
29855
29119
22926
7689
8044
12955
28943
28268
5195
-5208
-11878
-7201
-4130
-1961
5346
-4960
-24058
-32768
-28212
-9445
-5312
-15386
-21178
-22578
-21852
-22069
-15739
-1963
2099
-8628
-11676
-4178
6190
7006
7905
7905
17339
16691
10156
7860
13225
9954
4284
9607
16813
13906
-1651
-9302
-2624
1709
-995
-1120
-2210
-10200
-19636
-18563
-7935
-5030
-9680
-14604
-14360
-14559
-14442
-7979
-2980
-3144
-4102
-3656
4338
4338
5583
9533
12138
15748
17696
18088
18236
21091
25159
27681
28692
30474
30945
30630
21422
9171
11749
18184
31019
25250
5368
-4322
-9794
-4426
2996
2996
4768
-8361
-25997
-32768
-23708
-6524
-4926
-15570
-23236
-24544
-22145
-20304
-14021
-1794
-995
-11977
-14228
-5456
5893
4725
7062
7062
13874
11514
5134
4269
9217
6680
5254
11102
12862
4801
-7743
-8860
3669
3669
-3876
-3876
-9204
-15344
-18534
-13498
-5356
-6326
-13213
-17666
-16508
-13705
-11295
-7343
-3756
-3919
-4836
-4748
3534
3534
5261
8593
12498
15443
15559
13008
15817
20231
25785
25810
27605
27430
28142
19260
5266
9265
17416
31654
23294
2333
-5423
-9628
-4850
-1952
2975
4839
-9283
-27835
-32768
-23211
-7509
-6941
-16950
-24366
-27176
-25553
-21639
-15427
-5432
-4903
-15333
-17972
-11222
1022
2124
-3632
1729
8917
6813
6302
6302
5635
985
4771
7228
2409
-9385
-10834
-1806
-4022
-4022
-7921
-10952
-15274
-19315
-15572
-8532
-8990
-14737
-19821
-18523
-15821
-12527
-8401
-5369
-6166
-6989
-6946
-3387
3240
6206
8690
9644
11279
12970
14236
16803
23173
24602
25200
24343
27599
25240
8831
6496
12750
29957
28024
5826
-4968
-6858
-3992
-3108
1173
7124
-3352
-24722
-32768
-23367
-6528
-5096
-16024
-22390
-25026
-26091
-21318
-13479
-4196
-3777
-14339
-17017
-11083
3603
3603
1308
1308
8484
8489
1243
6008
6008
8908
4492
5096
7537
2818
-7284
-10093
4769
4769
-2332
-8010
-10936
-13678
-16131
-13003
-6628
-7389
-14262
-19649
-16252
-13173
-10920
-8086
-6325
-5210
-6743
-5693
-2338
3466
6668
8905
10595
12849
13338
14149
17634
23165
26461
27634
25209
28259
22110
8997
10058
17493
32767
25564
3373
-4526
-4995
3357
3357
6079
-6806
-27625
-32691
-17960
-2967
-6334
-19572
-23580
-24546
-24563
-19545
-11424
-2358
-6302
-17130
-16277
-7778
2717
2832
3723
3723
8905
7748
1421
6778
6778
7261
6065
8496
8851
1636
-9505
-8665
2148
6724
-7227
-7227
-12649
-15409
-15350
-8991
-2713
-6548
-15141
-21088
-16535
-11262
-7199
-5151
-5386
-6380
-8043
-4845
6122
6122
8833
9254
11906
11932
14957
14928
18839
24673
28722
28803
27365
23259
11855
10263
15914
30783
31971
12504
-1607
-6692
3844
3844
5418
7885
-1566
-20358
-31412
-23051
-5525
-2217
-13924
-22772
-25407
-24854
-21343
-14689
-4987
-4273
-14300
-17432
-11613
-1018
2579
3344
3344
8178
7816
3663
1035
5260
8095
7704
10768
10399
4396
-5438
-7935
7252
7252
3668
-3936
-11046
-14526
-14305
-10082
-3497
-5184
-12519
-18711
-18112
-11904
-8083
-5992
-4942
-6128
-6763
-5249
4102
4102
7218
9191
12186
14264
15720
15336
18538
23397
28400
30334
30504
25391
14037
10909
15875
30826
32767
16724
1667
-4978
4446
4446
7360
8983
-17146
-17146
-29624
-22488
-5587
-11721
-11721
-21669
-24645
-23491
-20031
-14537
-5350
-4092
-13395
-17564
-11915
2994
2994
2094
2094
7035
8652
4541
2923
6282
8295
7776
9791
11674
6818
-1920
-5606
6928
6928
4637
-1623
-8129
-12319
-13482
-9699
-4178
-4591
-11353
-17732
-18033
-13034
-8529
-6439
-5992
-7154
-7991
-6329
-1574
3448
6658
8422
9739
12522
14660
15669
20048
22985
27717
28965
29989
26188
14955
13358
18779
31347
32166
16309
3422
3341
3341
6429
8696
9501
-16797
-16797
-27100
-18602
-4075
-1713
-13243
-22165
-23838
-23682
-19871
-14060
-6082
-5852
-15912
-18441
-11367
1816
1816
1757
1757
5755
5492
1660
3313
8703
10880
8558
8543
9545
5342
4698
4698
7592
2084
-4037
-7150
-8969
-9419
-7897
-5146
-7585
-13508
-16969
-15473
-11489
-9458
-9271
-8307
-8442
-8400
-6454
-2584
2009
4007
5945
7998
10800
12755
13789
18145
21960
26186
26390
27096
25771
16068
12966
16496
29242
32767
17637
3545
4097
4097
7096
7584
8858
2540
-13722
-26017
-19876
-4951
-11892
-11892
-22221
-23739
-22930
-19554
-14712
-7524
-5969
-15288
-20161
-13877
-2534
2212
3783
3783
5672
2183
2100
7938
9805
7014
6069
8872
7641
-2480
-2480
2796
7065
2285
-3916
-7010
-8167
-9688
-8790
-5369
-6804
-12730
-17629
-16318
-11232
-9217
-9516
-9668
-10304
-9476
-7841
-3566
1969
3228
3648
4990
8746
13550
14273
17672
21147
24275
24633
24797
20813
15377
15889
22100
31873
25326
10568
2616
3318
9015
8513
8700
5879
-5189
-19216
-22048
-10396
-5486
-5486
-19084
-24658
-23458
-20678
-17103
-11337
-6732
-12243
-20918
-19258
-8094
-2797
-2797
3957
3957
2885
1718
5823
10570
8679
6539
8416
8924
5032
2553
2553
7726
6632
-4815
-4815
-6166
-7071
-7209
-4359
-3404
-8596
-15451
-17008
-12552
-8539
-7956
-9132
-9994
-10599
-10263
-6188
-928
2597
2760
2855
5578
8918
12379
15218
18210
22332
23749
24195
25970
20566
16041
15892
23779
32767
26129
11647
2731
4602
10616
11501
11054
7467
-4226
-17989
-19415
-7893
2459
-3932
-17909
-23378
-22589
-18981
-15021
-10036
-6715
-13158
-20692
-18437
-7857
-3254
-3254
-1018
2776
2215
1798
6340
10246
9827
5683
7615
9166
6034
2712
4084
9073
6440
-3359
-3359
-3541
-3278
-4367
-3532
-4162
-8851
-13826
-13354
-9734
-7459
-8115
-9767
-10315
-10008
-8471
-5242
-1605
1387
1387
1346
4197
7245
11109
13746
16418
19140
21054
21850
23998
23587
17269
14857
18797
28217
28698
15819
6189
5076
9475
10955
10099
9427
1978
-11625
-17992
-10285
-12207
-12207
-20665
-20837
-18479
-14808
-10522
-7281
-10205
-18111
-19297
-11292
-1189
-3229
-3229
-3394
2232
2232
1483
2562
7649
8982
6549
5555
6501
6020
1681
2109
6860
8033
2483
-4052
-5103
-3661
-2841
-2711
-2890
-6736
-12045
-14009
-10380
-6220
-6236
-8543
-10121
-10226
-8294
-5510
-2126
1239
1239
2210
5960
8368
11850
13986
15999
19348
19437
21973
21435
16250
13281
15549
25446
28458
17944
5877
3104
7994
11598
11097
9865
4537
-8040
-16923
-11699
3922
3922
-8042
-18848
-20110
-16863
-13006
-10056
-6076
-7496
-15538
-19643
-12731
-1574
1640
-3192
-5039
-1002
1691
1535
1861
6918
7932
3006
2789
5474
8047
2992
3178
3178
5218
2266
-3185
-3810
-3134
-5327
-5941
-4234
-4778
-9438
-13074
-11437
-7511
-7126
-8596
-9160
-8817
-7436
-6619
-2954
1084
1084
1366
1324
5291
9435
10916
12835
15045
17880
19041
19660
20850
16030
11622
13112
22410
27660
17445
4713
2161
7265
10120
9412
9334
4622
-7389
-17214
-11531
1145
3971
-7563
-18423
-18795
-16016
-12538
-8732
-5115
-6839
-15190
-18925
-11159
2130
2130
-2847
-4674
-1507
1264
2500
2500
6645
7963
4826
2378
5826
4714
1830
1371
4347
6299
-5171
-5171
-5542
-3576
-3369
-4048
-4420
-7171
-12762
-14048
-9768
-6368
-6362
-10004
-11491
-10051
-7959
-5412
-2265
1735
1735
5555
8067
10179
11580
14092
16648
17807
18220
21458
19211
13718
12152
16347
25223
21963
10010
3262
4714
9256
8645
7201
6050
-1144
-11889
-14185
-5795
2634
-1836
-14283
-18482
-15879
-12465
-10251
-8076
-6022
-10016
-16266
-14780
-5275
2361
-4834
-4834
-2875
1390
2750
2168
5323
9038
7988
1864
1828
5722
6169
4156
2494
3898
1380
-3313
-4910
-2316
-4670
-4670
-7984
-8539
-9050
-11123
-10789
-8753
-8425
-10597
-12201
-10370
-7606
-6265
-5957
-3818
-1495
942
942
3198
6013
8994
10719
11949
15364
17204
18220
19418
20988
16945
12401
14057
21447
25390
16054
5897
4633
8387
9463
7408
7645
4114
-6417
-14072
-9309
1230
1230
-8936
-17137
-16135
-13414
-11713
-9279
-6340
-7658
-14186
-16308
-9172
-4514
-4514
-4410
2246
2246
997
2560
6948
7492
4484
3476
6397
6413
3643
2664
5222
5096
-2733
-2733
-2547
-1628
-2708
-4330
-5345
-7427
-10346
-11457
-8915
-7172
-8689
-10922
-11574
-9906
-8005
-6259
-4973
-3647
-2865
-2020
3634
3634
5830
7439
9298
11556
14142
15622
16612
18657
20080
15600
11771
13838
20498
23289
15426
6750
5318
8201
9627
7814
6993
3482
-5466
-11576
-7816
965
965
-8388
-16374
-15203
-11512
-10056
-9137
-7335
-7939
-13423
-15066
-8448
-5349
-5349
-5022
1527
1527
2231
2231
6060
6422
2971
2154
5609
5901
3639
3199
4528
4245
-1961
-1961
-2081
-2081
-4265
-5395
-6404
-8578
-9293
-7953
-7143
-8445
-10526
-10049
-8046
-7095
-6298
-5603
-3791
-2073
-1679
3325
3325
4789
6264
8163
11545
13427
14040
15058
16995
15398
11059
11829
17374
22410
17160
7387
5070
8240
11065
9419
7516
5388
-1549
-8632
-7443
3194
3194
-4900
-14210
-14664
-10723
-9138
-8556
-7490
-7620
-12456
-15465
-10372
-2478
-982
-5726
-6962
-2827
-1377
-1377
3578
3578
4621
2130
1322
3504
5181
2926
2693
4554
4335
-1686
-1686
-2593
-2593
-3985
-5660
-6969
-7321
-6063
-5523
-7639
-9757
-9538
-7309
-5635
-5868
-5511
-4817
-3645
-1971
2121
2121
3107
3687
5839
9411
10450
11290
12117
14396
15736
9999
9048
12058
17992
19108
9722
4561
5728
8789
9082
7223
6727
3301
-5235
-8989
-2592
3854
-9531
-9531
-13675
-9867
-8601
-8291
-7245
-5559
-8349
-14708
-13020
-5430
-1165
-4240
-7613
-5097
-2338
-3330
-3043
2596
2596
1299
1159
1159
3255
1590
1607
3416
4264
1211
-2253
-1240
1036
1036
-2737
-2737
-4501
-6014
-6231
-3994
-2811
-5120
-8084
-8904
-5797
-4013
-3975
-4215
-4041
-2543
-1916
2097
2097
2945
3497
4576
7918
9255
9666
9399
12598
13105
7268
7599
10591
18607
15404
5192
1767
6314
10653
8801
6484
5313
-6956
-6956
-5884
2566
6762
-956
-12274
-12721
-6878
-4832
-5140
-5286
-6031
-11028
-14667
-8712
-1366
-6856
-6856
-9365
-4775
-2970
-3525
-1485
1378
-2587
-2587
-2384
1730
2770
2174
2174
2099
-1008
-2069
-1932
-1932
-2781
-4244
-5392
-4889
-2995
-2466
-5188
-7495
-7167
-3500
-2816
-3368
-3642
-3400
-1879
-1097
1044
3110
2663
2688
4202
7321
8640
8816
8961
12673
10462
4550
5551
10371
19025
12851
2595
6255
6255
9419
6560
5380
6316
-8560
-8560
-5839
3581
7080
-2922
-12375
-8949
-5035
-5464
-6277
-3535
-3696
-10491
-13501
-6679
-2898
-2898
-7224
-7281
-2744
-3910
-4867
-1598
1026
-2839
-2839
-1315
992
-998
-998
2589
2589
1027
-2360
-2851
-2319
-2319
-3050
-4197
-5511
-3933
-2249
-2656
-5642
-7176
-5368
-2475
-2773
-3778
-3542
-2455
-1578
-1296
1052
2406
2339
1662
3590
6581
7391
7642
7566
9593
4630
3349
5082
11770
13871
6494
1013
5241
5241
6464
7193
4903
1865
-4900
-6748
4478
4478
3023
-5968
-8911
-7040
-4580
-2972
-2519
-2890
-7444
-10076
-7900
-2201
-1136
-3674
-5172
-5302
-3893
-4050
-1819
-1498
-1498
-2711
-1201
-2146
-2146
-3093
-2190
-1878
-1878
-3235
-4547
-4909
-4336
-2263
-2226
-4348
-5841
-5860
-4028
-2608
-2347
-3047
-3387
-2823
-1638
1202
1202
2574
3724
5395
5311
6496
7229
8645
8109
2371
3322
5659
12156
9979
2828
-1081
1582
4848
5238
5889
3224
-1512
-8063
-3962
3155
3637
-1572
-8042
-6540
-4972
-3545
-1614
-994
-4014
-8401
-7569
-3043
-2189
-2189
-3359
-4100
-3384
-2781
-2666
-1617
-1617
-2751
-2212
-1738
-1738
-1965
-1069
-2545
-2545
-4187
-4175
-2317
-2007
-2964
-3538
-4710
-4942
-4928
-3189
-2107
-3317
-4637
-4904
-3383
-1176
-1617
-1617
-1411
1007
1007
2214
2859
2285
2344
3266
4603
5166
5256
5791
7025
7561
7381
4612
2020
3628
6973
8564
3572
-1654
-1436
1412
3236
3813
2531
-1073
-5065
-4786
1012
3698
-4191
-4191
-5569
-2855
980
980
-3606
-3606
-4047
-1480
1445
-1805
-1805
-2586
-2444
-1997
-1785
-1350
-1017
-2473
-3692
-3897
-3488
-3711
-3930
-3638
-3658
-4795
-6005
-5483
-4297
-3182
-3705
-4703
-5403
-5101
-3831
-2533
-1704
-2210
-3153
-3266
-1358
1123
1123
1829
2429
2596
1954
1924
2711
3304
3006
2881
3308
4011
4056
4141
4115
4222
4125
3253
2593
2464
3461
3090
2007
931
958
1219
1213
1958
1823
1003
1042
1042
1636
1244
1077
1077
-1015
-1015
-1727
-1503
-1463
-1463
-1663
-2071
-2709
-3435
-3598
-2891
-2872
-3718
-4429
-4222
-4319
-4430
-4472
-3958
-4016
-4587
-4615
-3966
-3446
-3532
-3682
-3435
-3005
-2843
-2683
-2191
-1679
-1672
-1772
-1190
1023
1023
1171
1046
1255
2087
2295
1928
1859
2275
2909
2979
3110
3423
3540
3575
3505
3867
4116
4340
3951
3003
3067
2710
3250
3054
2511
1690
1191
1243
1661
2133
1575
1056
935
935
-1036
-1036
-1906
-2188
-2253
-2158
-2340
-2625
-3095
-3569
-3638
-3337
-3305
-3604
-4237
-4237
-4067
-3829
-3932
-4211
-4172
-4253
-4119
-3879
-3403
-3280
-3400
-3422
-2941
-2502
-2222
-1847
-1199
1014
1014
1378
1565
1947
1727
1616
2040
2606
2916
2920
2925
2841
3065
3104
3503
3742
3663
3349
3407
3396
3994
3586
2382
2551
2632
3668
2577
1696
1242
1592
1672
1355
1707
943
1105
1105
-1123
-1123
-1242
-1242
-2006
-2521
-2175
-2084
-2297
-2821
-2790
-2672
-3171
-3571
-3633
-3075
-3140
-3399
-3455
-3664
-3801
-3825
-3339
-3160
-3217
-3419
-3449
-3133
-2590
-2426
-2418
-2148
-1774
-1304
-994
1124
1124
1334
1109
1058
1396
1820
2112
2057
2232
2226
2244
2368
2569
2879
2921
2744
2821
2862
2996
3138
3384
3518
3347
2647
2404
2669
3109
2808
1963
1447
1459
1732
1787
1733
1154
-1097
-1097
-1156
-1179
-1011
-1195
-1333
-1864
-2207
-2419
-2402
-2356
-2533
-2525
-2767
-2807
-3176
-3191
-2990
-2818
-2972
-3231
-3296
-3298
-3099
-3018
-2876
-2894
-2897
-2915
-2766
-2313
-2084
-2031
-1955
-1469
-1008
1116
1116
1259
1609
1811
1801
1808
1969
2169
2451
2472
2555
2669
2798
3009
3064
3055
2896
2994
3205
3214
3154
2979
2829
2548
2511
2604
2477
2271
1710
1428
1051
944
1011
-1014
-1014
-1308
-1716
-1785
-1911
-1874
-1924
-2210
-2353
-2621
-2497
-2455
-2467
-2608
-2822
-2842
-2751
-2653
-2733
-2839
-2945
-2850
-2637
-2398
-2363
-2453
-2496
-2394
-2168
-1961
-1765
-1614
-1337
-1188
-1131
-961
1068
1068
1364
1582
1693
1865
2084
2505
2673
2828
2981
3078
3121
3194
3363
3325
3155
2981
2971
3034
2844
2790
2657
2560
2354
2001
1718
1415
1358
1075
-962
-962
-1154
-1154
-1474
-1704
-1650
-1668
-1638
-1734
-1821
-1993
-2082
-2071
-2026
-1970
-2271
-2372
-2464
-2464
-2444
-2430
-2343
-2297
-2458
-2610
-2448
-2296
-2020
-1907
-2024
-1954
-1781
-1623
-1467
-1099
1161
1161
1303
1253
1422
1829
2225
2362
2404
2599
2590
2610
2704
2717
2859
2808
2837
2898
2753
2456
2207
2240
2227
2020
1719
1454
1313
1075
-929
-929
-1097
-1097
-1074
-1215
-1278
-1283
-1280
-1279
-1534
-1676
-1788
-1694
-1722
-1695
-1987
-2168
-2257
-2229
-2025
-2065
-2089
-2264
-2189
-2156
-1995
-1735
-1573
-1499
-1502
-1329
-1074
978
978
1232
1387
1648
1908
2061
1940
2091
2224
2399
2496
2534
2565
2499
2239
2102
2243
2228
2164
1809
1580
1463
1438
1444
1305
1154
956
-992
-992
-1218
-1221
-1133
-1059
-1229
-1407
-1556
-1804
-1776
-1507
-1322
-1312
-1584
-1793
-1924
-1780
-1521
-1364
-1313
-1440
-1396
-1146
1088
1088
1245
1290
1396
1367
1513
1713
1882
1923
1868
1814
1702
1700
1756
1878
1741
1610
1585
1389
1267
1266
1130
961
1008
1054
928
-985
-985
-1137
-1002
-948
-948
-1006
-1067
-1316
-1473
-1417
-1240
-1064
-1071
-1195
-1442
-1483
-1325
-1081
-965
-932
-1120
-1203
-963
997
997
1043
1018
1031
1174
1542
1695
1692
1599
1363
1484
1628
1857
1926
1894
1661
1481
1476
1509
1511
1378
1243
1015
927
-939
-939
-966
-942
-1038
-1038
-1103
-1156
-1006
-965
-965
-1148
-1094
-1131
-1033
-938
-938
936
936
1154
1386
1511
1449
1559
1595
1508
1495
1717
1822
1838
1693
1658
1654
1605
1543
1436
1437
1312
1160
962
-940
-940
-982
-1020
-1109
-1005
-976
-1077
-1218
-1200
-1073
-1197
-1194
-1208
-1207
-1266
-1301
-1294
-1245
-1153
-1107
-1056
-1084
-1131
-1221
-1082
-955
1134
1134
1188
1085
1018
1026
1242
1433
1499
1531
1523
1460
1443
1439
1590
1639
1453
1375
1308
1305
1318
1239
994
-1061
-1061
-1112
-1061
-1017
-1017
-1202
-1216
-1240
-1173
-1178
-1076
-986
-986
949
949
1039
1148
1083
1177
1392
1482
1451
1579
1601
1540
1599
1588
1738
1768
1712
1574
1555
1660
1500
1360
1234
1247
1178
948
-992
-992
-981
-969
-969
-1105
-1026
-1042
-1021
-1003
-985
-947
-947
-1045
1003
1003
998
1050
1040
1080
1388
1472
1545
1537
1462
1544
1708
1820
1864
1812
1811
1747
1812
1699
1475
1484
1415
1372
1170
952
928
958
958
989
989
1015
1162
1223
1350
1441
1488
1429
1363
1524
1582
1751
1689
1739
1770
1670
1527
1380
1452
1444
1351
1150
1034
1098
1098
1118
1207
1214
1323
1328
1322
1383
1372
1380
1318
1280
1362
1237
1160
1181
1189
1120
-946
-946
943
943
974
947
978
1114
1147
1068
1027
1138
1194
1127
1121
1072
989
-963
-963
-1100
-985
-939
-966
-978
-985
-1018
-981
-971
-990
999
999
970
-943
-943
-991
-954
-954
-1047
-1047
-982
-942
-942
-988
-988
-1117
-1084
-1103
-996
-981
-1092
-1101
-1081
-997
-1060
-1155
-1287
-1318
-1240
-1256
-1279
-1170
-1184
-1226
-1243
-1195
-1066
-1008
-940
1003
1003
1019
929
-940
-940
-934
-949
-949
-955
-955
-936
-953
-953
-1069
-1056
-963
-1067
-1154
-1135
-1138
-1034
-932
-948
-959
-990
976
976
1103
1148
1221
1265
1348
1335
1246
1338
1270
1206
1262
1256
1228
981
-992
-992
988
988
1045
1131
1289
1278
1198
1251
1285
1201
1170
1175
1149
1052
-974
-974
-926
-926
1007
1007
1035
1071
997
-974
-974
-968
-1111
-1120
-1175
-1263
-1204
-1086
-1062
-1116
-1034
-1058
-928
-985
-985
-936
-936
-1005
-1125
-1126
-1079
-1065
-1065
-1003
-1059
-1018
965
965
935
1008
1008
965
