317
317
284
305
296
296
307
440
360
452
383
451
441
391
470
424
536
441
428
336
289
285
-294
-294
-275
-377
-295
-363
-362
-491
-562
-549
-553
-511
-583
-594
-649
-625
-646
-637
-654
-652
-656
-617
-598
-628
-631
-643
-561
-512
-452
-452
-455
-407
-327
338
338
452
488
570
508
569
634
781
818
899
940
989
969
1042
1088
1179
1229
1286
1304
1269
1209
1138
1209
1128
1175
924
711
426
-304
-304
-538
-808
-1068
-1208
-1296
-1261
-1351
-1366
-1440
-1460
-1515
-1534
-1453
-1430
-1381
-1375
-1327
-1300
-1279
-1223
-1128
-1009
-894
-835
-773
-707
-611
-515
-395
-300
308
308
387
505
573
622
595
608
610
698
735
835
967
983
1091
1104
1261
1223
1451
1505
1745
1929
2047
2216
2268
2139
1588
1344
1009
1178
1218
961
420
-608
-608
-915
-870
-647
-595
-805
-1253
-1672
-1825
-1847
-1719
-1571
-1443
-1495
-1807
-2060
-2050
-1826
-1587
-1391
-1299
-1326
-1415
-1449
-1363
-1104
-866
-762
-710
-731
-783
-844
-794
-613
-403
402
402
361
312
380
380
505
741
839
870
803
782
934
1217
1363
1609
1689
1842
1893
1984
2058
2347
2653
3060
3167
2626
1665
622
840
1359
1914
1231
-918
-918
-1315
-1281
-983
-589
-425
-877
-1561
-2015
-1982
-1712
-1521
-1263
-1261
-1126
-1602
-1752
-1908
-1744
-1453
-1328
-1019
-1171
-1385
-1677
-1557
-1186
-824
-717
-728
-827
-884
-964
-929
-708
-509
-407
-436
-462
-548
-589
-524
-272
369
369
527
568
507
551
674
987
1124
1296
1520
1717
1974
2078
2253
2453
2646
2857
3052
3360
3741
3590
1978
1012
487
1615
2280
1637
-1265
-1265
-1452
-1632
-1254
-723
-424
-934
-1879
-2506
-2245
-1714
-1464
-1308
-983
-775
-1170
-1613
-1826
-1438
-1124
-917
-704
-738
-997
-1546
-1555
-1193
-693
-451
-510
-568
-789
-1114
-1213
-926
-549
-346
-474
-615
-810
-1003
-1065
-853
-454
-269
-400
-577
-660
-657
-497
380
380
301
275
275
491
729
1007
1415
1752
1848
1775
2009
2189
2741
2942
3286
3569
3691
3729
3805
2858
1688
1005
1258
2391
2066
781
-1186
-1765
-1674
-1445
-1036
-702
-899
-1822
-2766
-2861
-2086
-1489
-1283
-1152
-800
-890
-1383
-1682
-1322
-916
-695
-678
-580
-585
-1049
-1339
-1172
-487
-322
-322
-481
-681
-975
-830
-554
-318
-442
-698
-786
-982
-1206
-1249
-1008
-678
-729
-945
-1103
-1088
-899
-728
-426
502
502
751
1068
1451
1693
1803
2001
2163
2744
3026
3312
3644
3753
4036
4235
4584
2952
1803
777
1540
2743
2175
510
-1521
-1863
-1851
-1607
-1134
-823
-1120
-2116
-3135
-2912
-2030
-1407
-1306
-1083
-729
-867
-1341
-1511
-1094
-644
-602
-645
-457
-473
-839
-1213
-930
-375
-510
-510
-805
-818
-593
-335
-498
-658
-829
-1108
-1446
-1545
-1246
-926
-949
-1191
-1375
-1336
-1224
-1051
-687
-267
452
452
605
991
1325
1835
1924
2093
2353
2785
3166
3553
3865
4260
4351
4883
4598
2484
1652
653
2477
3095
2094
-1968
-1968
-1874
-1992
-1567
-1069
-693
-1288
-2596
-3575
-2926
-1934
-1354
-1290
-875
-462
-906
-1476
-1635
-957
-498
-403
-399
-341
-503
-1105
-1367
-769
-735
-735
-839
-731
-337
-533
-533
-704
-956
-1280
-1609
-1594
-1222
-947
-1154
-1387
-1516
-1428
-1341
-1096
-600
-270
-270
520
520
822
1125
1660
1957
2129
2267
2671
3136
3490
3884
4234
4601
4953
5142
2786
1796
746
2168
3487
2564
568
-1822
-1936
-2001
-1563
-1068
-645
-1084
-2415
-3558
-3271
-2144
-1420
-1292
-980
-493
-760
-1374
-1685
-1126
-642
-436
-425
-287
-380
-989
-1546
-1149
-404
-696
-696
-1112
-947
-576
-314
-314
-559
-824
-1263
-1676
-1753
-1328
-888
-1012
-1352
-1568
-1599
-1495
-1286
-755
456
456
705
1117
1800
2196
2398
2369
2816
3105
3746
3893
4534
4768
5643
3897
1946
979
1070
3422
3137
1784
-891
-1804
-1975
-1878
-1360
-766
-633
-1619
-3086
-3550
-2710
-1819
-1469
-1290
-589
-461
-951
-1591
-1528
-908
-539
-458
-567
-567
-1302
-1462
-832
-442
-357
-357
-1206
-1193
-1055
-330
-406
-406
-581
-1048
-1477
-1820
-1564
-1045
-843
-1112
-1331
-1539
-1518
-1509
-1092
-515
388
388
667
935
1596
2172
2554
2668
2959
3178
3653
3835
4457
5031
5923
3132
1898
545
1758
3725
2762
1389
-1108
-1444
-1784
-1755
-1068
-493
-667
-1874
-3224
-3143
-2322
-1730
-1592
-1248
-490
-563
-1057
-1546
-1356
-990
-789
-570
-730
-730
-1437
-1369
-855
-508
-533
-533
-1265
-1254
-1053
-443
-342
-405
-554
-1086
-1574
-1772
-1486
-918
-879
-1047
-1206
-1399
-1468
-1376
-946
-315
293
293
519
799
1123
1961
2433
2852
2935
3307
3643
3806
4370
4617
5819
3072
2283
670
1813
3567
2578
1220
-993
-1185
-1498
-1391
-1039
-470
-689
-1745
-3049
-2988
-2159
-1568
-1470
-1286
-761
-738
-1050
-1469
-1274
-989
-878
-700
-487
-371
-713
-1304
-1281
-947
-740
-317
-325
-552
-552
-1110
-1381
-1117
-732
-522
-458
-659
-1018
-1538
-1601
-1434
-998
-842
-993
-998
-1113
-1205
-1089
-777
444
444
564
817
822
1412
2063
2802
3024
3311
3555
3905
4278
4530
5610
2760
2463
774
2220
3754
2612
1120
-1073
-1043
-1257
-1073
-679
-500
-500
-1729
-3064
-2742
-1944
-1266
-1368
-1178
-680
-792
-1174
-1540
-1261
-904
-912
-747
-525
-518
-859
-1523
-1308
-979
-742
-382
-528
-365
-771
-1382
-1298
-1199
-728
-621
-625
-695
-1173
-1498
-1569
-1287
-853
-822
-939
-931
-1030
-1122
-961
-635
306
306
533
658
878
951
1511
2204
2916
3114
3636
3601
4168
3971
5247
3762
2413
1763
1122
3737
2768
1928
-363
-1015
-972
-1076
-727
-930
-930
-2446
-2838
-2114
-1420
-1167
-1201
-658
-587
-1021
-1499
-1492
-1001
-828
-784
-659
-562
-785
-1275
-1482
-1103
-1013
-620
-536
-524
-531
-1272
-1421
-1483
-1021
-788
-640
-626
-993
-1354
-1535
-1376
-975
-704
-778
-770
-804
-915
-751
-661
389
389
599
887
1092
982
1522
1931
2829
3330
3601
3999
4253
4434
4861
2264
2436
1207
2654
3746
2382
1190
-778
-1010
-1119
-866
-327
-1392
-1392
-2505
-2412
-1860
-1229
-1153
-834
-389
-600
-1056
-1530
-1397
-1015
-835
-597
-477
-487
-893
-1476
-1398
-1230
-954
-524
-524
-526
-929
-1487
-1587
-1383
-1137
-851
-777
-830
-1162
-1489
-1481
-1271
-901
-745
-701
-540
-619
-589
-554
393
393
776
984
1324
1255
1443
2037
2444
3412
3411
4202
4059
5031
3489
1903
1753
1123
3594
2978
2240
447
-673
-1078
-1205
-800
-298
-298
-1651
-2189
-2073
-1581
-1251
-1162
-562
-270
-451
-1004
-1376
-1294
-1166
-928
-590
-374
-346
-865
-1407
-1315
-1430
-1028
-645
-589
-445
-1016
-1545
-1636
-1660
-1288
-1070
-845
-926
-1221
-1461
-1548
-1321
-1049
-868
-604
-365
-347
-272
-285
611
611
1057
1383
1680
1686
1989
2349
3132
3248
4094
4005
5108
3295
1858
1420
986
3420
2568
1961
461
-451
-790
-1182
-951
-266
-266
-1488
-1796
-1748
-1402
-1269
-1260
-607
-318
-365
-698
-1080
-1058
-1244
-1055
-746
-297
-303
-685
-1053
-1258
-1342
-1112
-844
-591
-427
-903
-1218
-1458
-1714
-1548
-1356
-1179
-937
-1194
-1280
-1455
-1426
-1272
-1097
-684
-353
476
476
894
1520
1729
2033
2239
2658
2954
3426
3777
4594
4438
2199
2184
700
2450
2786
1842
1217
-580
-580
-945
-1166
-643
-260
-260
-1049
-1642
-1654
-1405
-1028
-1207
-910
-562
-504
-454
-795
-750
-909
-1077
-984
-760
-397
-526
-803
-991
-1245
-1193
-999
-958
-673
-878
-1187
-1282
-1441
-1342
-1373
-1306
-1313
-1269
-1257
-1185
-1165
-1129
-1068
-954
-621
-342
379
379
570
839
1214
1705
1977
2419
3012
3122
3933
3687
4818
2806
2162
1431
1269
3320
2263
1782
372
-491
-876
-1153
-985
-474
-474
-1462
-1707
-1749
-1251
-1146
-1086
-490
-490
-364
-525
-800
-723
-1016
-994
-758
-330
-413
-413
-809
-1088
-1338
-1107
-990
-793
-668
-1093
-1308
-1493
-1534
-1455
-1330
-1380
-1218
-1253
-1228
-1111
-1146
-1034
-917
-696
-296
314
314
429
609
652
975
1163
1663
2074
2479
2953
3287
3752
4028
4228
2182
2154
947
1970
2920
2115
1756
364
-478
-960
-1342
-914
-535
-535
-1297
-1657
-1655
-1278
-1332
-1015
-588
-524
-298
-555
-611
-739
-1085
-1119
-857
-277
-622
-622
-1114
-1285
-1161
-1043
-790
-783
-1099
-1214
-1478
-1460
-1448
-1513
-1503
-1423
-1291
-1057
-928
-950
-991
-988
-704
598
598
724
861
932
1105
1360
1881
2163
2777
3100
3608
3849
4357
2249
2210
996
1337
2777
1843
2086
990
-553
-553
-1263
-1228
-415
-387
-387
-860
-1321
-1463
-1138
-1421
-1296
-934
-926
-336
-345
-896
-896
-1246
-1264
-786
-331
-331
-690
-1015
-1077
-1109
-1092
-1051
-1288
-1244
-1224
-1127
-1130
-1362
-1605
-1626
-1550
-1185
-865
-712
-607
-688
-590
-346
404
404
805
981
1404
1407
1791
1888
2256
2546
3141
3497
4297
3496
2165
2060
690
2261
1858
1678
1714
659
-478
-478
-1240
-657
-331
-479
-677
-988
-1280
-922
-1068
-1307
-1039
-1300
-1082
-599
-616
-395
-395
-893
-1124
-1154
-734
-355
-523
-593
-810
-1034
-903
-996
-1042
-1221
-1562
-1508
-1311
-1091
-1031
-1226
-1477
-1533
-1516
-1214
-950
-708
-579
-521
-300
558
558
557
893
1056
1503
1843
2188
2370
2727
3065
3503
3783
2178
2390
1016
1638
2070
1528
1941
1249
367
-879
-879
-677
-421
-421
-703
-1087
-825
-669
-1047
-902
-1182
-1385
-793
-859
-730
-730
-961
-1216
-1026
-538
-625
-706
-736
-1024
-859
-910
-1066
-1093
-1550
-1569
-1504
-1323
-1042
-1140
-1235
-1307
-1368
-1140
-947
-752
-530
-437
303
303
604
701
735
944
1084
1342
1778
2022
2490
2852
3093
3366
2123
2170
1193
1420
1811
1468
1954
1600
956
429
-395
-435
-400
-400
-774
-661
-353
-540
-390
-734
-1206
-968
-1042
-482
-540
-540
-651
-922
-887
-583
-691
-926
-1084
-1283
-1076
-814
-823
-886
-1298
-1657
-1650
-1594
-1306
-1079
-1104
-1065
-1155
-1115
-981
-913
-797
-711
-517
290
290
414
441
619
669
957
1179
1461
1752
2141
2463
2829
2164
2089
1486
1337
1505
1151
1651
1631
1317
972
342
577
577
537
384
-339
-339
286
286
-558
-558
-677
-782
-476
-482
-482
-651
-846
-779
-533
-529
-751
-994
-1313
-1355
-1230
-1114
-1095
-1302
-1540
-1669
-1618
-1549
-1518
-1596
-1681
-1627
-1452
-1261
-1112
-1055
-1073
-997
-792
-529
303
303
425
669
876
1077
1314
1541
1830
2244
2291
2549
2242
1902
1763
1649
2220
2492
2377
1909
1280
1020
1234
1321
1215
750
381
381
-392
-392
-743
-892
-654
-503
-700
-977
-1260
-1152
-892
-743
-870
-1261
-1625
-1769
-1715
-1516
-1450
-1539
-1641
-1774
-1662
-1543
-1540
-1544
-1669
-1642
-1418
-1275
-1075
-956
-900
-730
-569
-375
296
296
426
736
935
1158
1357
1548
1757
2124
2210
2559
2321
2008
1768
1570
2108
2427
2407
1947
1260
967
1181
1310
1209
701
491
491
-372
-372
-841
-1022
-653
-420
-544
-857
-1232
-1111
-869
-666
-696
-1060
-1390
-1583
-1535
-1354
-1294
-1392
-1521
-1610
-1560
-1427
-1515
-1590
-1734
-1804
-1628
-1498
-1295
-1137
-1111
-978
-847
-683
-422
-317
513
513
740
956
1200
1350
1561
1869
2071
2357
2553
2172
2020
1580
1771
2353
2505
2417
1716
1098
1040
1201
1298
1077
482
425
425
429
-482
-482
-901
-814
-449
-432
-562
-963
-1139
-908
-714
-548
-775
-1160
-1375
-1512
-1400
-1308
-1313
-1373
-1458
-1485
-1404
-1441
-1601
-1707
-1857
-1762
-1598
-1517
-1326
-1271
-1185
-998
-907
-682
-533
-433
527
527
751
1022
1268
1493
1721
1995
2145
2503
2470
2231
2029
1712
2163
2486
2550
2222
1492
1157
1190
1336
1329
885
306
506
506
283
-740
-740
-1004
-731
-500
-539
-771
-1140
-1047
-843
-673
-686
-1069
-1341
-1490
-1438
-1276
-1242
-1324
-1401
-1450
-1362
-1266
-1389
-1521
-1679
-1754
-1602
-1530
-1417
-1272
-1223
-1053
-936
-855
-718
-681
-510
-274
268
268
457
671
913
1170
1425
1681
1926
2174
2494
2319
2151
1790
1745
2261
2499
2589
2035
1388
1134
1189
1412
1271
823
282
402
402
550
-329
-329
-831
-904
-536
-420
-494
-877
-1157
-1012
-851
-631
-799
-1165
-1421
-1590
-1459
-1337
-1290
-1364
-1428
-1447
-1314
-1287
-1431
-1520
-1694
-1637
-1473
-1389
-1192
-1122
-1084
-951
-888
-737
-641
-560
-368
335
335
523
770
1016
1258
1496
1734
1942
2233
2441
2205
2065
1703
1935
2393
2516
2407
1688
1219
1105
1313
1437
1144
616
522
522
490
-507
-507
-870
-761
-470
-447
-623
-992
-1048
-852
-679
-605
-972
-1298
-1539
-1530
-1323
-1238
-1259
-1396
-1499
-1493
-1343
-1399
-1496
-1635
-1756
-1600
-1492
-1337
-1174
-1126
-1015
-896
-769
-630
-552
-458
287
287
506
684
903
1123
1386
1627
1890
2102
2412
2285
2135
1852
1744
2219
2397
2469
1955
1366
1115
1150
1363
1188
796
321
321
465
-322
-322
-775
-854
-562
-459
-523
-846
-1054
-905
-745
-576
-775
-1119
-1372
-1495
-1365
-1243
-1184
-1253
-1340
-1407
-1337
-1366
-1506
-1597
-1735
-1625
-1497
-1416
-1271
-1196
-1108
-1001
-919
-790
-670
-557
-323
427
427
614
858
1091
1356
1598
1850
2057
2388
2419
2232
2007
1719
2130
2419
2539
2206
1498
1184
1105
1346
1296
939
428
463
463
-690
-690
-911
-644
-472
-501
-772
-1083
-975
-810
-629
-718
-1075
-1349
-1512
-1402
-1240
-1149
-1178
-1270
-1336
-1288
-1230
-1366
-1474
-1636
-1621
-1441
-1358
-1219
-1162
-1130
-1028
-948
-804
-681
-574
-413
351
351
561
761
987
1244
1528
1802
2025
2286
2438
2233
2069
1776
2022
2424
2494
2324
1617
1224
1105
1286
1343
1007
548
437
437
353
-533
-533
-864
-694
-488
-515
-714
-1023
-998
-823
-685
-685
-1016
-1287
-1454
-1415
-1264
-1217
-1211
-1280
-1308
-1283
-1220
-1333
-1462
-1546
-1582
-1402
-1346
-1238
-1098
-1020
-895
-860
-800
-713
-598
-392
325
325
494
693
956
1246
1508
1743
1950
2223
2475
2297
2133
1785
1928
2395
2547
2480
1778
1300
1088
1243
1368
1094
676
439
439
402
-420
-420
-796
-665
-430
-430
-604
-930
-950
-768
-633
-622
-941
-1253
-1442
-1418
-1253
-1185
-1175
-1285
-1334
-1335
-1279
-1352
-1503
-1568
-1602
-1402
-1319
-1234
-1120
-1063
-916
-838
-749
-668
-566
-384
352
352
547
728
956
1197
1482
1733
1969
2203
2475
2302
2143
1823
1863
2345
2466
2428
1779
1316
1111
1216
1344
1049
654
419
419
401
-442
-442
-808
-709
-470
-445
-598
-917
-954
-787
-672
-660
-966
-1256
-1430
-1410
-1244
-1185
-1192
-1305
-1368
-1358
-1287
-1369
-1541
-1652
-1711
-1532
-1405
-1308
-1172
-1125
-1017
-922
-830
-717
-620
-452
323
323
526
706
929
1158
1418
1647
1895
2123
2425
2285
2101
1794
1760
2259
2393
2385
1768
1261
1063
1158
1335
1042
654
380
380
420
-421
-421
-785
-717
-444
-408
-563
-887
-966
-788
-648
-632
-945
-1255
-1440
-1420
-1252
-1201
-1180
-1291
-1325
-1337
-1314
-1386
-1543
-1633
-1663
-1494
-1400
-1308
-1206
-1139
-1021
-937
-869
-786
-664
-480
295
295
479
658
903
1154
1446
1669
1894
2093
2379
2277
2116
1839
1784
2247
2409
2386
1773
1255
1047
1160
1337
1052
665
336
336
396
-401
-401
-785
-712
-472
-426
-576
-873
-918
-756
-611
-617
-930
-1248
-1411
-1376
-1229
-1184
-1187
-1279
-1328
-1337
-1297
-1382
-1543
-1653
-1682
-1490
-1386
-1301
-1218
-1165
-1044
-955
-875
-800
-712
-547
281
281
469
614
843
1078
1382
1623
1885
2070
2355
2245
2065
1806
1750
2251
2396
2391
1784
1282
1082
1184
1369
1087
710
378
378
421
-402
-402
-766
-699
-442
-429
-604
-902
-933
-741
-605
-609
-927
-1227
-1408
-1354
-1196
-1159
-1153
-1264
-1278
-1290
-1256
-1356
-1516
-1609
-1612
-1417
-1347
-1275
-1207
-1140
-986
-887
-815
-758
-689
-514
330
330
512
657
884
1122
1397
1620
1864
2078
2379
2265
2087
1787
1743
2237
2383
2387
1775
1282
1060
1196
1367
1080
716
431
431
454
-397
-397
-752
-633
-369
-342
-546
-888
-906
-734
-578
-582
-912
-1219
-1422
-1361
-1215
-1169
-1151
-1243
-1234
-1242
-1213
-1348
-1519
-1615
-1615
-1393
-1322
-1229
-1197
-1147
-1023
-939
-848
-795
-698
-529
286
286
479
644
859
1094
1368
1619
1847
2059
2324
2195
2010
1734
1737
2203
2349
2294
1675
1208
1005
1171
1345
1040
648
370
370
385
-438
-438
-770
-648
-401
-375
-599
-912
-907
-740
-589
-629
-936
-1217
-1384
-1316
-1201
-1192
-1201
-1270
-1242
-1200
-1211
-1369
-1555
-1630
-1589
-1383
-1329
-1295
-1237
-1177
-1016
-950
-889
-873
-800
-589
-299
391
391
539
792
1046
1317
1565
1765
1995
2299
2260
2052
1781
1698
2160
2350
2348
1767
1240
1020
1134
1365
1072
694
362
362
420
-392
-392
-743
-642
-380
-348
-525
-846
-869
-714
-559
-576
-909
-1213
-1404
-1334
-1179
-1143
-1131
-1241
-1274
-1256
-1230
-1315
-1478
-1584
-1574
-1405
-1313
-1218
-1159
-1098
-992
-926
-863
-807
-723
-556
-290
403
403
555
743
972
1204
1454
1722
1957
2278
2258
2019
1779
1635
2070
2321
2345
1836
1261
1018
1088
1381
1146
769
337
337
449
-321
-321
-691
-666
-393
-332
-488
-819
-900
-755
-600
-554
-842
-1151
-1350
-1324
-1172
-1144
-1129
-1200
-1223
-1197
-1176
-1264
-1456
-1562
-1583
-1392
-1293
-1226
-1169
-1138
-1018
-947
-861
-809
-729
-563
-311
371
371
523
726
951
1206
1444
1684
1897
2203
2272
2039
1834
1616
2007
2281
2335
1905
1301
1049
1046
1358
1166
826
326
353
353
523
-593
-593
-604
-351
-274
-428
-734
-833
-685
-518
-477
-759
-1065
-1266
-1262
-1089
-1086
-1087
-1173
-1226
-1164
-1140
-1207
-1415
-1553
-1562
-1369
-1252
-1214
-1168
-1134
-989
-877
-789
-753
-730
-597
-359
366
366
519
686
923
1151
1407
1612
1842
2121
2320
2112
1898
1651
1845
2235
2310
2076
1428
1075
983
1258
1228
869
435
276
276
468
304
-551
-551
-664
-415
-260
-372
-663
-833
-738
-576
-480
-662
-1001
-1219
-1288
-1129
-1055
-1077
-1129
-1219
-1169
-1138
-1178
-1370
-1526
-1579
-1449
-1290
-1254
-1181
-1164
-1059
-958
-887
-839
-809
-680
-468
425
425
592
822
1062
1300
1516
1747
2009
2304
2134
1930
1641
1730
2166
2309
2183
1535
1126
951
1208
1301
957
549
399
399
334
-530
-530
-735
-520
-307
-356
-612
-876
-804
-613
-467
-581
-940
-1164
-1277
-1121
-1022
-1037
-1079
-1191
-1122
-1081
-1053
-1226
-1423
-1504
-1438
-1226
-1190
-1142
-1140
-1086
-956
-873
-805
-799
-715
-537
-278
366
366
505
699
933
1155
1389
1623
1853
2189
2180
1927
1716
1574
1993
2232
2237
1752
1197
982
1062
1348
1081
724
387
387
478
-330
-330
-647
-562
-299
-289
-486
-798
-835
-655
-485
-468
-808
-1105
-1266
-1197
-1043
-1053
-1050
-1156
-1146
-1097
-1064
-1170
-1393
-1499
-1493
-1272
-1202
-1166
-1148
-1126
-986
-898
-823
-805
-749
-609
-361
312
312
455
642
849
1075
1289
1514
1745
2064
2161
1918
1705
1494
1858
2183
2225
1836
1223
959
999
1305
1141
769
267
342
342
488
-308
-308
-659
-640
-341
-421
-421
-747
-857
-692
-509
-453
-731
-1036
-1215
-1212
-1008
-1003
-1018
-1112
-1166
-1065
-1016
-1087
-1305
-1472
-1484
-1301
-1162
-1137
-1103
-1094
-1007
-896
-834
-789
-771
-658
-424
420
420
585
803
1024
1233
1441
1653
1943
2189
1982
1796
1537
1725
2142
2193
1970
1309
986
932
1232
1233
842
407
452
452
298
-592
-592
-703
-414
-307
-307
-616
-829
-722
-517
-379
-548
-895
-1090
-1154
-956
-867
-905
-985
-1116
-1056
-982
-946
-1161
-1350
-1435
-1317
-1110
-1095
-1065
-1102
-1029
-923
-832
-780
-787
-725
-568
-281
302
302
433
634
849
1074
1278
1491
1719
2059
2055
1841
1628
1503
1935
2140
2113
1624
1096
907
1047
1316
1046
681
334
334
434
-407
-407
-701
-614
-324
-269
-472
-791
-835
-648
-453
-435
-738
-1011
-1184
-1109
-911
-894
-915
-1042
-1103
-1026
-967
-1017
-1221
-1357
-1372
-1207
-1087
-1055
-1038
-1063
-980
-895
-822
-774
-764
-655
-445
345
345
479
692
899
1129
1366
1575
1870
2091
1906
1793
1550
1765
2128
2163
1948
1331
1052
971
1267
1233
901
456
391
391
-606
-606
-722
-467
-276
-371
-674
-875
-780
-590
-431
-578
-890
-1086
-1168
-962
-868
-889
-932
-1082
-1029
-971
-954
-1090
-1251
-1332
-1250
-1061
-1047
-1000
-1041
-1001
-885
-816
-746
-735
-694
-548
-300
285
285
398
549
736
911
1129
1384
1616
1962
2035
1821
1659
1469
1836
2110
2139
1770
1208
988
1017
1327
1177
830
314
410
410
-352
-352
-671
-694
-419
-286
-454
-781
-921
-810
-608
-476
-700
-965
-1154
-1199
-949
-909
-900
-1016
-1152
-1091
-1001
-974
-1135
-1285
-1411
-1274
-1110
-1027
-970
-1033
-1008
-921
-826
-722
-682
-633
-478
356
356
439
603
779
1009
1291
1496
1750
2010
1900
1793
1588
1605
1982
2068
1982
1487
1112
965
1134
1236
966
629
282
282
301
-520
-520
-739
-625
-381
-371
-606
-874
-902
-780
-585
-589
-858
-1061
-1257
-1125
-938
-916
-918
-1109
-1151
-1077
-995
-1030
-1164
-1300
-1310
-1148
-1068
-985
-986
-1008
-928
-852
-750
-674
-664
-559
-380
377
377
489
667
838
1089
1312
1565
1853
2044
1896
1754
1555
1708
2048
2084
1911
1362
1057
977
1203
1216
907
486
355
355
-570
-570
-742
-539
-307
-337
-608
-849
-853
-684
-481
-567
-841
-1079
-1250
-1073
-933
-910
-945
-1164
-1179
-1111
-1011
-1066
-1219
-1378
-1375
-1189
-1087
-960
-994
-1028
-981
-897
-748
-667
-629
-542
-365
300
300
391
503
656
888
1170
1434
1645
1911
1960
1828
1758
1605
1924
2090
2071
1768
1283
1095
1084
1292
1121
829
350
324
324
-350
-350
-658
-724
-506
-370
-481
-738
-887
-837
-663
-500
-659
-894
-1125
-1219
-1005
-919
-856
-967
-1153
-1146
-1077
-1007
-1089
-1208
-1344
-1268
-1150
-1040
-953
-1016
-1019
-986
-876
-721
-634
-599
-483
-323
315
315
421
541
689
905
1176
1416
1673
1903
2015
1883
1800
1659
1899
2116
2109
1867
1372
1165
1120
1318
1213
908
457
346
346
-295
-295
-633
-732
-530
-334
-410
-686
-880
-853
-661
-483
-604
-826
-1089
-1225
-1016
-891
-844
-951
-1172
-1180
-1093
-999
-1056
-1205
-1368
-1338
-1184
-1052
-947
-1023
-1057
-1022
-915
-740
-648
-611
-532
-364
317
317
389
483
626
880
1177
1441
1636
1861
1898
1816
1816
1705
1984
2092
2068
1807
1395
1235
1196
1344
1155
879
430
290
290
-376
-376
-668
-752
-559
-418
-512
-760
-917
-877
-702
-535
-672
-882
-1117
-1232
-1025
-923
-863
-969
-1170
-1160
-1098
-1033
-1086
-1223
-1354
-1298
-1162
-1039
-949
-1039
-1090
-1042
-928
-742
-654
-633
-562
-439
309
309
392
532
766
1039
1287
1524
1718
1909
1825
1807
1690
1824
2070
2087
1973
1551
1332
1212
1323
1282
1002
640
317
317
-549
-549
-725
-613
-413
-443
-667
-901
-929
-785
-592
-602
-832
-1068
-1279
-1141
-961
-894
-915
-1144
-1201
-1159
-1050
-1057
-1171
-1332
-1364
-1216
-1078
-951
-1005
-1086
-1078
-981
-796
-654
-638
-585
-487
-269
280
280
333
467
680
993
1228
1474
1631
1834
1814
1809
1749
1761
2058
2043
2023
1657
1404
1292
1316
1359
1078
786
346
279
279
-454
-454
-683
-665
-482
-463
-657
-890
-958
-852
-671
-626
-799
-1011
-1230
-1212
-1010
-936
-906
-1086
-1201
-1159
-1078
-1029
-1117
-1257
-1322
-1220
-1104
-972
-977
-1061
-1059
-992
-831
-679
-637
-614
-533
-383
331
331
523
753
1006
1234
1443
1639
1843
1764
1771
1669
1793
2034
2035
1942
1558
1360
1244
1357
1291
1025
681
285
261
261
336
-506
-506
-668
-584
-410
-460
-690
-897
-933
-790
-631
-655
-852
-1040
-1239
-1136
-962
-931
-941
-1145
-1205
-1136
-1051
-1019
-1107
-1243
-1267
-1154
-1036
-905
-929
-1006
-985
-916
-757
-623
-593
-536
-461
-321
334
334
523
744
962
1203
1408
1596
1822
1741
1775
1669
1776
2025
2037
1982
1622
1425
1284
1369
1327
1083
773
360
291
288
345
268
-413
-413
-620
-602
-453
-465
-663
-864
-934
-842
-686
-677
-872
-1050
-1246
-1202
-1008
-983
-967
-1159
-1259
-1200
-1114
-1049
-1102
-1215
-1278
-1193
-1083
-930
-902
-969
-976
-933
-783
-630
-564
-517
-468
-362
302
302
460
665
920
1141
1380
1516
1760
1732
1752
1734
1721
2009
2004
2012
1724
1498
1355
1333
1339
1108
866
467
323
287
293
265
-340
-340
-567
-625
-521
-491
-649
-836
-948
-903
-784
-713
-845
-1013
-1179
-1241
-1050
-1009
-971
-1117
-1254
-1186
-1104
-990
-1041
-1128
-1237
-1158
-1032
-893
-819
-921
-943
-917
-762
-576
-520
-507
-497
-423
308
308
513
757
959
1154
1307
1498
1738
1694
1777
1627
1730
1959
1991
2030
1682
1492
1327
1361
1346
1147
859
462
351
308
367
300
-361
-361
-594
-623
-486
-511
-659
-875
-998
-940
-818
-739
-890
-1064
-1275
-1270
-1113
-1052
-1004
-1174
-1262
-1236
-1145
-1041
-1061
-1147
-1208
-1154
-1028
-870
-817
-861
-910
-874
-744
-577
-505
-459
-436
-362
356
356
558
757
979
1140
1287
1478
1677
1667
1740
1619
1708
1915
1915
1964
1661
1481
1344
1321
1293
1091
831
498
380
317
340
-336
-336
-565
-627
-538
-579
-713
-895
-1015
-976
-892
-849
-966
-1140
-1292
-1286
-1172
-1087
-1056
-1170
-1256
-1234
-1146
-1042
-1030
-1089
-1148
-1093
-1002
-836
-772
-796
-832
-826
-712
-574
-472
-419
-382
-349
304
304
486
664
861
1015
1153
1327
1504
1633
1609
1644
1532
1721
1816
1873
1801
1501
1387
1255
1301
1217
1023
758
491
396
360
368
-328
-328
-510
-528
-474
-545
-690
-882
-972
-938
-890
-882
-1008
-1154
-1285
-1265
-1160
-1091
-1109
-1224
-1281
-1245
-1122
-1052
-1034
-1081
-1104
-1034
-918
-776
-727
-754
-782
-733
-606
-465
-398
-373
-348
-279
283
283
442
636
775
900
1008
1154
1305
1511
1532
1525
1458
1422
1637
1676
1737
1536
1335
1220
1162
1199
1059
881
578
394
341
341
335
-355
-355
-475
-460
-453
-555
-725
-908
-952
-927
-865
-920
-1060
-1224
-1317
-1248
-1170
-1093
-1151
-1239
-1274
-1210
-1087
-1034
-1026
-1100
-1085
-1013
-865
-724
-710
-751
-773
-690
-540
-407
-351
-325
-297
364
364
549
710
810
874
961
1113
1267
1436
1447
1372
1321
1264
1491
1566
1615
1449
1219
1133
1077
1138
1040
889
622
437
411
415
399
-362
-362
-366
-359
-452
-621
-804
-871
-860
-829
-885
-1006
-1137
-1240
-1184
-1121
-1047
-1090
-1182
-1211
-1189
-1073
-1040
-1006
-1043
-1049
-970
-858
-708
-654
-670
-680
-621
-494
-355
-277
266
266
288
325
461
587
707
766
803
867
986
1125
1262
1299
1190
1191
1104
1278
1347
1376
1306
1085
1008
935
1001
946
822
611
434
385
365
378
261
-315
-315
-339
-301
-366
-495
-694
-802
-820
-811
-812
-924
-1042
-1171
-1151
-1083
-994
-991
-1081
-1133
-1138
-1038
-981
-917
-944
-935
-889
-779
-638
-586
-580
-620
-559
-471
-327
332
332
442
536
581
607
629
699
812
918
989
1008
977
982
1013
1018
1144
1106
1100
999
890
880
846
849
738
615
464
377
329
283
-339
-339
-468
-592
-641
-649
-654
-712
-805
-894
-953
-920
-878
-847
-896
-962
-980
-948
-865
-832
-814
-823
-810
-750
-655
-564
-517
-521
-496
-429
-335
326
326
398
454
472
486
529
562
637
681
740
770
794
812
812
843
793
844
844
839
794
700
649
598
592
525
439
331
-300
-300
-373
-414
-435
-456
-500
-567
-623
-694
-710
-717
-705
-714
-748
-762
-765
-735
-724
-699
-687
-659
-637
-601
-545
-493
-447
-435
-395
-351
-280
301
301
326
355
360
378
395
424
451
482
499
518
548
531
561
535
570
575
582
558
507
477
441
449
420
389
322
283
262
-309
-309
-354
-424
-462
-476
-463
-460
-493
-527
-557
-547
-542
-522
-521
-516
-522
-516
-474
-433
-403
-417
-408
-384
-330
-299
-262
280
280
341
348
341
321
355
369
397
437
469
484
460
454
436
467
442
410
366
342
344
338
336
326
317
261
-289
-289
-352
-325
-357
-385
-457
-482
-510
-516
-604
-641
-821
-1542
-614
-931
-435
-499
-1336
-615
-974
-489
-520
-975
-473
-319
-333
-634
-634
-608
-424
-465
374
374
523
557
790
945
1093
1524
854
783
529
567
1399
1383
1089
1262
646
621
662
718
718
440
291
291
-490
-578
-690
-703
-363
-497
-331
-397
-831
-1046
-1004
-584
-550
-640
-676
-534
-261
-261
-420
-399
-399
-340
367
367
-342
-342
-529
-321
-312
-445
-437
-437
-610
-581
-723
-506
-704
-875
-659
-559
-509
-648
-805
-748
-748
-671
-505
-369
-458
-458
-319
311
311
615
702
872
1164
1235
1634
1494
1036
1106
901
1298
1771
1538
1382
1143
665
794
606
469
768
414
-303
-303
-853
-874
-793
-690
-665
-872
-975
-1184
-1413
-1499
-1100
-780
-814
-910
-952
-720
-567
-635
-571
-310
-277
-277
-458
-307
-272
-272
-389
-583
-618
-643
-672
-467
-494
-753
-772
-766
-734
-715
-972
-744
-625
-503
-454
-539
-343
-299
329
329
553
655
596
1040
1235
1508
1846
2060
2252
1609
1167
1122
1605
2246
2046
1337
1116
558
417
451
632
632
-340
-340
-534
-640
-602
-821
-1499
-1347
-1123
-1083
-996
-1344
-1386
-1631
-1789
-1502
-923
-520
-681
-994
-935
-622
-449
-470
-470
-673
-694
-725
-781
-632
-661
-719
-1019
-969
-827
-657
-751
-723
-524
-308
346
346
404
938
1209
1544
1561
1730
2036
2438
2269
1500
1573
1348
2219
2610
1993
1311
827
476
476
375
461
654
-325
-863
-1196
-1189
-897
-1174
-1662
-1401
-1409
-1338
-1512
-1770
-1702
-1866
-1599
-1213
-582
-476
-987
-1351
-996
-489
324
324
-606
-606
-804
-583
-563
-584
-576
-834
-1064
-1262
-1137
-696
-486
-567
-644
-449
340
340
597
968
1035
1530
1729
1974
2063
2500
1922
1739
1632
1669
2811
2650
1606
1145
699
467
993
317
756
466
-443
-1032
-1243
-1002
-779
-1457
-1665
-1295
-1415
-1508
-2049
-1853
-1710
-1662
-1480
-1147
-664
-893
-1505
-1380
-594
542
542
469
279
279
-573
-573
-335
-335
-565
-743
-860
-956
-1011
-755
-395
-529
-723
-748
-336
489
489
834
948
1299
1514
2112
2138
2577
1873
1526
1767
1718
2839
2961
1756
1119
776
420
1327
726
922
628
-333
-889
-1036
-818
-495
-1124
-1555
-1241
-1407
-1427
-2081
-1862
-1657
-1584
-1346
-1201
-923
-1068
-1641
-1458
-505
-410
-410
-289
374
374
648
555
403
403
-298
-298
-704
-704
-744
-871
-826
-632
-660
-436
-750
-960
-956
-369
462
462
772
1106
1487
1980
2092
2241
2647
1570
1758
1717
2208
3441
2900
1456
1193
564
1010
1461
1039
1473
524
-502
-1049
-885
-314
-1094
-1094
-1111
-1283
-1343
-1676
-2064
-1360
-1362
-1329
-1294
-1182
-1081
-1308
-1816
-925
-609
-609
420
420
882
795
529
473
473
492
408
-324
-324
-585
-326
-431
-386
-642
-538
-662
-811
-880
-716
334
334
760
1083
1693
1801
1920
1931
2453
2166
1667
1982
2099
3354
3397
1866
1017
1019
1086
1939
1657
1554
1010
-278
-906
-673
534
534
-423
-1227
-1299
-1415
-1341
-1680
-1264
-971
-1368
-1513
-1513
-1325
-1193
-1559
-1224
-878
-878
-689
519
519
717
675
331
711
711
1042
676
-271
-271
-672
-726
-679
-700
-758
-652
-330
-346
-346
-487
-366
468
468
659
1024
1197
1166
1381
1781
2256
2839
1604
1590
1814
2523
3475
2666
1315
1231
1127
1606
2007
1480
1357
-465
-465
-455
564
564
-1220
-1220
-1323
-1286
-1096
-1231
-1608
-1224
-1510
-1675
-1577
-1443
-1305
-1491
-1709
-950
-420
-440
-846
-1086
-396
320
320
298
598
598
767
616
323
323
-361
-361
-637
-546
-652
-773
-752
-697
-380
-567
-695
-614
-271
520
520
687
994
1256
1678
1985
2311
1620
1160
1719
2168
3197
2974
1639
879
1060
1373
2083
1767
1386
553
-278
-471
439
439
324
-719
-1364
-1317
-1288
-1192
-1634
-1414
-1341
-1678
-1822
-1848
-1706
-1577
-1662
-1293
-720
-811
-1123
-1498
-780
538
538
917
587
272
420
420
312
-276
-276
-531
-450
-524
-701
-605
-822
-554
-651
-870
-749
-440
309
309
651
1125
1219
1609
1541
1980
1633
1118
1839
2028
2901
2829
1521
666
1177
1349
2150
1621
1254
561
-288
-399
565
565
535
-620
-1527
-1337
-1351
-996
-1466
-1260
-1248
-1838
-2091
-2009
-1630
-1351
-1502
-1409
-896
-1116
-1228
-1482
-652
351
351
632
1089
604
309
309
923
639
-391
-391
-401
-401
-535
-725
-720
-593
-737
-695
-404
-488
-488
-417
430
430
817
847
910
1202
1270
1779
2227
1358
1525
1584
2243
3032
2132
956
1021
1290
1980
1814
1268
920
478
478
761
-1399
-1399
-1312
-1113
-701
-1072
-1414
-1262
-1702
-1916
-1837
-1520
-1229
-1464
-1676
-1128
-1016
-1004
-1291
-958
-289
-289
373
373
586
936
659
310
316
316
899
900
441
-296
-296
-615
-781
-679
-372
-496
-626
-740
-600
-369
-468
-479
324
324
473
614
772
1040
1254
1768
1747
986
1264
1375
2493
2669
1638
656
971
1304
1903
1550
1254
700
707
707
635
-447
-1328
-1020
-839
-641
-1181
-1206
-1225
-1649
-1770
-1686
-1315
-1219
-1510
-1551
-1051
-1060
-1099
-1350
-661
-349
-349
-427
362
362
550
767
459
617
617
946
791
361
-396
-396
-593
-690
-423
-441
-616
-779
-853
-567
-547
-582
-561
-333
420
420
440
675
1056
1261
1729
1632
637
1092
1609
2509
2711
1533
541
808
1344
2060
1786
1285
689
345
345
913
791
-371
-1276
-1015
-784
-486
-936
-1116
-1144
-1630
-1752
-1639
-1252
-1113
-1410
-1474
-1096
-1208
-1201
-1302
-674
-513
-513
-624
-315
347
347
540
644
622
622
992
634
277
268
268
-326
-326
-462
-629
-369
-336
-629
-746
-778
-662
-628
-662
-481
-341
-286
388
388
594
778
1097
1206
1578
932
852
1465
1928
2580
1989
958
618
1251
1803
2110
1407
1016
406
406
795
966
280
-846
-1118
-672
-391
-414
-1014
-1027
-1443
-1655
-1601
-1296
-1021
-1190
-1569
-1483
-1279
-1248
-1141
-1047
-384
-389
-702
-824
-548
299
299
422
422
890
737
335
335
386
-462
-462
-433
-329
-298
-298
-612
-773
-801
-612
-584
-446
-306
-349
-523
-399
375
375
461
494
600
847
1028
1448
1067
766
1330
1545
2239
1850
955
517
1149
1669
1936
1208
849
477
477
746
872
-823
-823
-1073
-545
-269
-363
-1085
-1145
-1384
-1559
-1445
-1240
-1063
-1313
-1674
-1519
-1219
-1185
-1134
-1157
-633
-590
-786
-810
-514
427
427
784
618
471
471
493
273
-337
-337
-660
-755
-678
-587
-592
-636
-573
-529
-690
-658
-404
291
291
518
825
1113
1484
1155
571
1012
1477
2235
2052
1057
534
1059
1505
1764
1338
1007
482
316
316
600
780
300
-642
-965
-553
-425
-562
-1042
-1031
-1168
-1498
-1491
-1319
-1113
-1206
-1469
-1375
-1140
-1194
-1166
-1074
-521
-387
-699
-795
-530
429
429
802
666
287
287
520
522
325
-334
-334
-654
-771
-588
-551
-612
-685
-645
-575
-663
-669
-484
416
416
722
859
1330
1035
487
882
1350
2112
1869
1016
439
1016
1503
1790
1226
1002
478
366
366
666
874
345
-534
-877
-429
-280
-368
-933
-855
-1042
-1315
-1364
-1171
-927
-1085
-1384
-1335
-1090
-1137
-1106
-1054
-510
-513
-794
-884
-574
346
346
770
567
507
507
519
-323
-323
-625
-704
-674
-602
-651
-752
-620
-713
-729
-729
-590
-301
-267
446
446
622
1013
1087
1178
594
769
1346
1835
2084
1540
578
706
1367
1751
1724
1104
730
305
305
657
868
656
-825
-825
-645
-300
-508
-508
-880
-874
-1243
-1366
-1192
-954
-937
-1151
-1459
-1242
-1170
-1080
-980
-763
-474
-808
-1000
-735
-270
272
272
514
655
459
459
576
445
-512
-512
-647
-566
-507
-544
-696
-782
-671
-786
-672
-587
-560
-478
-489
-338
264
264
468
768
815
1002
1050
732
1001
1322
1719
1875
1147
597
948
1494
1738
1318
863
581
307
528
660
727
460
-292
-756
-440
-733
-733
-912
-955
-1214
-1183
-1087
-927
-990
-1333
-1412
-1185
-1076
-995
-1045
-749
-636
-914
-925
-628
499
499
438
301
301
525
504
-439
-439
-524
-509
-482
-560
-661
-634
-686
-735
-700
-553
-475
-439
-483
-340
455
455
598
779
993
1091
794
894
1193
1634
1833
1311
677
923
1432
1622
1349
968
682
398
502
676
750
506
-649
-649
-394
-621
-621
-835
-895
-1122
-1151
-1011
-884
-980
-1254
-1384
-1170
-1044
-996
-1022
-789
-684
-889
-914
-675
-282
-263
-263
449
449
345
284
284
587
485
-412
-412
-495
-435
-393
-541
-716
-745
-755
-753
-749
-659
-497
-691
-655
-544
-360
280
280
495
668
938
1155
1017
796
908
1322
1741
1812
1285
809
888
1347
1539
1396
1049
579
306
387
590
658
377
-622
-622
-551
-290
-359
-632
-804
-982
-1190
-1229
-1088
-941
-1003
-1214
-1320
-1223
-1070
-1014
-929
-730
-693
-867
-881
-639
-271
309
309
485
340
358
358
594
519
362
-374
-374
-400
-280
-280
-459
-619
-684
-682
-646
-624
-574
-544
-591
-647
-502
-311
326
326
567
787
960
959
928
774
971
1332
1635
1622
1101
714
853
1291
1453
1239
779
477
392
392
508
546
-320
-320
-645
-512
-308
-374
-660
-875
-988
-1167
-1120
-1010
-873
-974
-1206
-1283
-1151
-1002
-925
-835
-706
-695
-854
-772
-519
364
364
459
320
430
430
615
573
401
263
279
279
-311
-311
-356
-306
-290
-430
-582
-646
-755
-779
-702
-605
-595
-639
-753
-679
-498
-310
434
434
710
860
883
821
792
815
1179
1516
1623
1245
763
737
1153
1448
1333
921
526
347
334
534
601
430
-538
-538
-538
-265
-445
-445
-725
-882
-1029
-1093
-942
-791
-781
-1022
-1194
-1104
-916
-812
-728
-641
-583
-705
-717
-475
363
363
496
452
374
374
573
536
474
306
-356
-356
-325
-356
-426
-477
-602
-702
-803
-770
-717
-625
-656
-726
-669
-592
-520
-353
426
426
653
747
834
900
1046
1047
982
1123
1417
1500
1344
987
836
1008
1241
1209
923
597
360
356
356
478
349
-482
-482
-574
-390
-274
-424
-690
-851
-952
-1011
-908
-780
-786
-974
-1116
-1032
-864
-768
-744
-695
-609
-616
-631
-486
-264
312
312
320
275
275
412
443
315
-269
-269
-440
-496
-544
-578
-564
-519
-496
-557
-600
-513
-422
-360
-294
299
299
466
560
659
799
877
984
903
857
1055
1262
1340
1110
791
757
956
1114
1016
714
483
293
270
363
376
-463
-463
-427
-291
-317
-534
-736
-801
-911
-920
-862
-802
-852
-1039
-1076
-951
-855
-828
-813
-701
-619
-702
-657
-476
360
360
448
391
269
343
517
638
594
466
389
377
376
357
335
-365
-365
-434
-482
-523
-635
-676
-695
-696
-716
-731
-695
-625
-612
-574
-453
-362
-263
343
343
465
612
745
855
870
846
901
1122
1284
1297
998
752
818
1050
1095
915
620
377
265
265
356
295
-368
-368
-547
-455
-341
-467
-666
-826
-908
-998
-960
-869
-841
-929
-1053
-1025
-900
-810
-772
-672
-559
-535
-555
-439
338
338
521
624
513
383
380
511
616
594
477
370
-290
-290
-286
-321
-418
-545
-607
-729
-736
-710
-689
-724
-780
-765
-708
-619
-514
-460
-406
-330
-264
335
335
486
618
762
881
1003
1041
880
865
1037
1313
1389
1073
703
695
885
1017
881
660
369
262
262
-354
-354
-607
-548
-427
-466
-630
-725
-858
-973
-947
-819
-735
-800
-933
-900
-797
-723
-700
-600
-431
-428
-466
-417
457
457
587
497
323
384
384
541
561
469
309
276
276
-307
-307
-268
-344
-344
-431
-543
-638
-689
-636
-569
-614
-660
-686
-654
-590
-510
-415
-314
-289
264
264
307
402
485
632
763
943
1011
797
746
840
1177
1312
1061
661
612
751
926
829
704
388
278
278
-262
-262
-536
-503
-415
-458
-612
-647
-810
-919
-928
-810
-732
-790
-889
-837
-750
-701
-708
-578
-387
-354
-385
-365
270
270
532
628
525
363
375
487
565
532
486
366
-313
-313
-424
-452
-524
-587
-650
-659
-644
-670
-669
-673
-649
-638
-619
-535
-394
-330
-292
-287
300
300
332
418
521
725
873
975
999
751
775
880
1197
1301
1045
612
528
658
874
767
615
273
-346
-346
-647
-616
-506
-485
-623
-642
-822
-937
-938
-804
-684
-724
-820
-798
-716
-662
-625
-489
-296
-284
-310
-283
280
280
404
404
565
530
386
301
321
356
433
449
346
-292
-292
-326
-351
-351
-382
-458
-555
-615
-586
-520
-530
-550
-548
-509
-492
-459
-375
-276
267
267
379
429
461
525
672
809
950
960
702
711
763
1074
1166
933
548
448
549
712
653
558
-344
-344
-591
-578
-503
-482
-540
-564
-761
-839
-814
-692
-584
-637
-670
-659
-587
-539
-491
-363
-268
323
323
436
406
328
264
261
261
331
356
-304
-304
-369
-386
-355
-334
-335
-343
-342
-318
-320
-279
266
266
346
352
453
507
634
625
457
528
600
794
777
552
366
395
462
529
415
336
-395
-395
-476
-442
-403
-427
-495
-533
-691
-678
-636
-545
-517
-573
-591
-528
-475
-419
-392
-275
368
368
364
323
299
299
326
314
288
-273
-273
-286
-265
-268
-295
-304
-275
291
291
345
426
420
416
462
545
626
606
528
482
492
517
521
483
410
276
-312
-312
-366
-440
-509
-532
-535
-519
-540
-570
-581
-554
-515
-495
-473
-423
-392
-348
-314
-276
263
263
294
294
267
272
345
440
520
497
381
362
397
459
462
419
327
-349
-349
-418
-419
-408
-395
-422
-458
-469
-454
-440
-418
-379
-337
-330
-310
-282
272
272
262
267
267
297
311
300
311
327
341
338
305
272
-260
-260
-267
-303
-331
-345
-332
-325
-316
-317
-311
-312
-304
-291
272
272
284
322
349
401
418
392
367
359
407
479
470
391
297
270
270
303
311
-284
-284
-334
-367
-350
-311
-291
-291
-296
-299
-282
-266
-266
-283
-310
-310
-329
-281
-272
-279
-279
277
277
314
351
383
417
439
452
452
449
461
491
501
478
417
383
361
349
319
283
-279
-279
-311
-334
-363
-397
-431
-439
-430
-431
-430
-419
-407
-395
-378
-349
-310
-273
