-263
-263
-256
-262
-250
-287
-287
-254
-295
-257
-257
-263
-288
-273
285
285
287
304
294
256
306
333
364
358
361
369
349
324
314
295
381
276
311
302
320
288
-290
-290
-307
-339
-324
-400
-432
-449
-483
-518
-549
-575
-538
-562
-600
-596
-603
-590
-624
-601
-556
-567
-552
-582
-567
-540
-528
-495
-438
-401
-350
-313
-253
290
290
363
405
407
480
481
516
502
570
635
654
687
622
676
708
725
827
875
935
931
851
912
887
890
918
893
982
932
724
575
400
397
370
-263
-263
-507
-645
-648
-680
-795
-882
-1029
-1080
-1219
-1294
-1237
-1192
-1142
-1188
-1225
-1258
-1266
-1231
-1150
-1030
-939
-931
-926
-890
-831
-748
-662
-521
-429
-401
-386
-366
-301
310
310
344
396
405
408
483
566
581
654
654
697
768
838
887
1000
1016
1059
1124
1160
1239
1314
1294
1351
1431
1487
1543
1552
1383
1302
1091
907
802
689
642
374
-425
-425
-562
-628
-653
-743
-872
-1134
-1311
-1499
-1468
-1388
-1416
-1396
-1511
-1590
-1628
-1626
-1521
-1394
-1278
-1226
-1185
-1143
-1102
-1040
-941
-788
-692
-616
-602
-606
-526
-478
-376
-253
275
275
312
312
283
353
438
590
782
793
888
796
878
1002
1078
1208
1398
1408
1514
1513
1395
1701
1753
1942
2053
2082
2111
1655
1422
1162
1102
1239
900
676
378
-398
-398
-621
-619
-508
-586
-817
-1080
-1310
-1417
-1545
-1364
-1273
-1270
-1350
-1547
-1656
-1557
-1578
-1511
-1321
-1272
-1211
-1265
-1229
-1198
-1014
-877
-782
-615
-611
-688
-680
-643
-549
-416
-383
-341
-345
-390
-419
-321
265
265
404
378
402
402
536
726
871
1042
1116
1222
1366
1488
1678
1739
1873
2013
2205
2302
2298
2262
2577
2393
2021
1599
1025
1313
1097
989
560
-351
-351
-835
-828
-721
-700
-817
-1229
-1506
-1587
-1719
-1577
-1389
-1249
-1256
-1402
-1555
-1516
-1497
-1386
-1316
-1075
-1013
-1071
-1118
-1201
-985
-859
-612
-527
-514
-590
-734
-730
-633
-536
-417
-431
-471
-532
-680
-682
-624
-475
-356
-287
-278
-285
-372
-305
261
261
298
340
359
423
548
816
1149
1363
1425
1602
1642
1862
2049
2230
2546
2724
2804
2721
2877
3031
2529
1946
1284
1284
1585
1406
763
-576
-576
-925
-1074
-875
-658
-809
-1309
-1933
-1997
-1867
-1751
-1505
-1293
-1154
-1280
-1532
-1621
-1422
-1238
-1070
-938
-818
-924
-1144
-1035
-876
-528
-427
-515
-445
-506
-564
-609
-603
-495
-529
-545
-596
-691
-787
-967
-924
-764
-697
-681
-752
-740
-665
-525
-478
349
349
465
645
835
1134
1365
1593
1687
1979
2150
2438
2591
2895
2945
3170
3275
3352
2950
2123
1494
1432
1794
1720
1031
-627
-627
-1012
-1124
-1004
-753
-849
-1373
-2056
-2249
-2077
-1871
-1627
-1411
-1171
-1260
-1579
-1644
-1493
-1166
-1029
-878
-725
-703
-918
-985
-900
-596
-272
-283
-256
-256
-446
-603
-632
-482
-363
-399
-445
-629
-866
-1132
-1181
-972
-827
-768
-880
-1006
-1022
-958
-810
-474
-302
548
548
709
1162
1342
1532
1717
1850
2130
2407
2739
3118
3345
3524
3507
3813
3150
2255
1713
1484
2300
2051
1185
-868
-868
-1145
-1288
-937
-642
-839
-1498
-2346
-2551
-2259
-2025
-1720
-1290
-1158
-1310
-1686
-1801
-1493
-1105
-939
-687
-571
-683
-912
-1006
-644
-299
-284
-284
-454
-372
-293
-293
-359
-489
-679
-842
-1141
-1137
-972
-942
-1028
-1182
-1238
-1217
-1161
-939
-669
-440
-451
-409
265
265
325
788
975
1224
1491
1514
2025
2123
2529
2848
3087
3417
3525
3770
3832
3152
2371
1857
1911
2337
1925
1117
-746
-746
-1160
-1233
-953
-768
-1104
-1802
-2405
-2546
-2354
-2125
-1705
-1373
-1220
-1429
-1675
-1658
-1417
-1132
-902
-649
-526
-694
-996
-932
-772
-314
-359
-359
-486
-593
-474
-268
-268
-324
-447
-724
-918
-1187
-1080
-927
-919
-972
-1138
-1207
-1232
-1021
-809
-334
-274
296
296
499
793
1064
1528
1622
2042
2086
2656
2761
3258
3396
3725
4094
3752
2900
1990
1700
2055
2450
1810
966
-637
-637
-1097
-1036
-704
-651
-964
-1792
-2263
-2349
-2235
-2012
-1524
-1119
-1039
-1352
-1627
-1546
-1291
-1061
-866
-539
-499
-641
-920
-995
-737
-649
-348
-372
-372
-804
-943
-789
-643
-416
-397
-471
-759
-1139
-1252
-1142
-891
-776
-811
-866
-1010
-1100
-1053
-685
-369
294
294
357
593
858
1418
1726
2169
2405
2558
2873
2935
3319
3663
4072
3445
2537
1881
1774
2245
2270
1520
798
-680
-680
-861
-746
-449
-636
-1251
-1926
-2186
-2114
-2076
-1762
-1378
-1211
-1320
-1552
-1613
-1367
-1238
-1144
-885
-651
-600
-775
-835
-741
-784
-640
-494
-462
-462
-820
-895
-916
-792
-597
-495
-511
-863
-1143
-1239
-1044
-938
-857
-750
-786
-876
-959
-868
-563
403
403
499
602
811
1101
1625
2021
2337
2800
2880
3142
3228
3720
4157
3357
2493
1771
1920
2533
2150
1301
455
-570
-570
-825
-522
-307
-537
-1335
-1972
-1969
-1874
-1831
-1583
-1156
-941
-1181
-1486
-1464
-1206
-1084
-1095
-809
-562
-715
-912
-971
-767
-739
-743
-548
-346
-664
-664
-945
-979
-972
-869
-688
-512
-615
-977
-1298
-1237
-986
-875
-824
-710
-713
-762
-790
-580
-260
462
462
778
726
1003
1122
1632
2147
2357
2848
2964
3179
3368
3577
3454
2609
2107
1856
2333
2440
1653
842
-347
-347
-584
-543
-268
-268
-770
-1526
-1828
-1772
-1755
-1507
-1171
-855
-973
-1309
-1419
-1307
-1105
-1091
-834
-591
-588
-833
-1030
-889
-815
-864
-744
-568
-480
-643
-934
-1149
-1135
-1176
-1013
-695
-655
-863
-1232
-1311
-1153
-980
-838
-700
-613
-601
-725
-494
-347
471
471
776
879
1172
1152
1678
1901
2461
2702
3253
3409
3681
3673
2895
2293
1691
2095
2608
2392
1493
456
-470
-470
-653
-302
-778
-778
-1542
-1690
-1655
-1481
-1266
-822
-557
-744
-1128
-1285
-1154
-1087
-1046
-741
-439
-442
-746
-1038
-986
-934
-900
-746
-517
-471
-788
-1064
-1321
-1435
-1294
-1197
-822
-760
-1068
-1351
-1429
-1261
-1071
-812
-613
-407
-400
-420
-297
403
403
846
976
1377
1322
1565
1939
2263
2773
3073
3419
3832
3360
2678
1893
1529
2082
2253
2156
1360
632
-581
-581
-702
-367
-681
-681
-1213
-1496
-1587
-1521
-1145
-722
-511
-616
-846
-941
-1007
-1127
-1107
-792
-489
-398
-549
-728
-888
-995
-1038
-753
-627
-470
-833
-1048
-1306
-1507
-1379
-1351
-1033
-1075
-1148
-1269
-1289
-1264
-1190
-1025
-771
-537
-360
-288
447
447
678
1133
1456
1619
1871
2196
2433
2871
3137
3596
3641
2929
2091
1558
1707
2060
1972
1422
838
-439
-439
-654
-517
-555
-555
-875
-1109
-1271
-1311
-1140
-738
-493
-509
-589
-599
-656
-890
-1009
-980
-644
-547
-482
-494
-722
-907
-1155
-1122
-888
-830
-790
-884
-1055
-1381
-1512
-1534
-1345
-1155
-1185
-1097
-1095
-1116
-1161
-1110
-864
-575
-258
340
340
407
390
527
732
1188
1547
1902
2270
2512
2729
2908
3325
3520
3036
2370
1634
1596
1947
1946
1668
996
-471
-471
-823
-618
-386
-386
-840
-1280
-1462
-1338
-1079
-669
-453
-463
-567
-653
-667
-736
-896
-803
-796
-595
-368
-502
-445
-875
-1053
-1099
-932
-776
-699
-874
-1031
-1262
-1548
-1438
-1433
-1268
-1149
-1184
-1085
-1113
-1165
-1097
-994
-704
-352
273
273
405
428
483
720
951
1450
1770
2099
2587
2712
2982
3272
3023
2656
1931
1550
1891
2007
1998
1440
818
-502
-502
-758
-530
-409
-409
-858
-1233
-1401
-1430
-1107
-706
-506
-482
-590
-546
-616
-859
-999
-947
-680
-580
-279
-379
-481
-841
-1237
-1104
-915
-842
-777
-838
-1104
-1198
-1488
-1498
-1341
-1343
-1277
-1069
-994
-883
-974
-1059
-842
-610
-267
557
557
649
734
764
852
1346
1396
2028
2288
2802
3033
3260
3025
2441
1871
1482
1807
1917
1888
1516
1023
311
-290
-734
-543
-296
-387
-387
-633
-942
-1218
-1336
-1214
-909
-777
-721
-521
-387
-374
-665
-902
-990
-906
-731
-565
-286
-467
-641
-968
-1100
-1016
-1091
-1086
-973
-1097
-1089
-1175
-1360
-1335
-1518
-1477
-1232
-1019
-844
-793
-851
-750
-561
-369
402
402
591
872
993
1143
1488
1480
1862
2296
2579
3102
3189
2669
2349
1521
1540
1619
1609
1553
1365
906
402
-551
-551
-408
-353
-386
-397
-622
-765
-962
-1137
-955
-944
-953
-858
-645
-345
-353
-566
-797
-891
-931
-910
-680
-535
-549
-693
-939
-947
-1038
-1200
-1220
-1278
-1187
-1091
-1116
-1081
-1207
-1385
-1380
-1224
-991
-752
-679
-547
-346
291
291
394
674
741
1042
1323
1549
1728
2064
2294
2698
2831
2478
2248
1600
1550
1491
1565
1558
1450
1038
604
-290
-290
-533
-647
-679
-751
-663
-768
-885
-904
-798
-513
-419
-526
-733
-852
-871
-797
-809
-631
-761
-787
-810
-911
-828
-1052
-1302
-1298
-1342
-1177
-954
-1043
-1013
-1134
-1236
-1011
-860
-724
-580
-610
-446
264
264
321
486
588
841
1021
1156
1432
1790
2089
2363
2087
1796
1405
1257
1234
1356
1355
1361
1142
754
395
311
311
299
-286
-286
-477
-491
-349
-298
-298
-454
-603
-636
-628
-611
-637
-821
-970
-1086
-1030
-959
-1002
-1185
-1388
-1483
-1497
-1428
-1446
-1505
-1528
-1501
-1366
-1240
-1189
-1184
-1171
-1037
-760
-486
347
347
563
753
978
1158
1388
1598
1876
2028
2131
2102
1906
1765
1689
1859
2097
2097
1858
1473
1164
1112
1123
1059
814
397
341
341
-525
-525
-726
-696
-594
-617
-717
-905
-1005
-930
-858
-891
-1125
-1411
-1580
-1544
-1445
-1370
-1492
-1669
-1742
-1691
-1527
-1514
-1582
-1675
-1675
-1487
-1247
-1053
-931
-910
-847
-655
-423
309
309
522
745
933
1100
1257
1499
1774
2113
2330
2471
2271
2004
1799
1819
2192
2378
2291
1864
1324
1107
1088
1065
938
521
-555
-555
-870
-913
-682
-601
-651
-857
-1097
-1005
-842
-745
-797
-1144
-1407
-1514
-1442
-1213
-1091
-1156
-1316
-1417
-1432
-1364
-1390
-1460
-1535
-1566
-1423
-1237
-1063
-987
-1028
-1012
-889
-693
-459
-275
276
276
530
786
978
1180
1351
1613
1896
2141
2324
2205
1995
1766
1823
2162
2356
2226
1788
1341
1182
1228
1255
1111
719
264
399
399
409
-394
-394
-691
-730
-557
-484
-545
-788
-967
-887
-764
-735
-897
-1167
-1376
-1417
-1334
-1183
-1120
-1244
-1355
-1478
-1450
-1469
-1569
-1594
-1660
-1590
-1465
-1357
-1199
-1133
-1122
-1026
-910
-761
-563
-381
358
358
614
810
970
1181
1358
1634
1919
2151
2389
2299
2095
1860
1818
2138
2334
2243
1852
1363
1182
1230
1271
1164
767
278
391
391
465
-338
-338
-669
-732
-495
-410
-492
-711
-953
-904
-768
-705
-815
-1132
-1354
-1390
-1312
-1163
-1128
-1285
-1398
-1482
-1448
-1429
-1565
-1648
-1709
-1655
-1505
-1392
-1287
-1234
-1241
-1150
-998
-855
-674
-515
-265
275
275
501
716
860
1093
1341
1615
1959
2174
2409
2373
2177
1966
1907
2217
2420
2348
1930
1436
1207
1253
1327
1211
852
331
309
309
401
-360
-360
-683
-767
-544
-420
-536
-777
-1015
-942
-783
-708
-820
-1113
-1369
-1415
-1306
-1123
-1050
-1203
-1323
-1427
-1386
-1396
-1526
-1586
-1634
-1533
-1398
-1297
-1244
-1246
-1263
-1165
-1001
-861
-698
-571
-337
436
436
606
761
997
1265
1579
1924
2149
2397
2391
2223
2044
1977
2280
2470
2386
1998
1515
1320
1363
1432
1306
927
390
343
343
449
-344
-344
-688
-793
-572
-461
-565
-798
-1043
-1001
-853
-799
-897
-1185
-1423
-1467
-1324
-1146
-1091
-1250
-1427
-1473
-1410
-1347
-1444
-1560
-1609
-1529
-1342
-1221
-1153
-1169
-1199
-1116
-955
-792
-668
-545
-359
436
436
605
742
902
1179
1503
1840
2154
2339
2261
2091
1868
1915
2262
2400
2318
1864
1381
1261
1310
1390
1247
801
326
399
399
426
-370
-370
-723
-722
-455
-416
-538
-818
-1041
-954
-819
-750
-860
-1191
-1392
-1419
-1310
-1150
-1097
-1242
-1355
-1423
-1464
-1438
-1592
-1617
-1603
-1546
-1336
-1273
-1210
-1199
-1226
-1146
-988
-853
-658
-433
296
296
469
682
793
1027
1324
1594
1959
2244
2392
2325
2094
1874
1995
2319
2424
2282
1747
1314
1249
1308
1407
1183
700
259
413
413
367
-436
-436
-743
-649
-420
-432
-566
-861
-1013
-879
-778
-731
-891
-1216
-1357
-1338
-1184
-1034
-1090
-1281
-1370
-1412
-1349
-1368
-1548
-1609
-1654
-1505
-1306
-1240
-1217
-1255
-1260
-1113
-934
-785
-619
-478
333
333
557
731
831
1117
1398
1756
2099
2338
2414
2242
2040
1894
2181
2438
2446
2153
1570
1305
1287
1387
1341
991
478
416
416
-259
-259
-650
-817
-603
-432
-521
-720
-1022
-1046
-896
-820
-836
-1077
-1323
-1394
-1292
-1142
-1038
-1135
-1289
-1340
-1395
-1345
-1452
-1547
-1545
-1532
-1330
-1230
-1198
-1187
-1226
-1188
-1033
-895
-746
-554
-377
342
342
561
676
876
1185
1466
1848
2127
2380
2362
2182
1952
1928
2275
2439
2397
1947
1462
1306
1371
1460
1292
872
351
359
359
446
-364
-364
-714
-748
-495
-427
-548
-815
-1036
-974
-836
-772
-902
-1173
-1374
-1354
-1198
-1057
-1026
-1204
-1345
-1398
-1387
-1354
-1480
-1537
-1573
-1473
-1315
-1228
-1179
-1183
-1180
-1118
-941
-812
-619
-424
272
272
457
656
797
1053
1350
1656
1989
2281
2443
2273
2085
1834
2059
2425
2472
2297
1683
1312
1271
1392
1406
1146
625
448
448
323
-547
-547
-808
-634
-407
-486
-669
-941
-1033
-864
-769
-804
-1029
-1330
-1456
-1350
-1218
-1065
-1112
-1312
-1377
-1499
-1469
-1516
-1626
-1594
-1568
-1441
-1326
-1297
-1262
-1222
-1221
-1074
-908
-765
-506
-298
369
369
585
785
971
1337
1586
1895
2233
2448
2415
2221
1926
1922
2314
2444
2407
1917
1389
1279
1312
1393
1229
750
250
333
333
373
-453
-453
-788
-755
-447
-437
-605
-860
-1059
-919
-803
-786
-919
-1208
-1376
-1331
-1217
-1090
-1073
-1257
-1344
-1403
-1413
-1404
-1558
-1589
-1566
-1485
-1313
-1271
-1246
-1217
-1239
-1146
-988
-857
-633
-390
333
333
488
703
843
1189
1517
1827
2178
2445
2506
2312
2050
1853
2225
2492
2501
2173
1529
1302
1314
1429
1349
979
427
267
267
455
-315
-315
-689
-828
-526
-397
-570
-783
-1032
-976
-826
-790
-870
-1132
-1368
-1365
-1223
-1125
-1053
-1205
-1318
-1324
-1397
-1374
-1538
-1629
-1575
-1489
-1326
-1293
-1326
-1309
-1266
-1196
-1014
-913
-771
-526
-301
277
277
378
584
732
1017
1404
1663
2011
2302
2489
2378
2177
1874
2029
2424
2472
2371
1763
1365
1312
1381
1412
1145
641
412
412
322
-556
-556
-838
-677
-404
-508
-684
-948
-1022
-839
-787
-817
-1024
-1288
-1378
-1248
-1131
-1051
-1144
-1345
-1346
-1406
-1375
-1465
-1661
-1630
-1582
-1400
-1274
-1304
-1329
-1310
-1262
-1075
-917
-830
-599
-391
359
359
535
676
867
1292
1612
1957
2271
2479
2437
2290
2003
1994
2416
2515
2484
1995
1469
1353
1386
1446
1262
821
309
364
364
434
-418
-418
-746
-725
-402
-426
-614
-842
-1009
-886
-778
-787
-964
-1243
-1406
-1298
-1139
-1035
-1047
-1294
-1372
-1401
-1372
-1334
-1543
-1605
-1597
-1454
-1261
-1259
-1289
-1303
-1300
-1168
-949
-845
-660
-493
-271
301
301
451
646
754
1101
1485
1792
2161
2423
2470
2315
2079
1849
2232
2504
2512
2223
1569
1323
1336
1431
1351
1009
444
262
262
496
-303
-303
-669
-830
-518
-367
-534
-744
-1007
-962
-783
-764
-863
-1134
-1399
-1390
-1224
-1098
-1019
-1224
-1377
-1395
-1436
-1358
-1524
-1667
-1618
-1540
-1319
-1242
-1312
-1305
-1315
-1240
-1000
-889
-753
-553
-384
255
255
364
574
658
908
1327
1621
2026
2299
2509
2404
2224
1925
2011
2466
2527
2463
1858
1423
1330
1413
1460
1185
727
396
396
386
-537
-537
-821
-707
-369
-428
-623
-882
-1002
-816
-731
-741
-960
-1229
-1371
-1258
-1119
-1031
-1065
-1310
-1322
-1398
-1361
-1396
-1626
-1603
-1583
-1395
-1235
-1266
-1279
-1282
-1273
-1111
-921
-820
-587
-415
321
321
502
669
812
1206
1531
1894
2238
2520
2503
2314
2049
1894
2380
2584
2569
2121
1498
1339
1410
1522
1331
914
292
308
308
471
-452
-452
-784
-851
-486
-403
-620
-869
-1076
-917
-765
-754
-927
-1205
-1424
-1338
-1130
-1035
-1025
-1298
-1386
-1381
-1359
-1290
-1527
-1622
-1601
-1469
-1223
-1213
-1275
-1306
-1317
-1197
-957
-854
-692
-512
-321
280
280
418
618
709
1028
1419
1727
2120
2393
2497
2312
2085
1809
2164
2543
2545
2275
1548
1273
1314
1471
1413
1051
456
473
473
-324
-324
-715
-906
-590
-350
-537
-780
-1045
-1020
-796
-737
-827
-1104
-1385
-1393
-1191
-1058
-970
-1161
-1344
-1349
-1409
-1305
-1452
-1580
-1564
-1514
-1307
-1232
-1289
-1290
-1287
-1246
-1013
-911
-743
-535
-378
351
351
566
696
931
1314
1579
1989
2289
2563
2459
2213
1882
1909
2459
2591
2510
1817
1316
1214
1390
1498
1189
724
378
378
421
-632
-632
-931
-761
-357
-391
-655
-945
-1028
-829
-683
-705
-940
-1242
-1399
-1238
-1038
-943
-1019
-1310
-1315
-1344
-1292
-1319
-1560
-1563
-1553
-1372
-1198
-1248
-1301
-1302
-1277
-1113
-927
-839
-632
-462
293
293
448
610
764
1140
1477
1807
2155
2430
2476
2258
1988
1803
2251
2558
2558
2117
1445
1228
1303
1479
1315
930
296
451
451
-478
-478
-859
-897
-529
-383
-600
-901
-1083
-952
-758
-729
-879
-1156
-1373
-1323
-1118
-979
-972
-1193
-1295
-1288
-1294
-1266
-1489
-1570
-1530
-1409
-1180
-1207
-1265
-1271
-1269
-1143
-952
-869
-705
-532
-310
262
262
401
583
690
1024
1384
1693
2079
2338
2535
2336
2117
1830
2085
2545
2578
2320
1597
1268
1260
1483
1427
1072
524
446
446
285
-323
-748
-919
-620
-340
-502
-806
-1040
-1009
-807
-719
-816
-1084
-1318
-1363
-1154
-995
-956
-1103
-1300
-1273
-1280
-1226
-1375
-1532
-1526
-1437
-1204
-1154
-1217
-1257
-1246
-1157
-962
-848
-723
-549
-364
381
381
538
662
914
1294
1600
1978
2247
2490
2331
2129
1855
1952
2480
2545
2394
1716
1280
1222
1417
1433
1109
631
359
359
317
-274
-715
-939
-741
-399
-484
-762
-1013
-1042
-833
-707
-773
-1022
-1259
-1343
-1166
-990
-951
-1064
-1301
-1292
-1269
-1228
-1310
-1554
-1545
-1496
-1266
-1142
-1232
-1263
-1284
-1201
-1005
-852
-763
-597
-439
329
329
492
613
784
1196
1491
1857
2150
2417
2446
2219
1979
1832
2291
2529
2495
1976
1367
1210
1293
1432
1208
809
256
256
403
-581
-581
-890
-858
-471
-390
-641
-924
-1061
-914
-748
-728
-903
-1176
-1330
-1233
-1012
-947
-986
-1217
-1280
-1212
-1213
-1213
-1471
-1539
-1495
-1310
-1119
-1181
-1242
-1277
-1203
-1052
-867
-796
-668
-494
336
336
455
593
720
1072
1434
1759
2106
2344
2508
2292
2075
1832
2134
2527
2526
2203
1508
1242
1253
1440
1332
947
397
397
397
-434
-434
-832
-946
-616
-406
-588
-869
-1090
-985
-794
-733
-872
-1155
-1332
-1309
-1089
-939
-958
-1141
-1308
-1257
-1234
-1208
-1382
-1530
-1488
-1384
-1142
-1159
-1217
-1240
-1236
-1088
-926
-807
-693
-536
-339
370
370
524
646
904
1263
1556
1925
2198
2466
2380
2131
1859
1880
2394
2549
2414
1779
1269
1182
1357
1433
1134
656
329
329
357
-690
-690
-956
-785
-428
-459
-744
-1011
-1050
-871
-722
-768
-1024
-1286
-1386
-1236
-998
-914
-1048
-1291
-1350
-1294
-1192
-1247
-1472
-1532
-1505
-1250
-1084
-1142
-1186
-1253
-1192
-990
-813
-689
-555
-445
384
384
556
637
816
1151
1471
1870
2157
2433
2480
2209
2019
1858
2278
2573
2493
2016
1425
1206
1299
1463
1205
851
363
363
-577
-577
-875
-872
-524
-398
-642
-935
-1047
-932
-757
-716
-898
-1141
-1331
-1262
-1026
-931
-977
-1183
-1290
-1232
-1190
-1208
-1429
-1527
-1511
-1323
-1132
-1183
-1232
-1276
-1225
-1064
-875
-783
-650
-516
-273
284
284
448
556
696
999
1326
1642
1984
2224
2509
2356
2149
1883
1943
2456
2543
2359
1722
1285
1188
1386
1388
1071
594
297
297
270
-324
-782
-1005
-810
-448
-506
-801
-1048
-1070
-842
-704
-765
-1001
-1245
-1331
-1134
-915
-904
-1070
-1324
-1314
-1222
-1123
-1244
-1537
-1586
-1534
-1226
-1069
-1167
-1245
-1325
-1209
-955
-769
-681
-596
-496
403
403
554
608
765
1130
1450
1831
2117
2327
2458
2229
2074
1925
2251
2565
2481
2078
1489
1276
1312
1471
1259
879
322
349
349
-522
-522
-867
-894
-574
-382
-615
-908
-1055
-973
-790
-723
-862
-1134
-1315
-1301
-1054
-893
-931
-1133
-1313
-1279
-1194
-1157
-1310
-1468
-1488
-1360
-1143
-1119
-1172
-1228
-1256
-1107
-917
-766
-630
-553
-364
414
414
544
667
915
1240
1597
1965
2218
2479
2330
2116
1912
2000
2507
2575
2357
1745
1320
1246
1433
1416
1097
630
309
309
276
-309
-770
-952
-766
-432
-499
-824
-1050
-1093
-901
-731
-772
-1001
-1277
-1369
-1172
-934
-891
-1038
-1289
-1299
-1219
-1125
-1193
-1437
-1491
-1462
-1224
-1076
-1136
-1189
-1265
-1199
-993
-813
-713
-602
-512
266
266
442
517
682
1004
1309
1681
1978
2194
2398
2178
2039
1877
2096
2486
2450
2145
1591
1303
1274
1465
1312
986
488
348
348
-434
-434
-809
-901
-647
-372
-526
-840
-1025
-1005
-797
-664
-777
-1051
-1258
-1307
-1052
-884
-917
-1075
-1328
-1266
-1203
-1131
-1248
-1469
-1479
-1383
-1130
-1089
-1132
-1218
-1242
-1095
-903
-721
-658
-570
-430
343
343
473
561
776
1095
1433
1789
2020
2278
2306
2103
1986
1882
2281
2476
2342
1931
1439
1284
1348
1447
1178
828
252
354
354
-598
-598
-861
-827
-514
-406
-669
-935
-1035
-936
-731
-687
-865
-1127
-1315
-1234
-960
-841
-935
-1184
-1318
-1247
-1136
-1102
-1308
-1448
-1455
-1309
-1097
-1111
-1162
-1253
-1265
-1068
-870
-719
-636
-577
-384
352
352
448
552
812
1121
1471
1812
2003
2274
2195
2021
1911
1881
2338
2425
2249
1788
1361
1238
1375
1402
1109
736
289
289
358
-672
-672
-883
-785
-430
-409
-723
-974
-1070
-908
-695
-684
-891
-1172
-1338
-1163
-853
-781
-897
-1202
-1287
-1183
-1046
-1035
-1272
-1410
-1435
-1224
-1030
-1030
-1120
-1260
-1230
-1005
-763
-627
-582
-554
-338
409
409
477
571
834
1154
1535
1870
2003
2279
2112
2002
1930
1975
2410
2390
2197
1727
1411
1297
1440
1379
1052
697
307
307
283
-259
-686
-831
-711
-415
-468
-768
-976
-1010
-848
-650
-672
-912
-1142
-1269
-1057
-793
-782
-904
-1197
-1261
-1172
-1048
-1044
-1251
-1334
-1379
-1186
-1063
-1044
-1092
-1232
-1182
-1008
-789
-654
-583
-541
-343
328
328
411
523
774
1055
1416
1758
1921
2192
2066
1923
1869
1887
2330
2362
2179
1732
1369
1270
1396
1401
1063
705
250
250
318
317
-682
-682
-849
-741
-442
-451
-746
-1004
-1068
-900
-695
-707
-952
-1181
-1293
-1118
-839
-803
-903
-1187
-1278
-1149
-1040
-1006
-1219
-1326
-1326
-1170
-1016
-1018
-1072
-1205
-1178
-1004
-803
-664
-636
-581
-404
343
343
459
689
969
1299
1614
1791
2069
2074
1902
1890
1767
2186
2346
2228
1921
1462
1303
1350
1435
1179
891
339
272
272
295
405
-560
-560
-793
-816
-528
-414
-678
-940
-1078
-974
-750
-680
-862
-1098
-1271
-1193
-898
-796
-858
-1120
-1319
-1214
-1065
-972
-1104
-1281
-1328
-1237
-1033
-977
-1000
-1137
-1195
-1018
-829
-635
-585
-570
-457
-264
297
297
352
534
775
1099
1426
1636
1842
2031
1866
1863
1755
1904
2310
2218
2091
1625
1334
1317
1419
1318
1033
626
260
260
371
-346
-346
-679
-847
-691
-438
-551
-841
-1040
-1081
-887
-710
-769
-997
-1217
-1292
-1051
-812
-823
-966
-1281
-1291
-1153
-1011
-1006
-1192
-1294
-1327
-1100
-1001
-946
-1056
-1222
-1144
-968
-729
-598
-585
-586
-426
280
280
388
589
869
1246
1529
1670
1939
1857
1815
1841
1755
2188
2228
2131
1868
1485
1377
1429
1425
1172
916
402
309
360
330
396
-463
-463
-677
-740
-509
-457
-698
-917
-1063
-968
-769
-727
-891
-1094
-1236
-1149
-860
-782
-816
-1070
-1217
-1122
-1006
-920
-1080
-1189
-1248
-1120
-960
-961
-982
-1172
-1180
-1013
-817
-662
-636
-647
-532
-330
389
389
614
941
1187
1347
1529
1798
1825
1797
1760
1653
2102
2151
2200
1926
1476
1378
1343
1445
1268
1002
486
321
341
396
490
-390
-390
-703
-750
-469
-422
-622
-892
-1105
-1006
-801
-714
-836
-1094
-1255
-1187
-890
-764
-810
-1104
-1298
-1185
-1044
-880
-1008
-1151
-1260
-1159
-965
-911
-950
-1169
-1203
-1065
-833
-633
-625
-665
-603
-443
276
276
519
853
1104
1270
1428
1637
1749
1731
1748
1632
1981
2099
2138
1976
1534
1421
1325
1429
1291
1068
634
379
397
391
496
-282
-282
-593
-716
-494
-425
-579
-831
-1059
-1027
-851
-748
-811
-1037
-1210
-1183
-942
-774
-780
-1014
-1218
-1195
-1084
-924
-974
-1056
-1162
-1127
-993
-944
-930
-1056
-1118
-1044
-858
-691
-599
-619
-580
-472
-305
426
426
676
922
1111
1336
1509
1710
1628
1670
1571
1801
2112
2088
2063
1580
1436
1344
1453
1423
1159
841
447
481
467
553
354
-426
-426
-609
-471
-330
-447
-706
-958
-1021
-873
-751
-760
-974
-1171
-1210
-1000
-773
-774
-912
-1203
-1236
-1119
-941
-890
-1019
-1099
-1160
-1014
-916
-905
-988
-1134
-1084
-929
-732
-624
-650
-652
-579
-418
446
446
730
903
1067
1240
1439
1584
1533
1590
1508
1867
2006
2041
1881
1479
1409
1322
1475
1343
1139
762
500
528
515
577
-453
-453
-530
-359
-303
-486
-768
-990
-984
-836
-753
-809
-1044
-1186
-1165
-920
-772
-832
-1028
-1243
-1176
-1033
-877
-924
-1020
-1124
-1060
-919
-846
-862
-1049
-1097
-1010
-785
-633
-593
-677
-659
-539
-387
474
474
669
779
889
1072
1294
1549
1494
1532
1428
1654
1970
1988
1939
1502
1368
1311
1463
1440
1216
906
529
563
561
639
406
-333
-333
-446
-291
-336
-336
-641
-893
-958
-794
-675
-706
-920
-1116
-1134
-942
-733
-770
-941
-1187
-1206
-1039
-863
-820
-963
-1077
-1102
-961
-843
-833
-947
-1091
-1034
-858
-660
-581
-662
-719
-653
-494
-305
494
494
618
679
807
991
1280
1488
1413
1450
1315
1600
1857
1874
1804
1396
1292
1246
1424
1369
1185
854
512
546
534
628
401
-252
-252
-347
-301
-301
-575
-816
-888
-750
-654
-699
-904
-1082
-1118
-943
-784
-817
-975
-1209
-1196
-1077
-893
-874
-990
-1078
-1134
-980
-900
-837
-942
-1047
-1008
-843
-657
-585
-626
-692
-619
-489
-293
438
438
546
624
733
918
1155
1392
1388
1365
1322
1379
1740
1755
1757
1467
1251
1278
1343
1416
1217
982
633
584
616
654
581
-368
-368
-618
-756
-686
-577
-609
-764
-976
-1047
-979
-822
-802
-922
-1120
-1193
-1083
-949
-858
-975
-1049
-1107
-1006
-876
-827
-853
-983
-972
-858
-675
-589
-606
-671
-634
-495
-338
316
316
467
484
533
651
898
1118
1292
1254
1181
1190
1220
1582
1596
1566
1332
1141
1221
1255
1344
1143
943
661
598
683
692
641
322
-475
-475
-621
-589
-513
-565
-708
-933
-1025
-1011
-889
-857
-961
-1136
-1243
-1158
-1040
-934
-1027
-1116
-1152
-1089
-926
-849
-850
-957
-1009
-911
-715
-587
-571
-632
-627
-521
-360
395
395
456
445
519
638
884
1036
1150
1134
1064
1124
1189
1436
1435
1390
1232
1121
1203
1211
1264
1072
914
741
692
751
714
622
368
-376
-376
-477
-467
-449
-550
-709
-891
-962
-952
-882
-878
-973
-1102
-1170
-1093
-1016
-955
-1024
-1073
-1077
-1021
-894
-849
-821
-904
-900
-826
-683
-571
-572
-567
-550
-436
-325
310
310
359
372
427
544
697
848
940
986
1006
999
1101
1121
1224
1222
1192
1180
1094
1127
1081
1073
964
869
790
707
700
605
540
414
281
-251
-251
-338
-414
-469
-562
-652
-752
-833
-868
-875
-874
-926
-997
-1063
-1040
-1032
-1003
-1005
-1021
-991
-973
-903
-851
-819
-828
-822
-767
-665
-581
-532
-492
-459
-385
-300
278
278
294
341
409
505
617
722
796
849
914
919
996
978
963
1066
1049
1106
1042
981
953
914
898
803
762
645
585
517
462
436
311
-325
-325
-404
-452
-518
-592
-684
-755
-803
-800
-811
-834
-888
-935
-943
-947
-908
-915
-883
-890
-869
-822
-785
-723
-724
-701
-670
-591
-504
-433
-373
-334
-285
258
258
301
361
394
457
527
596
681
744
761
818
820
843
862
831
905
902
917
864
802
748
706
699
621
575
462
403
371
343
327
-276
-276
-328
-355
-392
-459
-553
-639
-691
-683
-681
-691
-754
-805
-808
-801
-763
-767
-758
-759
-737
-687
-640
-610
-619
-618
-590
-505
-435
-388
-350
-312
-265
285
285
348
400
436
425
444
496
564
637
644
590
572
562
611
681
678
657
562
514
498
512
493
429
365
301
329
331
324
279
-270
-270
-338
-404
-453
-469
-463
-475
-510
-576
-613
-604
-593
-588
-593
-598
-591
-565
-545
-516
-516
-524
-525
-484
-415
-369
-344
-337
-323
-306
-268
259
259
301
340
360
375
381
390
420
417
479
493
499
459
404
407
404
424
397
382
344
331
342
333
331
274
-267
-267
-302
-307
-325
-369
-439
-500
-508
-501
-500
-526
-542
-558
-550
-531
-522
-509
-533
-540
-529
-476
-438
-432
-438
-433
-399
-366
-319
-299
-278
264
264
317
332
369
370
425
462
492
496
479
483
473
506
494
482
470
447
448
439
439
418
387
337
309
295
278
-266
-266
-299
-346
-345
-435
-446
-533
-470
-605
-496
-1041
-868
-999
-1033
-577
-747
-616
-948
-723
-660
-458
-461
-449
-442
-404
-377
-510
-861
-466
-292
-332
-369
-369
-428
-428
481
481
262
527
647
766
895
662
590
553
721
983
967
883
1010
714
780
662
501
816
547
433
410
310
477
-291
-291
-289
-417
-417
-290
-535
-834
-789
-760
-557
-768
-844
-599
-489
-494
-551
-566
-414
-474
-404
-535
-535
-651
-414
-473
-555
-669
-613
-586
-721
-791
-690
-751
-779
-842
-754
-509
-597
-789
-825
-640
-724
-624
-574
-449
-323
-446
374
374
696
815
872
1087
1252
1524
1229
954
917
981
1401
1524
1213
1080
808
509
570
459
537
558
-306
-306
-686
-819
-628
-653
-708
-773
-931
-1083
-1300
-1225
-931
-665
-698
-839
-755
-646
-570
-607
-530
-351
-279
-401
-321
-352
-467
-632
-719
-513
-457
-521
-750
-774
-781
-854
-909
-814
-727
-723
-769
-751
-665
-771
-789
-774
-543
-371
-386
-408
-315
509
509
577
772
887
1182
1434
1570
1841
1798
1297
1128
1065
1577
1978
1345
942
631
341
384
257
257
-349
-570
-681
-751
-750
-1321
-1502
-1148
-1037
-1098
-1314
-1461
-1482
-1634
-1482
-1055
-767
-765
-1073
-1052
-726
-566
-575
-579
-408
-280
-348
-336
-337
-480
-678
-754
-551
-442
-534
-942
-1172
-1028
-1099
-1052
-960
-1035
-1005
-1084
-1095
-798
-839
-818
-730
-544
417
417
669
922
1338
1368
1523
1808
2098
2066
1423
1122
1308
1927
2262
1542
827
506
-702
-702
-1208
-1223
-1239
-1241
-1682
-1887
-1401
-1375
-1526
-1669
-1849
-1811
-1899
-1551
-906
-716
-887
-1313
-1212
-756
-547
-518
-371
-402
-402
-400
-316
-502
-521
-576
-319
-283
-750
-1236
-1304
-1119
-926
-1027
-1058
-1066
-1272
-1325
-1211
-854
-676
-656
-524
-273
418
418
794
1108
1475
1720
1941
2172
1979
1462
1323
1458
1886
2451
1981
1135
628
422
422
257
257
-961
-961
-1169
-1331
-1328
-1436
-1699
-1483
-1189
-1433
-1647
-1892
-1725
-1497
-1156
-695
-493
-511
-847
-837
-324
344
344
510
485
683
577
508
666
745
874
855
845
826
590
349
349
606
545
312
473
473
714
776
802
883
1170
1287
1469
1688
2147
2527
2810
2802
3152
3019
2143
2268
2303
3220
3797
2734
1634
1389
1020
1503
1536
1334
1505
438
-266
-266
-296
-296
-645
-277
-532
-532
-924
-1110
-595
-524
-602
-602
-331
536
990
969
777
530
807
612
671
905
946
922
586
413
286
-285
-285
-596
-596
-752
-642
-361
412
412
628
762
917
1367
1529
1867
1813
2343
1916
1300
1515
1668
2818
2695
1287
408
512
379
1076
565
483
-983
-983
-1206
-1104
-675
-658
-1258
-1532
-1116
-1259
-1477
-1846
-1557
-1007
-1054
-690
-759
-896
-1131
-1229
-616
297
289
-476
-476
-435
-371
-371
-276
-325
-325
-424
-281
-790
-790
-869
-758
-366
-271
-271
435
435
1012
1117
987
1317
1588
2032
2532
2478
3235
2628
1746
2087
2183
3393
3477
1858
1136
1189
941
1661
1053
1024
698
-446
-651
-586
-274
-295
-1024
-1209
-807
-1004
-1149
-1667
-1343
-805
-965
-580
-683
-809
-1042
-1065
-393
421
333
-543
-543
-280
483
483
337
256
-664
-664
-741
-553
-316
-316
-353
-521
-425
376
376
650
744
434
628
1084
1577
1999
2229
2323
2713
2149
1392
1814
2098
3144
3043
1652
775
717
632
1250
1009
888
366
-780
-1146
-980
-511
-467
-1067
-1409
-1341
-1561
-1696
-1925
-1491
-1059
-1255
-1186
-1327
-1435
-1410
-1357
-590
-658
-658
-1066
-668
327
327
-503
-503
-358
314
314
-435
-435
-569
-405
-469
-522
-606
-556
-448
-525
-729
-797
-698
-563
-314
261
261
668
668
1364
1583
1666
1812
1966
2405
1850
1429
1949
2328
3091
2656
1172
695
745
1061
1680
1180
853
-1042
-1042
-954
-446
-288
-288
-1261
-1600
-1596
-1629
-1462
-1597
-1240
-1261
-1630
-1599
-1599
-1491
-1368
-1200
-607
-406
-886
-1155
-1246
-511
-495
-495
-664
-506
-293
-363
-363
-654
-743
-456
-313
-529
-566
-667
-645
-719
-905
-758
-685
-551
-389
-364
-256
-256
578
578
894
1118
1070
1450
1708
2136
2322
1346
1402
1578
2377
3055
2100
727
604
722
1453
1551
916
575
-544
-794
-566
-634
-634
-1546
-1465
-1304
-1099
-1261
-1521
-1157
-1435
-1450
-1425
-1369
-1278
-1220
-1043
-530
-589
-899
-1109
-918
-293
-293
-557
-348
-434
-434
-577
-388
-355
-355
-515
-616
-686
-559
-859
-832
-841
-671
-638
-537
-590
-464
-437
-263
252
252
527
526
852
1135
1579
1685
1989
1211
970
1362
1985
2891
2191
772
663
663
1264
1718
1005
458
-411
-887
-574
-445
-445
-1406
-1672
-1399
-1212
-1216
-1532
-1375
-1407
-1713
-1657
-1705
-1413
-1334
-1218
-955
-936
-1156
-1283
-1097
-380
-291
-291
-542
-920
-499
-612
-612
-671
-380
-309
-309
-633
-801
-581
-557
-573
-514
-583
-631
-676
-602
-489
-286
350
350
507
991
1406
1734
1631
1943
1266
963
1595
2218
3078
2426
858
893
893
1580
2149
1298
685
-650
-650
630
630
-1173
-1173
-1536
-1194
-927
-779
-1181
-1176
-1290
-1715
-1640
-1561
-1188
-1037
-1194
-1088
-1054
-1269
-1184
-921
-325
-412
-412
-635
-782
-325
-410
-410
-432
387
387
-443
-443
-612
-390
-271
-271
-451
-649
-622
-521
267
267
540
883
1270
1348
1327
1436
1895
1655
1311
1727
2142
2723
2305
978
534
1219
1806
1991
1212
561
-342
-342
460
460
593
-1180
-1180
-1470
-966
-610
-631
-1175
-1406
-1464
-1712
-1540
-1319
-1135
-1221
-1544
-1426
-1218
-1114
-1002
-879
-570
-386
-687
-700
-591
251
251
366
-311
-311
-351
-304
-304
-454
-561
-491
-383
-320
-320
362
362
559
841
1036
1179
1280
1606
1989
1511
1149
1585
2079
2713
2202
1006
671
1171
1764
1826
1237
665
-301
-301
433
433
551
-1118
-1118
-1248
-889
-622
-768
-1207
-1329
-1418
-1697
-1505
-1370
-1208
-1310
-1527
-1334
-1266
-1218
-1090
-925
-550
-445
-707
-719
-512
494
494
-271
-271
-304
-304
-381
-421
-337
-337
-418
-287
272
272
597
799
954
978
1342
1628
1764
1117
1002
1519
2171
2582
1718
645
554
1276
1703
1741
982
400
285
285
587
436
-502
-1284
-1190
-692
-548
-793
-1259
-1383
-1556
-1634
-1402
-1290
-1223
-1405
-1532
-1411
-1252
-1199
-996
-838
-565
-640
-816
-680
-415
256
256
377
368
-283
-283
-479
-479
-522
-446
-277
-277
-320
-569
-611
-466
-316
303
303
694
884
1061
1161
1362
1517
936
1023
1581
2174
2370
1418
337
561
1437
1903
1636
638
-275
-275
545
545
698
284
-732
-1392
-1056
-468
-399
-809
-1422
-1472
-1580
-1544
-1296
-1192
-1179
-1482
-1626
-1432
-1206
-1054
-856
-794
-649
-780
-848
-603
-289
-289
365
365
413
-337
-337
-386
-386
-599
-559
-263
-306
-302
-568
-687
-765
-551
-326
-326
-356
-356
-322
516
516
660
740
816
963
1294
1471
807
1119
1534
2041
2006
901
371
851
1625
1752
1153
302
378
378
659
511
-1010
-1010
-1144
-616
-434
-434
-1052
-1508
-1365
-1456
-1302
-1145
-1227
-1292
-1672
-1546
-1269
-1163
-1010
-1041
-905
-771
-929
-898
-572
-272
-300
-300
-430
-352
-331
-331
-317
-317
-500
-358
-382
-318
-397
-434
-572
-680
-615
-511
-483
-356
-448
-352
-250
512
512
595
615
735
1052
1342
1178
657
1071
1611
2048
1659
620
439
1113
1611
1523
902
368
447
447
606
404
-990
-990
-935
-444
-358
-714
-1228
-1397
-1348
-1509
-1364
-1278
-1322
-1487
-1731
-1566
-1306
-1259
-1186
-1154
-1006
-891
-1060
-912
-616
-349
-275
-504
-475
-387
-300
-300
-321
-321
-415
-409
-271
-334
-334
-507
-666
-749
-592
-441
-418
-488
-597
-531
-287
363
363
479
729
904
1174
1228
656
705
1316
1836
1992
1077
338
610
1343
1659
1299
569
302
607
607
576
-634
-634
-997
-663
-309
-392
-853
-1266
-1260
-1380
-1367
-1191
-1173
-1189
-1482
-1545
-1354
-1193
-1036
-994
-897
-808
-889
-833
-573
-308
-335
-335
268
268
356
331
-310
-310
-435
-376
-285
-264
-264
-358
-401
-251
431
431
660
792
946
1135
1299
998
741
1162
1667
2057
1589
643
466
1162
1688
1598
938
464
608
608
732
537
-753
-753
-723
-273
-479
-479
-981
-1122
-1118
-1212
-1057
-986
-995
-1184
-1402
-1293
-1068
-880
-776
-860
-757
-734
-737
-487
-261
-261
377
377
258
358
358
455
422
-311
-311
-388
-322
-251
-310
-442
-503
-524
-356
-265
-262
-262
371
371
441
525
651
839
1048
1091
581
818
1287
1732
1690
749
303
784
1455
1612
1054
408
253
543
543
744
559
-670
-670
-764
-303
-262
-262
-853
-1171
-1064
-1105
-958
-901
-990
-1089
-1373
-1293
-1039
-855
-756
-874
-852
-745
-738
-567
-326
-283
-283
-263
336
336
278
353
353
412
256
-381
-381
-471
-488
-388
-406
-480
-600
-735
-617
-513
-344
-316
-441
-404
319
319
333
449
626
919
1078
735
637
1000
1533
1751
1152
496
585
1282
1642
1352
703
388
275
495
761
683
310
-360
-664
-405
-646
-646
-1041
-1033
-985
-941
-897
-948
-1032
-1226
-1253
-1072
-890
-812
-873
-893
-744
-744
-639
-496
-280
-334
-334
285
285
355
276
-253
-253
-372
-463
-426
-372
-409
-583
-704
-709
-589
-472
-362
-475
-537
-401
-265
371
371
614
855
1082
1000
655
750
1320
1698
1622
907
549
908
1481
1554
1081
586
425
393
567
703
510
-419
-419
-481
-328
-328
-731
-895
-817
-865
-892
-864
-872
-913
-1083
-1082
-933
-824
-733
-737
-663
-630
-604
-581
-331
332
332
312
300
412
412
459
343
-258
-258
-328
-378
-433
-533
-530
-551
-510
-490
-429
-383
-414
-302
260
260
411
411
577
791
992
1013
729
728
1175
1613
1624
1079
634
807
1382
1573
1232
758
502
462
583
765
674
313
-388
-388
-515
-515
-752
-790
-790
-816
-765
-764
-835
-991
-1031
-914
-762
-689
-672
-665
-585
-612
-539
-332
286
286
337
316
316
415
422
331
-287
-287
-274
-306
-436
-571
-663
-630
-545
-492
-507
-565
-526
-469
-365
322
322
568
780
960
1082
921
721
903
1400
1775
1611
949
627
1010
1565
1595
1175
726
499
495
681
830
671
-266
-266
-380
-519
-519
-720
-767
-794
-767
-677
-679
-791
-976
-1016
-886
-680
-598
-613
-643
-621
-607
-449
315
315
344
269
311
311
449
442
377
-257
-257
-381
-468
-560
-512
-448
-413
-444
-465
-406
-366
-259
394
394
564
814
934
1133
1062
885
897
1265
1701
1738
1255
713
902
1338
1638
1307
901
518
439
540
739
694
361
-466
-466
-292
-460
-460
-736
-853
-870
-833
-750
-730
-813
-991
-1085
-976
-775
-630
-645
-673
-661
-625
-543
-298
374
374
408
319
325
325
523
604
537
313
364
364
440
290
-326
-326
-528
-558
-450
-352
-355
-440
-548
-481
-394
-260
304
304
523
691
813
846
1031
892
885
945
1387
1612
1439
869
699
989
1427
1426
981
630
354
450
548
697
497
-395
-395
-428
-620
-620
-781
-856
-767
-720
-651
-697
-835
-969
-922
-756
-570
-539
-573
-555
-539
-449
-318
396
396
543
536
327
322
322
580
704
665
387
310
410
410
457
336
-296
-296
-497
-532
-627
-519
-496
-545
-561
-604
-536
-555
-399
-281
427
427
585
707
739
935
815
845
902
1282
1481
1378
865
707
953
1308
1354
957
689
383
441
523
664
491
-302
-302
-358
-528
-528
-665
-772
-723
-671
-619
-648
-775
-903
-891
-761
-601
-541
-584
-565
-569
-497
-357
328
328
356
334
263
289
378
466
541
437
292
270
270
348
320
-268
-268
-376
-522
-610
-619
-559
-558
-573
-603
-604
-556
-513
-404
-293
385
385
538
621
725
805
1031
999
985
958
1227
1389
1343
1040
824
944
1146
1192
897
685
407
384
358
463
329
-285
-285
-410
-308
-341
-341
-588
-719
-800
-781
-762
-718
-734
-822
-878
-865
-759
-646
-604
-592
-567
-519
-450
-365
328
328
330
295
295
414
483
455
338
268
300
300
323
301
-263
-263
-364
-468
-563
-488
-451
-464
-537
-618
-581
-505
-415
-356
-350
-257
341
341
393
507
605
820
837
713
711
857
1109
1132
932
633
670
814
989
783
631
369
333
333
325
-379
-379
-334
-270
-276
-503
-616
-709
-729
-721
-705
-679
-721
-785
-801
-758
-675
-608
-602
-543
-509
-477
-433
-343
251
251
335
398
391
372
372
482
694
580
315
350
350
508
508
268
-370
-370
-500
-523
-464
-513
-646
-767
-726
-652
-708
-635
-705
-618
-543
-484
-407
-310
253
253
320
465
596
776
928
787
732
764
1094
1302
1177
854
648
739
1012
1042
844
577
260
254
254
403
313
-340
-340
-455
-371
-253
-369
-547
-712
-819
-805
-785
-716
-714
-803
-872
-883
-806
-673
-638
-564
-542
-512
-483
-416
296
296
404
373
334
320
359
482
526
482
373
269
256
295
271
-276
-276
-355
-493
-628
-626
-639
-637
-672
-748
-788
-718
-645
-557
-529
-501
-475
-383
390
390
540
637
731
790
945
887
878
841
965
1191
1134
904
620
648
752
886
691
507
-351
-351
-559
-507
-401
-382
-546
-698
-834
-814
-767
-712
-661
-723
-786
-806
-729
-586
-515
-476
-462
-419
-354
-277
320
320
399
405
375
372
379
437
470
454
375
299
266
266
252
-257
-257
-350
-420
-473
-492
-513
-525
-528
-566
-563
-564
-472
-410
-323
-322
-285
302
302
380
525
632
764
594
577
588
856
1013
920
621
502
582
730
778
609
447
258
258
-322
-322
-399
-343
-289
-341
-488
-580
-697
-671
-655
-601
-581
-645
-701
-686
-654
-552
-520
-441
-409
-394
-374
-311
339
339
330
296
270
300
366
394
363
295
253
-251
-251
-337
-413
-439
-408
-428
-427
-491
-515
-520
-442
-373
-325
-317
-298
-273
304
304
431
593
702
541
548
561
859
943
835
581
543
607
731
716
600
450
303
303
-267
-267
-299
-260
-337
-337
-434
-526
-609
-621
-643
-548
-536
-589
-671
-697
-627
-512
-471
-408
-439
-420
-412
-320
297
297
324
298
-260
-260
-276
-305
-277
251
251
342
286
286
368
585
637
509
293
275
453
560
559
357
266
254
254
-257
-257
-376
-376
-442
-515
-476
-457
-428
-438
-525
-563
-539
-464
-402
-407
-376
-372
-354
-326
-265
267
267
327
327
405
417
372
331
359
395
440
395
357
271
-305
-305
-338
-348
-358
-373
-418
-456
-476
-474
-464
-458
-450
-435
-435
-432
-415
-380
-326
-282
-268
-252
343
343
341
286
286
269
-293
-293
-310
-310
-356
-324
-287
-310
-310
-360
-342
-279
260
260
281
289
282
267
257
265
251
-286
-286
-320
-361
-383
-404
-423
-447
-471
-490
-489
-479
-471
-465
-455
-438
-417
-400
-375
-338
-303
-263
258
258
278
291
302
330
352
391
412
440
452
479
473
445
416
401
440
461
441
333
250
-324
-324
-349
-309
-286
-290
-349
-392
-409
-383
-333
-294
-288
-297
-300
-280
-250
-250
-258
-258
-299
-312
-297
-297
-331
-335
-253
-253
-263
-266
-255
-255
-252
-252
-254
265
265
293
310
318
302
306
305
316
330
301
253
-254
-254
-286
-326
-354
-370
-379
-390
-390
-395
-394
-386
-380
-360
-349
-321
-298
-277
-250
