383
383
353
336
315
315
418
418
365
351
-390
-390
-332
-376
-402
-490
-467
-551
-513
-550
-561
-624
-656
-577
-610
-597
-625
-648
-634
-623
-572
-552
-543
-509
-473
-410
-339
328
328
332
408
472
462
561
496
655
609
739
759
696
849
750
871
890
850
860
933
962
1061
921
858
703
828
905
687
774
518
436
369
-353
-353
-322
-441
-564
-788
-875
-948
-1027
-1091
-1203
-1186
-1200
-1268
-1352
-1309
-1343
-1249
-1258
-1193
-1133
-1166
-1195
-1111
-974
-860
-812
-788
-710
-715
-571
-466
-321
327
327
416
458
465
437
560
646
718
766
730
786
797
993
974
1214
1195
1286
1370
1417
1645
1547
1722
1804
1883
1816
1697
1836
1876
1749
1322
793
465
417
-392
-392
-957
-1360
-1532
-1459
-1392
-1459
-1635
-1869
-2064
-2115
-2070
-1929
-1862
-1790
-1856
-1951
-1919
-1853
-1649
-1396
-1201
-1102
-1125
-1041
-911
-689
-432
336
336
529
550
532
475
352
442
495
692
741
763
685
718
806
925
1101
1189
1381
1274
1420
1466
1621
1835
1737
1925
1954
1788
1792
1742
1989
1861
1281
699
360
360
-364
-364
-1034
-1613
-1681
-1706
-1431
-1535
-1826
-2115
-2414
-2357
-2273
-2111
-1957
-1950
-1973
-2097
-2149
-1985
-1793
-1513
-1312
-1234
-1222
-1249
-1097
-827
-533
404
404
427
433
456
511
630
641
759
723
720
666
604
707
758
936
901
982
949
963
1146
1299
1276
1462
1347
1479
1544
1565
1624
1529
1609
1382
1448
1454
1482
1364
1024
480
-559
-559
-900
-1446
-1634
-1855
-1739
-1700
-1838
-1992
-2199
-2309
-2300
-2207
-2056
-1916
-1928
-1949
-2036
-1908
-1756
-1573
-1353
-1258
-1164
-1105
-1012
-836
-625
-408
347
347
518
536
577
655
709
820
922
822
905
815
941
1018
999
1155
1042
1123
1247
1293
1484
1475
1517
1536
1444
1625
1569
1768
1734
1670
1424
1403
1521
1645
1310
430
-404
-404
-1063
-1641
-1897
-1855
-1573
-1411
-1669
-2090
-2372
-2442
-2290
-2172
-2092
-1955
-1915
-2046
-2180
-2132
-1891
-1580
-1356
-1243
-1216
-1262
-1264
-1015
-656
-402
-360
-412
-412
-361
391
391
377
419
423
528
606
837
1004
1107
1090
893
934
1011
1260
1303
1529
1547
1535
1541
1497
1720
1858
2051
2038
2203
2285
2189
2298
2160
1418
492
707
707
1446
896
-550
-1688
-1752
-1301
-886
-599
-789
-1401
-2401
-2864
-2451
-1534
-1411
-1711
-1937
-2132
-2305
-2493
-2182
-1619
-1229
-1442
-1765
-1777
-1679
-1585
-1193
-746
-612
-884
-1293
-1284
-960
-640
-534
-430
-412
-461
-569
-467
346
346
409
475
475
665
1098
1133
1147
1048
1083
1245
1465
1646
1924
1963
2095
2213
2485
2616
2756
3296
3510
4405
1469
688
-402
1679
3330
1921
-2335
-2335
-1920
-1564
-870
-1159
-1159
-2645
-3899
-2411
-740
-592
-727
-1219
-1198
-1685
-2126
-1410
-587
-1076
-1076
-1830
-1507
-1975
-1894
-1651
-837
-424
-1287
-1783
-1920
-1417
-1051
-1188
-900
-848
-1454
-1657
-1635
-1164
-766
-1004
-894
-724
-763
-906
-854
-393
877
877
1314
1489
1314
1475
1881
2085
2367
2939
3131
3543
3139
3695
3979
5200
4615
1213
865
3444
3444
3693
1631
-1438
-2907
-2219
-1466
-547
-580
-580
-2378
-4132
-4697
-2005
-656
-541
-1044
-1710
-1634
-2002
-1811
-619
377
-996
-996
-1403
-1049
-1187
-1180
-1013
-996
-996
-1589
-1779
-1248
-990
-964
-445
-641
-1289
-1701
-1708
-1041
-783
-1145
-1159
-1319
-1516
-1721
-1630
-983
-637
-651
-721
-643
-727
-675
456
456
998
963
721
907
1407
1834
2343
2808
3066
3283
3157
3592
3977
4555
4569
5658
4394
1622
617
625
4078
3791
1284
-2106
-2799
-1781
-1346
-781
-859
-859
-2733
-4837
-4571
-1544
-492
-794
-1495
-1579
-1481
-2136
-1946
-471
606
-1177
-1177
-1319
-835
-1008
-1019
-403
552
-1003
-1003
-1540
-1319
-597
-587
-625
-608
-608
-1416
-1655
-1362
-763
-943
-1472
-1425
-1449
-1759
-2059
-1808
-1146
-953
-1161
-1108
-942
-884
-921
-468
324
813
618
533
946
1494
1921
2379
2957
3297
3485
3399
4013
4428
5058
5125
6204
3504
1598
504
1944
5018
3344
-2955
-2955
-2597
-1557
-956
-394
-1667
-1667
-3753
-5438
-3661
-742
-387
-1018
-1908
-1746
-1791
-2147
-1438
664
664
-364
-1407
-1185
-820
-812
-648
758
758
-946
-946
-1438
-952
-315
-510
-890
-890
-1605
-1689
-1166
-730
-1053
-1488
-1485
-1660
-2001
-2041
-1551
-1052
-1008
-1200
-1179
-981
-1028
-785
518
518
710
495
647
1150
1760
2252
2755
3152
3633
3515
4133
4265
5155
4918
6302
4941
1822
1318
947
4976
4262
1415
-2161
-2797
-1470
-841
-414
-1078
-1078
-3128
-5040
-4500
-1006
-739
-739
-1799
-1889
-1558
-2005
-1656
-326
692
-1435
-1435
-1344
-816
-845
-785
-329
626
-949
-949
-1292
-951
-475
-475
-525
-612
-612
-1150
-1397
-1087
-709
-1070
-1579
-1408
-1291
-1626
-1997
-1745
-1212
-1117
-1217
-1161
-802
-903
-828
-459
728
728
590
743
1331
1787
2090
2635
3158
3764
3871
4030
4530
5282
5324
6412
2937
1951
1083
2986
5442
2895
-2819
-2819
-2001
-746
-392
-2040
-2040
-3875
-5230
-2725
-322
-322
-1227
-2197
-1666
-1764
-1990
-1104
538
538
-856
-1702
-1159
-890
-830
-780
634
634
-1082
-1082
-1424
-783
-493
-493
-1047
-1047
-1555
-1509
-710
-508
-1102
-1422
-1418
-1519
-1832
-1795
-1263
-990
-1110
-1240
-962
-803
-847
-629
866
866
868
673
979
1575
2273
2723
3266
3734
3995
4046
4509
5204
5875
6327
2298
1885
1183
4106
5345
2364
-609
-2657
-1522
-610
-471
-471
-2476
-4275
-4781
-1784
-530
-530
-1509
-2100
-1542
-1813
-1702
-713
424
-1190
-1190
-1503
-890
-767
-764
-622
389
389
-585
-1173
-1133
-407
-333
-582
-347
-621
-1101
-1330
-1157
-701
-780
-1454
-1464
-1359
-1424
-1687
-1662
-1222
-1117
-1261
-1217
-903
-789
-738
-520
568
568
615
729
1264
1849
2305
2664
3245
3811
4254
4217
5043
4913
6505
4763
1890
1876
1708
5427
4203
1349
-1670
-2323
-905
-352
367
367
-1144
-2983
-4874
-3792
-736
-759
-759
-1977
-1859
-1643
-2009
-1476
622
622
-358
-1639
-1403
-921
-876
-733
-347
566
-849
-849
-1346
-1036
-334
-445
-1012
-1012
-1704
-1559
-857
-847
-847
-1430
-1512
-1552
-1602
-1573
-1166
-954
-1061
-1279
-987
-805
-850
-638
843
843
826
674
852
1567
2278
2808
3411
3795
4204
3931
4928
5059
6789
4293
1663
1611
2280
5878
3928
1001
-1891
-2137
-672
695
695
504
-1494
-3361
-4836
-2998
-421
-888
-888
-2024
-1874
-1853
-1881
-1162
449
449
-665
-1493
-1322
-1045
-1037
-639
478
478
-1238
-1238
-1368
-937
-676
-676
-1559
-1593
-1288
-532
-497
-1111
-1570
-1502
-1522
-1521
-1346
-1073
-961
-1093
-1148
-956
-824
-888
-359
895
895
658
724
978
1860
2372
3086
3519
4055
4070
4436
4795
5845
6235
2087
2213
1199
4795
5303
2182
-662
-2343
-926
359
359
780
-496
-2461
-4264
-4101
-1065
-667
-667
-1658
-1941
-1700
-1966
-1556
-557
469
-1323
-1323
-1404
-1126
-1141
-948
-394
355
-1028
-1028
-1293
-1246
-528
-520
-377
-1216
-1216
-1605
-1446
-957
-530
-1051
-1313
-1167
-1218
-1537
-1596
-1257
-917
-870
-927
-849
-730
-935
-620
850
850
982
691
903
1585
2158
3000
3420
4125
4158
4542
4480
6290
4860
1986
2205
1617
5655
4203
1558
-1146
-1925
-547
625
625
708
-882
-2692
-4435
-3194
-736
-493
-908
-1728
-1647
-1817
-2039
-1552
-375
383
-505
-1247
-1269
-1354
-1390
-963
-326
-326
-1341
-1559
-1268
-640
-558
-372
-784
-1683
-1790
-1409
-886
-758
-1270
-1390
-1156
-1364
-1481
-1421
-1184
-893
-880
-728
-650
-826
-976
-464
451
981
1010
617
1036
1591
2321
3197
3566
4032
4251
4214
5447
5411
2137
2299
1369
4494
5114
2059
-2017
-2017
-928
-318
494
988
-2006
-2006
-3916
-3690
-1339
-579
-675
-1384
-1544
-1711
-2124
-1855
-978
-923
-923
-1117
-1389
-1671
-1411
-648
-923
-923
-1480
-1777
-1303
-962
-399
-333
-1407
-1718
-1913
-1404
-1120
-1238
-1165
-980
-1138
-1598
-1603
-1471
-1072
-716
-492
-640
-640
-1078
-774
936
936
1344
973
1191
1417
2111
2743
3766
4152
4496
4161
5552
3981
1666
2357
1710
5678
3880
1443
-815
-1574
-549
742
742
827
-442
-2222
-3960
-2802
-1056
-723
-718
-1327
-1183
-1722
-2102
-1826
-733
-423
-423
-689
-897
-1357
-1758
-1361
-490
-967
-967
-1417
-1680
-1448
-1084
-571
-659
-1228
-1644
-1665
-1534
-1546
-1431
-1113
-686
-1064
-1497
-1724
-1617
-993
-684
-489
-489
-922
-419
1125
1125
1304
1334
1575
2052
2194
3144
3388
4381
4306
5316
4754
1299
2323
860
4611
4522
1905
433
-1404
-898
-554
1034
1034
-1170
-1170
-3187
-2978
-1517
-1268
-786
-975
-730
-1086
-1853
-1963
-1319
-380
-489
-410
-410
-849
-1508
-1698
-1045
-447
-447
-899
-1245
-1648
-1588
-1111
-883
-983
-1151
-1238
-1515
-1780
-1845
-1496
-823
-760
-1026
-1252
-1617
-1419
-1132
-447
643
643
1071
1392
2097
2404
2673
3193
3207
4223
4004
5951
2891
2248
1831
1837
4909
2465
1316
-758
-758
-481
-434
672
672
-394
-1699
-2903
-1829
-1460
-1122
-1073
-951
-641
-1276
-1571
-1503
-859
-692
-867
-448
-484
-739
-1329
-1385
-956
-607
-490
-435
-545
-1048
-1535
-1638
-1178
-1095
-914
-1002
-1104
-1490
-1849
-1738
-1412
-947
-963
-960
-1090
-1315
-1262
-1040
-458
445
445
672
935
1368
2202
2470
3056
3101
3825
3696
5030
3963
1876
2677
1150
4268
3351
1589
807
-541
-668
-320
-386
673
-934
-934
-2302
-2128
-1769
-1308
-1019
-1048
-475
-952
-1401
-1463
-1353
-760
-1079
-749
-446
-494
-823
-1310
-1326
-1047
-955
-834
-463
-522
-1007
-1455
-1628
-1579
-1241
-1071
-817
-820
-1381
-1556
-1656
-1376
-1107
-926
-721
-708
-797
-918
-795
-488
384
384
765
805
883
998
1670
2175
2891
3070
3807
3793
4868
2950
2118
2141
1551
3996
2630
2018
1284
-412
-412
-541
-535
715
417
-501
-1412
-1587
-1780
-1296
-1380
-994
-319
-859
-790
-952
-1132
-947
-1585
-1147
-645
-355
-317
-707
-1179
-1372
-1591
-1179
-628
-468
-627
-1106
-1456
-1584
-1522
-1309
-926
-871
-884
-885
-1072
-1036
-1208
-1138
-782
-482
317
317
768
1063
1168
1452
1564
2016
2201
2781
3189
4067
3899
2419
2572
1160
2468
2529
1885
2153
1187
326
-661
-661
563
563
-496
-496
-843
-1213
-871
-853
-1147
-669
-1104
-1153
-593
-654
-820
-820
-1429
-1258
-1106
-760
-453
-742
-994
-1189
-1489
-1101
-935
-1145
-1076
-1309
-1197
-883
-988
-916
-1011
-1252
-946
-757
-506
-324
-574
-637
-584
-577
-344
525
525
796
1264
1557
1598
1926
1987
2318
1768
2095
1764
1704
1680
1282
1724
1703
1454
1067
693
754
1286
1155
890
463
463
579
443
-675
-675
-735
-483
-527
-527
-944
-1178
-1011
-876
-878
-1129
-1483
-1704
-1616
-1454
-1342
-1505
-1825
-1933
-1890
-1590
-1384
-1412
-1463
-1541
-1414
-1177
-1013
-950
-880
-855
-662
-470
-372
380
380
524
594
789
1065
1335
1631
1871
2160
2477
2617
2886
2492
2357
2065
2199
2706
2711
2334
1666
1029
1079
1376
1310
1029
-321
-321
-346
-542
-542
-1217
-1486
-1214
-642
-619
-939
-1463
-1776
-1530
-1247
-1112
-1302
-1735
-1985
-1810
-1480
-1175
-1242
-1583
-1711
-1641
-1267
-1037
-1156
-1283
-1369
-1171
-802
-707
-770
-951
-1059
-836
-493
-372
-372
354
354
492
474
603
864
1183
1545
1751
2065
2357
2689
2824
2461
2220
1866
2231
2770
2871
2461
1561
855
956
1383
1484
1112
-432
-432
-384
-669
-669
-1226
-1491
-1136
-451
-591
-946
-1588
-1766
-1325
-1063
-1021
-1324
-1780
-1889
-1554
-1183
-932
-1206
-1713
-1804
-1684
-1259
-1010
-1198
-1311
-1441
-1296
-921
-805
-908
-1067
-1188
-881
-492
-315
-376
-376
415
415
413
626
914
1224
1549
1714
1911
2243
2582
2944
2735
2425
2042
2097
2747
2951
2733
1927
1130
1023
1354
1553
1324
634
-326
-326
-434
-434
-1091
-1364
-1103
-424
-392
-803
-1422
-1772
-1483
-1089
-966
-1267
-1690
-1978
-1751
-1360
-1162
-1227
-1727
-1938
-1802
-1486
-1135
-1227
-1377
-1438
-1336
-1072
-904
-959
-1059
-1078
-883
-484
-337
-337
471
471
524
630
878
1135
1353
1585
1773
2133
2509
2886
2867
2454
2192
1948
2545
2929
2800
2194
1245
889
1220
1613
1539
940
-441
-441
340
340
-896
-896
-1299
-1328
-706
-314
-630
-1144
-1720
-1673
-1180
-904
-1022
-1394
-1816
-1840
-1434
-1281
-1155
-1488
-1849
-1743
-1601
-1209
-1151
-1367
-1486
-1462
-1246
-961
-926
-1069
-1074
-1041
-679
470
470
648
687
922
1191
1400
1682
1840
2076
2487
2844
3122
2764
2417
2028
2364
2892
2895
2531
1570
1103
1103
1481
1539
1060
316
-417
-328
-753
-753
-1212
-1355
-904
-412
-549
-1014
-1565
-1678
-1311
-941
-949
-1267
-1607
-1785
-1443
-1187
-1129
-1315
-1795
-1711
-1512
-1188
-1041
-1340
-1467
-1461
-1279
-988
-874
-997
-1057
-1063
-813
-429
-333
492
492
562
832
1117
1330
1539
1693
1890
2332
2702
3091
2860
2503
2141
2124
2802
2898
2676
1862
1172
1130
1460
1612
1159
527
-357
-357
-606
-606
-1197
-1379
-1102
-461
-488
-979
-1513
-1737
-1419
-993
-958
-1251
-1598
-1890
-1584
-1245
-1172
-1217
-1745
-1832
-1624
-1351
-1006
-1214
-1458
-1489
-1395
-1062
-860
-950
-999
-1010
-891
-497
-339
-317
-316
-316
543
543
552
688
1021
1236
1524
1719
1871
2262
2579
2926
2746
2480
2139
2173
2778
2862
2678
1866
1226
1204
1534
1735
1269
613
-336
-336
-544
-544
-1125
-1380
-1175
-576
-582
-1023
-1517
-1767
-1486
-1104
-1091
-1352
-1656
-1887
-1568
-1263
-1249
-1292
-1763
-1827
-1595
-1349
-1013
-1182
-1386
-1401
-1313
-1071
-881
-954
-961
-899
-789
-415
-315
-325
317
317
509
534
697
966
1164
1420
1638
1882
2249
2572
2802
2481
2247
1888
2167
2792
2790
2508
1568
1070
1152
1583
1675
1204
505
-677
-677
-1107
-1311
-961
-430
-647
-1103
-1616
-1732
-1334
-1009
-1093
-1425
-1792
-1969
-1565
-1329
-1247
-1362
-1859
-1783
-1621
-1325
-1078
-1342
-1443
-1429
-1257
-1011
-911
-1017
-982
-970
-773
-376
-323
394
394
615
645
825
1072
1221
1520
1701
2015
2371
2733
2698
2400
2134
1819
2384
2681
2642
2161
1273
1071
1283
1634
1423
932
394
394
-856
-856
-1144
-1177
-575
-732
-732
-1218
-1686
-1586
-1098
-942
-1162
-1481
-1844
-1711
-1304
-1292
-1239
-1644
-1905
-1630
-1481
-1120
-1197
-1517
-1497
-1406
-1178
-930
-1031
-1101
-995
-983
-601
-361
-431
-357
-357
436
436
559
623
974
1186
1407
1678
1846
2202
2609
2834
2544
2343
1895
2100
2714
2687
2500
1580
1008
1114
1507
1618
1197
445
-333
325
325
-578
-578
-1005
-1210
-875
-461
-461
-922
-1418
-1657
-1234
-852
-995
-1327
-1727
-1887
-1427
-1270
-1216
-1363
-1917
-1789
-1620
-1316
-1046
-1372
-1535
-1526
-1410
-1117
-989
-1121
-1027
-1014
-879
-499
-511
-421
-329
551
551
591
838
1163
1318
1625
1856
2145
2525
2891
2561
2402
2001
1931
2709
2718
2621
1807
1017
1036
1431
1612
1290
670
326
326
-469
-973
-1184
-985
-345
-345
-859
-1274
-1614
-1247
-792
-883
-1157
-1531
-1828
-1451
-1226
-1206
-1213
-1792
-1782
-1562
-1377
-1075
-1350
-1541
-1444
-1359
-1128
-976
-1164
-1089
-993
-875
-471
-483
-477
-357
-335
539
539
587
772
1167
1301
1573
1823
2091
2506
2880
2515
2369
1997
1982
2751
2743
2601
1851
1081
1102
1525
1581
1294
608
-516
-516
-938
-1107
-869
-351
-351
-858
-1263
-1556
-1155
-700
-852
-1126
-1550
-1772
-1346
-1209
-1174
-1275
-1813
-1745
-1558
-1343
-1089
-1386
-1579
-1466
-1386
-1138
-1016
-1194
-1072
-1019
-858
-480
-510
-471
-351
324
324
547
578
821
1223
1401
1637
1883
2052
2535
2725
2325
2281
1833
2173
2748
2612
2314
1518
1013
1257
1678
1484
1168
428
428
-691
-691
-969
-1070
-628
-539
-539
-993
-1368
-1464
-919
-714
-967
-1228
-1627
-1563
-1160
-1172
-1127
-1448
-1816
-1577
-1457
-1176
-1159
-1504
-1525
-1416
-1301
-1062
-1125
-1229
-1043
-1001
-666
-458
-557
-449
-376
421
421
597
663
1007
1356
1526
1795
2003
2282
2702
2382
2200
1913
1942
2549
2646
2395
1713
1126
1066
1577
1555
1227
617
347
347
-459
-459
-928
-1059
-751
-326
-326
-860
-1287
-1463
-1107
-672
-822
-1118
-1485
-1638
-1251
-1173
-1152
-1301
-1717
-1630
-1491
-1252
-1135
-1396
-1543
-1457
-1338
-1170
-1077
-1224
-1109
-1063
-880
-561
-564
-488
-391
339
339
569
683
905
1222
1449
1677
1981
2196
2581
2331
2081
1878
1865
2446
2545
2310
1623
1085
989
1484
1555
1171
673
321
321
334
-350
-847
-980
-718
-800
-800
-1168
-1345
-1076
-680
-817
-1111
-1430
-1574
-1203
-1109
-1126
-1264
-1694
-1652
-1531
-1301
-1163
-1435
-1569
-1500
-1355
-1198
-1122
-1262
-1150
-1095
-898
-552
-567
-494
-415
346
346
575
700
914
1264
1473
1728
1983
2225
2549
2264
2052
1803
1971
2484
2523
2216
1481
1024
1011
1504
1448
1058
471
371
371
-452
-452
-843
-933
-551
-340
-340
-823
-1164
-1240
-900
-581
-769
-1055
-1406
-1434
-1080
-1058
-1062
-1287
-1627
-1539
-1442
-1218
-1165
-1447
-1555
-1467
-1357
-1205
-1185
-1261
-1115
-1072
-838
-567
-568
-446
-355
408
408
649
776
1043
1370
1572
1880
2058
2391
2425
2131
1882
1729
2224
2518
2425
1825
1194
920
1207
1544
1234
818
409
409
-699
-699
-996
-852
-578
-578
-1071
-1276
-1101
-683
-609
-857
-1181
-1452
-1199
-960
-957
-1044
-1461
-1531
-1453
-1297
-1079
-1288
-1466
-1491
-1402
-1259
-1192
-1301
-1226
-1113
-1008
-672
-618
-571
-445
-341
518
518
702
921
1276
1507
1777
1966
2223
2397
2154
1926
1643
2033
2441
2474
2036
1341
945
1040
1473
1337
1038
421
421
-509
-509
-886
-938
-462
-408
-408
-880
-1198
-1158
-788
-606
-773
-1018
-1331
-1229
-919
-914
-931
-1306
-1485
-1389
-1297
-1014
-1111
-1347
-1438
-1383
-1264
-1150
-1248
-1256
-1135
-1084
-781
-629
-581
-480
-424
469
469
666
829
1201
1470
1757
2003
2174
2383
2170
1981
1699
1955
2380
2420
2067
1393
1002
968
1364
1283
990
385
329
329
-460
-460
-829
-923
-525
-333
-333
-785
-1116
-1128
-805
-608
-750
-976
-1256
-1214
-908
-903
-914
-1234
-1466
-1363
-1306
-1057
-1101
-1325
-1404
-1351
-1236
-1149
-1237
-1286
-1145
-1084
-818
-648
-624
-491
-406
388
388
628
799
1152
1410
1673
1932
2137
2375
2176
1983
1654
1900
2363
2462
2131
1416
998
920
1343
1286
997
383
-473
-473
-872
-985
-580
-316
-316
-781
-1122
-1115
-782
-554
-697
-948
-1226
-1186
-860
-760
-781
-1122
-1388
-1316
-1239
-963
-1006
-1248
-1340
-1336
-1170
-1079
-1186
-1260
-1168
-1086
-790
-590
-581
-490
-486
424
424
606
781
1110
1394
1666
1935
2112
2347
2133
1960
1659
1861
2347
2425
2148
1475
1041
939
1321
1268
1010
447
-453
-453
-835
-962
-605
-771
-771
-1105
-1117
-796
-595
-709
-932
-1207
-1203
-901
-807
-799
-1087
-1344
-1280
-1261
-1000
-1011
-1168
-1262
-1303
-1196
-1123
-1165
-1215
-1107
-1070
-823
-655
-591
-427
-388
398
398
637
820
1155
1407
1690
1950
2167
2327
2080
1862
1553
1893
2343
2408
2005
1328
937
953
1334
1194
937
335
335
-494
-494
-859
-899
-515
-395
-395
-844
-1108
-1028
-723
-631
-813
-1063
-1266
-1133
-851
-771
-811
-1177
-1326
-1288
-1183
-937
-1032
-1160
-1216
-1183
-1047
-1016
-1166
-1152
-1084
-987
-706
-618
-506
-400
-326
434
434
647
896
1253
1480
1758
1951
2176
2320
2064
1861
1590
1932
2342
2344
1896
1272
895
982
1329
1133
847
353
353
-552
-552
-867
-835
-422
-371
-371
-788
-1018
-927
-630
-531
-758
-1033
-1210
-1031
-753
-724
-834
-1193
-1313
-1290
-1158
-936
-1037
-1166
-1236
-1162
-1005
-1010
-1137
-1108
-1046
-919
-660
-581
-454
-360
471
471
678
940
1270
1482
1771
1966
2213
2395
2136
1920
1609
1884
2339
2379
1966
1346
898
927
1299
1109
837
314
314
-560
-560
-907
-879
-467
-344
-344
-814
-1044
-960
-644
-528
-729
-990
-1191
-1067
-764
-685
-751
-1073
-1240
-1226
-1141
-943
-1033
-1144
-1188
-1123
-996
-1006
-1118
-1119
-1046
-935
-681
-576
-470
-380
424
424
628
874
1197
1448
1726
1941
2148
2422
2176
1958
1686
1830
2353
2446
2105
1489
972
890
1313
1208
933
377
-477
-477
-873
-902
-559
-773
-773
-1017
-972
-683
-490
-664
-956
-1191
-1122
-780
-642
-708
-1012
-1236
-1233
-1151
-907
-947
-1080
-1140
-1107
-930
-925
-1022
-1057
-1036
-944
-685
-536
-442
-357
447
447
623
807
1111
1371
1674
1929
2082
2388
2240
1975
1745
1757
2243
2463
2198
1620
1129
872
1265
1304
969
539
-316
-316
-836
-957
-687
-700
-700
-998
-1031
-823
-600
-690
-946
-1189
-1192
-892
-741
-735
-963
-1229
-1247
-1230
-1002
-976
-1121
-1144
-1124
-979
-914
-1017
-1068
-1017
-969
-741
-570
-492
-377
-318
322
322
523
714
986
1255
1493
1763
1936
2264
2337
2011
1821
1611
2015
2391
2331
1855
1255
852
1030
1358
1060
743
-702
-702
-968
-817
-398
-530
-530
-939
-1079
-932
-640
-592
-856
-1138
-1264
-1029
-784
-756
-877
-1202
-1276
-1272
-1108
-975
-1159
-1233
-1214
-1081
-948
-1029
-1158
-1119
-1087
-868
-618
-576
-478
-420
420
420
559
838
1149
1406
1666
1828
2051
2359
2093
1914
1662
1752
2264
2359
2078
1480
963
861
1294
1192
901
370
-482
-482
-909
-926
-575
-342
-342
-786
-1044
-1024
-749
-556
-732
-1061
-1274
-1167
-852
-744
-819
-1129
-1341
-1336
-1232
-1002
-1140
-1307
-1313
-1228
-1001
-988
-1150
-1210
-1207
-1062
-730
-616
-568
-498
-434
417
417
624
943
1213
1459
1664
1808
2174
2245
1945
1796
1554
1932
2316
2262
1839
1218
804
1009
1302
1039
745
-739
-739
-999
-842
-429
-560
-560
-957
-1094
-943
-651
-600
-896
-1189
-1259
-1028
-771
-744
-928
-1249
-1344
-1301
-1093
-996
-1227
-1309
-1312
-1155
-1002
-1108
-1214
-1245
-1213
-969
-723
-672
-594
-543
-388
396
396
716
1010
1262
1481
1637
1872
2237
2112
1907
1715
1621
2110
2323
2162
1656
1079
856
1222
1276
996
595
-810
-810
-917
-653
-710
-710
-1038
-1046
-808
-590
-667
-1018
-1223
-1183
-921
-729
-764
-1017
-1256
-1284
-1202
-966
-1049
-1228
-1243
-1211
-993
-982
-1130
-1205
-1237
-1125
-855
-743
-697
-633
-565
-328
401
401
735
964
1213
1378
1575
1899
2198
1966
1787
1557
1643
2201
2316
2067
1447
936
900
1326
1275
962
443
398
398
-434
-434
-869
-855
-503
-317
-317
-772
-1077
-988
-719
-518
-692
-1090
-1236
-1131
-860
-707
-811
-1105
-1264
-1270
-1126
-929
-1123
-1219
-1232
-1153
-929
-994
-1147
-1218
-1237
-1057
-809
-766
-700
-665
-558
-318
408
408
717
908
1133
1274
1527
1871
2128
1873
1705
1490
1662
2215
2297
2019
1381
930
948
1372
1270
956
443
442
442
-435
-435
-813
-751
-409
-743
-743
-982
-863
-610
-450
-693
-1068
-1166
-1062
-802
-655
-814
-1100
-1257
-1262
-1069
-911
-1111
-1205
-1239
-1129
-914
-991
-1096
-1172
-1173
-970
-764
-714
-663
-635
-510
386
386
660
861
1036
1213
1481
1783
2080
1858
1667
1494
1573
2140
2328
2051
1443
967
899
1376
1343
1012
546
327
327
453
323
-319
-799
-759
-438
-684
-684
-967
-868
-632
-414
-593
-1001
-1138
-1083
-839
-620
-747
-1030
-1229
-1267
-1085
-906
-1059
-1195
-1238
-1181
-946
-961
-1089
-1165
-1228
-1050
-821
-720
-666
-649
-577
-377
542
542
728
922
1063
1286
1558
1883
1920
1638
1546
1394
1863
2259
2156
1667
1087
830
1135
1437
1134
798
399
399
451
-666
-666
-837
-589
-431
-431
-881
-923
-714
-446
-407
-791
-1069
-1094
-904
-588
-593
-877
-1190
-1287
-1163
-886
-886
-1121
-1234
-1274
-1049
-885
-984
-1121
-1229
-1158
-885
-691
-650
-646
-666
-510
335
335
608
808
984
1107
1373
1631
1939
1766
1603
1461
1525
2074
2212
1955
1375
950
905
1342
1326
987
554
336
336
421
-327
-327
-770
-719
-431
-687
-687
-972
-851
-586
-371
-544
-972
-1104
-1058
-785
-564
-712
-1024
-1227
-1216
-1005
-813
-988
-1164
-1235
-1157
-909
-897
-1052
-1161
-1225
-1042
-795
-711
-676
-718
-659
-453
393
393
631
790
907
1058
1347
1631
1911
1719
1560
1424
1544
2070
2165
1869
1327
946
957
1355
1284
946
490
353
353
398
-401
-401
-799
-728
-435
-725
-725
-985
-863
-622
-411
-599
-969
-1085
-1038
-763
-599
-774
-1077
-1245
-1213
-967
-814
-1013
-1187
-1258
-1138
-868
-893
-1049
-1169
-1220
-982
-733
-644
-635
-705
-645
-400
438
438
648
811
914
1084
1405
1690
1962
1748
1613
1468
1647
2151
2215
1909
1348
977
1023
1397
1309
983
482
382
382
-437
-437
-792
-740
-453
-319
-319
-770
-993
-889
-622
-413
-627
-992
-1107
-1076
-767
-575
-728
-995
-1226
-1206
-969
-815
-946
-1086
-1195
-1093
-870
-893
-977
-1117
-1179
-975
-755
-659
-626
-702
-652
-450
332
332
571
745
857
1006
1298
1551
1870
1738
1595
1497
1568
2073
2202
1964
1452
1062
1011
1363
1362
1059
628
314
314
379
-766
-766
-789
-546
-738
-738
-1042
-993
-748
-500
-601
-983
-1157
-1164
-884
-620
-707
-1013
-1274
-1277
-1032
-762
-871
-1077
-1240
-1175
-881
-779
-867
-1045
-1171
-1037
-742
-579
-537
-657
-708
-527
-327
469
469
681
771
849
1091
1388
1720
1874
1630
1582
1479
1834
2221
2146
1779
1272
1053
1226
1493
1276
934
385
329
329
396
421
-531
-531
-753
-639
-335
-493
-493
-899
-1047
-879
-645
-558
-823
-1126
-1210
-1111
-783
-690
-920
-1206
-1349
-1196
-876
-781
-964
-1136
-1208
-984
-739
-767
-870
-1061
-1065
-804
-589
-490
-558
-714
-617
-424
523
523
668
668
790
1038
1356
1706
1789
1555
1533
1459
1854
2202
2075
1730
1264
1106
1291
1527
1286
937
417
369
369
410
413
-493
-493
-698
-596
-346
-533
-533
-926
-1065
-920
-706
-586
-850
-1155
-1239
-1161
-863
-786
-960
-1209
-1348
-1221
-941
-835
-966
-1100
-1186
-1004
-807
-783
-831
-979
-985
-788
-592
-470
-515
-623
-548
-395
439
439
574
576
723
931
1285
1562
1769
1591
1515
1516
1689
2134
2097
1903
1460
1229
1275
1522
1457
1110
704
395
395
481
477
-559
-559
-565
-429
-443
-443
-818
-1052
-1019
-796
-655
-759
-1105
-1229
-1222
-992
-801
-913
-1129
-1360
-1308
-1036
-813
-877
-1044
-1167
-1083
-796
-698
-701
-841
-945
-805
-585
-424
-392
-519
-557
-425
338
338
537
577
640
826
1081
1419
1597
1721
1512
1569
1544
1819
2090
1982
1782
1406
1322
1375
1509
1316
1002
622
381
464
480
418
-529
-529
-523
-417
-331
-603
-896
-1073
-985
-829
-766
-901
-1172
-1260
-1245
-1025
-898
-1002
-1186
-1323
-1213
-973
-828
-903
-1015
-1074
-944
-710
-633
-659
-800
-870
-733
-527
-391
-380
-502
-510
-381
321
321
490
541
568
721
931
1277
1457
1640
1516
1494
1527
1637
1975
1945
1833
1510
1328
1327
1442
1382
1109
791
498
469
517
473
-411
-411
-467
-429
-467
-467
-761
-1001
-1028
-883
-809
-858
-1101
-1240
-1260
-1126
-938
-936
-1091
-1242
-1240
-1037
-813
-785
-876
-964
-926
-721
-559
-545
-626
-739
-687
-498
-342
-368
-368
-448
-379
388
388
446
459
504
678
928
1200
1314
1416
1398
1366
1518
1489
1741
1726
1668
1536
1373
1357
1334
1289
1077
873
648
556
536
437
314
-373
-373
-370
-447
-681
-837
-956
-904
-905
-936
-1066
-1192
-1225
-1213
-1076
-1020
-1070
-1155
-1179
-1092
-937
-860
-866
-873
-857
-724
-589
-534
-530
-587
-601
-489
-383
-322
-322
382
382
405
472
529
682
859
1023
1132
1211
1279
1225
1339
1265
1434
1481
1463
1396
1205
1152
1118
1130
1017
845
646
506
453
413
-331
-331
-336
-337
-540
-690
-859
-847
-848
-854
-923
-1071
-1134
-1154
-1050
-978
-983
-1066
-1110
-1063
-928
-805
-777
-777
-773
-690
-555
-469
-438
-473
-509
-437
-331
331
331
364
385
414
502
616
739
813
901
950
1078
1090
1102
1093
1028
1185
1205
1268
1147
1025
963
966
962
877
739
551
436
412
384
335
-442
-442
-609
-755
-747
-767
-776
-892
-999
-1079
-1077
-972
-898
-904
-974
-1006
-968
-850
-753
-714
-707
-699
-639
-525
-432
-374
-394
-423
-376
320
320
375
441
538
591
674
724
831
830
844
820
798
928
949
1002
927
843
798
787
792
733
613
489
387
372
347
-418
-418
-550
-577
-615
-612
-679
-775
-865
-908
-847
-781
-763
-809
-842
-840
-776
-702
-660
-608
-607
-571
-495
-408
-327
-328
-344
-326
347
347
372
396
468
539
652
647
625
595
589
734
782
819
754
664
605
637
658
640
543
429
352
371
375
395
314
-358
-358
-393
-413
-409
-478
-585
-718
-746
-713
-639
-635
-710
-761
-780
-706
-625
-568
-549
-558
-560
-488
-398
-337
-349
-395
-401
-353
384
384
416
463
430
471
483
543
631
649
668
619
594
564
600
591
568
502
439
418
420
401
365
-328
-328
-399
-473
-555
-569
-546
-501
-527
-601
-650
-651
-592
-557
-532
-538
-533
-533
-470
-406
-388
-410
-446
-423
-343
337
337
382
434
459
506
504
532
561
609
635
612
570
538
573
578
562
532
490
449
423
390
384
330
-341
-341
-403
-471
-510
-509
-503
-536
-591
-608
-615
-564
-608
-513
-743
-730
-377
-672
-368
-548
-588
-570
-572
-826
-1029
-414
-555
-473
-473
-480
-434
-489
385
385
378
425
609
637
892
1284
776
870
627
810
1425
1125
1057
1193
614
895
563
319
916
-628
-628
-430
-738
-648
-568
-741
-490
-910
-1158
-1084
-900
-779
-807
-846
-751
-547
-520
-565
-319
-378
-448
318
318
-553
-553
-363
-579
-593
-662
-833
-571
-595
-705
-696
-852
-844
-819
-694
-460
-494
-592
-678
-504
418
418
736
817
957
1090
1387
1761
2211
2102
1466
1160
904
1488
2162
1808
1396
927
525
525
534
534
-347
-347
-480
-500
-387
-1082
-1513
-1233
-1141
-803
-920
-1140
-1287
-1754
-1718
-1140
-567
-502
-796
-883
-611
-391
488
488
654
611
403
403
514
-397
-397
-818
-754
-568
-639
-763
-1069
-1001
-921
-1127
-1292
-1310
-1076
-904
-793
-672
-757
-902
-926
-565
383
383
709
927
1196
1576
1705
1930
2278
2703
2975
1721
1326
1127
1780
2857
2227
1370
826
-324
544
544
-535
-1044
-1197
-1301
-1116
-1659
-2056
-1575
-1480
-1149
-1271
-1644
-1749
-2091
-1603
-763
-615
-615
-717
-378
566
566
668
875
819
560
771
712
632
319
521
521
531
-841
-841
-989
-1005
-893
-674
-934
-1414
-1757
-1644
-1362
-1321
-1285
-1236
-1025
-920
-814
-621
-444
-346
795
795
919
905
1101
1402
1868
2211
2569
2965
3045
3338
2213
1790
1824
2014
3193
2738
1307
947
-433
-433
-586
-586
-1520
-1775
-1969
-1735
-1990
-2417
-1638
-1558
-1553
-1827
-2174
-1734
-1843
-1344
-493
-683
-683
-692
434
434
924
999
1175
1115
518
640
807
856
651
446
616
494
-425
-864
-1081
-968
-861
-1080
-1083
-1432
-2073
-2254
-1844
-1350
-1238
-1423
-1290
-1134
-1000
-823
-490
429
429
772
1177
1316
1316
1713
2401
2803
3088
3164
3503
3501
1850
1857
1992
2985
3777
2131
826
409
-625
-1501
-1501
-2133
-2294
-2008
-1843
-2383
-2159
-1623
-1897
-1876
-2481
-2199
-1810
-1665
-647
-687
-687
-1162
-485
527
931
1295
1038
920
512
385
895
1149
1058
616
495
492
-828
-828
-863
-915
-563
-845
-1186
-1459
-2130
-2359
-1953
-1278
-953
-1310
-1669
-1439
-1196
-746
-392
342
342
323
528
962
1305
1535
1723
2343
2970
3116
3247
3305
3702
2191
1996
2236
3034
4117
2493
627
378
-323
472
472
-1569
-1569
-2455
-2545
-1980
-1596
-2244
-2421
-1871
-2252
-2313
-2671
-2321
-1566
-1579
-831
-398
-460
-982
-1313
-431
912
1077
1119
664
554
438
490
1243
1493
1179
480
325
325
-611
-611
-486
-527
-405
-1009
-1504
-1638
-1937
-1949
-1548
-1077
-1080
-1700
-2088
-1500
-862
-353
334
334
1020
1614
1817
1856
2219
2780
2963
3183
3410
4055
2471
2200
2232
3029
4106
2519
682
536
449
449
480
-1743
-1743
-2455
-2490
-1742
-1563
-2437
-2737
-2145
-2432
-2418
-2710
-2229
-1549
-1684
-1099
-733
-652
-1117
-1197
1094
1094
1046
823
403
625
686
876
1600
1619
1145
376
659
659
552
-401
-401
-395
-1008
-1408
-1416
-1566
-1676
-1527
-1202
-1329
-1891
-2076
-1343
-667
-339
-557
-414
448
448
1076
1576
1591
1457
1849
2612
2814
3224
3193
3917
3488
1930
2233
2399
3623
3805
1745
693
383
626
626
345
345
-630
-2092
-2554
-2402
-1644
-1747
-2572
-2347
-2392
-2780
-2664
-2817
-1798
-1652
-1493
-1116
-1013
-1097
-1283
-888
571
1056
858
476
728
728
803
1405
1811
1523
858
385
385
1010
529
-551
-551
-1100
-1168
-1199
-1280
-1453
-1405
-1337
-1592
-2037
-1631
-974
-500
-570
-813
-627
648
648
1148
1340
1188
1262
1888
2577
2863
3167
3150
3854
2865
1760
2308
2712
4087
3563
1310
513
317
317
999
621
477
-1007
-2249
-2556
-1943
-1088
-1541
-2496
-2326
-2628
-2744
-2691
-2424
-1426
-1585
-1556
-1450
-1281
-1194
-1243
-423
944
869
506
1057
1057
1263
1762
1781
1272
616
321
776
1551
807
330
-538
-538
-860
-793
-667
-1043
-1403
-1593
-1454
-1558
-1763
-1187
-839
-688
-1091
-1140
-672
596
596
764
931
767
1156
1907
2592
2723
2820
2794
3520
2927
1744
2451
2717
4023
3575
1430
415
416
644
1427
998
577
-947
-2189
-2282
-1600
-571
-1137
-2429
-2621
-2711
-2657
-2366
-2186
-1343
-1717
-1925
-1877
-1529
-1107
-1091
-543
580
491
-381
-381
1207
1207
1422
1632
1435
982
685
484
1153
1695
967
396
-525
-525
-454
-596
-973
-1430
-1701
-1334
-1430
-1498
-1336
-1166
-1018
-1355
-1292
-691
574
574
587
1099
1587
2169
2322
2250
2616
3173
3431
2103
2130
2490
3496
3889
2392
747
747
925
1572
1435
825
-1495
-1495
-1739
-1281
-335
-546
-1893
-2706
-2310
-2246
-1900
-1999
-1562
-1643
-1996
-1981
-1570
-1021
-942
-845
381
381
1081
1081
1507
1538
1342
1081
799
954
1327
1995
1397
628
398
398
-443
-443
-785
-1266
-1380
-1219
-1081
-1406
-1498
-1504
-1234
-1367
-1412
-969
-464
-563
-478
-451
467
467
711
1082
1430
1593
1683
2004
2771
3110
3434
2306
1683
2315
2866
3969
3155
1230
540
754
1354
1698
919
-1023
-1023
-1537
-1392
-787
-392
-1429
-2613
-2409
-2234
-2068
-2205
-2138
-1731
-2106
-2177
-2069
-1566
-1261
-1314
-817
-590
-590
-677
324
1151
1178
1010
690
530
587
929
1595
1716
635
-319
-319
-326
-326
-811
-1302
-1529
-1452
-876
-1110
-1685
-1794
-1723
-1556
-1561
-1286
-873
-761
-980
-1006
-634
589
589
801
1041
1040
1350
1991
2716
2761
2992
1986
1565
2172
2703
3821
3094
1204
357
659
1466
1763
983
392
-892
-1388
-1347
-718
-1116
-1116
-2359
-2396
-2235
-2036
-2176
-2028
-1605
-2098
-2299
-2334
-1723
-1285
-1343
-949
-336
-563
-773
-787
989
989
876
745
592
687
722
907
1536
1637
856
625
625
445
-510
-510
-914
-1279
-1130
-691
-870
-1434
-1830
-1608
-1368
-1504
-1186
-937
-823
-1109
-1196
-744
387
387
455
781
817
1108
1823
2414
2615
2501
2622
1864
1867
2293
3214
3824
2615
712
439
1232
1981
1728
923
-942
-942
-1323
-1064
-1356
-1356
-2645
-2412
-2042
-1825
-1996
-1719
-1742
-2406
-2690
-2283
-1352
-1096
-1331
-1064
-640
-832
-896
-482
747
1093
704
820
820
1112
1419
1698
1178
325
611
611
1170
767
-430
-430
-549
-749
-697
-641
-1140
-1563
-1559
-1360
-1175
-1498
-1356
-1141
-1080
-1229
-1192
-677
379
379
672
931
1649
1938
2069
1947
2443
2320
1748
1964
2486
3350
2944
1256
420
1116
1655
1761
979
459
-484
-1115
-1063
-359
-828
-828
-2371
-2542
-1942
-1736
-1777
-1932
-1775
-2377
-2707
-2426
-1555
-1120
-1420
-1617
-1053
-911
-992
-696
781
781
431
599
599
1010
1193
1393
1373
533
556
556
1247
1130
-465
-465
-350
-350
-581
-489
-946
-1611
-1533
-1335
-1017
-1373
-1592
-1507
-1389
-1234
-1307
-1050
-562
-609
-556
344
344
418
887
1298
1517
1584
1715
2270
2559
1557
1590
2051
2819
3096
1697
695
877
1358
1616
1230
747
-940
-940
-897
-543
-390
-390
-1819
-2317
-1896
-1678
-1675
-1949
-1772
-2064
-2537
-2278
-1821
-1247
-1451
-1684
-1151
-801
-882
-796
548
548
465
315
315
552
872
981
1220
1468
1051
492
539
996
1224
680
-318
-318
-463
-546
-1195
-1448
-1286
-1078
-1191
-1581
-1556
-1391
-1411
-1330
-1208
-917
-746
-861
-595
366
366
825
1172
1269
1496
1786
2301
2337
1474
1595
2077
2769
2925
1826
835
922
1329
1702
1416
901
-742
-742
-665
-342
-1521
-1521
-2103
-1773
-1569
-1504
-1745
-1657
-1993
-2360
-2156
-1747
-1249
-1357
-1550
-1161
-866
-899
-763
-319
418
380
332
332
550
652
929
1245
1563
1220
529
415
1002
1451
1055
428
-464
-464
-1276
-1609
-1385
-873
-958
-1480
-1733
-1685
-1561
-1407
-1125
-973
-1086
-1108
-901
-399
443
443
779
1014
1195
1577
1859
2058
2159
1590
1576
1952
2545
2944
2105
887
713
1202
1741
1563
932
-603
-603
-747
-454
-1236
-1236
-2095
-1897
-1585
-1438
-1625
-1630
-1840
-2290
-2228
-1800
-1211
-1203
-1495
-1306
-949
-916
-776
-359
341
341
480
480
799
818
1103
1356
1153
664
536
890
1361
1035
567
-904
-904
-1548
-1544
-1139
-872
-1239
-1508
-1739
-1762
-1700
-1300
-849
-936
-1278
-1238
-835
371
371
616
856
1346
1754
1825
1894
2185
1796
1613
1879
2496
3111
2346
1024
660
1292
1840
1676
1078
494
-396
-700
-469
-934
-934
-1977
-1922
-1442
-1286
-1445
-1465
-1632
-2214
-2261
-1824
-1090
-1026
-1447
-1404
-1013
-854
-774
-374
394
394
453
453
905
1023
980
1309
1203
804
742
1027
1403
1117
608
437
-626
-626
-1237
-1273
-993
-886
-1260
-1491
-1589
-1611
-1572
-1502
-1124
-1041
-1283
-1326
-921
-527
438
438
619
1010
1486
1587
1614
1825
2309
2409
1807
1632
2147
2749
2912
1803
889
1060
1534
1740
1408
825
-596
-596
-555
-1546
-1546
-2010
-1562
-1240
-1273
-1501
-1591
-1911
-2254
-1925
-1350
-1015
-1260
-1564
-1180
-808
-744
-587
336
336
332
332
722
921
906
981
1278
1031
752
865
1156
1265
810
465
410
338
-773
-773
-1103
-1096
-875
-990
-1345
-1440
-1449
-1477
-1498
-1236
-1010
-1034
-1215
-1085
-671
518
518
781
1239
1480
1480
1538
1846
2288
2387
1832
1580
1957
2509
2716
1904
1036
895
1306
1563
1352
794
-510
-510
-550
-1351
-1351
-1850
-1581
-1215
-1267
-1486
-1623
-1830
-2058
-1810
-1365
-1084
-1250
-1452
-1157
-785
-685
-582
620
620
872
950
1016
959
930
746
957
1274
1189
702
466
444
426
-337
-337
-643
-987
-844
-821
-1064
-1370
-1355
-1372
-1421
-1495
-1336
-1242
-1151
-1201
-1141
-868
-663
-525
-316
369
369
762
992
1122
1162
1319
1640
1870
2143
2045
1514
1294
1700
2379
2525
1493
533
555
1105
1352
976
433
-771
-771
-761
-335
-539
-539
-1615
-1952
-1543
-1226
-1339
-1525
-1535
-1772
-1989
-1753
-1277
-997
-1191
-1344
-1018
-740
-694
-562
562
562
817
906
1053
1104
669
527
838
1315
1335
674
403
403
316
-323
-323
-847
-940
-799
-626
-906
-1339
-1494
-1420
-1419
-1416
-1241
-1176
-1303
-1475
-1216
-934
-655
-675
-560
-352
543
543
770
769
804
1085
1317
1601
1678
2011
1986
1480
1122
1568
2283
2518
1659
636
530
1004
1372
1114
733
-587
-587
-746
-1259
-1259
-1748
-1499
-1206
-1245
-1391
-1365
-1627
-1943
-1827
-1310
-1004
-1101
-1307
-1081
-840
-794
-670
467
467
752
915
1007
1110
847
608
729
1184
1424
1019
546
409
409
483
330
-699
-699
-910
-805
-516
-745
-1255
-1486
-1566
-1587
-1437
-1327
-1325
-1481
-1556
-1477
-1140
-845
-835
-759
-526
-380
339
339
591
671
783
954
1221
1457
1584
1800
1940
2092
1872
1543
1488
1957
2313
2224
1281
526
637
1141
1305
864
-433
-433
-790
-687
-772
-772
-1721
-1946
-1538
-1212
-1292
-1490
-1595
-1828
-1906
-1569
-1060
-922
-1073
-1217
-929
-644
-487
326
326
396
396
774
953
1054
1047
1059
837
891
925
1099
1198
812
630
377
381
381
-827
-827
-872
-819
-590
-741
-1229
-1399
-1537
-1458
-1254
-1064
-1219
-1455
-1449
-1092
-860
-594
-644
-651
-387
489
489
524
589
818
1082
1181
1286
1323
1444
1624
1640
1890
1805
1362
1086
1351
1903
1988
1126
761
761
972
576
-410
-410
-825
-810
-409
-624
-624
-1510
-1751
-1325
-987
-1121
-1309
-1258
-1439
-1559
-1327
-875
-673
-870
-989
-699
-436
-388
-330
349
349
586
586
764
793
901
902
765
599
814
1075
1090
554
385
434
514
424
-377
-377
-531
-413
-504
-673
-1111
-1033
-1034
-1033
-1195
-1162
-1128
-1137
-1192
-1079
-923
-783
-739
-752
-492
-400
319
319
577
780
965
972
1020
1154
1283
1413
1691
1792
1326
935
1111
1790
2009
1538
509
318
732
1033
902
564
-568
-568
-714
-329
-1061
-1061
-1576
-1323
-996
-988
-1186
-1177
-1347
-1599
-1456
-1026
-798
-945
-1121
-905
-631
-547
-512
490
490
654
749
894
996
865
708
828
1199
1298
824
691
561
686
590
500
316
-427
-427
-429
-326
-501
-941
-991
-1187
-1144
-1357
-1239
-1227
-1187
-1458
-1413
-1271
-1007
-984
-953
-777
-749
-544
-415
337
337
636
915
944
1021
1144
1203
1323
1535
1740
1928
1627
1222
1058
1492
1935
1869
1115
353
721
721
939
653
-495
-495
-909
-871
-383
-739
-739
-1488
-1706
-1418
-1154
-1131
-1221
-1304
-1567
-1569
-1299
-884
-772
-857
-852
-659
-468
-366
357
357
419
419
677
840
990
1078
1014
844
783
966
1226
1137
876
380
345
472
625
525
-410
-410
-551
-408
-381
-381
-768
-1138
-1366
-1078
-955
-1032
-1247
-1396
-1405
-1212
-1045
-955
-951
-955
-863
-667
-409
-345
322
322
411
542
675
838
897
935
1015
1120
1186
1385
1431
1519
1437
1132
872
1049
1519
1645
1120
407
407
793
583
-386
-386
-797
-869
-469
-431
-431
-1112
-1586
-1379
-1009
-804
-938
-1072
-1255
-1330
-1168
-754
-461
-606
-768
-686
-410
518
518
683
746
807
785
699
643
738
993
996
744
497
418
418
393
469
-492
-492
-476
-413
-441
-441
-823
-994
-1158
-962
-1028
-903
-1100
-1225
-1335
-1172
-1034
-862
-839
-882
-830
-756
-460
-342
468
468
655
665
692
763
865
982
1095
1249
1300
1270
1315
1469
1415
1143
852
1247
1497
1418
743
514
514
599
367
-585
-585
-865
-864
-333
-316
-752
-1411
-1503
-1210
-901
-881
-995
-1112
-1321
-1210
-893
-456
-481
-660
-711
-460
338
338
322
358
531
754
759
817
868
893
804
688
814
952
916
683
387
317
317
-569
-569
-583
-481
-405
-600
-941
-1147
-1131
-952
-918
-957
-1136
-1228
-1191
-976
-781
-753
-802
-833
-675
-459
376
376
541
601
681
752
808
860
912
1001
1119
1111
1119
1123
1273
1191
1047
705
834
1064
1142
724
372
372
-529
-529
-771
-895
-569
-415
-624
-1012
-1274
-1123
-907
-714
-787
-820
-999
-973
-796
-447
-403
-403
-436
318
318
333
366
443
562
626
663
681
700
590
541
540
664
658
489
357
-542
-542
-641
-539
-421
-486
-835
-905
-1092
-838
-817
-753
-887
-994
-1048
-909
-692
-615
-595
-646
-539
-443
396
396
508
555
653
652
669
729
801
889
973
973
973
979
1113
1091
972
735
658
858
994
837
347
-580
-580
-758
-620
-363
-396
-676
-1056
-1042
-880
-594
-615
-655
-814
-845
-740
-495
-366
-319
-356
-348
325
325
344
344
328
470
481
567
691
636
618
472
461
457
636
438
-461
-461
-588
-634
-567
-608
-739
-821
-865
-796
-856
-811
-818
-752
-757
-720
-667
-582
-495
-393
-329
362
362
499
602
654
698
656
722
748
847
924
988
927
1027
987
889
630
592
847
950
757
-375
-375
-710
-888
-628
-351
-395
-761
-1120
-1060
-856
-567
-559
-567
-750
-789
-664
-351
421
421
421
415
434
504
570
590
614
601
515
390
321
362
400
-355
-355
-470
-626
-620
-563
-532
-619
-721
-771
-712
-655
-632
-614
-588
-587
-577
-481
-375
-316
-316
335
335
385
414
446
517
570
570
534
591
650
693
681
718
763
839
708
639
542
534
661
626
529
-419
-419
-583
-664
-572
-426
-502
-656
-862
-869
-756
-527
-494
-500
-614
-561
-490
-315
336
336
345
341
386
439
448
441
367
-334
-334
-420
-501
-578
-609
-583
-560
-557
-633
-666
-648
-607
-535
-490
-464
-440
-419
-351
354
354
434
466
489
499
490
507
558
624
650
665
664
725
610
561
519
537
578
526
319
-508
-508
-586
-575
-474
-415
-553
-731
-833
-743
-614
-477
-456
-512
-588
-487
-345
340
340
352
393
358
338
-353
-353
-441
-462
-463
-465
-456
-504
-539
-554
-491
-480
-433
-430
-464
-415
-340
329
329
365
399
413
472
518
520
550
585
641
534
506
476
540
523
436
-501
-501
-453
-435
-353
-440
-587
-728
-726
-566
-495
-475
-514
-557
-540
-374
-337
-337
-401
-387
-357
-320
-320
-336
-326
317
317
323
337
371
391
435
456
496
463
412
377
401
424
428
342
-353
-353
-436
-500
-511
-507
-478
-497
-469
-486
-479
-444
-392
-335
334
334
387
442
409
416
431
499
507
491
386
323
316
-359
-359
-397
-430
-439
-470
-495
-531
-528
-529
-511
-472
-459
-424
-414
-382
-343
321
321
368
398
423
425
439
451
463
500
501
456
380
340
-348
-348
-409
-429
-433
-446
-445
-493
-510
-521
-497
-457
-444
-419
-415
-369
-341
354
354
405
427
426
430
426
444
474
448
393
343
-327
-327
-347
-353
-366
-395
-403
-403
-399
-384
-369
-341
-318
334
334
365
349
338
336
344
323
-352
-352
-382
-343
317
317
332
332
405
370
357
357
343
343
391
475
-318
-318
-372
-371
-445
-445
-548
-596
-555
-361
346
346
510
510
421
-536
-536
-780
-642
412
412
739
985
1031
1013
752
394
-430
-430
-389
-512
-512
-708
-525
-405
393
393
434
-742
-742
-695
-582
-509
-414
-414
-392
-453
-453
-419
-511
-510
425
425
649
862
881
540
-436
-436
-833
-762
-546
626
626
807
1007
767
799
690
483
-362
-362
-482
-482
-620
-719
-518
-448
-329
323
323
439
553
692
522
-583
-583
-523
-561
-353
498
498
580
871
984
695
456
-392
-392
-621
-855
-809
-875
-875
-550
-314
476
476
693
896
905
769
632
420
-617
-617
-889
-927
-1033
-1164
-1124
-964
-915
-783
-518
379
379
587
790
1071
990
797
613
449
-381
-381
-397
-492
381
381
370
500
590
588
506
527
383
-564
-564
-773
-895
-1026
-786
-842
343
343
615
662
595
525
500
608
668
-588
-588
-607
-379
-433
-484
-499
521
521
466
533
644
-732
-732
-1016
-1161
-1118
-1202
-1060
-529
375
375
-493
-493
-522
-483
-755
-485
-324
-338
413
413
376
376
534
401
-361
-361
-378
-421
317
317
593
924
784
695
643
470
-392
-392
-789
-689
-825
-448
450
450
664
649
348
504
-401
-401
-545
-607
-744
-838
-774
-600
-571
-533
-419
330
330
344
523
745
520
562
505
-363
-363
-839
-1029
-1189
-1056
-1016
-763
436
436
590
966
868
959
903
750
748
-436
-436
-402
-402
-407
-540
-438
-438
-501
-501
-442
395
395
669
548
546
482
381
-494
-494
-719
-755
-959
-832
-673
-631
445
445
567
633
731
776
-314
-314
-354
-354
-367
-367
-486
-486
-364
401
401
496
496
-393
-393
-555
-427
-929
-772
-582
410
410
519
519
597
426
426
390
392
392
-499
-499
422
422
318
509
509
-321
-321
-344
-344
-387
-387
-420
-420
330
330
656
483
483
547
-560
-560
-473
-473
370
370
499
469
-411
-411
-762
-852
-570
-515
473
473
-323
-323
-428
-573
-573
-517
-616
-740
-385
588
588
802
802
839
430
483
-422
-422
-368
-589
316
316
408
408
597
-462
-462
-566
-334
-531
-376
346
346
530
530
667
480
700
531
-364
-364
-614
-679
-679
-762
-510
-597
-401
-560
-420
-361
-331
351
351
332
347
804
566
801
325
-487
-487
-500
-698
-715
-323
364
364
446
629
565
457
457
-398
-398
-392
-337
-453
328
328
379
379
358
358
-448
-448
-769
-553
-501
-408
462
462
458
361
361
441
318
-661
-661
-456
-558
-429
-335
-320
331
331
333
697
630
503
698
365
434
-321
-321
-432
-432
-349
-349
380
380
355
355
384
384
425
425
326
-400
-400
-345
-397
-317
-317
-324
-343
-429
-337
-337
-322
-322
-344
-354
-354
-328
-328
-366
-366
517
517
-339
-339
368
368
542
646
519
612
-339
-339
-552
-538
-400
-466
379
379
322
-348
-348
-347
-347
-452
-369
-443
379
379
-365
-365
416
416
423
521
475
-350
-350
-438
-419
-419
451
451
-320
-320
-494
-324
-341
424
424
372
372
368
-354
-354
384
384
-314
-314
-469
-469
351
351
450
-314
-314
-354
-348
-348
-317
-317
372
372
-320
-320
328
328
324
324
339
339
-314
-314
-376
-376
-372
-405
-407
-407
-335
-419
-314
-314
339
339
382
382
-474
-474
-472
-366
-314
-314
386
386
-358
-358
323
323
-361
-361
-321
-321
-364
347
347
-341
-341
-322
-322
355
355
-393
-393
-362
-396
-418
-418
398
398
-320
-320
330
330
-345
-345
