290
290
281
281
248
301
301
268
268
251
251
307
249
249
256
292
292
276
276
269
269
248
286
269
269
313
289
299
299
256
300
328
317
287
283
333
296
336
350
274
285
337
341
309
281
251
251
286
320
286
274
286
262
262
268
261
305
282
316
290
292
292
282
285
284
249
249
270
281
323
344
259
262
248
248
270
290
282
296
270
270
253
249
249
249
249
259
259
280
272
272
291
315
350
308
328
249
286
286
369
431
319
363
254
254
-290
-290
-352
-296
-308
-280
-354
-378
-466
-554
-513
-475
-485
-446
-529
-593
-587
-566
-527
-487
-408
-468
-440
-476
-413
-384
-320
319
319
363
327
393
364
475
498
561
660
597
749
677
717
714
758
839
846
887
861
826
762
789
814
769
812
648
527
382
360
335
-256
-256
-332
-465
-509
-628
-677
-781
-895
-935
-1059
-1063
-1113
-1075
-1087
-1135
-1189
-1224
-1181
-1163
-1136
-1047
-1044
-1024
-965
-920
-872
-791
-737
-624
-527
-469
-448
-451
-384
-298
282
282
274
294
294
286
412
507
565
560
614
659
721
817
780
997
1028
1152
1121
1273
1397
1453
1522
1602
1561
1625
1774
1515
1698
1248
981
692
575
551
257
-450
-450
-792
-1006
-1097
-1242
-1238
-1484
-1605
-1740
-1923
-1919
-1959
-1904
-1843
-1834
-1899
-1953
-1926
-1796
-1648
-1480
-1379
-1254
-1213
-1119
-922
-772
-601
-497
-395
-315
-262
-278
378
378
343
286
337
337
354
460
498
600
680
666
730
787
945
1089
1287
1327
1500
1524
1589
1758
2054
2216
2374
2242
1703
1653
1121
1255
1162
891
638
-362
-362
-735
-819
-688
-846
-1030
-1408
-1854
-1980
-2137
-2117
-1926
-1935
-1981
-2138
-2310
-2279
-2171
-1983
-1782
-1698
-1645
-1674
-1601
-1456
-1220
-1013
-887
-741
-735
-683
-616
-533
-310
262
262
267
372
372
460
513
433
410
483
586
765
920
1006
1230
1070
1314
1360
1507
1797
1919
2071
2297
2620
2747
2356
1733
1239
1138
1751
1682
1194
268
-526
-803
-767
-547
-297
-438
-1046
-1724
-2217
-2082
-1917
-1632
-1413
-1656
-1908
-2382
-2557
-2249
-1836
-1556
-1564
-1683
-1834
-1946
-1692
-1317
-943
-763
-858
-916
-925
-886
-754
-511
-290
-301
-301
-354
-300
284
284
344
357
303
307
301
561
745
906
1084
1103
1224
1352
1425
1717
2081
2197
2385
2418
2618
3166
3104
2520
1534
1078
1295
1907
1831
773
-287
-1040
-1067
-972
-433
-391
-693
-1528
-2329
-2418
-2002
-1581
-1238
-1251
-1396
-1945
-2223
-2182
-1916
-1337
-1439
-1340
-1590
-1817
-1854
-1596
-993
-660
-624
-754
-895
-884
-776
-713
-404
-310
-310
-381
-545
-626
-601
-528
-260
-340
-340
-518
-483
-340
656
656
781
1007
1073
1157
1203
1365
1690
2154
2402
2507
2672
2648
3038
3137
3756
3101
1872
1291
858
2171
1971
975
-377
-1131
-1133
-1113
-841
-545
-776
-1631
-2574
-2769
-1984
-1481
-1328
-1174
-1214
-1452
-1864
-1880
-1382
-1058
-1040
-1161
-1141
-1244
-1449
-1506
-1016
-488
-458
-646
-672
-643
-681
-725
-557
-278
-472
-472
-603
-711
-884
-986
-904
-591
-509
-773
-1017
-1015
-796
-650
-420
-266
-269
-269
-383
494
494
696
787
1155
1235
1344
1501
1994
2234
2737
2878
3130
3206
3351
3313
4358
3482
2004
1626
692
2709
2006
992
-596
-1340
-1134
-1350
-1012
-700
-1102
-1861
-3008
-3229
-2046
-1605
-1391
-1214
-1293
-1459
-1926
-1980
-1194
-674
-603
-986
-1211
-1163
-1360
-1077
-662
-644
-644
-700
-654
-423
-471
-372
-262
-262
-604
-776
-929
-959
-1026
-1090
-840
-884
-1278
-1477
-1452
-1131
-867
-653
-607
-569
-719
-667
-269
463
463
550
712
945
1055
1315
1468
2134
2389
2781
2889
3114
3232
3679
3720
4582
3980
2005
1917
765
2816
2435
1192
-327
-1416
-1295
-1449
-1128
-625
-1016
-1912
-3124
-3524
-2297
-1653
-1424
-1212
-1265
-1524
-1940
-2067
-1282
-603
-523
-732
-911
-878
-1243
-1056
-682
-313
-313
-393
-445
-463
-606
-499
-317
-317
-603
-1007
-1206
-1352
-1321
-906
-827
-1351
-1755
-1887
-1694
-1395
-1118
-806
-663
-879
-1027
-748
-320
471
471
652
988
991
1026
1316
1929
2472
2857
2996
3318
3400
3664
3903
4496
4579
2148
2192
810
2739
2898
1235
-1484
-1484
-1320
-1437
-1219
-707
-992
-1922
-3192
-3793
-2539
-1745
-1477
-1297
-1390
-1618
-2023
-2159
-1435
-647
-529
-726
-990
-962
-963
-1047
-737
-276
-276
-364
-401
-455
-328
-275
-275
-528
-832
-1236
-1338
-1452
-1135
-997
-1316
-1697
-1973
-1901
-1609
-1365
-1046
-885
-971
-1037
-861
-500
260
260
513
920
1030
1148
1277
1930
2213
2971
2949
3635
3474
3994
3816
4801
3741
2040
2064
1095
3643
2448
1025
-749
-1484
-1192
-1202
-844
-490
-1180
-2282
-3749
-3627
-2177
-1523
-1254
-1313
-1506
-1844
-2195
-2078
-1140
-501
-578
-808
-1103
-1003
-1082
-890
-581
-580
-580
-388
-616
-310
-310
-694
-963
-1265
-1290
-1211
-950
-1060
-1534
-1846
-1978
-1853
-1502
-1186
-947
-954
-1119
-1044
-750
-349
297
297
628
901
1029
1200
1626
2022
2614
2856
3381
3580
4008
3931
4753
3722
2000
2137
1267
3626
3036
1191
-351
-1444
-1219
-1061
-695
-850
-850
-1996
-3670
-3799
-2429
-1603
-1210
-1258
-1447
-1856
-2331
-2295
-1426
-677
-595
-791
-1043
-1087
-1158
-1163
-819
-431
-431
-668
-693
-339
277
277
-581
-581
-1043
-1301
-1372
-1168
-851
-869
-1374
-1761
-2035
-1893
-1591
-1238
-937
-870
-1090
-1068
-887
-428
278
278
685
900
1185
1104
1604
2003
2579
2981
3438
3646
4173
3968
4876
2379
2283
1640
2113
4188
2160
892
-777
-1360
-1029
-900
-324
-1084
-1084
-2469
-3969
-3219
-2104
-1409
-1092
-1176
-1386
-2028
-2500
-2143
-1161
-643
-594
-767
-958
-1010
-1296
-1182
-724
-626
-626
-814
-908
-307
-577
-577
-1028
-1406
-1432
-1058
-652
-786
-1189
-1634
-1908
-1856
-1518
-1089
-686
-686
-850
-854
-629
-363
524
524
1021
1289
1358
1459
1855
2327
2876
3326
3941
4048
4562
4374
1630
2365
1099
3200
3968
1947
861
-874
-1183
-1028
-770
-982
-982
-2694
-3757
-2822
-2093
-1346
-1073
-1059
-1326
-2120
-2467
-2035
-1210
-922
-752
-762
-780
-950
-1307
-1404
-779
-272
-483
-483
-928
-1034
-545
-393
-393
-1018
-1422
-1570
-1134
-702
-741
-968
-1395
-1680
-1742
-1559
-1068
-681
-502
-517
-523
-541
-250
621
621
1270
1555
1705
1890
2049
2485
3039
3630
4197
4721
4372
1719
2329
896
3090
3766
2081
1311
-366
-949
-882
-763
-608
-608
-2144
-3206
-2633
-2140
-1404
-1204
-1037
-1182
-1812
-2168
-1941
-1361
-1147
-1006
-908
-754
-641
-1015
-1201
-982
-678
-732
-732
-977
-925
-406
-779
-779
-1206
-1440
-1242
-856
-837
-801
-1062
-1337
-1503
-1548
-1269
-903
-598
-321
432
432
1077
1775
1847
2322
2330
2699
3011
3703
4028
5017
2649
2394
1662
1711
3876
2161
1717
593
-456
-532
-689
-332
398
-311
-1244
-2621
-2442
-2069
-1534
-1308
-1243
-1102
-1588
-1846
-1802
-1508
-1226
-1344
-1144
-977
-640
-721
-1080
-1100
-864
-808
-399
-399
-808
-860
-818
-283
-389
-389
-813
-1114
-1210
-1058
-963
-941
-870
-1014
-1052
-1214
-1215
-1029
-766
-454
298
298
321
949
1337
1922
2138
2765
2756
3361
3427
4205
3565
2027
2523
1238
3395
2918
1742
1240
-438
-438
-273
-524
521
364
-465
-1711
-2333
-2071
-1625
-1165
-1146
-817
-1150
-1668
-1648
-1682
-1212
-1181
-1233
-1045
-779
-565
-767
-1053
-1056
-916
-559
-619
-619
-1010
-1061
-910
-248
-248
-301
-565
-1060
-1233
-1159
-1045
-890
-810
-854
-814
-922
-1047
-1093
-969
-690
285
285
444
276
612
959
1636
2064
2765
2883
3368
3327
4210
2967
2237
2309
1389
3608
2649
1998
1484
-279
-279
-408
-600
700
544
-1360
-1360
-1880
-2031
-1566
-1353
-1175
-644
-1017
-1382
-1368
-1629
-1253
-1482
-1446
-1058
-646
-403
-583
-1037
-1188
-1153
-884
-377
-412
-412
-709
-1035
-970
-843
-670
-546
-503
-585
-777
-948
-1148
-1283
-1145
-919
-570
-438
-518
-723
-871
-772
-294
541
541
706
780
959
1211
1368
1900
2230
2939
3309
3855
3473
1958
2217
871
2502
2595
2078
2159
944
-902
-902
470
470
-460
-460
-1071
-1349
-1335
-1275
-1412
-928
-984
-1127
-756
-1001
-891
-1273
-1742
-1456
-1073
-521
-288
-543
-797
-1080
-1113
-927
-493
-351
-453
-512
-806
-713
-737
-900
-873
-969
-845
-641
-596
-553
-825
-1007
-1087
-849
-604
-344
-302
-302
-255
365
365
453
733
1022
1353
1736
1942
2127
2541
2650
3306
2194
2365
1579
1443
2259
1565
2015
1720
794
424
661
661
362
-583
-583
-782
-807
-472
-766
-747
-903
-1394
-1056
-712
-537
-343
-1222
-1453
-1441
-1172
-733
-646
-774
-814
-940
-924
-791
-786
-957
-1010
-985
-793
-479
-628
-741
-1010
-1144
-914
-753
-495
-507
-640
-711
-676
-531
-447
-360
-358
-249
345
345
436
460
697
841
1286
1534
1715
2080
2303
2722
2059
2188
1193
1311
1415
1294
1873
1669
998
560
623
623
355
-428
-428
-572
-305
-764
-764
-1188
-916
-590
-872
-872
-1077
-1166
-916
-628
-748
-1013
-1095
-1187
-913
-588
-592
-813
-1113
-1320
-1075
-818
-729
-696
-899
-947
-820
-782
-634
-725
-824
-806
-665
-462
-318
-323
-426
-377
-277
424
424
611
833
1166
1399
1682
1892
2175
1921
2065
1592
1401
1405
1300
1887
1890
1471
981
408
465
1014
913
696
268
268
396
383
-800
-800
-811
-573
-607
-607
-980
-1093
-905
-587
-662
-987
-1243
-1407
-1217
-862
-721
-877
-1182
-1431
-1250
-1011
-943
-984
-1218
-1229
-1032
-892
-745
-808
-970
-989
-872
-670
-476
-438
-471
-398
-252
314
314
501
748
1068
1279
1541
1745
2058
2072
2330
1826
1622
1403
1437
2169
2239
1861
1255
605
726
1230
1169
919
-309
-309
386
386
441
-880
-880
-1004
-850
-275
-723
-723
-1038
-1222
-960
-584
-644
-962
-1268
-1545
-1323
-919
-768
-832
-1220
-1478
-1268
-1032
-914
-927
-1250
-1298
-1082
-919
-640
-722
-937
-933
-848
-602
-388
-446
-490
-397
302
302
287
367
452
735
1137
1404
1580
1868
1913
2276
2264
1823
1725
1333
1849
2405
2259
1811
1058
569
1036
1318
1184
786
-407
-407
566
566
336
-595
-1068
-1138
-707
-360
-360
-822
-1135
-1177
-756
-443
-663
-952
-1330
-1479
-1075
-763
-673
-878
-1324
-1352
-1037
-911
-859
-1091
-1427
-1260
-1052
-806
-615
-847
-1023
-985
-849
-527
-372
-495
-433
-367
295
295
357
474
592
937
1286
1423
1701
1892
2092
2545
2029
1950
1528
1658
2365
2479
2119
1506
811
907
1343
1256
1001
284
-319
418
418
459
-319
-995
-1156
-916
-756
-756
-1176
-1321
-1021
-554
-584
-917
-1226
-1538
-1250
-829
-693
-753
-1194
-1399
-1075
-863
-786
-940
-1369
-1362
-1133
-878
-609
-745
-1016
-1056
-950
-640
-362
-430
-450
-352
365
365
393
487
596
876
1276
1476
1793
2001
2229
2465
2112
1957
1603
1870
2457
2535
2169
1495
918
1072
1414
1323
1026
302
440
440
355
-454
-1045
-1139
-815
-297
-297
-829
-1226
-1348
-1006
-592
-679
-1003
-1346
-1606
-1259
-872
-718
-809
-1247
-1390
-1143
-955
-873
-1027
-1338
-1256
-1005
-768
-580
-761
-999
-1003
-875
-549
-293
-363
-331
-266
321
321
445
498
619
714
1036
1416
1644
1974
2137
2383
2221
2025
1738
1717
2308
2489
2375
1761
1117
1018
1349
1410
1212
627
344
344
510
-807
-807
-1125
-1088
-400
-624
-624
-1030
-1337
-1157
-714
-654
-918
-1264
-1658
-1525
-1074
-866
-800
-1227
-1559
-1389
-1169
-981
-1024
-1388
-1453
-1225
-981
-666
-742
-975
-1015
-954
-673
-361
-375
-358
-256
353
353
541
562
613
652
933
1365
1629
1959
2118
2370
2312
2029
1804
1604
2138
2456
2378
1893
1216
941
1215
1358
1177
771
480
480
-708
-708
-1031
-1080
-533
-507
-507
-915
-1225
-1172
-759
-530
-789
-1065
-1482
-1542
-1076
-869
-748
-1036
-1479
-1411
-1227
-1087
-1032
-1362
-1553
-1337
-1144
-832
-766
-1066
-1144
-1131
-919
-494
-408
-370
-265
518
518
588
684
734
945
1437
1736
2075
2275
2418
2284
2106
1871
1825
2390
2521
2368
1802
1173
1117
1421
1475
1220
682
438
438
-813
-813
-1098
-1107
-499
-276
-671
-1022
-1299
-1127
-710
-610
-877
-1146
-1554
-1478
-1023
-829
-702
-1111
-1493
-1359
-1207
-1031
-1048
-1395
-1488
-1299
-1137
-827
-851
-1090
-1118
-1117
-855
-518
-515
-442
-357
438
438
488
621
656
966
1413
1737
2106
2330
2454
2199
2036
1747
1973
2535
2550
2331
1639
1141
1239
1529
1474
1142
499
404
404
439
-307
-892
-1118
-974
-324
-400
-810
-1157
-1341
-1061
-680
-762
-1049
-1328
-1666
-1338
-980
-845
-807
-1335
-1507
-1311
-1183
-990
-1107
-1467
-1398
-1244
-1026
-710
-876
-1061
-1092
-1071
-717
-427
-443
-305
-300
317
317
427
522
636
681
1101
1473
1797
2111
2304
2294
2005
1870
1634
2130
2514
2412
2058
1335
1046
1303
1543
1390
1009
305
560
560
370
-478
-850
-1030
-641
-434
-434
-821
-1126
-1205
-812
-524
-800
-1051
-1448
-1672
-1186
-1002
-859
-1020
-1600
-1543
-1359
-1213
-1052
-1387
-1653
-1466
-1314
-990
-785
-1089
-1163
-1190
-1076
-584
-462
-418
-280
-269
459
459
501
650
680
863
1337
1672
2003
2263
2388
2137
2015
1707
1781
2390
2399
2275
1679
1076
1105
1388
1385
1143
601
289
289
494
-735
-735
-956
-969
-275
-633
-633
-890
-1162
-968
-539
-585
-852
-1084
-1528
-1287
-953
-897
-771
-1302
-1574
-1422
-1382
-1154
-1237
-1610
-1573
-1453
-1284
-967
-1122
-1277
-1253
-1275
-890
-580
-549
-363
-342
298
298
402
551
694
783
1229
1585
1924
2196
2398
2259
2054
1890
1722
2348
2532
2388
1925
1214
1067
1367
1500
1267
848
463
463
-667
-667
-863
-1017
-502
-644
-644
-898
-1118
-1044
-609
-514
-806
-959
-1356
-1319
-840
-801
-637
-1001
-1465
-1308
-1281
-1134
-1081
-1445
-1525
-1375
-1282
-997
-1038
-1310
-1287
-1308
-1047
-657
-646
-516
-414
-314
328
328
404
595
642
1006
1430
1769
2095
2320
2353
2064
1983
1661
2102
2519
2421
2154
1420
1078
1279
1528
1331
1012
335
472
472
311
-498
-830
-999
-718
-482
-482
-838
-1073
-1177
-752
-513
-784
-986
-1276
-1473
-954
-818
-677
-805
-1392
-1322
-1208
-1120
-964
-1274
-1529
-1313
-1256
-991
-908
-1262
-1291
-1287
-1142
-705
-616
-602
-432
-411
312
312
306
470
525
747
1275
1579
1915
2151
2282
2056
1951
1667
1750
2358
2337
2270
1663
1151
1161
1449
1415
1125
646
410
410
531
-669
-669
-880
-785
-627
-627
-879
-1106
-856
-439
-588
-858
-1087
-1460
-1103
-825
-784
-689
-1252
-1365
-1203
-1198
-1010
-1208
-1509
-1387
-1225
-1065
-852
-1122
-1267
-1217
-1196
-786
-610
-598
-422
-414
260
260
403
518
669
1126
1452
1781
2017
2249
2210
1971
1837
1557
2127
2379
2324
1959
1255
1047
1232
1445
1147
881
588
588
-574
-574
-798
-966
-439
-454
-454
-734
-975
-991
-528
-431
-751
-880
-1304
-1269
-793
-816
-616
-997
-1432
-1239
-1254
-1043
-1047
-1403
-1474
-1328
-1230
-945
-992
-1300
-1251
-1305
-1003
-636
-629
-463
-425
-299
353
353
524
609
952
1347
1664
1976
2190
2293
1994
1912
1579
1907
2405
2335
2141
1417
1041
1125
1434
1237
959
349
434
434
306
-484
-788
-989
-697
-410
-410
-793
-988
-1085
-673
-416
-708
-858
-1148
-1306
-782
-707
-590
-730
-1302
-1159
-1082
-1002
-899
-1244
-1426
-1241
-1149
-957
-899
-1243
-1237
-1218
-1076
-673
-648
-578
-432
-373
266
266
438
552
799
1265
1526
1822
2075
2276
2152
1973
1715
1648
2268
2375
2333
1783
1152
1072
1309
1392
1106
704
287
287
532
-689
-689
-925
-892
-262
-631
-631
-878
-1124
-898
-459
-563
-803
-1021
-1369
-1032
-728
-687
-609
-1159
-1300
-1139
-1074
-912
-1102
-1411
-1335
-1160
-1027
-833
-1105
-1256
-1232
-1157
-776
-596
-586
-480
-398
298
298
388
529
670
1112
1461
1759
2003
2257
2192
2006
1865
1576
2145
2339
2270
1935
1233
1034
1226
1349
1107
823
475
475
-628
-628
-827
-976
-431
-616
-616
-854
-1094
-998
-558
-571
-842
-983
-1356
-1188
-817
-821
-640
-1074
-1349
-1156
-1146
-937
-1034
-1353
-1344
-1178
-1069
-838
-991
-1185
-1137
-1160
-820
-592
-577
-424
-370
285
285
365
542
657
1071
1417
1700
1972
2181
2234
1992
1887
1568
2009
2341
2288
2045
1362
1058
1167
1380
1176
951
284
486
486
-494
-494
-764
-957
-544
-477
-477
-759
-985
-1029
-601
-484
-746
-892
-1266
-1269
-824
-758
-610
-921
-1385
-1239
-1203
-1024
-964
-1294
-1362
-1214
-1108
-879
-909
-1175
-1149
-1159
-922
-581
-561
-445
-360
-254
274
274
321
522
614
906
1328
1560
1890
2094
2262
2014
1887
1554
1763
2338
2317
2205
1465
1042
1068
1368
1299
996
465
426
426
359
-389
-762
-968
-680
-324
-324
-738
-970
-1061
-679
-393
-637
-867
-1181
-1332
-874
-722
-622
-747
-1308
-1251
-1215
-1094
-981
-1268
-1379
-1279
-1152
-1009
-965
-1246
-1223
-1198
-1060
-689
-684
-550
-440
-353
267
267
436
571
822
1254
1474
1816
2034
2302
2259
2007
1807
1630
2201
2404
2367
1812
1206
1002
1266
1435
1080
745
311
311
509
-700
-700
-916
-816
-595
-595
-919
-1080
-831
-384
-462
-809
-1059
-1345
-1041
-671
-636
-613
-1138
-1305
-1134
-1031
-900
-1106
-1375
-1347
-1117
-987
-862
-1099
-1278
-1221
-1119
-775
-630
-617
-525
-418
248
248
312
490
660
1069
1399
1659
1908
2158
2334
2069
1993
1622
1996
2416
2387
2176
1457
1116
1138
1427
1208
1001
393
489
489
-501
-501
-818
-995
-565
-412
-412
-742
-1000
-1048
-644
-460
-711
-868
-1233
-1282
-827
-752
-569
-868
-1319
-1180
-1165
-957
-958
-1264
-1327
-1211
-1080
-907
-953
-1240
-1209
-1232
-973
-654
-673
-545
-518
-391
356
356
484
802
1211
1404
1727
1910
2170
2155
1936
1766
1647
2196
2369
2328
1799
1249
1080
1320
1424
1094
764
323
323
501
-691
-691
-950
-858
-275
-604
-604
-882
-1068
-834
-451
-535
-788
-1056
-1332
-1008
-725
-659
-683
-1217
-1307
-1159
-1036
-879
-1130
-1399
-1339
-1151
-955
-818
-1104
-1230
-1200
-1106
-732
-601
-591
-491
-440
286
286
390
566
1016
1314
1541
1802
1942
2187
1985
1849
1596
1778
2251
2304
2119
1486
1122
1071
1401
1256
1015
510
508
508
356
-361
-742
-932
-565
-318
-318
-691
-943
-967
-626
-424
-636
-853
-1183
-1232
-823
-678
-558
-850
-1294
-1228
-1149
-949
-954
-1269
-1398
-1295
-1128
-918
-978
-1236
-1281
-1284
-1036
-726
-678
-604
-541
-438
274
274
381
692
1082
1331
1603
1791
2024
2169
1887
1824
1543
1968
2342
2285
1952
1297
987
1149
1435
1168
958
620
620
-569
-569
-841
-924
-368
-423
-423
-762
-1022
-924
-457
-422
-670
-903
-1313
-1116
-708
-594
-512
-1025
-1323
-1163
-1055
-826
-981
-1316
-1356
-1208
-1018
-828
-1013
-1258
-1260
-1237
-899
-679
-695
-615
-595
-399
374
374
723
1102
1303
1603
1758
2037
2185
1880
1843
1545
2015
2384
2342
1974
1328
1017
1198
1459
1163
943
262
262
587
-556
-556
-835
-875
-348
-464
-464
-770
-997
-883
-477
-465
-689
-948
-1282
-1081
-699
-588
-538
-1020
-1259
-1133
-1026
-814
-976
-1244
-1284
-1128
-976
-801
-996
-1215
-1197
-1178
-822
-641
-630
-570
-571
-375
349
349
707
1049
1231
1575
1668
1983
2064
1751
1764
1467
2011
2333
2259
1871
1281
1019
1245
1491
1138
951
281
281
325
644
-591
-591
-851
-861
-310
-500
-500
-841
-1035
-898
-463
-472
-770
-1026
-1357
-1100
-712
-610
-596
-1144
-1372
-1204
-1054
-787
-991
-1283
-1341
-1174
-955
-792
-989
-1234
-1224
-1184
-766
-624
-614
-587
-629
-363
297
297
653
989
1215
1504
1585
1897
2033
1749
1776
1422
1875
2301
2253
1983
1347
993
1166
1462
1220
1056
315
253
253
277
664
-499
-499
-798
-896
-368
-367
-367
-719
-998
-954
-504
-406
-639
-905
-1309
-1158
-720
-587
-500
-1012
-1317
-1176
-1046
-769
-899
-1235
-1329
-1207
-999
-760
-952
-1218
-1270
-1266
-852
-618
-618
-606
-678
-494
536
536
837
1142
1351
1485
1673
2044
1834
1830
1588
1537
2276
2268
2221
1646
1067
1038
1388
1368
1204
729
532
532
541
-253
-676
-927
-672
-599
-599
-910
-1072
-694
-386
-541
-810
-1198
-1334
-869
-619
-499
-785
-1389
-1331
-1180
-869
-754
-1101
-1347
-1304
-1097
-851
-828
-1187
-1289
-1330
-1048
-664
-653
-639
-725
-654
-311
312
312
692
961
1207
1300
1451
1813
2022
1832
1848
1427
1853
2321
2279
2142
1397
1043
1151
1445
1336
1135
428
269
269
294
661
-438
-438
-776
-898
-391
-325
-325
-706
-1016
-981
-532
-415
-619
-933
-1294
-1186
-743
-581
-558
-1040
-1409
-1247
-1094
-781
-901
-1216
-1323
-1222
-974
-824
-973
-1227
-1261
-1176
-815
-624
-637
-647
-719
-489
471
471
749
1036
1163
1299
1523
1930
1937
1861
1731
1502
2179
2315
2337
1916
1279
1148
1375
1535
1337
1006
281
265
307
463
630
-537
-537
-830
-752
-517
-517
-859
-1077
-833
-500
-545
-768
-1083
-1325
-1041
-727
-593
-712
-1234
-1326
-1199
-950
-776
-1007
-1206
-1286
-1126
-904
-859
-1028
-1205
-1246
-1057
-721
-632
-591
-678
-681
-419
482
482
716
1003
1056
1261
1498
1872
1917
1778
1657
1484
2175
2320
2341
1857
1255
1142
1390
1628
1379
1044
323
293
378
535
657
-515
-515
-798
-686
-490
-490
-858
-1090
-855
-495
-498
-789
-1112
-1324
-1055
-684
-609
-754
-1302
-1412
-1240
-953
-757
-991
-1247
-1340
-1151
-908
-808
-998
-1193
-1232
-1022
-670
-551
-556
-671
-689
-446
441
441
689
953
1023
1191
1432
1780
1938
1792
1721
1512
2047
2315
2330
1986
1377
1201
1340
1614
1437
1161
507
286
390
465
655
-398
-398
-703
-704
-248
-397
-397
-780
-1049
-914
-573
-502
-737
-1028
-1282
-1165
-777
-672
-723
-1204
-1441
-1284
-1051
-783
-968
-1230
-1362
-1204
-961
-822
-963
-1199
-1231
-1091
-704
-546
-561
-667
-744
-526
-248
325
325
599
854
962
1008
1272
1562
1889
1766
1707
1434
1751
2239
2291
2178
1495
1195
1208
1543
1549
1300
739
262
343
404
659
370
-255
-650
-788
-415
-283
-283
-683
-1040
-1059
-740
-516
-609
-951
-1259
-1301
-933
-698
-687
-1055
-1454
-1377
-1184
-836
-840
-1103
-1313
-1303
-1039
-842
-854
-1089
-1231
-1162
-840
-567
-505
-600
-740
-630
-352
464
464
747
894
894
1054
1303
1707
1921
1725
1682
1436
1942
2264
2285
1999
1392
1205
1327
1644
1478
1249
620
345
450
499
694
-308
-308
-606
-639
-256
-416
-416
-789
-1088
-1009
-690
-554
-742
-1053
-1312
-1232
-857
-744
-768
-1204
-1489
-1333
-1122
-808
-904
-1148
-1303
-1220
-988
-822
-903
-1110
-1167
-1073
-726
-538
-534
-634
-722
-558
-283
517
517
742
852
883
1095
1380
1767
1892
1711
1660
1521
2049
2264
2246
1881
1361
1257
1419
1680
1460
1184
556
373
467
529
637
-348
-348
-609
-595
-520
-520
-883
-1119
-1010
-713
-622
-826
-1126
-1344
-1222
-913
-810
-878
-1297
-1462
-1317
-1083
-802
-926
-1117
-1253
-1152
-910
-770
-848
-1005
-1091
-964
-655
-524
-505
-628
-690
-519
-279
450
450
695
729
830
999
1313
1618
1868
1640
1666
1532
1817
2250
2147
2031
1493
1336
1418
1674
1540
1257
776
394
542
504
641
337
-462
-462
-581
-365
-470
-470
-811
-1069
-1117
-824
-701
-799
-1068
-1324
-1325
-1067
-925
-924
-1147
-1452
-1339
-1185
-911
-890
-1093
-1201
-1179
-975
-774
-782
-920
-1012
-994
-725
-537
-464
-531
-614
-550
-347
284
284
546
661
698
842
1057
1346
1645
1753
1564
1666
1476
1912
2100
2030
1870
1415
1369
1402
1568
1346
1139
660
470
528
459
553
-452
-452
-539
-365
-301
-586
-846
-1082
-1080
-875
-843
-923
-1176
-1364
-1354
-1140
-1009
-999
-1224
-1421
-1314
-1183
-907
-930
-1060
-1147
-1114
-907
-738
-739
-848
-944
-920
-666
-503
-421
-516
-601
-524
-338
498
498
614
593
699
821
1177
1425
1641
1549
1462
1457
1487
1925
1906
1899
1534
1288
1322
1417
1514
1227
942
534
484
527
542
454
-284
-284
-449
-413
-248
-346
-657
-945
-1097
-955
-837
-829
-1037
-1278
-1376
-1294
-1060
-1002
-1087
-1334
-1414
-1251
-1034
-887
-971
-1085
-1132
-982
-771
-646
-707
-823
-870
-718
-495
-378
-399
-517
-501
-384
373
373
555
570
583
673
877
1146
1325
1407
1429
1319
1471
1434
1650
1728
1612
1538
1299
1326
1261
1317
1096
906
683
520
576
447
426
-322
-322
-305
-311
-515
-722
-864
-914
-859
-912
-990
-1152
-1245
-1267
-1154
-1086
-1090
-1180
-1309
-1223
-1146
-994
-991
-1015
-1040
-1000
-850
-738
-674
-733
-758
-754
-596
-467
-385
-383
-406
-345
250
250
439
520
535
588
635
826
979
1163
1187
1275
1207
1271
1319
1287
1500
1350
1381
1179
1121
1110
1115
1089
875
781
554
554
464
398
310
-353
-353
-548
-665
-789
-759
-804
-858
-962
-1077
-1111
-1100
-1021
-1025
-1032
-1155
-1136
-1083
-1000
-923
-939
-921
-904
-810
-719
-646
-656
-644
-642
-551
-423
-356
-302
-319
-276
340
340
445
452
487
508
597
710
815
887
962
975
1087
1083
1107
1091
1042
1161
1138
1226
1065
1009
910
901
898
778
719
503
465
358
333
285
-265
-265
-393
-496
-632
-656
-692
-724
-790
-885
-946
-965
-904
-878
-857
-950
-980
-978
-927
-851
-841
-814
-812
-756
-716
-627
-620
-602
-586
-547
-423
-351
-273
-261
292
292
316
361
353
405
459
539
610
627
681
721
786
832
814
845
747
806
889
899
934
785
729
647
683
651
586
485
345
335
266
297
-322
-322
-426
-443
-459
-482
-561
-670
-754
-754
-706
-666
-689
-794
-838
-847
-786
-725
-705
-718
-742
-715
-646
-571
-552
-566
-596
-541
-436
-326
280
280
312
368
419
411
418
437
506
571
614
604
559
574
543
640
691
686
632
515
495
498
548
504
450
367
331
353
348
348
254
-248
-248
-307
-406
-489
-529
-510
-492
-503
-578
-662
-689
-663
-616
-613
-627
-681
-675
-652
-594
-572
-598
-618
-620
-542
-457
-372
-357
-373
-379
-340
-276
282
282
350
397
399
400
384
435
469
499
564
561
583
547
541
527
527
523
482
465
418
414
401
394
384
340
314
276
256
253
-301
-301
-353
-379
-418
-453
-521
-576
-595
-602
-593
-607
-610
-627
-624
-625
-593
-573
-564
-556
-554
-500
-454
-402
-372
-355
-353
-349
-346
-315
-283
266
266
326
379
434
459
462
504
509
568
593
632
641
627
632
635
685
658
642
589
568
545
515
505
458
408
337
295
253
-287
-287
-351
-425
-453
-468
-471
-504
-561
-578
-591
-580
-590
-578
-590
-581
-581
-574
-561
-564
-557
-571
-531
-517
-488
-485
-452
-409
-371
-339
-333
-302
-289
263
263
322
389
453
469
479
508
528
584
614
647
640
619
613
615
646
612
584
539
517
500
465
439
381
327
262
-270
-270
-321
-379
-412
-424
-437
-463
-501
-527
-538
-527
-531
-513
-510
-505
-500
-508
-478
-471
-470
-472
-457
-424
-400
-380
-356
-339
-320
-292
-258
259
259
309
349
393
425
446
477
479
513
520
555
559
549
538
528
548
523
512
479
455
433
400
372
335
290
-251
-251
-284
-318
-339
-347
-352
-372
-397
-417
-420
-415
-421
-409
-407
-415
-422
-424
-407
-402
-402
-401
-397
-373
-356
-342
-324
-312
-300
-293
-273
-255
295
295
356
385
396
420
452
482
515
541
545
537
531
521
537
527
488
462
435
425
415
388
348
307
263
-261
-261
-284
-313
-325
-337
-329
-351
-376
-382
-377
-361
-366
-369
-376
-386
-389
-387
-381
-376
-382
-384
-370
-355
-344
-349
-354
-337
-323
-305
-283
-265
275
275
309
337
361
397
435
462
481
518
543
545
540
518
522
515
490
458
437
425
401
369
334
307
267
-250
-250
-279
-288
-293
-328
-355
-375
-377
-384
-408
-420
-424
-408
-410
-407
-407
-404
-421
-425
-431
-406
-388
-420
-413
-542
-646
-761
-761
-869
-1068
-1068
-830
-657
-657
-741
-290
-378
-387
368
368
655
282
498
792
725
1086
1026
616
571
1146
1273
1269
1047
867
661
847
617
788
800
547
270
381
381
-524
-524
-477
-600
-525
-487
-689
-715
-945
-1140
-1166
-773
-494
-668
-990
-891
-535
-378
-506
-332
-385
-385
-406
-406
-543
-391
-437
-437
-522
-534
-661
-600
-500
-300
-619
-733
-630
-660
-438
-553
-1153
-853
-337
-553
-491
-724
-638
-749
-635
529
529
674
686
932
1456
1457
1830
1600
1042
835
791
1806
2336
1693
1168
414
638
638
469
776
836
-421
-421
-720
-438
-284
-878
-1075
-973
-680
-754
-1238
-1327
-1556
-1569
-1299
-1018
-494
-494
-1335
-1372
-933
-260
413
413
373
373
-477
-477
-822
-475
-466
-284
-359
-643
-914
-1356
-1322
-778
-607
-772
-1255
-1285
-928
-942
-943
-848
-629
-495
-429
249
249
1026
1336
1150
1236
1316
1933
2258
2683
2005
1472
1123
1243
2460
2839
1541
769
807
807
487
572
-806
-806
-1239
-1088
-789
-676
-1481
-1820
-1445
-1148
-1397
-1888
-1761
-1856
-1546
-1057
-762
-497
-1031
-1539
-902
580
580
486
286
286
553
885
726
-545
-545
-620
-555
-555
-868
-1188
-1330
-1245
-1212
-990
-871
-1150
-1666
-1606
-1060
-530
-419
-519
-652
-461
647
647
951
1024
1086
1494
1829
2358
2323
2845
2102
1740
1952
2013
3214
2987
1317
724
686
711
1309
550
614
-967
-967
-1319
-1093
-748
-926
-1696
-1808
-1606
-1476
-1999
-2396
-1623
-1594
-1420
-1228
-1325
-1191
-1535
-1377
-420
284
249
-251
-593
380
380
655
655
774
535
424
424
363
-313
-313
-359
-597
-597
-910
-1073
-892
-801
-981
-976
-1113
-1307
-1422
-917
-296
-579
-579
-537
-407
263
700
742
1179
1462
1539
1974
2420
3049
1551
1385
1839
2672
3874
3032
929
869
666
1324
2010
1451
1224
-438
-1204
-970
-611
-611
-1631
-1598
-1707
-1439
-1892
-1948
-1297
-1784
-1532
-1425
-1458
-1661
-1856
-1270
-490
-490
-1127
-1088
252
252
680
365
-332
-332
-279
435
842
472
-295
-295
-327
-327
-268
-431
-481
-481
-641
-639
-733
-833
-531
-493
-493
322
322
1169
1057
1331
1361
1573
1815
2718
1701
1455
1778
1962
3500
3060
1173
597
969
1310
2307
1556
1292
-699
-699
-709
276
759
-1224
-1224
-1580
-1357
-886
-1075
-1455
-883
-1466
-1636
-1512
-1343
-1209
-1470
-1168
-566
-341
-828
-1361
-1184
291
291
-361
-361
-493
-354
468
809
447
-292
-549
325
325
-315
-315
-411
-411
-571
-371
-353
-400
-459
-382
-382
502
502
879
930
717
1072
1232
1935
2110
2860
2181
690
1533
2076
3552
3532
1522
1077
1077
1092
2452
1720
1438
-764
-764
-523
838
838
-1117
-1117
-1423
-1039
-1079
-904
-1684
-950
-1218
-1635
-1536
-1599
-1446
-1597
-1273
-610
-515
-1208
-1488
-1349
-350
-350
-577
-325
-248
438
907
402
-310
-350
510
510
339
-472
-472
-416
-416
-283
-347
-347
420
420
576
454
403
854
1211
1679
1919
2228
2355
2520
940
1859
2627
3262
3659
2351
744
1179
1723
2615
2662
1731
928
-375
631
631
1357
875
-1009
-1009
-846
-766
-674
-674
-691
-681
-1398
-1304
-1266
-768
-798
-751
-522
-523
-858
-824
-579
367
766
383
453
453
753
1250
1274
1013
352
344
894
1344
1243
848
419
333
560
411
568
451
299
317
317
267
249
825
825
1077
1384
1286
1563
1675
2237
1937
862
2033
2151
2903
2749
1381
314
1308
1552
2440
1520
925
-585
-585
550
550
807
-1296
-1296
-1607
-1105
-845
-571
-1521
-1362
-1803
-2015
-1742
-1549
-1261
-1745
-1663
-1503
-1448
-1527
-1378
-1121
-319
-563
-839
-1039
-775
-364
-364
-766
-285
313
445
-675
-675
-839
-572
-256
-406
-496
-820
-1033
-1143
-773
-550
-610
-911
-762
-591
-559
-592
-393
281
281
272
361
577
1120
1240
1964
1210
623
1503
1733
2970
2671
1039
357
1269
1805
2522
1464
1211
391
391
938
1044
-1112
-1112
-1060
-613
-519
-519
-1285
-928
-1501
-1452
-1453
-1089
-1081
-1469
-1301
-1133
-1126
-1180
-1138
-687
-424
-424
-600
-814
320
320
547
302
302
843
840
390
390
-407
-407
-515
-500
-500
-403
587
587
530
500
1072
1337
1622
1880
2109
602
1339
1779
2833
3162
1815
887
887
1747
2523
2023
1165
364
-452
408
768
1367
346
-868
-1375
-653
-301
-1086
-1086
-1133
-1297
-1645
-1403
-1244
-834
-1367
-1444
-1280
-1145
-1207
-1028
-752
-292
-292
-676
-691
561
561
519
507
300
295
676
676
1163
999
448
707
707
833
487
270
284
284
-301
-301
-277
362
362
366
541
724
885
1215
1400
1552
1827
2412
912
1256
2154
2816
3163
1948
468
1081
2023
2633
2222
1184
647
-348
746
1194
1584
461
-801
-1159
-335
-883
-883
-1152
-1231
-1561
-1087
-1031
-726
-1381
-1551
-1266
-1055
-1057
-917
-723
-507
-507
-746
-592
583
583
388
261
261
254
759
1066
660
330
330
752
679
-563
-563
-745
-554
-338
-355
-463
-550
-489
-303
332
332
343
500
525
983
1298
1605
991
991
1576
2079
2149
1134
766
766
1571
1901
1309
582
-610
-610
615
664
709
-480
-1150
-1239
-667
-547
-717
-1580
-1606
-1714
-1855
-1597
-1672
-1468
-2121
-1951
-1736
-1675
-1696
-1537
-1275
-1026
-1263
-1296
-1132
-634
-468
-468
-458
-553
-575
-345
281
281
-684
-684
-776
-309
-550
-550
-775
-1027
-847
-504
-509
-794
-1240
-1467
-1200
-798
-759
-1033
-1154
-1096
-1000
-713
-503
-340
-340
436
436
715
1028
1073
717
717
1164
1743
1792
829
485
485
1196
1613
708
-328
-328
-647
-906
-906
-1461
-1497
-1008
-1004
-1218
-2084
-1916
-2086
-2140
-2118
-2077
-1913
-2437
-2305
-2140
-2078
-2059
-1868
-1599
-1331
-1654
-1661
-1450
-821
-507
-764
-794
-806
-699
-553
-274
-274
-764
-744
-391
-680
-680
-834
-875
-905
-707
-554
-936
-1269
-1484
-1228
-1020
-930
-1237
-1201
-1205
-1082
-939
-723
-426
-293
-470
-301
550
550
641
1107
786
961
961
1307
2028
1705
479
843
843
1597
1752
639
380
-399
486
486
576
380
-802
-1310
-1083
-624
-510
-975
-1673
-1517
-1836
-1686
-1662
-1394
-1485
-2065
-1867
-1707
-1530
-1455
-1317
-1033
-1050
-1301
-1114
-783
-417
-417
-390
-266
357
357
496
321
321
399
-259
-259
-418
-434
-434
-829
-653
-719
-626
-838
-695
-739
-634
-785
-680
-503
409
409
735
879
1158
1479
609
347
1627
1974
2394
1503
395
399
1668
2190
1735
717
525
523
523
1137
1061
-884
-884
-923
-459
-1033
-1033
-1444
-1375
-1504
-1256
-1239
-1071
-1576
-1854
-1529
-1314
-1203
-1174
-957
-861
-1071
-1024
-708
-253
-327
-327
365
365
486
673
366
559
559
940
447
-531
-531
-652
-704
-443
-443
-804
-888
-782
-595
-519
-533
-425
-478
-325
291
291
429
617
908
1175
1508
840
642
1737
1954
2246
1661
772
719
1735
2254
1876
855
647
845
845
1303
985
-687
-687
-622
-988
-988
-1455
-1259
-1215
-972
-1178
-1182
-1566
-1700
-1324
-1166
-1088
-1108
-1045
-916
-921
-754
-482
-248
382
382
490
514
552
439
410
633
780
867
428
399
399
374
493
-280
-280
-250
-250
-365
-441
-585
-931
-635
-618
-636
-739
-720
-702
-569
-349
-322
270
270
604
868
1074
1200
1244
647
1228
1789
2125
2023
1174
640
1290
1940
2060
1261
797
430
409
1040
969
560
-272
-678
-492
-688
-688
-1270
-1218
-1283
-1214
-1193
-1181
-1259
-1611
-1489
-1301
-1124
-1059
-1019
-866
-880
-877
-652
-334
481
481
502
627
507
416
439
703
814
775
437
348
348
381
301
-305
-305
-429
-374
-265
-469
-615
-933
-856
-727
-648
-678
-704
-760
-666
-544
-285
567
567
773
988
1182
1242
767
1053
1646
1989
2060
1362
718
1106
1813
1951
1359
919
578
314
818
940
621
-569
-569
-535
-302
-542
-542
-1089
-1162
-1208
-1228
-1151
-1088
-1110
-1471
-1458
-1227
-1072
-964
-900
-791
-785
-826
-592
526
526
598
588
588
452
440
708
952
796
503
301
271
432
408
-349
-349
-437
-384
-291
-359
-799
-1067
-1018
-767
-754
-853
-894
-962
-978
-661
-549
-372
-286
-257
488
488
568
791
1035
1171
1197
995
1181
1715
1995
1899
1281
886
1218
1780
1928
1332
772
370
444
880
979
460
-671
-671
-496
-582
-582
-1145
-1278
-1224
-1045
-996
-1039
-1240
-1464
-1362
-1100
-937
-835
-874
-807
-758
-632
-446
494
494
642
605
517
406
550
706
907
751
430
317
328
401
385
-473
-473
-394
-342
-522
-766
-829
-962
-977
-799
-811
-976
-840
-872
-942
-657
-363
-347
-355
552
552
749
826
989
1245
1333
1190
1293
1647
1919
1935
1546
1105
1229
1742
1895
1402
935
608
565
790
935
547
-517
-517
-456
-264
-558
-558
-1065
-1235
-1147
-1042
-1049
-1092
-1241
-1418
-1383
-1135
-953
-929
-940
-868
-802
-656
-480
-303
414
414
537
601
514
456
528
627
782
776
482
323
303
285
345
-439
-439
-489
-308
-400
-705
-893
-911
-945
-757
-738
-918
-943
-816
-779
-670
-358
-359
-389
456
456
664
777
968
1185
1447
1358
1233
1385
1816
2041
1883
1345
1071
1410
1853
1688
1132
729
459
544
730
699
-424
-424
-656
-472
-331
-454
-948
-1274
-1272
-1164
-1151
-1183
-1229
-1373
-1429
-1288
-1056
-970
-939
-920
-764
-678
-525
-382
353
353
502
616
585
551
527
636
700
868
576
395
388
399
425
-268
-268
-344
-373
-562
-833
-803
-842
-762
-824
-860
-870
-884
-709
-741
-564
-420
-359
-257
424
424
696
752
967
1092
1358
1510
1247
1223
1524
1913
1873
1475
1002
1085
1406
1590
1134
773
340
251
389
515
-380
-380
-744
-704
-559
-557
-889
-1234
-1293
-1290
-1221
-1233
-1184
-1286
-1368
-1265
-1078
-942
-890
-814
-668
-565
-487
-368
314
314
446
591
678
601
523
543
644
787
751
459
354
281
387
-294
-294
-358
-358
-432
-599
-732
-845
-894
-857
-829
-981
-875
-917
-856
-842
-691
-611
-529
-385
405
405
558
739
851
1030
1216
1493
1465
1262
1240
1525
1850
1824
1451
924
952
1281
1471
1058
641
401
401
-424
-424
-813
-821
-660
-607
-855
-1172
-1290
-1268
-1193
-1162
-1099
-1165
-1208
-1182
-1010
-879
-759
-662
-526
-456
-423
-324
346
346
564
706
691
617
570
542
684
780
676
427
320
310
329
-252
-252
-315
-440
-481
-679
-681
-788
-873
-861
-879
-949
-862
-830
-758
-881
-627
-596
-424
-285
260
260
446
563
757
846
963
1205
1426
1527
1251
1306
1329
1680
1846
1587
1077
889
1060
1318
1125
820
309
-310
-310
-677
-879
-811
-696
-810
-1091
-1243
-1310
-1208
-1199
-1095
-1120
-1165
-1112
-1013
-842
-740
-622
-498
-385
-349
-285
260
260
298
333
333
509
650
680
625
559
475
560
689
600
457
313
252
-277
-277
-483
-549
-571
-597
-616
-788
-823
-904
-834
-688
-619
-679
-743
-632
-445
-347
422
422
547
697
750
855
1106
1240
1424
1283
1181
1160
1348
1702
1575
1160
826
831
1092
1135
871
463
-465
-465
-765
-784
-614
-615
-849
-1015
-1146
-1099
-1049
-976
-908
-985
-961
-924
-787
-637
-577
-418
-390
-289
-286
376
376
493
604
569
483
482
430
608
601
506
355
255
-334
-334
-320
-302
-503
-558
-667
-651
-684
-662
-647
-742
-678
-641
-587
-463
-448
-407
-311
253
253
388
531
708
812
925
1019
1223
1328
1169
1169
1112
1467
1600
1432
985
817
876
1103
1045
839
306
-520
-520
-790
-676
-578
-639
-827
-1014
-1148
-1081
-1000
-881
-927
-988
-958
-869
-686
-621
-473
-414
-324
-259
252
252
267
276
348
484
609
675
566
578
466
591
671
617
478
369
317
290
251
-279
-279
-378
-444
-561
-524
-583
-613
-613
-646
-633
-575
-559
-474
-414
-314
-301
305
305
365
495
584
751
880
1065
1095
1268
1204
1114
1205
1269
1495
1445
1170
912
867
951
1029
854
604
-368
-368
-664
-778
-699
-666
-780
-883
-1061
-1136
-1015
-932
-844
-890
-871
-844
-750
-592
-484
-333
-318
-272
312
312
362
444
485
573
585
513
534
494
491
480
418
363
271
-298
-298
-399
-477
-472
-461
-525
-584
-629
-605
-578
-468
-460
-465
-441
-319
255
255
371
442
582
646
777
877
1109
1027
894
998
1008
1270
1296
1061
786
752
796
885
784
617
-249
-249
-483
-616
-556
-542
-641
-727
-879
-967
-873
-830
-769
-819
-810
-783
-730
-599
-529
-405
-345
-338
-258
279
279
367
424
360
347
330
358
380
358
321
-276
-276
-379
-489
-474
-437
-449
-479
-501
-588
-509
-422
-400
-371
-365
-305
260
260
366
458
559
648
813
924
706
760
875
1050
1087
984
693
682
727
776
653
614
299
-388
-388
-552
-567
-582
-641
-722
-759
-933
-922
-865
-813
-851
-889
-817
-766
-729
-647
-575
-480
-434
-359
-278
287
287
277
251
251
-263
-263
-377
-418
-340
-321
-310
-395
-446
-455
-361
-257
-255
-255
-248
282
282
323
508
574
742
577
516
620
796
982
884
600
448
604
667
696
506
354
-343
-343
-524
-526
-500
-595
-707
-761
-867
-935
-856
-837
-833
-865
-832
-788
-743
-660
-577
-454
-386
-388
-322
306
306
333
266
254
254
316
343
308
260
-299
-299
-298
-281
-248
-280
-290
-261
-252
302
302
369
539
395
368
465
625
737
687
448
366
506
598
596
459
320
-374
-374
-353
-313
-383
-510
-594
-704
-750
-673
-680
-708
-768
-745
-720
-686
-629
-586
-506
-462
-461
-390
-288
268
268
281
256
251
251
303
379
471
444
352
465
490
636
625
522
359
444
466
513
429
348
-298
-298
-275
-314
-390
-460
-537
-607
-577
-579
-596
-603
-615
-605
-582
-546
-494
-442
-391
-389
-341
-283
270
270
354
427
362
360
407
436
523
533
424
322
387
368
389
348
252
-254
-254
-276
-272
-319
-371
-417
-500
-528
-495
-493
-500
-517
-525
-516
-470
-450
-393
-349
-317
-317
-260
277
277
317
261
261
367
390
406
332
272
272
313
320
275
-261
-261
-323
-335
-330
-340
-327
-317
-339
-339
-325
-299
-256
278
278
296
334
349
372
390
415
407
406
395
382
380
359
331
306
269
-255
-255
-284
-295
-301
-293
-294
-300
-301
-288
-279
-254
268
268
294
321
337
347
340
353
354
362
351
333
295
293
267
264
-260
-260
-267
-280
-282
-291
-292
-296
-292
-294
-275
-269
251
251
250
250
256
259
251
251
