-889
-889
-987
-987
-875
-875
-910
-910
-999
-905
-905
-1018
-1191
-966
-933
-1253
-1059
-1071
-1071
-926
-914
-914
1142
1142
1500
1796
1164
1164
1639
1957
2285
2393
2470
2147
2529
2656
2651
2462
2569
2706
2700
2724
2598
2255
1736
1981
2244
2132
1950
1965
1789
1423
1922
2520
1891
1745
2063
1910
1727
2084
2224
1758
1137
1127
1031
-926
-926
-1442
-1345
-1829
-2196
-1973
-2030
-2637
-3038
-2952
-3088
-3095
-2878
-2900
-3115
-2968
-2939
-3245
-3047
-2801
-2779
-2836
-2721
-2501
-2457
-2586
-2356
-2245
-2031
-1946
-2091
-1952
-1698
-1421
-1256
-1138
-1169
-1195
-965
890
890
1157
1646
1822
2014
1837
2093
2386
2769
3215
3100
3261
3658
3613
3682
3751
4236
4017
3789
4097
4232
4480
4229
3579
3720
3147
3406
3071
3172
3230
2817
1667
1033
1045
1620
1596
-982
-982
-1297
-1297
-1904
-1745
-1070
-1020
-894
-1450
-1527
-1265
-1324
-1131
-1050
-1005
-904
-924
-1699
-1699
-2305
-2038
-2102
-2126
-2389
-2051
-2136
-3147
-2866
-2042
-1608
-1735
-1545
-1425
-1963
-2043
-1561
-1110
-949
-893
-1070
-1409
-1297
-1001
-899
-983
-1145
-1145
-1269
-966
-966
1173
1173
1593
2234
2062
2554
2686
2936
3539
3743
4484
4438
4505
4666
5327
5808
5496
5646
5881
5766
5203
4500
4926
4899
4963
5360
3664
2287
1129
2108
2710
1778
-1390
-1390
-1236
-1719
-1719
-1932
-1415
-935
-1289
-1587
-1202
-914
-914
-1376
-1044
-1386
-1386
-1335
-1858
-1858
-3072
-3093
-2385
-2063
-2344
-1996
-2617
-3374
-3132
-2388
-1275
-1355
-1586
-1779
-2026
-1362
-1165
-952
-1045
-1045
-929
-896
-896
1073
1073
1111
1161
1669
2326
2569
3068
3854
3597
4083
3856
4698
5295
5519
6165
5496
5743
5788
6161
6077
5548
5478
4978
5405
5319
4149
2323
1815
3178
2416
1399
-1713
-1713
-1175
-1231
-1231
-2345
-2117
-1596
-1537
-1746
-1380
-1100
-1100
-1613
-1404
-881
-1034
-1438
-1085
-1350
-1350
-1544
-2475
-3396
-2587
-1905
-1831
-3406
-3439
-3077
-3531
-2698
-1701
-1562
-2399
-2250
-1595
-1888
-1074
-1137
-1137
-1034
-1068
-1068
-1068
-1047
-1047
-1462
-949
-949
-1038
1003
1003
1425
1872
1930
2933
3451
3499
4099
4292
4784
5155
5914
6496
6280
6206
6531
6736
6577
6857
6338
6349
5411
4317
3093
2123
3210
2389
1063
-1716
-1716
-1637
-951
-1002
-1575
-2692
-2301
-1960
-2481
-2541
-2023
-1257
-1324
-1971
-1687
-1147
-1467
-1784
-1367
-953
-953
-1542
-1759
-1592
-2342
-3226
-3407
-2368
-2078
-3277
-3776
-3876
-3553
-3564
-3036
-1712
-2089
-2473
-2494
-2209
-1374
-1366
-1311
-966
-1068
-1068
-1288
-1288
-1082
-1318
-1318
927
927
1311
1527
1908
2970
3692
3815
3982
4772
5321
5552
5439
6307
7191
7221
7151
7439
7416
7713
6620
7157
7375
5459
3503
1926
3489
3351
1703
894
-2009
-2009
-2330
-1145
-1145
-2082
-3209
-3300
-2501
-2746
-2723
-2317
-1930
-1428
-2023
-1783
-958
-1219
-2127
-1991
-1054
-1362
-1362
-1607
-1650
-2345
-2209
-2453
-2920
-3338
-3532
-2828
-3369
-3586
-3739
-4020
-3522
-2901
-2090
-2186
-2758
-2283
-2149
-1732
-1337
-990
-1024
-1304
-1033
-1123
-1123
-961
-1146
-1146
-1021
-1109
-1109
-1541
-1250
-1052
-1148
-1170
-1170
-1211
1226
1226
1901
2361
3034
3185
3622
4739
4921
5975
6236
6353
6872
7073
7609
7927
7641
8616
7974
8133
6793
4752
3973
3328
4298
3501
2522
1857
-1524
-1524
-1205
-1379
-1379
-1864
-2746
-2992
-2844
-3162
-3190
-2610
-2258
-2015
-2227
-1865
-1760
-2328
-2725
-1668
-1084
-911
-1231
-1394
-1678
-2384
-2171
-1902
-2357
-2637
-2709
-2535
-3015
-3264
-3294
-3415
-3350
-2973
-2446
-2234
-2673
-2410
-2447
-2231
-1521
-1067
-1259
-1331
-922
-952
-1178
-1053
-987
-987
-1123
-1123
-1159
879
879
1302
1799
2118
2641
3178
3457
3895
4614
5565
6192
6373
6866
7254
7608
7734
7851
8487
8754
9121
7922
5843
4833
4597
5226
4710
4106
3703
2262
-1549
-1549
-1950
-1861
-2516
-2652
-2697
-2403
-1903
-1894
-1319
-1257
-1530
-2229
-2082
-1395
-1045
-887
-999
-999
-1429
-1207
-1086
-1436
-1884
-1659
-1466
-1633
-2179
-2279
-1963
-2100
-2432
-1896
-1450
-1505
-1834
-1349
-1080
-1234
-1153
1388
1388
1983
2392
2580
2794
3493
3445
3892
4706
5057
5746
6098
6513
6766
6868
7186
7654
7692
6619
5791
5380
5691
5641
4748
4842
4389
3406
2775
2203
2370
2000
1218
928
-1028
-1028
-1189
-1460
-1263
-1069
-1144
-1165
-1441
-1388
-1310
-1375
-1006
-944
-944
-1058
-1011
-1170
-1026
-1174
-1251
-1263
-1486
-1459
-1174
-1172
-919
-1016
-1318
-1165
-1444
-1146
-1055
-1055
-1424
-1627
-1520
-1703
-1523
-1642
-1758
-1636
-1949
-1896
-1747
-1780
-1841
-1875
-1768
-1587
-1650
-1471
-1328
-1268
-1283
-1144
1108
1108
1464
1990
2365
2602
2810
3443
3937
4155
4339
4789
5138
5585
5667
5915
6591
6554
6555
6334
6315
6250
6107
6080
6410
6251
5749
5123
4550
4579
4154
3666
3091
2328
1744
1139
-1341
-1341
-1736
-1857
-2167
-1990
-2044
-2637
-2770
-2869
-2825
-2600
-2683
-2936
-2952
-3031
-2808
-2841
-2786
-2874
-3377
-3318
-3043
-2703
-2615
-2847
-2929
-2920
-2938
-2709
-2629
-2484
-2399
-2684
-2528
-2175
-1962
-1950
-1963
-1895
-1750
-1528
-1176
-1009
-987
-923
885
885
1008
989
1184
1405
1772
1966
2374
2663
2940
3170
3512
3795
3963
4389
4647
5089
5509
5748
5920
6284
6264
5954
5571
5414
5708
5915
5974
5545
5085
4227
3748
3587
3152
2745
1921
1041
-1258
-1258
-2177
-2788
-2992
-2796
-2567
-2518
-3106
-3585
-3660
-3496
-2984
-2952
-3053
-3282
-3369
-3094
-2610
-2297
-2316
-2597
-2979
-2750
-2423
-2128
-2111
-2179
-2432
-2456
-2256
-2092
-1966
-2323
-2681
-2610
-2385
-2199
-2044
-2045
-2213
-2428
-2173
-1981
-1747
-1640
-1658
-1753
-1718
-1613
-1518
-1367
-1329
-1166
-1262
-1224
1043
1043
1266
1633
1944
2305
2759
3051
3517
3668
4016
4560
4887
5491
5807
5837
5856
5604
5202
5306
5602
6238
5802
5133
4615
3827
3573
3321
3169
2538
1367
-1778
-1778
-2816
-3286
-3400
-3142
-2731
-3129
-3796
-4031
-4123
-3641
-3288
-3352
-3674
-4131
-4097
-3389
-2948
-2961
-3040
-3378
-3713
-3262
-2811
-2717
-3022
-3208
-3289
-3190
-2872
-2613
-2778
-3370
-3553
-3451
-2993
-2663
-2764
-2847
-3230
-3271
-2926
-2636
-2659
-2509
-2561
-2492
-2225
-2036
-1717
-1511
-1716
-1762
-1441
-1200
-1005
941
941
1303
1641
1894
2274
2835
3251
3648
4088
4479
5005
5414
5986
6020
5822
5256
5006
5556
6206
6547
5816
5121
3973
3440
3597
3488
3125
1929
-1268
-1268
-2469
-3495
-3698
-3491
-3084
-2858
-3849
-4369
-4514
-4436
-3724
-3523
-3826
-4307
-4572
-4062
-3417
-3061
-3064
-3633
-4104
-3815
-3256
-2918
-2902
-3383
-3594
-3636
-3251
-2751
-2745
-3265
-3965
-3831
-3507
-3163
-2820
-3017
-3240
-3375
-3279
-2942
-2730
-2559
-2651
-2765
-2555
-2344
-1985
-1771
-1847
-2048
-1966
-1743
-1468
-1231
-1017
1009
1009
1352
1708
2280
2582
2966
3311
3819
4163
4708
5377
5849
5980
5872
5118
4800
5479
6290
6844
6071
5185
4220
3585
3809
3845
3454
2348
912
-1228
-1228
-2683
-3625
-3850
-3536
-3027
-3066
-3950
-4759
-4949
-4368
-3732
-3606
-4082
-4767
-4856
-4264
-3430
-3005
-3237
-3845
-4282
-4173
-3471
-3045
-3141
-3621
-3802
-3729
-3416
-2901
-2930
-3530
-4113
-4128
-3702
-3126
-2818
-2956
-3365
-3422
-3176
-2792
-2500
-2449
-2439
-2613
-2433
-1960
-1664
-1653
-1587
-1509
-1362
-1128
1207
1207
1541
1773
2079
2547
3055
3568
3906
4336
4599
5150
5654
6257
6347
6051
5024
5171
6017
6914
7359
6375
5491
4069
3726
4041
4138
3747
2263
-1361
-1361
-2828
-3869
-3695
-3440
-2876
-2761
-4103
-4989
-5095
-4358
-3692
-3870
-4320
-4834
-5016
-4246
-3271
-3149
-3265
-3849
-4219
-3604
-2867
-2272
-2354
-3023
-3263
-3120
-2709
-2217
-2367
-2917
-3368
-3340
-2802
-2352
-2189
-2627
-2929
-3241
-3218
-2554
-2443
-2398
-2542
-2617
-2330
-2071
-1924
-1536
-1529
-1668
-1545
-1283
1141
1141
1485
1748
2201
2383
2922
3661
3947
4471
4815
5334
5773
6637
6705
6010
5059
5208
6163
7112
7312
6551
5417
4074
3896
4251
4362
4063
2425
873
1116
1116
-1347
-1347
-2795
-3507
-3645
-3318
-2479
-2513
-4076
-4904
-4778
-4070
-3649
-3956
-4486
-4993
-5113
-4266
-3172
-3125
-3614
-4291
-4316
-3646
-2783
-2383
-2778
-3269
-3374
-3108
-2480
-1962
-2260
-2952
-3311
-3019
-2327
-1985
-1979
-2323
-2744
-2788
-2635
-2375
-2433
-2488
-2656
-2676
-2254
-1956
-1826
-1862
-2091
-1877
-1591
-1592
-1215
1056
1056
1462
1887
2286
2768
3317
3780
4359
4591
5283
5642
6186
6790
6592
6133
4941
5637
6660
7352
7227
6155
5243
3877
3958
4393
4394
3681
1903
879
879
-1863
-1863
-3269
-3669
-3454
-3112
-2352
-2911
-4451
-4990
-4642
-3845
-3615
-4015
-4733
-5300
-5164
-4030
-3345
-3399
-4001
-4548
-4653
-3868
-2779
-2409
-3100
-3657
-3391
-3232
-2345
-1910
-2369
-3154
-3653
-2998
-2171
-1754
-1851
-2321
-2907
-3190
-2557
-2217
-2291
-2470
-2837
-2754
-2192
-1780
-1693
-1903
-2175
-2112
-1858
-1518
-954
1190
1190
1653
2084
2517
2914
3479
3984
4517
5002
5511
5940
6599
7033
6915
6223
5332
5958
6691
7752
7329
6459
5061
3848
4123
4328
4385
3597
1859
1008
1008
-1755
-1755
-3306
-3609
-3264
-2819
-2192
-2716
-4206
-4586
-4355
-3591
-3329
-3835
-4437
-4992
-4767
-3703
-3053
-3148
-3780
-4427
-4441
-3804
-2918
-2483
-2974
-3389
-3291
-2990
-2320
-2051
-2499
-3291
-3633
-2980
-2323
-1747
-1712
-2244
-2697
-2723
-2316
-2005
-2175
-2268
-2475
-2370
-1830
-1602
-1569
-1773
-1898
-1722
-1642
-1253
1103
1103
1554
2028
2621
3133
3663
4166
4695
5280
5970
6598
7220
7745
7492
6514
5425
6322
7382
8537
8045
6839
5619
4121
4366
4676
4756
4013
2111
892
892
1165
-1918
-1918
-3542
-4001
-3693
-3035
-2372
-3026
-4551
-5063
-4640
-3700
-3495
-4061
-4762
-5202
-4720
-3517
-2891
-3110
-3776
-4560
-4620
-3659
-2824
-2563
-3184
-3526
-3245
-2828
-2058
-1854
-2389
-3402
-3768
-2955
-2151
-1598
-1643
-2161
-2571
-2637
-2247
-1991
-2132
-2212
-2578
-2556
-1952
-1401
-1327
-1785
-2051
-2010
-1987
-1722
-1088
988
988
1348
1697
2270
2927
3434
4062
4724
5160
5468
6274
6983
7680
7667
7233
6050
6271
7480
8777
9002
7760
6525
4865
4468
5021
5221
4829
3137
1412
1532
1532
-1241
-1241
-3064
-3946
-3691
-3205
-2222
-2350
-4204
-5210
-5058
-4163
-3728
-3957
-4686
-5385
-5438
-4313
-3204
-3090
-3548
-4593
-4976
-4227
-3181
-2447
-2984
-3703
-3688
-3463
-2718
-2194
-2332
-3355
-4211
-3702
-3042
-2146
-1901
-2256
-2784
-3063
-2466
-2090
-2007
-2132
-2477
-2475
-2024
-1477
-1150
-1224
-1477
-1705
-1737
-1326
1188
1188
1358
1836
1984
2494
3052
3633
4407
5129
5780
6332
7014
7533
7963
7772
7044
6038
6881
7999
9403
8945
7837
6412
4919
4898
5251
5400
4523
2582
1418
1222
1222
1617
-1777
-1777
-3600
-4043
-3940
-3384
-2453
-3065
-4632
-5219
-5122
-4355
-4078
-4587
-5298
-5794
-5352
-4041
-3238
-3205
-3839
-4941
-5069
-4063
-3153
-2859
-3412
-3979
-3831
-3457
-2546
-2034
-2583
-3784
-4420
-3630
-2822
-1939
-1646
-2228
-2626
-3008
-2358
-1850
-2042
-1997
-2541
-2416
-1647
-1124
-1090
-1090
-1346
-1356
1035
1035
1438
1804
2000
2375
2564
3095
3588
4427
5060
5583
6270
6908
7700
8335
8222
7775
6346
6551
7784
9091
10071
8676
7727
5833
5112
5549
5495
5463
3970
2086
1206
1213
2234
1381
-2461
-2461
-3779
-3807
-3409
-2422
-2291
-3749
-4733
-5058
-4141
-3586
-3951
-4799
-5515
-5619
-4585
-3331
-2928
-3233
-4170
-4994
-4358
-3336
-2681
-2902
-3705
-3778
-3373
-2806
-1954
-1971
-3012
-3907
-4031
-3199
-2330
-1920
-2060
-2495
-2758
-2592
-2085
-2027
-2248
-2418
-2708
-2288
-1514
-976
-942
-942
-1039
-887
958
958
1349
1485
1938
2328
2720
3100
3304
3898
4387
4964
5861
6557
7346
7995
8700
8745
8243
7251
6795
7878
9036
9947
9072
8159
6575
5881
5909
5880
5689
4150
2558
1488
1171
2269
1637
-1851
-1851
-3291
-3533
-3580
-2810
-2162
-3657
-4685
-4800
-4207
-3351
-3806
-4490
-5385
-5819
-4892
-3736
-3135
-3275
-4027
-4767
-4541
-3634
-2828
-2917
-3575
-3890
-3455
-2843
-2190
-2036
-2740
-3784
-4037
-3350
-2550
-2111
-2231
-2477
-2768
-2605
-1970
-2031
-2143
-2400
-2871
-2353
-1705
-1158
-901
-901
-919
1357
1357
1821
2139
2585
2870
3212
3576
4097
4578
5134
5733
6661
7581
8466
8940
8436
7850
6667
7326
8312
9567
9648
8663
7680
6130
6332
6377
6022
5343
3387
2090
1268
1730
2537
1002
-2433
-2433
-3598
-3639
-3359
-2318
-2534
-4119
-4628
-4675
-3685
-3316
-3898
-4791
-5691
-5753
-4550
-3545
-3059
-3428
-4364
-4683
-4212
-3249
-2733
-3176
-3851
-4035
-3516
-2601
-1990
-2200
-3158
-4140
-3774
-3220
-2444
-2062
-2653
-2984
-3215
-2664
-1806
-2059
-2344
-2848
-2933
-2326
-1773
-1005
-1074
-1074
-1129
-1056
976
976
1466
1912
2548
2982
3411
3781
4036
4674
5245
5889
6569
7623
8320
9256
9071
8746
7442
7434
8196
9427
10277
9266
8390
6843
6580
6691
6378
6279
4500
2687
1798
1558
2757
1908
-1501
-1501
-3114
-3347
-3193
-2653
-2373
-3797
-4498
-4786
-4129
-3103
-3264
-4212
-5186
-5537
-4729
-3584
-2883
-2922
-3702
-4375
-3809
-2992
-2350
-2558
-3477
-3749
-3572
-2919
-1965
-1905
-2614
-3901
-3978
-3472
-2791
-2188
-2724
-2934
-3263
-3083
-2201
-2130
-2132
-2737
-3152
-2587
-2110
-1471
-899
-1089
-1139
-974
946
946
1436
2046
2565
3163
3663
4082
4481
4913
5642
6361
7001
7871
8724
9497
9258
8541
7679
8222
8713
10152
9873
9174
8088
6790
6956
6990
6729
5937
3860
2433
1557
1934
2589
1418
-2113
-2113
-3162
-3214
-3054
-2555
-2979
-4384
-5020
-5137
-4108
-3586
-4039
-4812
-5692
-5832
-4743
-3713
-3164
-3641
-4504
-4920
-4009
-2954
-2411
-2984
-3804
-4071
-3768
-2772
-1710
-1811
-2764
-3937
-3862
-3158
-2370
-2054
-2794
-3294
-3536
-3037
-2155
-2120
-2354
-3191
-3442
-2847
-2111
-1367
-1228
-1642
-1673
-1354
879
879
1740
2399
3110
3278
3378
3775
4399
5407
6103
6495
7179
7822
8629
8654
8387
7571
7881
8122
9336
9591
9145
8293
6903
6869
6671
6445
5931
4503
2946
1772
1795
2275
1692
-1428
-1428
-2776
-3255
-3347
-3076
-3058
-4287
-4968
-5487
-4733
-3972
-4126
-4699
-5630
-5941
-5361
-4472
-3651
-3632
-4191
-4792
-4342
-3444
-2628
-2868
-3418
-3994
-3922
-3178
-2120
-1638
-2307
-3110
-3594
-3173
-2374
-1992
-2149
-2894
-3319
-3011
-2175
-1825
-2027
-2605
-3156
-2980
-2167
-1254
-1014
-1014
-1281
-1195
1509
1509
2388
2963
3340
3302
3480
3994
4891
5735
6028
6734
7158
7808
7784
8189
7951
7273
7067
8107
9056
8382
8237
7051
6673
6455
6044
5823
4805
3765
2609
1860
2125
1984
1383
-1920
-1920
-2739
-2814
-2967
-3041
-3360
-3732
-4580
-5062
-4221
-3792
-4256
-5140
-5406
-5100
-4828
-4228
-3673
-3681
-4253
-4439
-3780
-3044
-2695
-2798
-2953
-3170
-3190
-2617
-1784
-1696
-2065
-2826
-2911
-2385
-1927
-1679
-1996
-2371
-2769
-2577
-1750
-1335
-1511
-2130
-2297
-1893
-1271
-881
-881
1009
1009
903
1121
1744
2357
2905
3053
3176
3011
3441
4351
5126
5763
5908
6015
6292
6598
6704
6594
6731
6366
6444
7453
7636
7490
6570
6486
6251
5434
5134
4643
4148
3144
2306
2104
2074
1876
-1394
-1394
-1735
-2003
-2284
-2349
-2619
-3369
-4370
-4163
-3751
-3919
-4440
-4759
-4603
-4768
-4594
-4035
-3792
-4072
-4537
-4457
-4032
-3742
-3564
-3433
-3416
-3573
-3489
-2975
-2514
-2476
-2709
-2991
-2770
-2304
-2012
-1785
-1773
-1816
-2023
-1763
-1286
-1116
-1116
-1256
-1709
-2495
-2495
2275
2275
-885
-885
895
895
1099
1099
1577
1163
1133
1734
2264
2540
2684
3027
2843
3259
3854
4686
5104
5559
6343
5946
4082
4090
5311
5678
5170
4939
5845
5961
5451
4969
4597
4853
4250
3254
2691
2950
3019
2381
1503
1292
992
-1324
-1324
-1786
-1471
-1560
-2620
-2708
-2758
-2887
-3417
-3890
-3518
-3344
-3943
-4448
-3758
-3201
-3534
-3770
-3564
-3357
-3500
-4194
-4660
-3954
-3770
-4673
-4649
-3856
-3840
-3944
-3544
-3023
-3111
-3550
-3501
-4441
-4891
-2961
-2078
-1755
-1490
-3652
-4325
-3119
-983
-983
-1001
-1123
-1123
-1044
-1085
3214
3214
2147
1300
2538
2516
2394
2957
4073
4892
5851
5533
4907
6414
7514
6499
8506
11136
12076
8805
5475
3552
6895
10336
8338
6731
7767
5142
1499
1959
1959
3414
-2431
-2431
-3773
-2375
-962
-3586
-6281
-6310
-7899
-7456
-7820
-5114
-2144
-5294
-9185
-9224
-6312
-2270
-3367
-2635
-2178
-2178
-2805
-1389
2644
2644
2330
2330
3652
3185
2205
-2250
-2250
-2901
-1773
-2387
-4975
-8275
-7875
-5940
-8186
-8467
-7207
-8172
-8518
-7745
-5278
-5065
-6464
-6219
-6734
-4446
-4939
-5654
-2999
-4222
-3520
-2170
-2400
1593
1593
3356
4774
3405
4354
6332
6694
7470
8527
10497
10711
10377
11380
13344
15338
15041
16426
21318
18909
5773
1467
2068
13942
17592
8939
4915
1891
-6076
-8750
-6848
4026
3752
-6066
-13531
-13941
-8654
-9239
-13197
-9794
-9640
-7572
-9721
-9592
-2198
-4891
-11621
-9793
-1863
8280
6191
1042
2275
1189
3309
3309
10576
15383
10657
3883
2865
4985
6617
5767
3298
-3853
-3853
-6106
-7594
-7252
-8401
-13928
-15900
-13943
-12460
-12786
-16605
-16885
-15497
-15465
-11431
-7170
-7246
-9891
-11350
-7795
-3302
959
959
1145
1680
4007
6757
8117
8212
7862
9854
12415
12063
11871
11413
12165
13390
14258
15098
15596
14152
13463
15734
17761
19350
18524
3585
-2939
-1910
10043
17273
6670
-1043
-5457
-12883
-12110
-9276
2620
2320
-10757
-18191
-18846
-10728
-7642
-11597
-8764
-9361
-6659
-8120
-8771
-1043
-1043
-7723
-5626
2941
13850
9199
1537
3415
4315
3967
7732
15100
18014
9279
-1377
-1377
3208
3567
-2564
-2564
-4793
-7568
-11891
-13640
-11559
-14067
-19116
-18091
-12678
-12203
-16890
-19302
-18001
-14984
-12740
-8720
-5055
-6949
-9794
-8781
-3729
2763
4630
4475
5722
7637
9015
9380
11522
14474
15505
14256
16660
19034
17269
15097
15526
18446
20258
18650
19767
21159
18035
16109
3202
-1347
10790
10790
17042
4047
-6131
-9847
-15324
-13413
-11314
1399
1179
-14472
-23474
-22612
-13517
-8450
-10731
-7101
-7794
-8474
-10708
-9875
2145
2145
-1789
6496
6496
13806
8465
1497
4399
9927
10056
11600
16274
15221
4731
-4396
-1056
4404
2282
-1124
-3633
-6865
-13263
-16849
-13548
-11815
-13771
-15951
-17653
-16363
-17950
-19603
-18559
-15151
-10492
-10454
-10272
-8392
-8450
-8262
-5547
2582
7767
6297
4889
7170
9005
10880
12879
18322
19395
17536
16087
18442
20188
20256
20689
21416
23311
22764
22112
24013
17845
2232
-3847
18707
18707
18257
1784
-8125
-14956
-18074
-15972
-8176
5758
-3151
-20925
-31217
-24983
-12332
-9365
-9575
-9017
-11085
-12139
-15757
-7521
2860
1692
-2296
9853
9853
13810
5654
3934
8876
11821
12372
16258
17428
11965
-1278
-1278
3142
4388
3186
-4526
-4526
-10961
-16405
-14811
-11892
-11299
-13319
-17114
-19640
-19875
-20272
-19416
-16355
-12279
-12344
-13670
-12265
-9538
-8512
-6632
5537
5537
5420
4207
6261
8512
10655
13701
18244
20776
18103
17089
17929
20271
22388
22770
23913
23393
22867
23717
21546
22240
8003
-1209
11541
11541
22472
5859
-9380
-14372
-18022
-14207
-11483
873
-20239
-20239
-31980
-29529
-14590
-6359
-10320
-10872
-13600
-15555
-16797
-11506
2356
4998
-1265
-2674
4980
12337
8547
3563
8606
15527
14116
15030
15931
13065
4592
-1563
5074
7861
5409
-937
-6776
-10071
-13613
-13104
-10539
-10953
-13053
-19662
-22209
-20139
-18242
-18333
-17867
-14648
-14151
-16883
-15485
-10840
-7275
-6486
-2848
2078
2986
1624
4244
8838
12720
14808
16372
17803
17610
17365
19403
22790
23945
24701
22571
23330
25011
25404
24633
22300
8239
14838
14838
23343
4840
-11633
-17352
-16856
-12238
-9449
-3485
-3485
-24604
-32690
-29428
-12449
-5264
-12592
-16136
-18578
-17724
-17731
-10916
3172
3932
-4126
-5520
3910
12068
8036
3820
10973
17191
14045
12392
12239
13188
6793
2896
5353
8849
5912
-1382
-6798
-8682
-8708
-10872
-10662
-9037
-12216
-19696
-23225
-18831
-16629
-16897
-16807
-14628
-15918
-18640
-15962
-9124
-5655
-4666
-3341
-1423
2386
2386
5685
9558
13632
14170
14240
14989
17747
19986
19828
22398
24196
25277
22160
22542
27724
25710
25941
20652
6226
2346
3340
20013
22273
-11337
-11337
-16161
-13372
-10076
-6862
2446
-9101
-28451
-32768
-25929
-8737
-7639
-14930
-17895
-20986
-19276
-17923
-8918
3454
-7524
-7524
-6257
3271
9863
5522
4143
14706
17060
12986
8958
11549
13254
7316
5228
8760
10282
4420
-3423
-6019
-3835
-5790
-8582
-8125
-9245
-13691
-20545
-20408
-16035
-15706
-16866
-16775
-16158
-17052
-18399
-14464
-8728
-5696
-4689
-5513
-2428
2670
2670
6140
10797
14807
13916
12325
15397
20311
20994
21560
22856
26562
24156
23387
26481
29549
27638
23963
11646
4336
6085
16074
25310
8204
-8293
-14027
-14213
-8529
-6058
-4778
-4778
-24900
-32768
-28925
-13660
-6354
-13979
-19745
-23656
-22723
-18757
-12798
-904
-7602
-7602
-10329
-1949
7099
7007
2948
10603
15457
11679
6886
9702
13488
8399
6055
9130
12532
5388
-3029
-4132
-1147
-1208
-4594
-5329
-8511
-14087
-17924
-17174
-13325
-12571
-17462
-19050
-18346
-16659
-15411
-14643
-10006
-7719
-7911
-8634
-3583
1311
1311
2678
7566
12493
12512
11286
14593
18488
20263
21189
24208
25525
24055
24640
26529
30571
29089
25274
14294
4670
7955
17244
25575
11845
-5933
-12555
-12999
-7607
-3649
-5259
-5259
-22782
-32768
-29656
-16089
-6851
-13385
-21038
-25298
-23531
-20089
-14317
-3961
-963
-7715
-11857
-4513
4120
6008
3130
9285
14974
12163
5987
9001
12750
11029
8599
8801
12968
5904
-1162
-2416
995
2580
-2778
-5123
-8457
-12771
-15092
-15116
-10938
-11541
-17016
-19529
-19246
-15173
-14412
-13968
-11189
-8599
-8626
-9865
-4379
1883
1883
2517
6433
12071
10536
10590
13904
19174
21284
20982
23562
24394
24061
25277
28157
31036
29584
23546
10943
6382
11351
23159
24854
5940
-6319
-11237
-8507
-4406
-2009
-9231
-9231
-26723
-32768
-24518
-10183
-8809
-17569
-23620
-25366
-22200
-19044
-11894
-3045
-4874
-12600
-11684
-2427
5735
3618
2915
9653
12025
8732
6855
11857
12012
6716
7351
13157
13721
5816
-2584
2691
2691
2251
928
-2466
-7043
-13125
-14709
-10888
-6853
-8379
-16304
-19415
-16776
-13472
-11634
-10509
-8378
-8067
-11127
-7644
-1163
2159
1648
3629
8385
10808
10396
12486
16349
18949
21169
22891
25045
25011
24865
28576
30006
30596
24923
11581
9514
14812
26416
23809
4129
-4559
-7439
-4786
-1520
1798
1798
-11721
-28785
-31117
-19108
-6668
-9491
-21024
-25383
-25975
-21692
-17654
-10663
-3891
-9439
-17232
-12732
-1726
5278
1703
923
8291
9967
5469
5616
10810
11472
7337
7339
12927
11279
2903
-2054
1638
6575
3634
-4426
-4426
-8657
-11264
-11241
-7219
-5484
-11034
-18183
-19583
-15676
-10714
-10890
-11114
-10444
-11097
-11531
-7886
-1242
1143
1715
1715
6382
8171
8689
10326
15268
18069
18617
21546
22778
23531
23755
26947
29332
28331
19209
8451
10471
18279
27651
16866
-5976
-5976
-6534
-2574
-1629
1154
-1319
-18400
-31365
-28012
-13236
-6454
-15187
-24278
-26574
-25353
-21323
-16245
-8194
-6923
-14834
-18827
-10705
3243
3243
-1255
5675
5675
4550
3173
5881
10334
8815
4944
7895
10605
6076
4573
4573
5795
2252
-2126
-6583
-9165
-9613
-7133
-5188
-7204
-13805
-18122
-16495
-11362
-9233
-10155
-10343
-10876
-10838
-9654
-3804
2656
2656
6891
7140
9347
11008
15035
17267
19044
20523
21719
23294
26464
27140
27040
24141
13412
11432
14769
24936
25185
6768
-2719
-4653
1837
1837
-8774
-8774
-23718
-27993
-18524
-6058
-8016
-20755
-26106
-25349
-20489
-17033
-12557
-6047
-9647
-18026
-15520
-5051
3710
1763
5354
5354
5460
3437
3356
10192
11640
7573
6821
10098
8809
3337
965
2958
6492
4158
-3679
-3679
-7337
-8278
-8180
-5985
-4490
-9084
-15259
-17155
-12744
-7993
-9305
-9060
-9268
-9235
-8990
-5527
1815
1815
1131
2006
6531
8665
9901
12675
15487
17763
17467
20920
24104
25276
26818
23941
23057
14297
13519
18125
25240
24452
7356
-1579
-1204
3273
5288
2032
-7572
-7572
-20976
-25692
-15060
-4188
-8062
-21674
-26878
-23805
-20688
-18822
-13332
-7313
-12004
-21637
-18254
-6116
-2033
-2033
-4630
1803
3031
-1143
7113
7113
11659
6086
3518
6751
7389
4021
1136
4188
7142
2906
-2008
-4072
-3482
-4389
-6678
-6566
-5516
-8994
-14048
-15404
-10648
-7838
-10321
-10925
-9625
-9076
-9751
-7547
1269
1269
3783
3783
6322
7774
10637
14361
17254
15815
18117
21568
24149
25055
23785
17112
10952
13447
20657
28153
17291
2281
-2953
5820
5820
5333
3889
-1118
-13296
-24183
-21726
-7676
-1129
-12819
-25041
-26258
-21788
-18387
-17359
-10439
-8220
-17642
-23357
-14395
-2635
-5986
-5986
-3150
2277
2105
-2893
-1586
6397
8918
7905
4555
3931
2478
1178
1178
7013
9446
1457
-7014
-8311
-4340
-1955
-3703
-5023
-7626
-13755
-15773
-11808
-6002
-7179
-10651
-12397
-9969
-8845
-7175
-4393
-1169
-908
-908
1478
4229
6515
7956
9954
14869
16809
15720
16398
19853
24023
23753
24135
18937
9952
10476
14997
28260
20859
3391
-3667
-2666
4442
3722
4129
2088
-9703
-23278
-24118
-9667
-8801
-8801
-22478
-24935
-21391
-17036
-16476
-10522
-6079
-14444
-22347
-15373
-2797
1433
-5604
-4953
2341
3160
-2203
-2203
5563
7768
6264
6024
5324
3720
-1488
-1488
4371
8679
3740
-4497
-8959
-7055
-4738
-4407
-4129
-5953
-11746
-17055
-14960
-7916
-6994
-9727
-11212
-10786
-8671
-9480
-4504
-1087
1245
4229
4229
5444
8236
10451
14237
16590
14742
15786
18548
23361
23596
23398
23344
10921
8974
9862
24399
27778
7513
-3203
-5086
3100
3912
1177
4030
-3587
-18736
-27505
-16369
-2712
-2712
-19739
-24907
-21244
-16791
-16994
-13865
-4359
-8473
-20850
-19423
-6068
3131
-2601
-6855
1286
4799
1985
-877
3215
7487
4999
5576
9766
6871
-2915
-2915
8753
8753
6563
-5746
-5746
-8105
-6454
-5742
-2744
-2665
-8314
-15385
-16916
-10148
-5694
-9417
-10398
-10052
-9619
-9332
-7165
-1451
-1451
3948
3948
5968
5976
7364
12941
14760
17062
15880
17453
20364
21994
22665
24850
24773
10328
8279
9886
27842
26292
5088
-3667
-2688
5140
2687
1996
6550
-3786
-20803
-26742
-11238
3789
-3740
-20228
-22175
-19327
-14818
-15230
-9624
-1481
-9051
-20417
-15723
-1648
5433
-2833
-4703
3995
6557
2771
6662
6662
8482
4082
6343
11606
8788
-3609
-3609
2623
9273
6043
1291
-4493
-5904
-6523
-5339
-1074
-1358
-7044
-14606
-15308
-7936
-4712
-8035
-8294
-8438
-7509
-9014
-5969
1333
933
1121
1121
4442
6713
6115
8815
14750
14232
16617
15015
19087
20052
21649
22145
25611
21555
9425
8219
12589
30608
21341
3146
-2694
7488
7488
1061
3727
6556
-5163
-21774
-23287
-5154
4679
-8143
-20985
-19375
-16061
-13901
-15374
-6504
-1869
-12359
-19902
-11883
1502
3436
-5273
-3355
4565
5048
923
8209
8209
9236
4916
6244
8302
6734
923
6101
6101
9850
3616
-2714
-4919
-1952
-3130
-3833
-1948
-3740
-8812
-13904
-10761
-4333
-6017
-10063
-9450
-7845
-6673
-7856
-4504
-1302
-1302
3908
3908
4994
5100
7778
12647
13035
12875
12478
16720
18613
20017
19907
24953
19020
5835
5955
12622
31188
20533
1270
-4520
6974
6974
2516
4754
7162
-6001
-22798
-23147
-3725
7095
-7061
-21712
-19830
-16227
-14130
-15003
-6012
-1560
-14094
-22197
-13135
1808
1808
-7405
-4588
2952
2505
-1809
-2470
6079
7070
3453
5330
6288
4334
-1625
-1962
6644
9678
4549
-4298
-6638
-3103
-2549
-1526
-2946
-2946
-10330
-15118
-10435
-2446
-3599
-9005
-9642
-8758
-7508
-7763
-3021
-2169
-2169
-949
3033
5081
4416
7896
11049
12401
11719
11253
15059
17479
17902
19858
21866
10161
5322
6194
22605
27595
7980
-1469
-2804
4863
4350
2422
8721
1928
-14394
-23499
-10896
5118
-15990
-15990
-18778
-15763
-13866
-14480
-9763
-8804
-8804
-20326
-17443
-4077
2138
-5376
-7582
-2541
-2541
-3914
2704
7289
1774
2885
5363
5295
-3095
-3095
3257
8386
6148
-5043
-5043
-3072
-2070
-2060
-5327
-5327
-11957
-10740
-3262
-1607
-5712
-8058
-7162
-6784
-6861
-4332
-1749
-1749
-1824
1553
3556
3423
5945
7960
10517
9665
9031
12003
13878
16189
15579
19117
18251
5956
3391
7850
24160
21927
3505
-3373
-1487
4824
3255
4768
8330
-1225
-17416
-20373
-5295
6484
-1438
-16176
-16612
-13807
-12936
-12270
-5720
-10259
-10259
-19470
-13599
-1436
-5747
-5747
-5145
-3534
-3534
-2214
4096
5210
1884
1884
4472
3779
-1122
-1122
3518
6520
2974
-2121
-3502
-1912
-2246
-2246
-1467
-1467
-6550
-9194
-7215
-1312
-2152
-6156
-6482
-5662
-4654
-4622
-1780
-1094
-1094
2474
2474
3698
4444
5095
7969
8882
9127
9515
11367
13277
14123
14294
17867
12918
3899
3469
11179
23540
13788
-3454
-3454
5152
5152
2755
5191
4978
-6911
-18131
-15166
5649
5649
-6784
-16812
-14612
-12175
-10911
-9964
-2940
-3090
-14180
-17390
-8686
-2037
-2037
-6960
-3409
-4149
-4149
-4638
-899
5236
3080
-1689
1758
1758
1241
-1109
4995
4995
3042
-1509
-3784
-2144
-1638
-1638
-2131
-3577
-3577
-6979
-7571
-3442
-886
-4122
-5846
-4737
-3696
-3883
-2970
1012
1012
1197
1197
2988
3793
4033
6402
7609
7184
7585
8212
11437
11395
11963
12453
15829
8342
1481
2985
12121
20948
8189
-2780
-4158
4020
4020
1462
5011
2400
-9378
-18204
-12014
2761
3593
-9429
-16059
-12723
-10867
-10267
-7600
-1041
-5081
-15418
-14842
-5272
1102
-3680
-6502
-2920
-1991
-4601
-3784
3563
3563
-2461
-2461
1067
1353
-2730
-2730
3754
3754
1314
-2267
-3711
-1911
-1079
-2538
-1487
-4164
-4164
-7273
-5738
-1445
-3863
-3863
-4857
-3447
-2550
-2239
-885
1444
1999
1201
1201
2864
4668
5333
5262
7697
7882
8003
7506
9812
10971
11422
10827
15073
10588
2042
1477
7392
19997
11406
-1466
-4693
-927
3606
1012
4157
4995
-5873
-16691
-13867
1079
6363
-5815
-14078
-11139
-9689
-8913
-7051
-1489
-1489
-12246
-13730
-5670
2012
-1130
-5282
-1485
-2985
-2985
-3500
4047
4047
1122
-1062
2290
2290
-1875
-1875
3156
3156
2109
-2121
-2619
-1415
-1917
-1917
-1655
-3257
-3257
-5570
-5009
-1464
-917
-3013
-3835
-2520
-1309
-1432
1439
1439
1851
1398
2585
3622
5362
4618
5743
7780
8848
8589
7934
8957
10297
10430
11453
12338
14923
9263
1428
1948
8799
18441
10443
-1760
-4834
-1032
3147
2010
3918
3765
-7096
-15927
-11744
2091
5035
-5993
-13152
-9991
-8289
-7822
-4834
-1729
-1729
-11439
-11161
-3105
2830
-3829
-3829
-2035
-2035
-2052
1864
4117
2062
1622
1622
2355
1817
1817
3876
1349
-1932
-2534
-1213
-1213
-1654
-1422
-3614
-4875
-3138
-1146
-1146
-3738
-3682
-1923
1028
1028
1321
1321
3101
4469
4994
3719
5445
7104
8444
7852
7905
8523
9326
9468
11024
12334
12790
9287
1246
2732
7506
16017
11150
-1500
-4914
-1684
3282
3216
2609
2500
-6285
-14060
-10877
4503
4503
-5268
-12981
-10536
-7946
-7165
-4288
-913
-2390
-10419
-10520
-3268
1388
-3924
-3924
-1530
-1871
-1871
-1179
1392
2886
1657
1556
1556
1870
1096
1096
3005
-1880
-1880
-2314
-1053
-1232
-1232
-2027
-2197
-3789
-4840
-2981
-1148
-1624
-4059
-4192
-2324
-995
2362
2362
3578
4234
4118
4714
6171
6886
6968
7234
7388
8633
8740
9751
10390
10476
7632
1694
1694
7905
16235
9344
-5217
-7090
4914
4914
3334
1797
941
-8514
-15289
-8178
4623
5103
-8042
-14837
-9469
-5943
-5774
-2798
-4502
-4502
-12642
-9728
2328
2328
-1959
-5307
-1635
-3219
-3219
-1535
1939
2936
-1509
-1509
1788
1788
2904
-986
-4228
-2776
-1196
-1196
-2725
-3121
-4905
-4635
-1903
-1882
-1882
-5467
-4476
-1548
-995
-995
1747
1747
3134
3406
2446
3120
5057
5277
5093
4929
6323
6836
7290
6996
7979
7517
7563
5038
2586
4064
5776
8011
2403
-2140
-1652
918
918
-2095
-2095
-7087
-8295
-4150
-2921
-2921
-8470
-8351
-6205
-6163
-5317
-3366
-3046
-6354
-8001
-4242
-1053
-1442
-2837
-2646
-899
-1988
-2013
1084
1084
995
1340
1340
-2068
-2068
-2772
-1348
-1930
-1930
-2285
-2924
-3657
-2619
-1427
-1091
-2950
-3788
-2245
-1301
2001
2001
2843
3032
2834
3496
3717
3456
4159
5181
5817
5690
4935
5414
5681
6263
6048
6258
4496
2080
1995
3440
5113
2279
-1647
-1647
-1190
-1190
-1042
-1104
-2058
-5083
-6272
-3798
-2299
-3078
-5523
-5469
-4987
-4531
-4059
-3059
-3081
-4453
-4594
-3229
-1423
-1523
-1759
-1967
-1831
-1228
-946
-946
-887
-1380
-1161
-1292
-1325
-1501
-1787
-2149
-2263
-1755
-1440
-1513
-1596
-1527
-1285
1508
1508
2231
2638
2369
2457
2399
2873
3417
4115
4040
3773
3576
3702
4210
4208
4517
4102
4100
2949
1897
1851
1990
2603
1372
-893
-893
-1184
-1285
-1391
-1391
-3004
-4031
-3007
-2288
-1881
-2864
-3149
-3450
-3599
-2920
-2148
-1639
-2744
-2998
-2443
-1697
-1608
-1839
-1136
-872
-872
-1427
-1017
-1196
-1196
-1369
-919
-919
-1168
1024
1024
1589
1389
1399
1857
1854
2207
2395
2790
2380
2291
2494
3162
3110
2731
2704
2900
3203
2771
2974
3088
2775
2439
2267
2724
2653
1571
1013
912
1621
-935
-935
-1889
-1265
-906
-906
-1496
-1567
-1291
-1331
-1336
-1118
-984
-1258
-1651
-1557
-1038
-1038
-1247
-1230
-887
-960
-1052
-1052
-958
995
995
1392
1522
1552
1578
1864
1726
1916
2211
2468
2358
1844
1678
1977
2189
2181
1825
1726
1747
1387
1433
1664
1661
1234
1112
1112
1101
971
879
901
982
982
1289
998
907
907
1139
910
1479
1479
1111
-1289
-1289
-1175
-1252
-1403
-1778
-1685
-1531
-1721
-2142
-2581
-2292
-2103
-1788
-1745
-1781
-1893
-1990
-1659
-1035
1005
1005
1267
1565
1965
2230
2462
2243
1992
2342
2693
2661
2292
2120
2258
2214
1932
1790
1457
1082
937
937
1065
1065
1195
1409
1399
1345
1495
1460
1362
1146
1168
1122
944
-1096
-1096
-1367
-1377
-1399
-1400
-1632
-1856
-1943
-1994
-1868
-1675
-1464
-1534
-1658
-1540
-1074
1102
1102
1220
1107
1225
1424
1715
1787
1961
1954
1763
1658
1672
2009
2127
1862
1562
1229
1035
1043
1091
1091
1238
1223
1297
1717
2045
1972
1651
1581
1734
1732
1692
1565
1470
1224
-1029
-1029
-1005
-908
-1041
-1253
-1330
-1352
-1280
-1194
-1030
877
877
1031
1294
1447
1578
1638
1617
1670
1506
1495
1741
1806
1662
1139
952
886
-1141
-1141
-1084
-985
-952
1098
1098
1307
1598
1866
1820
1657
1969
2190
2226
1843
1767
2028
1866
1535
1268
1294
1015
-926
-926
-925
1007
1007
1229
1292
1374
1481
1517
1347
1284
1286
1509
1571
1383
891
-1024
-1024
-1337
-1431
-1408
-1393
-1116
-902
-989
-989
-875
1194
1194
1487
1504
1443
1669
1897
1918
1859
1826
1865
1683
1391
1407
1334
1052
912
-1023
-1023
-947
1057
1057
1160
1393
1415
1386
1221
1173
1434
1503
1385
1199
977
-1026
-1026
-1214
-1328
-1439
-1385
-1271
-1297
-1315
-1263
-1207
-1001
933
933
1286
1355
1395
1606
1818
1846
1875
1935
1962
1901
1622
1680
1604
1494
1358
1050
880
888
888
1093
1223
1313
1527
1605
1519
1566
1661
1763
1470
1167
1201
1144
1078
928
-895
-895
-990
1097
1097
1232
1354
1535
1693
1847
1846
1988
2063
1965
2005
2007
2011
1937
1674
1477
1331
1121
995
941
952
954
954
1004
1025
1158
1188
1407
1499
1530
1290
1048
969
910
-992
-992
-1047
-1116
-1255
-1191
-1222
-1274
-1338
-1215
-1080
-1020
-911
-1019
-1019
-1375
-1600
-1819
-1951
-1996
-2009
-2183
-2275
-2400
-2491
-2402
-2277
-2138
-2077
-2016
-2052
-2002
-1785
-1491
-1253
-1197
-1139
-1027
-922
-1054
-1054
-1211
-1208
-1143
-1340
-1517
-1624
-1814
-1909
-1899
-1840
-1879
-1893
-1973
-1866
-1696
-1638
-1431
-1279
-1107
-1083
-1049
996
996
938
950
1037
1184
1141
1104
1031
-889
-889
-893
954
954
1031
952
886
917
917
1017
1017
1066
1091
1158
1354
1629
1578
1427
1512
1550
1422
1480
1469
1391
1100
872
886
893
966
966
-950
-950
-934
-966
-966
-908
-872
-872
-909
-1072
-1072
-1302
-1353
-1241
-1256
-1325
-1244
-1091
-1001
-1101
-1010
-875
-875
-918
-1062
-1062
-1110
-1149
-1197
-1216
-1320
-1499
-1644
-1708
-1639
-1520
-1555
-1518
-1449
-1418
-1456
-1472
-1219
-900
-944
-944
-1094
-1094
-1309
-1390
-1532
-1679
-1713
-1700
-1702
-2256
-1787
-1840
-1766
-2286
-1632
-1616
-2118
-1654
-2043
-1422
-1674
-1281
-1410
-1159
-1260
-1106
-950
-950
-894
-894
-1044
-1123
-1090
-1069
-1146
-1348
-1560
-1594
-1734
-1666
-1750
-1828
-1960
-2050
-2177
-2057
-2050
-2204
-2215
-2118
-1874
-1914
-1828
-1644
-1525
-1570
-1529
-1199
-1062
-1066
-1024
-906
-906
-1006
-1006
-1179
-1163
-1079
-1121
-1311
-1442
-1538
-1703
-1764
-1827
-2001
-2077
-2225
-2189
-2031
-1828
-1949
-2072
-2056
-1924
-1834
-1725
-1536
-1506
-1460
-1441
-1249
-1035
-1008
-932
-887
-887
-965
-975
-974
-952
-1216
-1339
-1223
-1051
-1054
-1167
-1164
-1057
-922
-928
-928
-1051
-1213
-1300
-1254
-1110
-1101
-1242
-1217
-1190
-1159
-1004
-943
-872
-872
-980
-972
-904
-910
-925
-1014
-1013
-912
-912
-928
-928
-1041
-1165
-1086
-1024
-1148
-1168
-1129
-998
-1027
-994
918
918
959
904
1024
1024
1092
1041
997
887
888
882
882
893
893
873
873
992
1136
1252
1254
1365
1409
1371
1411
1423
1424
1458
1392
1411
1359
1333
1212
1182
1134
975
956
956
1018
895
906
906
1047
1105
1223
1276
1263
1260
1331
1451
1450
1544
1602
1622
1598
1628
1653
1575
1576
1498
1423
1226
1274
1338
1229
1176
1114
1052
1058
1041
992
899
877
915
915
964
961
1016
964
1070
1124
1201
1134
1264
1343
1244
1212
1311
1353
1239
1247
1210
1224
1193
1175
1035
1000
1006
991
910
889
886
913
902
902
928
968
951
947
1112
1155
1174
1135
1137
1177
1148
1165
1194
1230
1166
1073
930
993
1100
1001
925
936
936
908
