1181
1181
1187
1240
1261
1295
1425
1439
1479
1383
1615
1706
1612
1545
1495
1582
1455
1493
1524
1490
1442
1510
1430
1471
1469
1448
1453
1339
1326
1323
1263
1201
1194
-1281
-1281
-1483
-1756
-1941
-2096
-2314
-2437
-2508
-2587
-2565
-2594
-2762
-2811
-2778
-2866
-2817
-2798
-2652
-2636
-2670
-2556
-2443
-2308
-2124
-1926
-1936
-1868
-1730
-1601
-1491
-1346
-1185
1271
1271
1262
1384
1435
1417
1530
1533
1592
1622
1716
1671
1785
1787
1751
1754
1777
1930
1796
1997
2030
2102
2256
2331
2324
2396
2418
2237
2165
2018
2031
2032
2070
1976
1812
1510
1257
-1258
-1258
-1425
-1658
-1864
-1948
-1960
-1977
-1895
-1872
-1985
-2045
-2013
-1852
-1773
-1635
-1573
-1499
-1435
-1403
-1277
-1413
-1413
-1628
-1753
-1835
-1994
-1951
-2158
-2472
-2573
-2548
-2511
-2531
-2518
-2555
-2509
-2377
-2371
-2387
-2316
-2266
-2138
-1867
-1655
-1558
-1294
1394
1394
1657
1840
2112
2415
2526
2730
2897
3146
3297
3561
3733
3913
4098
4183
4270
4184
3906
3699
3766
3644
3695
3621
3362
2948
2460
2171
2002
1922
1603
-1520
-1520
-1886
-2282
-2410
-2387
-2601
-2731
-2898
-2922
-2968
-2945
-2941
-3023
-2962
-2863
-2613
-2608
-2529
-2303
-2041
-1817
-1592
-1453
-1266
-1332
-1332
-1622
-1852
-2000
-1927
-2144
-2254
-2537
-2699
-2772
-2878
-2865
-2879
-2927
-2861
-2752
-2804
-2680
-2621
-2439
-2125
-1939
-1713
-1510
-1407
1394
1394
1765
2142
2495
2777
3075
3282
3616
3693
3838
4094
4566
4926
5261
5208
4904
4327
4001
4025
4072
4238
4024
3711
3190
2814
2730
2588
2211
1495
-1572
-1572
-2027
-2473
-2675
-2772
-2925
-3135
-3412
-3368
-3267
-3302
-3349
-3331
-3413
-3315
-3200
-3051
-2955
-2862
-2588
-2336
-1987
-1767
-1670
-1500
-1204
-1316
-1316
-1592
-1833
-2163
-2439
-2455
-2620
-2788
-2914
-3070
-3126
-3164
-3187
-3238
-3397
-3336
-3086
-3011
-2884
-2817
-2682
-2389
-2082
-1833
-1566
-1310
1604
1604
2043
2557
2888
3159
3543
3894
4151
4466
4870
5367
5971
6109
5954
5285
4855
4802
4937
5350
5142
4811
4177
3728
3624
3502
3272
2541
1512
-1244
-1244
-1948
-2549
-2790
-2923
-3122
-3404
-3584
-3694
-3751
-3629
-3678
-3684
-3785
-3854
-3804
-3542
-3380
-3289
-3030
-2709
-2322
-2098
-1914
-1845
-1680
-1245
1416
1416
1560
1561
-1255
-1255
-1646
-2260
-2776
-3049
-3148
-3069
-3271
-3503
-3752
-3797
-3853
-3918
-3968
-4057
-3911
-3730
-3590
-3417
-3179
-3073
-2818
-2479
-2210
-1877
-1609
-1379
1279
1279
1731
2325
2812
3352
3801
4275
4629
4907
5389
5787
6377
6616
6280
5606
5350
5482
5851
6177
6021
5552
4983
4463
4276
4200
3787
2920
1875
-1730
-1730
-2243
-2459
-2690
-2911
-3303
-3507
-3613
-3738
-3826
-3838
-3813
-4026
-3998
-3843
-3674
-3522
-3462
-3342
-3032
-2611
-2361
-2136
-1963
-1635
-1341
1324
1324
1511
1676
1922
2153
2237
1988
1480
-1640
-1640
-2235
-2638
-2786
-2978
-3057
-3286
-3465
-3642
-3828
-3870
-3991
-4101
-4211
-3975
-3847
-3650
-3463
-3396
-3082
-2837
-2528
-2134
-1782
-1418
1228
1228
1650
2164
2877
3530
3939
4348
4883
5291
5695
6197
6825
7143
6817
6224
5928
6001
6391
6671
6497
6155
5601
5087
4885
4748
4350
3521
2540
1617
1219
-1594
-1594
-2255
-2559
-2747
-3034
-3344
-3558
-3712
-3828
-3886
-3949
-3973
-4118
-4233
-4157
-3919
-3779
-3731
-3608
-3308
-2858
-2640
-2435
-2169
-1985
-1617
1318
1318
1440
1586
1877
2114
2104
1846
1348
-1248
-1248
-1542
-2061
-2725
-3146
-3499
-3676
-4004
-4386
-4465
-4661
-4725
-4852
-4643
-5176
-5250
-4789
-4834
-4625
-4274
-3676
-3449
-2722
-2320
-1581
1466
1466
2389
3330
4343
5249
6261
7367
8444
9227
10197
10780
11143
11558
11702
10843
9037
6950
5195
3770
1824
-1483
-1483
-1970
-2610
-2752
-2006
-1426
-1426
-2099
-2577
-2912
-3305
-3676
-4284
-4709
-4901
-5047
-5339
-5772
-5795
-5507
-5131
-4801
-4210
-2823
-1215
2456
2456
3784
4866
5373
5486
5529
5415
4886
4112
3431
2864
2347
1619
-1706
-1706
-2900
-4264
-5743
-7019
-7824
-7963
-7468
-6916
-5965
-4795
-3442
-2562
-2066
-1860
-2126
-2654
-3695
-4721
-5705
-6433
-6923
-7303
-7415
-7179
-6487
-5721
-4929
-3961
-2963
-1903
1669
1669
2703
3596
4651
5493
6469
7269
7988
8714
9325
10030
10627
11073
11455
11867
12392
12654
12352
12009
10599
7691
3887
-2167
-2167
-4413
-6969
-8610
-8326
-6966
-5268
-3865
-1631
3559
3559
4704
4958
5269
5126
4261
2834
1376
-1268
-1268
-2585
-3829
-4642
-5277
-5690
-6144
-6600
-7029
-7107
-6777
-6459
-5779
-4658
-2971
1300
1300
3214
5361
7486
8786
9142
8816
8034
7046
5547
3617
1779
-2020
-2020
-2722
-2716
-2303
-1924
-1681
-1346
-1512
-1512
-2147
-2414
-3335
-4913
-6581
-7376
-7762
-8249
-8851
-8836
-8053
-7208
-6315
-5577
-4632
-3949
-3629
-3237
-3207
-3498
-3922
-4308
-4455
-4426
-4055
-3465
-2509
-1383
1378
1378
2752
4025
4718
5290
5821
6439
6970
7352
7956
8877
10070
11134
12132
12764
13553
13915
13588
12651
11223
8599
3868
-1599
-5837
-8118
-9391
-10882
-11084
-8600
-4966
-1492
3837
3837
6385
7683
7312
6066
5450
4374
2739
-1630
-1630
-2954
-4311
-5552
-6878
-8039
-9097
-9961
-10361
-9615
-7616
-5105
-2359
3715
3715
6821
8689
9335
9705
9441
8142
5805
3554
1781
-1368
-1368
-2420
-2678
-2510
-2427
-2444
-2147
-1693
-1278
1348
1348
2226
2796
2541
-3104
-3104
-5336
-7911
-10258
-11574
-11779
-11004
-9480
-7420
-5420
-3586
-2226
-1353
-1829
-1829
-3040
-4386
-5368
-6150
-6690
-6811
-6309
-5275
-3957
-2471
1704
1704
2460
3190
4219
5077
5610
6067
6829
7856
9020
10112
11275
12364
12978
13391
13756
13807
13626
12612
10951
7905
2579
-3624
-8210
-10373
-11411
-12101
-11387
-8287
-3900
3255
3255
5973
7980
8532
7648
6168
5257
4296
2863
1310
-1444
-1444
-3203
-5303
-7516
-9638
-11348
-12239
-12388
-11822
-9737
-6293
-2432
1318
4782
7755
9709
10193
9531
8342
6958
4952
2502
-1251
-1251
-1837
-2186
-2210
-2558
-3010
-3369
-3348
-2756
-1874
1466
1466
3275
4919
6159
6168
3415
-3938
-3938
-7439
-10920
-13298
-14044
-13003
-11001
-8619
-6017
-3357
-1525
-1203
-1348
-1932
-2696
-4097
-5720
-5944
-5509
-5510
-5509
-5214
-4635
-4160
-3661
-2898
-1547
2204
2204
4004
5764
6701
7273
7821
8551
9020
8955
9888
11179
11855
12103
12462
13795
14904
14085
11685
8685
4591
-2005
-8789
-12456
-13022
-12251
-11761
-9662
-4585
4387
4387
5923
7427
8333
7306
5115
3814
4095
4081
3082
2368
2258
1553
-3991
-3991
-7423
-10189
-12894
-14287
-14067
-11957
-9617
-5878
-1238
2815
6190
8087
8803
8522
7519
6018
4987
3995
3097
2129
2136
1844
1384
-1482
-1482
-3343
-5011
-6406
-6303
-5655
-3869
-1800
3403
3403
5528
6414
4656
2380
-3522
-3522
-7862
-11024
-11808
-11324
-10429
-8482
-5961
-3531
-2258
-2268
-2442
-2684
-3654
-4980
-5549
-5082
-4268
-4334
-4386
-3758
-3851
-4656
-5287
-4800
-3970
-2519
1683
1683
4574
6467
7575
8213
8664
8991
8624
8697
10117
11559
12281
12917
14243
15619
16129
15304
13247
9752
3124
-6232
-13552
-15904
-14907
-13566
-12588
-9138
-2981
2269
4905
6145
7357
7356
5653
3998
4662
7050
8039
7156
5972
4936
2914
-6043
-6043
-10806
-14538
-16858
-17030
-15027
-11879
-7988
-3875
3450
3450
5930
7350
7369
6346
5347
5418
6137
6555
6215
5593
4780
3315
-1582
-1582
-4179
-6844
-9142
-9863
-8423
-5886
-3227
1826
1826
4194
5296
4225
3220
-4614
-4614
-7618
-9010
-8205
-7888
-7538
-6015
-4412
-3121
-3767
-3576
-4765
-5619
-5836
-5960
-4391
-2823
-2333
-3076
-2887
-3143
-4047
-5149
-5774
-4890
-3721
-1700
1184
4328
6416
7411
8008
8579
9192
9111
8894
9968
11732
12743
13322
14353
15661
15719
15603
14996
11998
5727
-2994
-11669
-16201
-16556
-14651
-12487
-10298
-6278
-1600
2039
3300
4333
3939
3252
3006
3806
6530
9529
11265
10428
8821
6212
2510
-2412
-8295
-12937
-15714
-16528
-15242
-12577
-9126
-5794
-3230
-1478
1961
1961
3108
3606
4013
5149
7271
9290
10437
10266
8897
6303
3092
-2995
-2995
-5094
-6903
-7960
-7700
-6054
-4483
-2919
-2263
-1558
-1291
-1800
-3672
-5206
-4680
-4215
-3927
-4230
-2805
-1628
-1341
-2737
-3513
-3967
-5574
-5921
-5861
-4835
-3993
-3898
-3805
-3536
-3419
-4655
-5597
-5992
-5455
-4151
-3127
2037
2037
3685
4918
5515
6735
7145
7648
9023
11548
14103
15499
16923
17394
18200
17506
16883
16178
15564
13397
6355
-2670
-13214
-18189
-18667
-16570
-13894
-13308
-9211
-4841
2330
2330
3304
5326
7012
11092
15762
17752
16324
12895
9301
4698
-1294
-8444
-13466
-15412
-15271
-14383
-13015
-10582
-8888
-7768
-7569
-6744
-4109
2576
2576
5924
9300
12436
14416
15113
13865
11283
7352
3143
-3124
-3124
-4353
-4909
-5429
-6570
-7634
-8669
-8771
-8818
-8741
-8514
-6899
-4661
-3874
-1994
-2158
-2409
-2409
-3376
-3376
-2573
-4199
-4595
-3870
-5377
-4869
-6763
-6097
-6325
-5898
-4974
-4885
-3303
-2858
-1590
1583
1583
3148
4343
5092
5859
7299
9283
10797
12899
14485
17047
17440
17540
16923
16286
17006
16680
16966
13179
6742
-3510
-13901
-18836
-19541
-15684
-13734
-11514
-8940
-5425
-1733
-2153
-2256
-2482
3788
3788
7553
11802
15129
17574
17149
14588
10837
6122
1301
-3877
-8267
-10603
-11066
-9881
-8714
-8325
-9394
-11213
-12011
-11806
-10163
-7283
-3017
2257
6601
9451
10740
11498
11800
10945
9178
6736
4957
4128
3754
3109
1836
-2574
-2574
-5305
-8161
-10399
-11327
-10744
-9376
-8940
-8619
-8691
-7271
-5906
-4218
-2950
-1453
1710
1710
3044
1822
-1465
-1465
-1655
-2270
-2878
-4336
-4592
-5202
-5071
-5132
-4921
-4043
-2969
-1721
1351
1351
2812
4154
4776
5080
5346
6186
7849
9804
11906
13575
14980
15611
15637
15419
15124
14948
14369
12103
7703
-5683
-5683
-9487
-10243
-8527
-6381
-4323
-3392
-2466
-3176
-4503
-6581
-7498
-6193
-3046
1676
5504
8195
8270
7097
5082
3194
1870
1383
-2599
-2599
-3490
-3990
-3935
-3769
-3191
-2179
-1326
-1326
-1761
-1404
1530
1530
2119
2465
2335
1942
1212
-1817
-1817
-2439
-2642
-2303
-1828
-1366
-1308
-1403
-1613
-2083
-2425
-2813
-3112
-2866
-2166
-1522
-1558
-1558
-2351
-2859
-2731
-2523
-1770
-1641
-1190
-1190
-1297
1417
1417
1578
1714
1861
1842
1896
1908
2271
3081
3653
4272
4401
4479
4545
4846
4779
4557
4400
3830
3330
2983
2682
2752
2666
2483
2092
1593
-1362
-1362
-2293
-2958
-3005
-2718
-2299
-2040
-2281
-2518
-2883
-2979
-2843
-2739
-2613
-2529
-1966
-1275
1358
1358
1549
1427
-1687
-1687
-2439
-3021
-3073
-2945
-2620
-2293
-1940
-1699
-1616
-1827
-2487
-2903
-3024
-2532
-1708
-1702
-1702
-2177
-2456
-2055
-1591
1551
1551
1762
2315
2645
3194
3858
4533
5204
6136
6749
7261
7559
7655
7745
7065
6069
4574
2903
1739
1251
-1874
-1874
-3066
-4378
-5395
-5988
-5923
-5124
-3999
-3146
-2420
-1734
-1248
1481
1481
2130
2734
3061
2681
1877
-1303
-1303
-1668
-1717
-1979
-1987
-2125
-2151
-2357
-2787
-3092
-2892
-2431
-1627
1465
1465
1464
1227
-1487
-1487
-4758
-8423
-10408
-10610
-8909
-6944
-4970
-3743
-3046
-2994
-3463
-4727
-5507
-4714
-2342
1743
1743
1461
-2043
-2043
-3771
-4982
-5992
-5643
-4249
-2027
1224
1224
1679
2163
3013
3753
4847
6808
9331
12077
14127
15620
16326
17276
17960
19299
20126
20583
18342
10652
-13112
-13112
-18964
-20675
-18559
-16598
-13546
-10248
-6924
-6258
-7597
-9516
-9405
-5853
6984
6984
13456
18656
20921
21365
19506
16407
11072
5957
-2781
-2781
-5539
-6873
-6605
-6339
-7197
-9754
-13021
-16098
-17131
-16190
-12238
-6411
6417
6417
9854
11389
11848
11809
11411
10385
9320
8371
7561
7135
5844
3392
-4047
-4047
-8154
-11463
-14236
-15192
-14996
-14395
-13726
-13174
-11210
-9317
-7408
-5929
-3174
3170
3170
4763
5377
4596
3176
1335
-2799
-2799
-4572
-5751
-6637
-7043
-7212
-6915
-6631
-5534
-4142
-2147
1789
1789
3727
5248
6277
6956
7855
9561
12272
15375
17962
20218
21350
22814
22873
23345
23021
22950
17476
3793
-15373
-29993
-32157
-26218
-19860
-17810
-13868
-7853
-2633
-4583
-9049
-10653
-6057
1914
10091
17805
24372
28087
27525
24064
18886
12710
4316
-4074
-10478
-13770
-15368
-15180
-13218
-10059
-9621
-12250
-15791
-17048
-15061
-10913
-4180
4413
12898
18100
18849
17168
15952
14895
12666
8423
4048
-1914
-1914
-4720
-8350
-11721
-14493
-16656
-17973
-16767
-12506
-6773
-1790
-1358
-1358
-2814
-3506
-2507
-2834
-2834
-5126
-7662
-8904
-8621
-7506
-7025
-6594
-5602
-3748
-1936
1970
1970
4116
5980
7562
8764
10474
12445
15042
17615
20262
21917
23250
22735
22387
22253
23185
18562
3624
-19631
-32768
-32768
-30874
-23178
-20088
-12529
-2570
4149
1237
-4801
-6841
-2595
4616
10858
17909
24276
28206
27095
23342
17953
10700
-11004
-11004
-18365
-21427
-22796
-21476
-16402
-9792
-6505
-7830
-10985
-12235
-10389
-6396
8359
8359
16920
21663
21818
19573
17439
14768
9996
3257
-3614
-8562
-10580
-10097
-8673
-8861
-10136
-11271
-11618
-12752
-13901
-12865
-7833
-1336
3857
6134
5468
3557
-3484
-3484
-6069
-6614
-7017
-7228
-7700
-7137
-6516
-6183
-6995
-7502
-6189
-4645
-3771
-3896
-2916
1191
1191
1689
-1260
-1260
-2632
-3169
-2423
2027
2027
4685
6953
8414
10541
12594
15371
17740
20333
22360
23916
24072
24518
25518
27645
23288
5790
-21033
-32768
-32285
-32768
-27895
-25106
-16596
-3228
6496
4338
-1389
-2307
3795
10705
14262
17925
23195
27578
26997
23827
18951
11323
-1822
-15557
-25117
-28805
-29890
-28189
-22052
-12978
-6603
-5170
-6761
-6778
-3540
1268
6894
13219
19015
21954
21577
19897
18362
15123
8740
-10252
-10252
-17547
-20321
-18809
-15484
-13360
-11927
-9703
-7092
-5952
-6540
-4974
-1233
2667
4206
3884
3474
2724
-2566
-2566
-5561
-7817
-9841
-12371
-13845
-12561
-8569
-5174
-3617
-2763
-1388
-2262
-2262
-2803
-1806
-1228
-1228
-2779
-3185
-2258
3116
3116
4938
6670
9083
13060
17649
21932
24322
25927
26604
26705
26994
28155
29805
21104
-4704
-30370
-32768
-32768
-32361
-31440
-28592
-14362
3669
11153
4018
4755
4755
15496
18879
17410
18524
25438
29011
26530
21347
15894
5758
-10551
-25970
-32768
-32552
-32768
-30443
-21249
-9561
-2239
-1367
-1367
1371
6600
11617
15142
18259
20045
19531
17964
17036
14907
8998
-11039
-11039
-20128
-26152
-27076
-23103
-17110
-12520
-8858
-4317
2209
2209
2255
3430
6930
9175
7378
3513
-4130
-4130
-9494
-13953
-15615
-15423
-15654
-14923
-11278
-4738
2910
2910
2971
3627
4181
2841
-2110
-2110
-1976
-1844
-3280
-5921
-6831
-5523
-3103
3331
3331
6860
10103
12432
15349
18405
21830
23626
24800
25960
27399
28384
30036
32329
27461
2044
-28887
-32768
-32500
-32768
-32680
-31811
-17625
5388
20630
16017
7826
11004
21119
23630
16614
13034
19690
27440
25628
19777
14627
7529
-8594
-28366
-32768
-32420
-32768
-31764
-23727
-9588
2696
8892
10036
11613
15034
18341
18651
17381
15367
13210
12376
12699
11299
5061
-5163
-15439
-23738
-30162
-32059
-27179
-17552
-8901
-3842
1391
8002
12543
12596
10927
10596
8787
2914
-5673
-11021
-11529
-10953
-13281
-16527
-17697
-15669
-12725
-10971
-7442
7149
7149
10330
9422
7399
5888
3159
-5444
-5444
-7815
-8157
-8132
-8580
-7468
-3697
1279
4545
6059
8100
10011
11471
12624
15959
20461
24599
26520
28096
30392
31844
32737
32696
32321
16335
-18691
-32768
-32029
-32768
-32186
-32768
-24598
-2476
21813
26975
15169
11102
20213
27968
21400
11256
12377
24737
29127
22346
14398
8873
-22996
-22996
-32768
-32378
-32768
-32619
-26863
-13272
2585
13909
16806
17275
19310
22590
22576
18418
14084
10406
8275
8329
8408
4593
-5281
-17177
-25760
-30694
-32768
-30892
-22413
-10540
-1973
3519
8940
13906
15531
12513
7536
3693
-5647
-5647
-11339
-14542
-14326
-14678
-17911
-20648
-19337
-14627
-10276
-6852
-2221
4313
9034
9103
5537
1837
-2966
-2966
-6885
-10481
-11203
-9774
-8239
-6668
-3699
4600
4600
6720
8077
10172
12693
15306
16832
17909
19545
21296
22857
25008
27349
30848
32767
29061
-29883
-29883
-32768
-32687
-32768
-32768
-31496
-14525
10271
27408
23019
13252
16439
25269
24647
11477
2581
10119
22895
24567
19391
11888
4502
-13853
-31704
-32768
-32585
-32768
-28970
-19596
-6851
7704
17060
21454
23092
24656
24014
17926
10930
7121
6742
9092
10515
7279
-2076
-14482
-23626
-27898
-30028
-29865
-25434
-16148
-5814
1701
8678
16529
22085
20654
13066
5178
-5287
-5287
-12054
-17180
-16930
-14515
-15093
-17797
-17334
-12318
-6162
-3168
-2248
1906
7766
10746
8548
5067
3318
1296
-3552
-9298
-12114
-10219
-6997
-4327
-1597
2892
7854
10684
11251
12457
15278
17988
20061
21226
24125
26853
29443
31381
32767
32490
32767
22475
-16169
-32768
-32028
-32768
-32320
-32768
-21507
21943
21943
28187
17986
14632
22779
28868
21079
7640
5805
19936
30403
30808
23443
11686
-4916
-27057
-32768
-32445
-32768
-32412
-25148
-12283
12085
12085
18687
24184
26908
26159
20415
13463
10650
11394
13734
16030
14504
6608
-6961
-20424
-28271
-31434
-32748
-30841
-24830
-15438
-6582
8906
8906
15914
18041
14564
8434
3716
-2341
-2341
-4480
-5149
-5270
-7825
-12800
-16521
-15594
-12136
-9936
-9080
-6430
4608
4608
6144
4939
3791
3306
1582
-2170
-5366
-5298
-3113
-1236
1516
1516
5263
8949
11243
12901
14265
16192
17715
19999
23329
26441
28689
29653
30712
32489
32767
26594
-7149
-32768
-32318
-32768
-32542
-31826
-23562
-6918
13842
22402
13989
7873
15056
25866
25680
15970
10789
19718
30248
32767
28125
15443
-1284
-22991
-32768
-32548
-32768
-32768
-27588
-14892
-3524
4071
7690
13283
19352
22482
20067
15353
14600
16944
19179
20230
18585
12137
-14134
-14134
-25016
-30664
-32465
-30980
-26356
-19683
-13236
-6755
4064
4064
4977
4762
5497
6973
6892
5067
4183
4345
3383
-1857
-9823
-14884
-14359
-12112
-12011
-12481
-9863
-4351
2938
2938
3372
1812
1624
1624
3669
3979
3040
2939
5138
8339
11769
14938
18796
22777
25950
26949
27075
27653
30090
32421
32767
29612
5673
-26912
-32768
-32258
-32768
-30361
-25047
-13889
1910
14458
11006
2171
2471
13589
22152
21899
18030
21701
31188
32709
32767
23969
5763
-14431
-30202
-32768
-32508
-32768
-29281
-17634
-7817
-3893
-4945
-3227
3763
10535
13601
13699
16809
22479
25968
26495
25592
21740
12200
-2727
-17257
-26822
-30400
-29114
-25349
-21862
-19475
-18672
-18360
-16843
-13806
-8230
6762
6762
11752
13441
12691
11963
9490
4058
-3789
-10257
-13219
-13505
-13333
-12690
-10731
-8165
-6791
-7827
-8817
-7054
-2436
2110
4892
6213
7554
8267
7708
6192
5675
7044
10383
13748
16377
18229
20570
24488
28090
30320
31077
31841
32705
32767
21506
-10623
-32768
-32051
-32768
-29995
-23602
-18613
-8267
5591
8986
-1384
-10731
-7509
6966
19273
23840
23644
28920
32767
32502
32767
19904
-2769
-19996
-28130
-29226
-30502
-27899
-18680
-8191
-5940
-12261
-19141
-17290
-9669
-1872
4190
11706
21857
29147
30010
27783
24894
20402
11807
-11363
-11363
-18244
-19743
-17811
-16760
-18740
-22045
-24817
-26838
-27808
-25686
-18593
-7427
3815
11543
14801
15372
14445
10971
4991
-1372
-5573
-7444
-8684
-9345
-8873
-8086
-8493
-10712
-13354
-14438
-12742
-8626
-3142
2181
6727
9531
10046
8559
6891
6163
7163
9656
12934
16796
20050
23810
26954
30095
31803
32613
32468
32767
32497
19150
-14640
-32768
-31872
-32768
-24715
-17611
-15346
-7836
1810
-12338
-12338
-22548
-17518
1412
20860
29793
29634
30277
32612
32653
32767
20171
-1887
-14928
-17530
-16695
-19439
-19754
-14013
-7527
-9172
-19583
-30136
-32163
-25634
-13896
11501
11501
21606
26483
26041
23214
19815
16117
12423
8116
3472
-2008
-6697
-10331
-14659
-20068
-26255
-31555
-32768
-32705
-28752
-20614
-10502
8436
8436
11281
9878
7756
5848
4910
3985
3394
2295
-2058
-2058
-5389
-8787
-11289
-12923
-13599
-12622
-9892
-6256
-2367
1617
5245
7197
7608
6855
6229
7008
9861
13998
18713
23206
27019
29253
30391
29832
30364
30924
32767
32148
17580
-14221
-32768
-32317
-32701
-19998
-11465
-9745
-6151
-2864
-7608
-20507
-30856
-25853
-4109
20719
32596
30797
25279
25227
30116
29585
18243
3285
-4313
-3175
-2927
-2927
-6595
-7613
-6539
-8769
-16004
-28351
-32768
-32768
-24250
-5983
6839
12755
11874
9152
6383
4019
1848
1720
4183
7565
8396
5645
-4136
-4136
-8856
-13406
-17441
-20035
-21172
-20356
-17079
-11322
-5011
-3972
-3972
-6871
-7286
-4712
2615
2615
4915
5882
4995
2210
-1781
-5440
-6742
-5141
-1849
2417
2417
2432
2544
3336
4153
4030
3432
3403
5301
8812
12830
16535
19509
22292
24389
25445
24976
25214
26400
28684
24439
8930
-13478
-29657
-30013
-19437
-9631
-5450
-5579
-5280
-6366
-12868
-23926
-31289
-24560
-4442
16145
24293
19889
12490
10517
12553
13232
9485
5799
7052
12254
15196
11972
3492
-4134
-6377
-5006
-6049
-12962
-21196
-22863
-16425
-7415
-2330
-3339
-7739
-11042
-11938
-11669
-11898
-10926
-6629
6813
6813
8073
3297
-3960
-8552
-8100
-4963
-2800
-2070
-1474
-4021
-4021
-7468
-8562
-6686
-3749
-2100
-1839
-1716
1202
1202
-1406
-1406
-2294
-1479
2605
2605
4940
6928
7768
7482
6662
5602
5135
6354
8775
11337
13038
13651
13123
12128
11693
12859
15159
18115
18641
14333
4611
-6495
-12776
-12217
-7496
-2252
1438
3000
1691
-3073
-10788
-18843
-22362
-18270
-7786
3798
10773
10738
6108
-2677
-2677
-3917
-3848
-1734
3341
9891
14167
12982
6407
-1620
-6611
-6566
-3606
-1814
-1814
-6186
-10704
-12524
-10456
-6633
-3819
-3247
-3794
-3887
-3274
-2876
-3612
-4919
-5156
-3572
1299
1299
1822
-1609
-1609
-1606
-1521
-1592
-1400
2273
2273
3705
3495
1734
-1303
-1303
1541
1541
1519
-1970
-1970
-2768
-2313
1292
1292
2685
3199
2701
1953
1372
1258
1508
2079
2978
4261
5379
5802
5518
5075
4810
4161
3237
2279
2306
3494
4828
5519
5051
4171
3330
2255
1269
1323
1323
1991
2280
2330
2105
1564
-1987
-1987
-3459
-4319
-4451
-3709
-2856
-2423
-2534
-2750
-2780
-2894
-3267
-3656
-3578
-2801
-2121
-1962
-2069
-2121
-1776
-1520
-1715
-2198
-2834
-3414
-3800
-3820
-3423
-2820
-2377
-2235
-2364
-2353
-2151
-1563
1552
1552
1633
1657
2002
2588
2725
2092
1396
1396
1826
2164
2354
2665
2916
3241
3372
3570
3640
3516
3098
2542
2315
2385
2535
2641
2729
2736
2471
1827
1181
1284
1284
1501
1896
2179
2067
1306
-1425
-1425
-1454
-2122
-2122
-3195
-3510
-3112
-2457
-1868
-1310
-1233
-1233
-1984
-2300
-2451
-2657
-2922
-2854
-2361
-1955
-1831
-1886
-2012
-2075
-2325
-2464
-2494
-2202
-1850
-1820
-2051
-2349
-2226
-1501
1189
1189
2383
2965
2469
1608
1376
1376
2140
2948
3562
3926
3852
3691
3253
2848
2156
1599
1186
1222
1222
1771
2016
1834
1451
1451
2716
3776
4161
3470
2108
-1292
-1292
-1962
-2106
-1863
-1527
-1402
-1661
-2156
-2499
-2624
-2772
-2805
-2448
-1538
-1554
-1554
-2383
-2753
-2645
-2801
-3072
-3409
-3488
-3294
-3210
-3194
-2973
-2654
-2193
-1861
-2164
-2346
-2127
-1458
-1618
-1618
-1391
1462
1462
1498
1358
-1324
-1324
1600
1600
2486
2987
3011
2452
1655
1224
1389
1389
1694
1671
1308
2139
2139
3579
4414
4538
4116
3422
2813
2251
1625
-1489
-1489
-1871
-1939
-1974
-1916
-1859
-1926
-2005
-1807
-1649
-1322
1374
1374
1765
1485
-1253
-1253
-2080
-2814
-3306
-3530
-3449
-3322
-3399
-3552
-3748
-3718
-3621
-3601
-3630
-3116
-2048
1211
1211
1397
1256
1465
1465
1817
2228
2725
3083
3241
3330
3145
2900
2403
1997
1558
1416
1416
1611
1717
1613
1413
-1810
-1810
-2794
-3520
-3716
-3512
-3475
-3704
-3592
-3144
-2474
-2033
-1756
-1598
-1387
-1679
-1679
-2084
-1918
-1471
1225
1225
1225
1225
1282
1282
1397
1397
1609
1722
1825
2061
2220
2187
2141
2090
1805
1489
1473
1473
1990
2197
2173
2116
2127
2227
2332
2518
2605
2417
2230
1673
-1209
-1209
-1609
-2155
-2553
-2678
-2437
-2164
-2099
-1797
-1557
-1478
-1260
-1289
-1289
-1406
-1388
-1408
-1420
-1385
-1237
1204
1204
1329
1309
1219
1219
1188
1188
1322
1219
1257
1257
1390
1388
1316
1244
1244
1380
1603
2051
2512
2796
2649
2400
2193
1977
1708
1235
-1408
-1408
-1802
-1947
-2049
-2028
-1659
-1349
-1335
-3179
-3179
-4923
3148
3148
-2145
-6439
-3034
2225
1974
-2955
-3746
2639
2639
-1376
-1376
-1802
-1802
-1956
-1956
-4021
-5277
-3906
-1856
-1856
-3432
-2639
-2624
-1944
-2252
-1760
1352
1352
3551
4242
4333
4813
5740
7011
6126
3997
2582
1908
1908
3300
2496
-2549
-2549
-3841
-4705
-5407
-5057
-3828
-4553
-5303
-4573
-4647
-5288
-5896
-5339
-4514
-3474
-2503
-2658
-3487
-4413
-4051
-2668
-2416
-2128
-3950
-7084
-8403
-6497
-4236
-4908
-6122
-5567
-5380
-5324
-5188
-4431
-4998
-6238
-5424
-4188
-4573
-6475
-7292
-7072
-6311
-4841
-4514
-5037
-6207
-6774
-5896
-4654
-3533
-3193
-2870
-2097
2119
2119
3806
4312
4497
4691
5429
6999
8797
10518
10970
11212
12433
13975
15428
16591
18409
19426
19285
19291
14289
5013
4454
4454
13149
10299
-5718
-5718
-7456
-9791
-11720
-6909
-3522
-8826
-16238
-16181
-11551
-11686
-13444
-10891
-6722
-5430
-6391
-5905
-5043
-5221
-3446
1635
6540
6284
2900
1222
2876
5617
7112
7718
6542
2597
-1514
-3059
-6342
-7136
-8857
-6642
-7152
-11071
-13516
-17184
-15913
-14026
-10921
-9460
-11767
-12788
-12451
-10613
-7149
-4293
-2560
-2983
-3499
-2393
-2222
-1521
2446
2446
3759
4307
4107
2513
3015
3015
4457
4023
3492
2354
2138
2138
5320
9003
10502
9121
8711
9512
12754
16071
18160
18287
19948
19913
22658
18149
8954
2545
5402
17172
16630
6551
-3162
-7195
-7009
-7104
-2012
1977
-5188
-14645
-17815
-12645
-8688
-9658
-8560
-7646
-8030
-8923
-8138
-5770
-4722
-3201
2393
2393
2144
-2406
-2406
3866
3866
7159
7030
4029
-1838
-1838
-3220
-1461
-3889
-3889
-8063
-9717
-11355
-10378
-9610
-8492
-8296
-10478
-12617
-13638
-12824
-10061
-7541
-5768
-6268
-8486
-8486
-6427
-2980
1469
1469
2066
2066
4283
6060
6641
7024
6545
5819
5437
6584
6721
8852
9599
10728
10375
9093
10109
11957
15498
17773
17218
16264
16313
18028
21456
14792
6135
1536
10206
19332
12377
-6322
-6322
-6048
-4953
-3529
1693
-9853
-9853
-17823
-15757
-7690
-4851
-6831
-8157
-8370
-8040
-7223
-4470
-1398
-1329
-1582
1741
1741
1432
1728
1728
4446
6072
6848
6242
2991
-1761
-2405
-3114
-3114
-6293
-10194
-9909
-6840
-5180
-6481
-9143
-10352
-11542
-11320
-8820
-6948
-6478
-6872
-6457
-6295
-5865
-3962
-1698
1385
1385
3992
5775
5957
5682
4900
3902
4286
6713
9476
10467
10577
10474
11456
12359
15631
17568
18593
16308
16551
17662
19899
18857
8127
1444
2270
14760
16747
4318
-6817
-10644
-7997
-5894
-2461
1254
-5864
-16424
-19944
-13185
-5168
-5807
-8988
-11261
-10856
-9953
-7483
-4200
-2408
-3478
-4009
-2250
-1193
-1276
-1194
1720
4044
5270
4241
1676
-1511
-2888
-2479
-2479
-6402
-9101
-9924
-6826
-5279
-7480
-10056
-12173
-12956
-12833
-11081
-9066
-9154
-9811
-9966
-9762
-8856
-7214
-4854
-3685
-3076
-2952
-2935
-2174
2714
2714
3920
3699
3288
2515
2474
4710
7380
9183
7863
7971
7758
9248
10437
13587
15337
14605
12980
13555
15020
17374
16598
6431
13774
13774
17298
3186
-8030
-10686
-7607
-5636
-3898
-7100
-7100
-19019
-22762
-15468
-6333
-7505
-12596
-15607
-15354
-13488
-10603
-6492
-3978
-5271
-7720
-6014
-3463
-1936
-1556
3799
3799
4068
2101
-1225
-2243
-1276
-3354
-3354
-6833
-8205
-7786
-5896
-5783
-8052
-9896
-11476
-12529
-11535
-10119
-8200
-8378
-9746
-10249
-10511
-8993
-6794
-5129
-4325
-4847
-5401
-4733
-2645
2808
2808
2868
1943
1633
2977
4416
5884
7315
7941
7180
7423
8493
11089
12523
12677
14180
14088
14333
15776
17086
19943
18553
6603
3526
3526
19739
21787
4026
-7664
-9530
-4634
-1791
2551
2551
-6494
-19294
-20898
-11790
-2698
-4602
-12239
-15296
-13884
-11288
-7713
-3992
-3309
-3309
-6979
-4464
1322
1322
5463
6088
3854
1414
2011
2011
2478
3410
2607
-4082
-4082
-6265
-3929
-1464
-1464
-4832
-8386
-9279
-9050
-7811
-5865
-5637
-7853
-9904
-9474
-7422
-5097
-4019
-3586
-3680
-3490
-2418
1512
1512
3854
4523
4391
4167
4769
6169
7005
8550
9535
9197
9384
9683
11396
14163
14999
16266
15711
17520
18210
18925
19678
23352
21024
6318
6992
6992
25486
21980
1459
-8421
-7138
-1531
3170
3170
4553
-7391
-20205
-19088
-6348
2213
-3078
-12518
-14517
-11635
-9118
-5307
-1280
-4505
-4505
-7989
-3754
2044
2044
5494
5306
3666
2589
2672
4664
5173
5313
4167
-3425
-3425
-2711
1347
2416
-1702
-6695
-8314
-8136
-6411
-5103
-5188
-7123
-10057
-10471
-7910
-5566
-4888
-5313
-5313
-4370
-3976
-2871
2809
2809
2973
2813
2809
3510
5211
7263
8968
9259
8068
7637
9184
11909
14758
15630
15072
14730
15148
16517
19049
19546
24303
17968
2882
-2766
8563
29606
22323
-10239
-10239
-6592
2003
2003
5079
6047
-8460
-22497
-19165
-3622
4427
-3733
-14923
-15992
-13277
-10659
-5444
-7144
-7144
-9881
-4467
2574
2574
4761
2680
1676
2227
4169
6039
5027
2605
-1819
-1819
-3123
-1572
1238
1238
-4804
-9173
-7700
-5831
-4574
-5167
-5596
-7508
-9345
-7968
-5585
-4328
-4533
-4710
-5007
-3899
-3158
-2448
-1203
2049
2049
1520
1606
2367
3925
6062
7844
8599
8795
8330
9295
11698
14519
16120
15311
15666
17160
17157
19574
20298
24267
22095
5302
-1678
6276
27930
26608
2704
-9531
-6476
2348
2348
4679
6511
-5506
-21991
-21056
-5626
4565
-14044
-14044
-17414
-14151
-11767
-6484
-1372
-6763
-6763
-12233
-6577
3190
3190
2611
1824
1824
4817
5544
4020
2266
2251
-2693
-2693
-2259
1869
1869
-1907
-6256
-6380
-5706
-5073
-5023
-5057
-6554
-9944
-10613
-7785
-5445
-5107
-6137
-6491
-6165
-5980
-4280
-2215
2381
2381
4616
6418
6960
7574
7755
7796
8902
11178
13352
13978
14134
14184
15456
16296
18219
18878
21623
21948
7106
-1528
5288
26501
27873
4843
-8788
-5342
3640
3640
5077
6994
-4036
-21198
-21772
-6561
5004
-14035
-14035
-18711
-15647
-12738
-7382
-2021
-1341
-8130
-13946
-8520
-1343
1739
-3057
-3057
2829
2829
4774
1471
-1486
-3906
-3906
-5105
-1681
-4063
-4063
-8901
-8901
-7217
-6622
-6562
-7197
-9065
-12422
-13110
-10058
-6910
-7011
-9248
-9903
-8770
-7393
-6158
-4877
-3961
-3840
-4043
-2774
1331
1331
1700
1833
3341
4881
4750
5331
7618
9844
11040
10982
12175
12846
13768
15839
19460
20818
5470
-5306
21068
21068
25722
3758
-12029
-10361
-3451
1532
1532
3360
-6780
-24494
-27060
-11946
-2778
-2778
-16930
-22905
-19449
-15669
-10503
-5594
-4478
-11127
-17594
-12908
-5347
-1687
-2968
-4989
-5095
-4229
-4577
-3755
2691
2691
2959
-2865
-4988
-3470
-4308
-3090
-6575
-6575
-11904
-9793
-5948
-4991
-5735
-8835
-12209
-13039
-11101
-7867
-6704
-8313
-10887
-11814
-8431
-5441
-5154
-5369
-5584
-4623
-4157
-2260
2761
2761
4161
5650
5684
7016
9507
11027
11186
12554
13154
14743
16072
19101
21865
7285
-3461
21772
21772
27406
5423
-11173
-8740
3326
3326
4773
5647
-3768
-21383
-24218
-8857
3980
-15248
-15248
-22070
-17956
-13599
-8092
-4042
-3988
-11070
-17782
-12801
-4304
-3190
-3190
-5879
-5663
-4276
-4038
-2833
-2912
-2912
-3772
-4093
-5636
-4925
-2160
-5947
-5947
-11382
-10862
-7476
-5584
-5253
-7068
-10421
-12865
-11334
-7148
-4912
-5990
-9155
-10907
-8955
-5764
-4194
-4075
-5283
-5547
-5404
-3549
2765
2765
4652
5339
6093
7218
9507
10067
11484
12399
13264
15021
17889
20742
7284
-2913
1221
21438
26214
5271
-9549
-7631
3148
3148
5899
7617
-2478
-20425
-22540
-6704
5459
-13571
-13571
-20097
-17188
-12947
-6718
-1257
-1966
-9819
-16403
-11168
-2642
1234
-3579
-3579
-3810
-2736
-1571
1988
1988
1572
-3099
-3099
-3410
-3410
-4491
-1787
-3999
-3999
-7488
-6656
-5514
-5409
-4595
-4785
-6756
-8940
-8551
-5390
-3183
-3113
-5914
-7298
-5537
-3048
-1545
-1245
-1245
-1858
-1927
2431
2431
3657
3585
2564
3674
5339
6899
7038
8538
9388
10186
11129
13020
13830
14510
15712
20821
16638
3705
10741
10741
27046
18198
-1304
-7197
3746
3746
4785
7603
6498
-7624
-20215
-13432
1577
5675
-5183
-17095
-17858
-14388
-10357
-4853
-2280
-6369
-15146
-15992
-8049
-1686
-1313
-4675
-6600
-6017
-5417
-3311
-1432
-2310
-2310
-2357
-2466
-4237
-5373
-4234
-2343
-2730
-6601
-8910
-8441
-6587
-5434
-5702
-6884
-9142
-10672
-8856
-5642
-4450
-5290
-7214
-7190
-5927
-3464
-2043
-2570
-3064
-2975
-2126
1301
1301
1283
1549
2480
3613
4252
5630
6698
7473
8864
9298
11163
12054
13779
14712
17692
18140
6584
5700
5700
23554
22783
4046
-6803
-2904
3949
5321
7881
7534
-2939
-17458
-15743
7875
7875
1364
-11816
-16024
-12838
-8723
-3325
-2350
-2350
-10583
-14405
-8512
1402
1402
-1405
-4334
-5538
-4860
-2910
1751
1751
-2574
-2574
-3924
-2624
-2169
-2169
-3167
-1974
-3370
-5946
-6743
-5059
-3873
-4841
-5416
-5444
-6307
-6816
-5620
-3940
-2933
-3219
-4287
-3778
-2644
1705
1705
3425
4070
3707
3844
3945
5235
6076
7630
8059
8379
9380
10065
11946
13072
14179
15147
16913
19476
10821
2083
4286
20122
26090
10467
-3229
-1803
5759
8247
10246
11016
3689
-10512
-13403
11453
11453
7826
-5045
-11992
-9522
-5043
3721
3721
1585
-5934
-11675
-7537
4139
4139
2184
-1944
-3938
-3225
1575
1575
2883
1845
-2415
-2415
-2771
-3373
-3373
-6007
-5057
-1690
-2542
-2542
-4181
-6069
-5998
-3470
-1220
-1220
-3519
-3876
-1215
2263
2943
2600
2600
4209
3935
2737
2028
2831
4270
5622
6391
5801
6507
7434
9216
10357
11813
12973
13029
13978
16921
17737
7611
2033
8204
22335
21031
4536
-3409
6673
6673
8110
10055
8711
-1372
-12683
-9008
5309
10768
3472
-7993
-11404
-7567
-2534
2286
3784
-8463
-8463
-10329
-3828
2962
3644
-4179
-4179
-5398
-3547
-1730
-1730
-2853
-4376
-4141
-2498
-3511
-2350
-2531
-2881
-6671
-7145
-4502
-2231
-1718
-3036
-4724
-6986
-5471
-1765
-2852
-2852
-4132
-3516
1992
1992
1507
-2218
-2218
-1744
2116
2116
2596
1577
1834
1834
3481
4648
4946
4885
5018
6077
7795
9107
10527
10842
11573
13459
16225
10512
2808
3997
15659
21311
9319
-1667
5113
5113
7085
9019
10087
3420
-8219
-10123
1513
9829
6111
-4062
-9821
-8239
-3634
1623
4346
-6755
-6755
-10424
-6229
3531
3531
-4179
-4179
-6925
-5398
-1778
-2901
-2901
-4938
-5056
-4411
-3186
-2695
-3018
-3188
-5024
-5544
-5754
-3825
-2742
-2398
-2994
-5276
-6294
-4921
-1961
-2994
-2994
-4201
-3205
1507
1507
-2346
-2346
-1698
1912
1912
2032
1765
1765
3133
4085
4155
3995
4712
5629
6796
7857
9083
9674
10752
11775
14798
9613
2795
3313
13819
19887
9023
-1458
-1358
4805
6393
8128
8999
2794
-7820
-9673
1424
8705
5073
-3918
-9143
-8386
-4062
1272
3572
-7383
-7383
-9964
-6218
2153
2153
-5236
-5236
-7936
-6519
-2972
-1372
-2255
-4240
-6025
-6537
-5427
-3585
-4174
-4667
-4430
-3896
-6008
-6758
-4693
-2848
-2384
-3100
-3871
-5425
-4861
-2353
-2020
-2020
-3263
-2925
1379
1379
1269
-1914
-1914
-1249
1750
1750
2208
1603
2053
2053
3957
4687
4075
4088
4972
6760
8170
9416
9482
9884
10583
13405
14301
7092
3235
6853
17151
15400
4632
2515
2515
5911
6912
10135
8173
-8258
-8258
-2873
7090
8289
2004
-4561
-6773
-5304
4375
4375
3508
-3195
-7814
-6317
-1313
2387
1811
-1690
-5655
-6113
-3010
-2872
-2872
-4314
-4957
-5359
-3656
-1392
-2188
-4429
-5136
-3537
-3511
-3766
-2064
-1219
-2100
-3304
-2205
1455
1455
2385
2390
1429
1409
1409
2485
3615
4234
3900
2606
2536
4661
6276
6929
6188
6030
6387
7917
9846
10925
10745
11335
11962
14214
13115
7795
5930
11255
18245
12331
3471
1754
6314
7851
8633
10706
6266
-2470
-4729
3636
9447
6070
-3816
-3816
-4568
-1922
3079
4727
-5396
-5396
-6037
-2277
1647
2539
-3044
-3044
-5300
-4041
-1247
-1247
-3390
-4155
-4330
-3014
-3019
-3019
-5013
-3740
-2141
-1804
-1405
-1879
-1879
-2390
-1611
1440
1440
2123
2132
1578
1208
1208
2058
3281
4135
4436
3194
2543
3854
6057
6895
6407
6132
6407
6851
8283
10112
10874
10362
10708
11666
13896
10102
6498
7321
13858
15205
6878
2157
3947
7848
7138
8793
8473
2065
-3963
7203
7203
7447
1970
-2502
-3522
-3470
4048
4048
2525
-3550
-6885
-3932
1370
1370
-2207
-2207
-5603
-5566
-2614
-2183
-2183
-4927
-4696
-4146
-3850
-3663
-2390
-3180
-3810
-3393
-2604
-3226
-3605
-2169
-2121
-2121
-2309
-1949
-1537
-1537
2110
2110
1836
2494
2494
4292
4266
2709
1565
2741
5631
6802
6190
5374
5374
5958
7538
9403
9838
8622
9295
10183
12529
9365
6123
6224
10840
13498
6901
2569
2628
6607
6328
7664
7335
2003
-3588
-1282
6093
6182
-2767
-2767
-3057
-3555
2919
2919
1725
-4155
-7017
-3938
-1557
-1557
-3079
-6097
-5931
-3180
-2828
-2828
-5313
-5154
-4135
-3737
-3722
-3103
-3969
-4523
-3700
-3048
-3534
-4202
-3009
-1485
-1383
-2095
-3040
-2843
-1531
-2005
-2005
-2114
1260
1260
1586
1586
3359
3263
2331
1318
2719
4786
6137
5382
4981
4900
5943
7596
8685
8643
7717
8940
9599
11501
7891
6522
6199
10697
10639
5607
2735
3595
6305
5486
7409
5758
-2843
-2843
5771
5771
4071
-2437
-2437
-2539
-3021
2044
2044
-5663
-5663
-5828
-3037
-2252
-2252
-2707
-4193
-5859
-5996
-3392
-2450
-4165
-5607
-6023
-4555
-4029
-2865
-3593
-4291
-4470
-3648
-3189
-2783
-2135
-2461
-2867
-2491
-1266
-1509
-1361
-1376
-1376
-1244
1463
1463
2570
2147
1750
2056
3207
4082
4325
4653
4693
5102
5285
6653
7384
7879
7529
8226
8695
9709
9337
7292
6597
7578
10129
7197
3884
3363
6188
5862
4827
4829
3410
3225
3225
4219
-2780
-2780
-1761
-1259
-1259
-2679
-2679
-5053
-4127
-1728
-1650
-3373
-4198
-4823
-5047
-4539
-2864
-3140
-4397
-5172
-4636
-3922
-3108
-2821
-3123
-3517
-3243
-3096
-2794
-2111
-1464
-1822
-2120
-1624
-1400
1186
1186
2101
2337
2227
2155
2671
2943
3348
3958
4528
4721
4892
5497
5952
6704
7276
7654
7782
8396
8453
7432
6609
7280
8549
7524
4889
3977
4818
5431
5207
5031
3812
1405
1697
1697
3012
1563
-1704
-1704
-1633
-1664
-2319
-2319
-4264
-4516
-3564
-3196
-3791
-4157
-4245
-4467
-4666
-4564
-4197
-4184
-4818
-4694
-4299
-3624
-4004
-4043
-3591
-3156
-3065
-3185
-2354
-2512
-2354
-2074
-1240
-1240
1350
1350
1457
1312
1416
1416
1990
2626
2622
2823
3042
3565
4009
4547
4812
4711
4861
5430
6072
6617
6859
7018
6342
5871
6048
6737
6360
5093
4349
4729
4918
4563
4201
3679
2593
1706
1897
1879
-1316
-1316
-1778
-2007
-2604
-3720
-3675
-3425
-4003
-4437
-4857
-5028
-5334
-5455
-5010
-5190
-5463
-5286
-5090
-5127
-5046
-4259
-3616
-3827
-4127
-3778
-3382
-2951
-2124
-1741
-1981
-2240
-1731
1278
1278
1444
1461
1785
2121
2409
2186
2114
2203
2451
2683
3192
3590
3504
3389
3377
4071
4533
4874
4670
4790
4840
5356
5533
5355
5139
4970
4583
4001
3883
4109
3828
3158
2640
2839
2310
1820
1374
1341
-1182
-1182
-1709
-1809
-2215
-3273
-3857
-3542
-3550
-4110
-4540
-4550
-4995
-5212
-4858
-4482
-4735
-5205
-5164
-4863
-4608
-4267
-3971
-3855
-4094
-3850
-3240
-2614
-2578
-2335
-2107
-1904
-1462
1596
1596
1775
1822
1699
1734
2048
2218
2465
2365
2342
2342
2537
2720
2807
2878
2766
2993
3006
3368
3713
3769
3758
3833
3923
3988
3900
3931
3728
3595
3332
3186
3350
3144
2948
2257
1937
1612
1534
1180
-1331
-1331
-1838
-2357
-3115
-3561
-3559
-3454
-3782
-4242
-4788
-5076
-4952
-4764
-4645
-4849
-5118
-5170
-4836
-4482
-4208
-4146
-4014
-3845
-3451
-3192
-2860
-2681
-2541
-2223
-1756
-1366
1182
1182
1270
1421
1849
2228
2406
2195
2099
2254
2593
2936
2958
2693
2475
2509
2696
2940
2951
2658
2583
2510
2723
2866
3016
2910
2695
2526
2627
2712
2842
2786
2524
2281
1693
1745
1899
2088
1656
1273
-1333
-1333
-1527
-1636
-1846
-1981
-2544
-3172
-3310
-3223
-3463
-3877
-3992
-4125
-4385
-4397
-4174
-4171
-4375
-4290
-4064
-3989
-4089
-3811
-3461
-3265
-3200
-2972
-2628
-2411
-2174
-1867
-1566
-1190
1268
1268
1449
1491
1364
1409
1866
2210
2351
2384
2190
2194
2122
2279
2430
2222
1825
1844
2030
2051
2085
1857
1517
1331
1477
1756
1801
1763
1504
1396
1486
1804
2035
1826
1589
1342
1210
1295
1295
1384
-1316
-1316
-1439
-1511
-1558
-2025
-2363
-2668
-2903
-3096
-3099
-3205
-3353
-3411
-3575
-3667
-3860
-3807
-3685
-3689
-3648
-3675
-3489
-3333
-3012
-2604
-2534
-2431
-2346
-2042
-1752
-1462
1327
1327
1604
1951
2102
2016
1765
1626
1781
1971
2090
1935
1617
1351
1449
1653
1596
1402
1188
1188
-1211
-1211
-1343
-1303
-1385
-1674
-1932
-2202
-2353
-2345
-2224
-2323
-2658
-2891
-2922
-2847
-2869
-2873
-2722
-2763
-2766
-2700
-2459
-2262
-2206
-2050
-1890
-1695
-1652
-1529
-1319
1267
1267
1367
1193
1197
1197
1319
1219
-1328
-1328
-1446
-1497
-1493
-1490
-1571
-1653
-1888
-1971
-1887
-1919
-2041
-2139
-2174
-2152
-2210
-2156
-2052
-2028
-1981
-1857
-1696
-1515
-1556
-1694
-1502
-1204
-1204
-1197
-1191
-1191
-1322
-1497
-1507
-1438
-1355
-1370
-1418
-1432
-1308
-1229
-1229
-1222
-1191
-1191
-1269
-1269
-1263
-1263
-1285
-1196
-1196
-1213
-1213
-1253
-1253
-1218
-1224
-1224
-1204
-1183
-1206
-1206
-1183
-1183
-1214
-1227
-1227
-1218
-1185
-1185
-1208
-1208
-1183
-1183
-1289
-1241
-1210
-1232
-1232
-1235
-1267
-1278
-1368
-1309
-1237
-1237
-1231
-1187
-1187
-1276
-1220
-1238
-1238
-1355
-1327
-1289
-1259
-1207
-1214
-1251
-1360
-1452
-1345
-1259
-1218
-1329
-1369
-1373
-1352
-1240
-1198
-1194
-1189
-1252
-1239
-1225
-1225
-1239
-1217
-1280
-1318
-1244
-1283
-1283
-1230
-1288
-1253
-1253
-1308
-1264
-1245
-1204
-1210
-1283
-1272
-1272
-1289
-1193
-1207
-1207
-1206
-1206
-1205
-1257
-1228
-1297
-1297
-1313
-1317
-1342
-1323
-1346
-1332
-1332
-1412
-1483
-1451
-1422
-1372
-1433
-1410
-1415
-1486
-1421
-1389
-1412
-1390
-1377
-1430
-1486
-1471
-1436
-1419
-1438
-1525
-1522
-1514
-1530
-1554
-1549
-1549
-1565
-1512
-1507
-1440
-1531
-1520
-1482
-1559
-1539
-1537
-1567
-1519
-1534
-1606
-1495
-1472
-1477
-1530
-1525
-1495
-1441
-1376
-1431
-1422
-1388
-1301
-1338
-1237
-1191
-1191
1282
1282
1270
1264
1235
-1235
-1235
-1408
-1611
-1657
-1703
-1749
-1853
-1884
-1962
-1992
-1999
-2098
-2249
-2238
-2316
-2345
-2430
-2584
-2655
-2853
-2941
-2940
-3022
-3059
-2997
-3040
-3057
-3020
-3089
-3124
-3112
-3108
-3040
-3067
-3038
-2974
-2984
-2950
-2929
-2845
-2788
-2804
-2725
-2598
-2593
-2597
-2554
-2460
-2423
-2396
-2342
-2270
-2196
-2202
-2159
-2112
-2037
-2093
-1981
-1949
-1949
-1876
-1844
-1754
-1640
-1643
-1585
-1423
-1280
-1212
-1212
-1185
-1230
1194
1194
1200
1200
-1204
-1204
-1279
-1257
-1287
-1355
-1423
-1476
-1536
-1516
-1727
-1766
-1760
-1893
-1900
-1966
-2031
-2037
-2054
-2148
-2198
-2231
-2263
-2332
-2315
-2360
-2370
-2349
-2358
-2297
-2327
-2396
-2340
-2314
-2330
-2306
-2267
-2334
-2253
-2238
-2253
-2264
-2201
-2177
-2216
-2128
-2174
-2213
-2248
-2221
-2245
-2199
-2139
-2126
-2083
-2070
-1993
-2003
-2062
-1906
-1923
-1901
-1826
-1743
-1810
-1813
-1720
-1803
-1729
-1614
-1522
-1495
-1474
-1448
-1334
-1249
-1275
-1299
-1311
-1230
-1222
-1222
-1184
-1184
-1241
-1231
-1231
-1228
-1282
-1206
-1260
-1260
-1233
-1257
-1382
-1530
-1665
-1563
-1563
-1591
-1649
-1770
-1744
-1820
-1846
-1854
-1871
-1848
-1996
-2017
-1856
-1883
-1866
-1752
-1698
-1648
-1648
-1644
-1608
-1666
-1607
-1587
-1466
-1348
-1428
-1351
-1286
1203
1203
1263
1263
1374
1387
1422
1434
1515
1498
1578
1561
1523
1590
1599
1624
1562
1583
1579
1544
1433
1423
1444
1355
1283
1270
1221
1272
1184
1184
1196
1196
-1183
-1183
-1194
-1249
-1260
-1227
-1227
-1363
-1369
-1278
-1319
-1282
-1337
-1279
-1322
-1392
-1354
-1239
-1223
-1237
-1185
-1255
-1406
-1406
-1472
-1482
-1655
-1598
-1678
-1708
-1724
-1705
-1732
-1708
-1646
-1624
-1683
-1607
-1610
-1394
-1260
-1280
-1277
-1202
-1307
-1307
-1350
-1361
-1529
-1628
-1665
-1762
-1863
-1888
-1895
-1974
-2014
-2054
-2137
-2117
-2236
-2182
-2187
-2217
-2186
-2156
-2149
-2143
-2092
-1961
-1881
-1892
-1815
-1826
-1739
-1844
-1901
-1823
-1732
-1735
-1718
-1744
-1753
-1682
-1594
-1558
-1561
-1411
-1424
-1429
-1291
-1226
-1234
-1234
-1247
-1260
-1370
-1403
-1510
-1681
-1788
-1915
-2100
-2212
-2358
-2530
-2672
-2777
-2853
-2870
-2782
-2806
-2827
-2757
-2675
-2578
-2530
-2511
-2546
-2586
-2663
-2559
-2575
-2553
-2571
-2657
-2650
-2650
-2540
-2499
-2406
-2290
-2268
-2211
-2042
-1936
-1733
-1701
-1505
-1316
-1275
-1275
-1502
-1741
-1760
-1898
-2080
-2308
-2413
-2478
-2573
-2498
-2409
-2409
-2224
-2165
-2045
-1883
-1703
-1460
-1319
1180
1180
1247
1390
1507
1700
1765
1824
1952
2130
2293
2357
2424
2584
2630
2719
2883
2967
3071
3197
3393
3461
3527
3576
3620
3749
3788
3782
3905
3958
4051
4064
4098
4205
4248
4389
4373
4312
4493
4547
4501
4578
4628
4567
4632
4627
4694
4674
4553
4535
4493
4530
4583
4621
4506
4418
4458
4479
4483
4406
4389
4406
4306
4272
4239
4175
4106
4032
4101
3950
3897
3845
3847
3842
3769
3669
3525
3493
3401
3417
3346
3243
3122
3025
2854
2791
2721
2555
2373
2290
2300
2219
2081
1981
1947
1736
1647
1562
1528
1491
1427
1379
1301
1234
1192
1192
1229
1257
1380
1371
1448
1412
1529
1657
1750
1763
1751
1850
1830
1857
1845
1934
1912
1931
1953
1928
1898
1874
1879
1938
1821
1790
1772
1682
1677
1541
1465
1342
1215
1273
1273
1231
1195
1281
1222
1233
1257
1216
1265
1229
1247
1247
1306
1293
1284
1272
1291
1354
1388
1438
1445
1396
1464
1311
1199
1195
1196
1210
1185
1185
1204
1204
1181
1230
1222
1201
1355
1382
1377
1415
1382
1357
1423
1377
1335
1518
1512
1542
1639
1610
1609
1566
1722
1696
1742
1830
1787
1807
1813
1866
1840
1929
1910
1793
1779
1728
1684
1549
1618
1485
1360
1385
1239
1212
1394
1394
1496
1718
1965
2106
2224
2357
2535
2639
2667
2786
2898
2991
3125
3240
3356
3505
3551
3596
3798
3748
3861
3992
4063
4209
4213
4226
4360
4368
4398
4536
4517
4505
4561
4569
4570
4676
4691
4589
4453
4476
4428
4434
4460
4345
4316
4178
4211
4138
4016
4003
3854
3826
3824
3840
3645
3660
3576
3542
3503
3386
3377
3279
3226
3148
3042
3034
3038
3000
2835
2805
2776
2690
2595
2515
2478
2458
2430
2256
2236
2210
2233
2067
2000
1965
1991
1960
1808
1757
1752
1753
1673
1659
1533
1443
1434
1398
1346
1331
1347
1294
1298
1233
1231
1269
1208
1220
1220
1233
1189
1189
1237
1237
1185
1233
1233
1264
1264
1209
1183
1196
1183
1183
1216
-1369
-1369
-1516
-1740
-1969
-2149
-2235
-2431
-2454
-2588
-2664
-2664
-2711
-2722
-2844
-2808
-2835
-2900
-2974
-2976
-2981
-2985
-3012
-3048
-2927
-2980
-3043
-2961
-2900
-2918
-2853
-2776
-2759
-2785
-2743
-2761
-2774
-2656
-2506
-2488
-2467
-2328
-2339
-2353
-2193
-2011
-1967
-1894
-1782
-1640
-1666
-1579
-1507
-1460
-1363
-1437
-1312
-1257
1253
1253
1388
1527
1745
1937
2178
2336
2341
2586
2780
2966
3030
2994
2985
3060
3166
3124
3039
3065
3072
3042
2936
2831
2809
2721
2692
2503
2471
2409
2276
2141
1982
1943
1779
1701
1473
1353
1257
1280
1280
1405
1427
1510
1584
1693
1642
1607
1735
1877
1832
1766
1855
1907
2021
2076
2101
2178
2122
2263
2393
2325
2323
2426
2530
2501
2475
2547
2679
2747
2803
2745
2676
2689
2713
2767
2880
2989
2993
2937
2903
2925
2850
2865
2823
2950
2883
2888
2936
2827
2872
2945
2884
2864
2875
2941
2948
2925
3052
3109
3098
3057
2986
2953
3079
3055
3083
3082
3199
3207
3080
3192
3237
3199
3215
3290
3232
3271
3394
3291
3256
3315
3305
3429
3428
3408
3454
3392
3294
3305
3320
3218
3319
3291
3246
3196
3076
3031
2977
2937
2897
2834
2729
2730
2730
2655
2617
2583
2629
2463
2354
2340
2168
2114
2071
1968
1818
1720
1730
1726
1617
1555
1467
1392
1302
1260
1294
1236
1207
1207
1345
1330
1349
1379
1454
1562
1532
1665
1824
1900
1882
1918
2006
2136
2263
2345
2340
2421
2479
2559
2640
2656
2642
2624
2650
2669
2710
2804
2843
2811
2884
2900
2906
2907
2914
3024
3011
2957
2955
2946
2981
2932
3015
2940
2959
3042
3039
3038
2960
2950
2950
2974
2976
2979
2989
2997
2947
2906
2910
3001
3023
2946
2941
3100
3050
2976
2945
2990
3037
3069
3024
3004
2990
3033
3083
3073
2948
3003
2943
2831
2934
2893
2880
2864
2759
2656
2683
2756
2783
2781
2751
2730
2625
2533
2665
2631
2553
2547
2519
2475
2487
2483
2413
2438
2479
2373
2415
2395
2387
2275
2259
2357
2321
2365
2300
2254
2229
2237
2203
2153
2110
2092
2027
1793
1615
1566
1536
1503
1307
1247
1201
1201
1203
1203
1201
1250
1195
1203
1203
1224
1224
1289
1306
1275
1284
1366
1378
1323
1373
1427
1419
1427
1460
1504
1574
1515
1532
1516
1455
1569
1568
1622
1608
1558
1621
1646
1619
1605
1647
1586
1531
1650
1662
1649
1596
1593
1666
1707
1730
1759
1813
1801
1843
1823
1824
1753
1769
1782
1764
1849
1807
1830
1857
1886
1811
1806
1849
1789
1736
1721
1615
1601
1677
1617
1610
1646
1508
1433
1480
1477
1464
1281
1253
1288
1236
-1306
-1306
-1317
-1433
-1570
-1557
-1617
-1705
-1773
-1790
-1776
-1820
-1880
-1916
-1934
-1891
-1965
-1974
-2049
-2006
-2059
-1980
-1949
-2095
-2084
-2028
-1968
-1978
-1934
-1906
-1935
-1931
-1865
-1958
-2000
-1958
-1936
-1934
-1897
-1926
-1990
-2009
-2075
-2161
-2203
-2199
-2282
-2404
-2393
-2386
-2519
-2558
-2611
-2711
-2822
-2786
-2902
-3073
-3136
-3257
-3420
-3427
-3494
-3638
-3790
-3867
-3907
-4091
-4200
-4257
-4335
-4381
-4401
-4497
-4501
-4611
-4691
-4671
-4585
-4595
-4573
-4500
-4440
-4372
-4351
-4229
-4096
-3999
-3844
-3769
-3670
-3526
-3351
-3171
-3016
-2912
-2800
-2637
-2585
-2497
-2429
-2293
-2193
-2084
-2031
-1910
-1834
-1814
-1791
-1781
-1674
-1603
-1539
-1486
-1432
-1284
-1292
-1291
1227
1227
1189
1189
-1338
-1338
-1443
-1547
-1704
-1783
-1833
-1897
-1937
-1813
-1811
-1956
-1953
-1894
-1972
-2002
-2027
-1915
-1867
-1839
-1693
-1693
-1597
-1524
-1485
-1519
-1533
-1414
-1448
-1358
-1361
-1386
-1258
-1222
-1180
-1180
-1283
-1476
-1582
-1680
-1684
-1788
-1860
-1892
-1999
-2146
-2191
-2216
-2311
-2291
-2169
-2145
-2189
-2311
-2192
-2102
-2114
-2067
-1894
-1872
-1904
-1739
-1653
-1668
-1652
-1534
-1547
-1435
-1428
-1409
-1308
-1289
-1201
-1284
1226
1226
1218
1264
1250
1250
1260
1244
1195
1240
1192
1271
1290
1312
1277
1204
1250
1187
1203
1280
1218
1180
1247
1194
1182
1182
1205
1205
1257
1257
1358
1280
1284
1267
1309
1270
1227
1197
1197
1282
1247
1206
1189
1205
1234
-1195
-1195
-1203
-1203
-1287
-1289
-1300
-1232
-1270
-1215
-1236
-1236
-1308
-1314
-1362
-1442
-1528
-1445
-1468
-1419
-1395
-1445
-1481
-1482
-1487
-1538
-1493
-1514
-1550
-1574
-1515
-1491
-1436
-1487
-1566
-1630
-1589
-1574
-1559
-1599
-1612
-1573
-1592
-1483
-1399
-1534
-1589
-1635
-1619
-1552
-1608
-1601
-1540
-1432
-1540
-1490
-1554
-1609
-1538
-1524
-1544
-1540
-1548
-1581
-1542
-1605
-1578
-1664
-1698
-1656
-1646
-1625
-1632
-1635
-1626
-1657
-1736
-1646
-1701
-1734
-1787
-1785
-1733
-1753
-1733
-1735
-1694
-1682
-1764
-1813
-1849
-1828
-1822
-1753
-1787
-1871
-1940
-2035
-1950
-1938
-1879
-1885
-1894
-1875
-1857
-1882
-1901
-1883
-1877
-1839
-1857
-1815
-1750
-1772
-1733
-1676
-1678
-1631
-1651
-1548
-1550
-1498
-1498
-1407
-1316
-1309
-1203
-1185
1206
1206
1309
1286
1307
1348
1399
1418
1426
1419
1344
1386
1405
1459
1517
1522
1597
1538
1558
1515
1515
1465
1470
1467
1485
1468
1384
1433
1415
1442
1427
1488
1530
1497
1446
1486
1431
1369
1413
1483
1466
1440
1448
1464
1475
1423
1422
1338
1330
1419
1436
1403
1401
1436
1429
1485
1491
1492
1492
1520
1645
1574
1533
1604
1639
1596
1609
1582
1570
1643
1627
1609
1668
1588
1594
1739
1720
1673
1654
1682
1723
1629
1652
1617
1535
1593
1700
1763
1686
1750
1749
1744
1654
1639
1684
1601
1556
1539
1623
1622
1635
1563
1635
1544
1605
1609
1587
1583
1533
1534
1451
1492
1389
1423
1496
1531
1415
1430
1468
1361
1436
1370
1364
1317
1267
1271
1196
1196
1274
1235
1255
-1266
-1266
-1347
-1405
-1480
-1633
-1684
-1761
-1918
-1951
-2017
-2183
-2307
-2292
-2292
-2328
-2337
-2387
-2490
-2556
-2520
-2490
-2540
-2551
-2626
-2645
-2583
-2496
-2534
-2576
-2637
-2630
-2552
-2492
-2469
-2521
-2401
-2374
-2421
-2431
-2417
-2377
-2311
-2246
-2213
-2191
-2052
-2039
-2095
-2072
-1944
-1903
-1836
-1723
-1605
-1550
-1602
-1487
-1379
-1317
-1383
-1253
-1184
-1272
-1272
-1281
-1389
-1495
-1489
-1595
-1600
-1808
-1843
-1833
-1905
-2086
-2109
-2107
-2135
-2158
-2205
-2233
-2174
-2205
-2158
-2160
-2209
-2111
-2081
-2082
-2046
-1887
-1781
-1721
-1575
-1510
-1453
-1356
-1340
-1238
-1238
-1305
-1327
-1327
-1269
-1428
-1432
-1523
-1500
-1326
-1415
-1415
-1468
-1468
-1549
-1472
-1461
-1524
-1460
-1521
-1527
-1459
-1305
-1240
-1200
-1228
-1220
-1209
-1185
-1185
-1191
-1242
-1242
-1267
-1321
-1370
-1422
-1502
-1559
-1573
-1569
-1598
-1575
-1605
-1600
-1718
-1805
-1769
-1744
-1784
-1846
-1873
-1912
-1909
-1989
-1966
-1913
-1981
-2056
-2175
-2181
-2202
-2182
-2129
-2145
-2057
-2107
-2267
-2271
-2253
-2182
-2133
-2242
-2236
-2166
-2165
-2185
-2104
-2087
-2111
-2040
-2045
-1922
-1893
-1912
-1876
-1919
-1917
-1840
-1885
-1786
-1827
-1846
-1732
-1669
-1740
-1739
-1701
-1583
-1564
-1574
-1492
-1643
-1649
-1607
-1607
-1600
-1588
-1594
-1545
-1506
-1505
-1467
-1430
-1417
-1433
-1413
-1355
-1401
-1282
-1269
-1278
-1211
-1211
-1189
-1227
-1217
-1189
-1186
-1186
-1230
-1236
-1236
-1277
-1332
-1301
-1390
-1390
-1337
-1438
-1480
-1542
-1504
-1478
-1468
-1537
-1490
-1450
-1545
-1638
-1667
-1510
-1519
-1486
-1360
-1336
-1453
-1476
-1524
-1466
-1470
-1551
-1424
-1402
-1469
-1463
-1493
-1534
-1464
-1429
-1301
-1269
-1409
-1360
-1264
-1227
-1190
-1190
1213
1213
1189
1241
1241
1212
1212
1188
1188
1212
1367
1279
1295
1300
1310
1282
1276
1330
1330
1288
1328
1350
1257
1364
1353
1332
1267
1326
1381
1340
1328
1352
1413
1500
1533
1506
1591
1488
1433
1358
1271
1246
1204
1224
1308
1363
1384
1304
1289
1274
1342
1306
1249
1262
1214
1230
1256
1283
1250
1375
1304
1307
1327
1342
1325
1312
1395
1254
1228
1196
1196
1341
1316
1308
1188
1188
1213
1229
1203
1203
1196
1196
1243
1195
1195
