-1413
-1413
-1304
-1304
-1348
-1321
-1372
-1299
-1438
-1351
-1324
-1391
-1383
-1259
-1259
-1259
-1250
-1342
-1548
-1402
-1514
-1566
-1565
-1475
-1559
-1552
-1493
-1682
-1600
-1485
-1501
-1508
-1436
-1447
-1640
-1509
-1407
-1373
-1261
-1261
-1280
-1280
-1244
-1283
-1283
-1326
-1261
-1248
-1248
-1266
-1266
-1296
-1372
-1492
-1373
-1481
-1402
-1484
-1587
-1473
-1407
-1242
-1242
-1301
-1301
-1436
-1436
-1367
-1278
-1384
-1376
-1376
-1485
-1430
-1430
-1372
-1359
-1359
-1395
-1395
-1455
-1448
-1370
-1674
-1653
-1706
-1698
-1877
-1914
-1737
-1992
-1804
-1766
-1804
-1802
-1614
-1574
-1650
-1747
-1500
-1521
-1770
-1590
-1506
-1582
-1713
-1653
-1498
-1388
-1421
-1412
-1321
-1336
-1242
-1242
-1363
-1363
-1283
-1335
-1543
-1702
-1797
-1346
-1749
-1556
-1609
-1753
-1493
-1422
-1549
-1460
-1537
-1511
-1474
-1921
-1467
-1252
-1581
-1521
-1516
-1747
-1743
-1462
-1605
-1673
-1510
-1554
-1688
-1651
-1839
-1735
-1580
-1853
-1870
-1798
-1937
-1882
-1912
-2075
-1869
-1886
-1929
-1727
-1710
-2098
-2115
-2326
-2194
-2065
-2170
-1996
-1886
-1984
-2039
-2181
-1941
-1826
-2188
-1954
-2049
-2143
-2125
-2043
-1824
-1833
-2074
-1911
-1903
-1627
-1500
-1439
-1359
-1655
-1547
-1732
-1888
-1811
-1789
-1805
-1649
-1573
-1738
-1764
-2029
-1905
-1878
-2578
-2337
-2384
-2317
-2225
-2569
-2669
-2679
-2537
-2509
-2344
-2607
-2613
-2166
-2154
-2505
-2387
-2175
-2445
-2090
-2051
-2408
-2097
-2019
-2130
-2023
-1873
-1989
-2280
-2292
-1945
-1757
-1585
-1967
-1716
-1540
-1804
-1597
-1405
-1572
-1773
-1434
-1434
-2187
-1830
-1698
-2068
-1924
-1790
-1865
-1685
-1379
-1541
-1526
-1470
-1470
-1438
-1508
-1888
-1334
-1350
-1331
-1331
-1792
-1246
-1364
-1364
-1894
-1661
-1597
-1265
-1739
-1741
-1273
-1273
-1458
-1458
-1553
-1623
-1563
-1325
-1479
-1520
-1491
-1447
-1447
-1292
-1242
-1242
-1300
-1403
-1387
-1387
-1484
-1414
-1414
-1416
-1416
1523
1523
1324
1829
1556
1798
2048
2356
3548
2846
2187
3075
3089
2467
2212
2526
2715
2378
1673
1715
2082
2080
2034
2229
2341
1845
1670
1728
1854
1657
1386
1416
2038
2302
1783
1679
1739
2125
2568
2626
2826
2729
3020
2449
2354
2759
2671
2708
2862
2750
2306
2824
2946
2795
2931
3134
2777
2843
3294
3280
3247
3820
3844
2925
3018
2947
2928
3088
2863
2919
2848
2577
2833
2963
3016
2798
2825
2842
2534
2831
3120
3183
2798
2477
2654
2634
2312
2528
2414
2697
2438
2313
2714
2428
2505
2532
2199
2041
2436
2250
2229
2278
2224
2362
2535
2557
2316
2431
2347
1952
2221
2440
2344
2372
2258
1871
1970
1723
1914
1988
1494
1938
1709
1347
1666
1527
1440
1438
1443
1413
1270
1248
1389
1389
2161
2161
2461
1279
-1327
-1327
1260
1260
1260
1260
1263
1263
1280
1280
1261
1328
1328
1295
1247
1289
1289
1293
1318
1274
1273
1300
1300
1389
1396
1390
1255
1271
1360
1261
1358
1358
1323
1405
1381
1572
1624
1680
1530
1580
1566
1604
1613
1521
1536
1408
1466
1490
1639
1423
1395
1446
1369
1243
1350
1430
1519
1436
1335
1478
1379
1271
1376
1410
1325
1359
1385
1312
1278
1260
1300
1395
1518
1632
1513
1403
1584
1577
1471
1418
1339
1392
1329
1360
1355
1372
1488
1296
1344
1458
1467
1472
1392
1509
1548
1555
1445
1480
1605
1584
1556
1718
1608
1615
1527
1537
1622
1589
1484
1541
1622
1609
1609
1611
1600
1516
1444
1322
1423
1264
1264
1254
1431
1372
1419
1419
1471
1517
1527
1596
1661
1726
1673
1669
1565
1582
1607
1502
1356
1309
1446
1428
1257
1257
1327
1259
1259
1352
1346
1315
1315
1302
1301
1255
1255
1267
1298
1298
1261
1261
1267
1267
1360
-1264
-1264
-1243
-1300
-1358
-1473
-1298
-1313
-1246
-1301
-1357
1306
1306
1365
1366
1309
-1330
-1330
-1463
-1480
-1594
-1759
-1854
-1947
-1851
-1797
-1923
-1820
-1783
-1841
-1914
-1736
-1604
-1695
-1741
-1592
-1494
-1312
-1270
-1270
-1262
-1262
-1273
-1346
-1544
-1651
-1610
-1564
-1583
-1619
-1654
-1607
-1515
-1510
-1496
-1401
-1286
-1301
1269
1269
1487
1721
1715
1503
1454
1251
1251
1448
1459
-1301
-1301
-1632
-1706
-1749
-1717
-1717
-1751
-1880
-1858
-1804
-1979
-1901
-1867
-1815
-1948
-1898
-1766
-1751
-1745
-1663
-1546
-1447
-1267
-1339
-1274
1386
1386
1425
1429
1346
1333
1333
1443
1342
-1342
-1342
-1623
-1574
-1567
-1594
-1603
-1529
-1719
-1942
-2020
-2100
-2307
-2175
-2191
-2261
-2151
-1989
-2006
-1945
-1554
-1280
-1292
-1292
-1399
-1246
1427
1427
1654
1825
1928
2122
1863
1545
1429
1429
1677
1634
-1258
-1258
-1590
-1893
-1882
-1844
-1691
-1761
-1890
-1860
-1969
-2003
-1957
-1838
-1905
-1896
-1916
-1839
-1736
-1623
-1473
-1286
-1286
-1273
-1273
-1354
-1543
-1630
-1674
-1779
-1678
-1684
-1611
-1528
-1550
-1554
-1449
-1257
1254
1254
1408
1683
1834
1995
2362
2357
2208
1794
1479
1814
2169
2385
2122
1805
1338
-1463
-1463
-1670
-1891
-1774
-1753
-1683
-1480
-1594
-1471
-1533
-1754
-1685
-1546
-1463
-1509
-1401
-1398
-1536
-1532
-1540
-1486
-1369
-1278
-1278
1462
1462
1589
1938
1952
1949
2177
2522
2337
1837
1454
1549
1932
1999
1814
1501
-1577
-1577
-1847
-1821
-1672
-1399
-1275
-1339
-1521
-1574
-1753
-1742
-1632
-1669
-1639
-1740
-1763
-1626
-1411
-1265
-1377
-1377
-1353
-1361
-1532
-1499
-1462
-1492
-1450
-1382
-1514
-1629
-1461
-1463
-1465
1737
1737
1795
2606
3025
2929
3125
2823
2717
2275
2002
1678
1685
1894
1613
-1810
-1810
-2083
-2108
-1886
-1697
-1620
-1567
-1437
-1442
-1447
-1344
-1278
-1278
-1444
-1585
-1630
-1620
-1689
-1343
1335
1335
-1349
-1349
-1406
-1523
-1527
-1524
-1497
-1372
-1485
-1485
-1734
-2124
-2247
-2292
-2120
-1936
-1617
-1266
1441
1441
1763
2142
2185
2440
2758
3012
3314
3659
3898
4093
4385
4623
4779
5035
4776
3701
2193
-1393
-1393
-2321
-2831
-2730
-2473
-2214
-1933
1679
1679
2126
2040
1643
1268
-2176
-2176
-3410
-4064
-4089
-3616
-3207
-3054
-2956
-2993
-3033
-2867
-2516
-2094
-1925
-1588
2184
2184
3010
3060
2931
2740
2419
1896
1243
-1390
-1390
-1677
-1600
-1472
-1520
-1613
-1317
-1244
-1449
-1609
-1776
-1918
-2210
-2374
-2438
-2022
-1688
-1610
-1506
1451
1451
1981
2724
3283
3551
3920
4489
4760
4877
4972
4926
4819
4668
4506
4567
4613
4122
3148
-1711
-1711
-2271
-3096
-3731
-3471
-2716
-1924
-1464
2488
2488
3183
2933
2431
1822
-2016
-2016
-2886
-3817
-4191
-3836
-3462
-3346
-3316
-3117
-2900
-2598
-2030
1318
1318
2074
2729
3266
3839
3928
3478
2474
1508
-1764
-1764
-2046
-1913
-1541
-1410
-1344
-1344
-1889
-2242
-2166
-2297
-2487
-2498
-2268
-2191
-2178
-2232
-2087
-1787
-1646
-1658
-1735
-1585
-1457
-1346
-1553
-1797
-1594
-1290
1446
1446
1917
2516
3194
3742
4006
4165
4426
4675
4816
4760
4774
4516
4700
5012
5300
5636
5197
3182
-1978
-1978
-2943
-3592
-4642
-5183
-4306
-2516
3230
3230
4510
4352
3564
2798
2067
-1768
-1768
-1903
-2277
-3365
-4455
-4961
-4897
-4761
-4852
-5048
-5056
-5025
-4435
-3143
-1476
1595
1595
3000
3734
3917
4011
4098
3717
2518
-1711
-1711
-1910
-1621
-1463
-1463
-2021
-2534
-2990
-3100
-3161
-3168
-2969
-2549
-1986
-1498
-1299
-1299
-1561
-1706
-1777
-2158
-2589
-2617
-2165
-1638
2045
2045
2724
3096
3508
4113
4470
4553
4634
4754
4998
5118
5140
5423
5842
6146
6421
6725
6973
5836
2569
-1559
-4073
-4086
-3950
-5084
-5467
-3424
2985
2985
5210
5362
3600
2302
2284
2181
-1480
-1480
-3090
-4379
-5051
-5653
-6353
-6630
-6294
-5760
-4567
-2781
1289
1289
3054
4351
5288
5162
3740
3011
3145
2578
-1411
-1411
-1585
-1342
-1385
-2074
-2282
-1571
-1399
-1399
-2003
-2483
-2956
-2915
-2758
-2518
-2686
-2520
-2163
-1867
-1549
-1809
-2387
-2590
-2488
-2225
-2123
-1985
-1485
1648
1648
2477
2864
3251
4073
4692
5387
5726
5827
6009
6193
6147
6292
6500
6716
7161
6952
3928
-1288
-5096
-5556
-4297
-4855
-6322
-5554
-2270
2099
2099
4738
6452
5256
2854
2216
3330
3259
1434
-2507
-2507
-4791
-6372
-7271
-8307
-9046
-8788
-7509
-5711
-3833
-1688
2324
2324
3853
4934
5063
3763
2511
2282
2691
2167
-1411
-1411
-1547
-1460
-2123
-2733
-2347
1702
1702
1584
-1283
-1283
-2039
-2650
-2651
-2651
-2520
-2934
-3450
-3633
-3611
-3460
-3222
-2896
-2871
-2753
-2322
-1982
-1807
-1789
-2053
-1965
-1550
2080
2080
3239
4366
5494
6369
6756
6818
6796
6974
6928
7007
7406
7865
8560
8346
4687
-1544
-6583
-7725
-6373
-6512
-7777
-6574
-2684
2979
2979
6129
8010
6068
3261
2998
4454
4619
2926
1508
-1540
-1540
-4065
-6135
-7735
-9283
-10256
-9930
-7786
-5093
-2736
1263
1263
2865
4415
5951
6037
4165
2442
2353
3000
2678
1583
-2539
-2539
-3795
-3630
-3407
-3822
-4435
-3658
-1521
-1298
-1298
-1563
-1467
-1564
-2081
-3097
-3381
-3609
-3712
-3416
-2824
-2130
-1743
-1310
1678
1678
2768
4059
5203
5826
7007
7896
8056
7846
7779
7879
8359
8713
9045
10008
9495
4253
-3707
-8606
-8655
-6681
-7383
-9069
-7041
-2986
2829
2829
6528
7596
4581
2101
3524
6322
6721
4739
2713
1749
-2544
-2544
-5532
-8019
-10149
-12050
-12896
-11748
-8681
-5349
-2479
1331
1331
3210
5311
5600
3752
2478
3223
4203
3745
2569
2076
1534
-3908
-3908
-5590
-4775
-3930
-4112
-4238
-3124
-1342
-1342
-2077
-3219
-4214
-4831
-4414
-3574
-2592
-2109
-2019
-1689
-1251
1811
1811
2976
3967
4707
5444
6557
7397
7952
8224
8426
8855
9370
9792
10631
12041
7578
-2741
-11087
-12165
-7443
-5880
-8950
-9274
-4483
-1311
4530
4530
8709
5389
2248
2248
8132
11303
9574
6726
4934
3700
-3891
-3891
-6165
-8117
-11261
-13554
-12974
-9925
-6038
-3317
2457
2457
5170
5011
3672
4006
6208
6779
5255
3392
2708
-4002
-4002
-7347
-7238
-5129
-4843
-6116
-6375
-5473
-4066
-3276
-3238
-2711
-1996
2305
2305
3131
2912
1689
-1244
-1244
-1599
-1978
-3333
-4784
-5178
-4127
-2544
-1675
-1658
-1632
1619
1619
1975
1817
2465
3632
5333
6445
6692
7194
8430
9778
10484
10804
10317
11215
12694
13897
8273
-3648
-13029
-15353
-9253
-6662
-9219
-10109
-6710
-2953
-3486
-3886
6577
6577
4775
8885
8885
16235
14930
10947
8437
7931
4458
-3932
-3932
-5383
-8102
-12197
-13941
-11360
-6793
-4372
-3820
-4587
-5363
-4291
-1499
2018
3847
4072
5407
7614
9202
8882
7407
6043
3440
-5105
-5105
-6413
-5054
-4291
-5951
-8616
-9519
-8533
-7619
-7704
-7410
-5450
-2950
3242
3242
5278
6168
4521
1628
-1475
-1475
-3699
-4783
-4367
-3751
-3722
-3715
-2996
-2123
-1434
2692
2692
3812
3962
4124
4161
4288
4698
5334
6377
6866
7732
8673
9744
10779
10877
11720
12977
14718
10174
-13866
-13866
-19139
-12210
-6643
-8218
-13563
-12166
-4938
-1957
-5179
-5444
3804
3804
-2322
-2322
5828
17517
20314
14459
8584
9369
9471
4954
-3673
-3673
-5403
-8825
-11964
-11093
-7083
-4585
-4883
-7106
-8016
-7423
-5319
-1459
1447
2871
3940
6237
9537
11542
10881
8401
5730
3450
-1374
-1374
-2468
-2886
-3473
-5847
-9162
-11249
-12093
-12345
-12574
-11982
-9486
-5482
-1698
3291
3291
4957
5293
4198
2600
1446
1624
1841
-1332
-1332
-2573
-3240
-3799
-4634
-5352
-5363
-4920
-3776
-2131
2098
2098
3225
3720
3893
4701
5506
5941
6508
7563
8580
9866
11420
13013
14393
15094
15611
16523
13931
4961
-9052
-18633
-16349
-8620
-5250
-10176
-13174
-9308
-3067
-2176
-5912
-6816
-4971
-3048
-1904
3582
12069
18614
16969
12520
10924
10949
9730
5791
2084
-1756
-4474
-7438
-7239
-4418
-2761
-4447
-8302
-11020
-11131
-9033
-8044
-7260
-5930
-2791
1641
5293
7916
8902
8617
6430
4245
3679
4670
5996
5023
3278
1712
-1515
-1515
-4475
-8299
-12085
-14622
-15929
-14022
-10683
-6905
-4220
-1970
1510
1510
2774
3408
2816
-2385
-2385
-3438
-3761
-3420
-2551
-1439
1296
1296
1990
2362
2517
2942
3161
3017
3276
4373
5659
6733
7361
8173
9245
10277
11371
12857
13257
9883
2188
-6138
-8798
-5707
-1761
-1908
-4431
-4898
-2238
-4091
-4091
-7719
-9684
-9219
-5769
3784
3784
4830
3277
2562
3812
5193
4782
2466
1608
1608
2497
3181
2667
1385
-1848
-1848
-3726
-5871
-6894
-6524
-5053
-2716
-1452
-1452
-1930
-1515
1869
1869
3062
3701
3566
2489
-2432
-2432
-4665
-5443
-5113
-5169
-5103
-4318
-2452
-1927
-1927
-3312
-4646
-4551
-2878
-2211
-2211
-3330
-3850
-3215
-2015
2774
2774
3996
4264
4790
5515
6655
7811
9180
9346
7645
3816
-1339
-1339
-2504
-2504
-4380
-6180
-7735
-8214
-7162
-4493
-1854
2043
2043
2429
2092
1654
1384
1416
2170
3333
4257
4210
3065
1639
-1253
-1253
-3344
-5140
-6020
-6093
-5072
-3287
-1666
-1621
-1621
-1787
-1386
-1386
-4135
-6560
-7158
-6458
-5684
-5160
-4427
-3160
-1486
-2533
-2533
-4094
-3985
-2140
-1323
-1323
-1341
1984
1984
2423
2266
2330
2704
3029
3640
4253
5121
6513
7790
9535
10562
12045
13550
16027
18214
15237
6362
-6174
-13748
-12979
-8213
-7787
-11071
-11337
-6191
-1778
-1778
-5865
-9327
-10571
-10784
-7849
8896
8896
12397
10507
9638
12291
14188
11207
4947
-2196
-2196
-3930
-4764
-3463
-1923
-1923
-6250
-9076
-9212
-9800
-11890
-13830
-12613
-6879
6666
6666
9117
8872
7652
6274
5339
4918
4400
2899
1900
1544
1708
-2487
-2487
-6912
-12381
-17406
-20342
-18560
-14105
-9374
-6403
-2926
2035
6256
7064
4758
2121
1763
1763
-2087
-2087
-4359
-4821
-4760
-5350
-5581
-4238
-1708
1293
4333
6353
6802
6593
6597
7470
8869
10296
11226
12688
14491
16321
18948
21795
24663
24072
14035
-5842
-25935
-32768
-26893
-18412
-17917
-19601
-12968
5447
5447
-7867
-7867
-7614
-2954
4978
4978
14639
24433
26263
22071
19961
20919
17177
4943
-9436
-18180
-20927
-21279
-19493
-14610
-9225
-7320
-8758
-8749
-5833
-3506
-4655
-6518
-4029
4132
14745
22424
24145
20902
16140
11310
6272
-5162
-5162
-10114
-12891
-13628
-13059
-11690
-11457
-13138
-16280
-18383
-17653
-13820
-8469
-3704
5389
5389
10844
14571
13627
7492
-5526
-5526
-7305
-7265
-7659
-8609
-8812
-8022
-6624
-5777
-4943
-4570
-3974
-2530
2923
2923
5688
7081
7305
7459
8404
9638
10143
10351
11207
14191
18324
22116
24715
26351
28081
22930
7487
-17452
-32352
-32768
-26301
-19464
-22041
-20693
-9587
3535
4789
-2801
-6745
-1790
4218
5973
9560
17740
25017
25514
22787
23483
23703
14685
-3664
-19998
-26653
-26664
-25098
-22279
-16361
-10335
-7762
-6973
-3535
1349
2484
4192
4192
12523
18442
20664
20361
18252
14481
9141
2276
-5759
-14553
-21159
-22043
-18148
-14105
-12330
-12012
-10706
-9235
-8199
-7363
-5164
-2103
3281
3281
7209
11387
12095
7764
-4873
-4873
-7297
-8568
-10213
-11486
-10757
-7584
-3598
-1462
-1462
-1401
1868
1868
3186
4756
5856
6779
8354
10108
11638
12709
14909
18327
21590
23450
24076
26650
26504
16398
-6499
-28527
-32768
-30270
-22601
-22548
-24585
-17140
-3576
4585
1460
-2465
8164
8164
11545
11962
14889
20577
23675
22786
22308
22805
17524
2215
-16236
-27329
-29055
-26576
-24460
-21547
-15967
-10008
-5557
4781
4781
9460
9289
6192
6101
10676
15583
17103
15927
14458
12811
8622
-7975
-7975
-16639
-22797
-25430
-24001
-20346
-16801
-14709
-11778
-6934
-1981
1478
1478
1878
2423
3332
4379
5564
6080
4137
-5063
-5063
-7831
-8666
-9614
-11085
-11210
-8306
-3899
1738
1738
2849
3726
3491
1901
1937
1937
4495
7669
10348
12266
14230
16550
19981
22939
25476
26190
27997
27812
18420
-4839
-28547
-32768
-32201
-26127
-23415
-24342
-16782
-4752
4259
4269
3162
5667
10654
12472
12321
14565
18472
21460
22629
23062
21089
11198
-5866
-21024
-27886
-28731
-29450
-29631
-25044
-15061
-5897
4804
4804
11953
16934
15276
10013
8122
11264
14907
14508
11895
9888
7716
2393
-5794
-13804
-19887
-23365
-25521
-25630
-23280
-17962
-10535
-3170
2614
5049
5620
4865
4716
3991
2988
1780
-3216
-3216
-5237
-7057
-8189
-9121
-10503
-10765
-8667
-4876
-1458
2612
2612
4536
5323
4063
1604
1475
1475
2785
5927
10456
14968
17535
20594
23517
25602
25523
25538
28888
28362
13563
-16845
-32768
-32447
-32370
-26217
-27552
-22857
-10254
1587
4587
4868
12958
20655
18213
7523
3722
12801
24949
26028
20036
16174
14184
4464
-13620
-28697
-31355
-30265
-31636
-32768
-26735
-10173
4617
11862
14834
18725
22629
21151
14076
8514
9026
12309
12996
8643
3010
-4705
-4705
-8816
-16166
-24083
-29379
-31268
-29211
-24241
-14281
-1630
8796
12700
12483
9925
7782
4909
-4591
-4591
-7840
-8618
-7452
-6078
-4538
-3403
-3443
-5302
-7853
-8314
-6510
-2541
1725
4847
5495
5752
5464
4658
2646
3839
3839
7610
13116
18053
20332
26578
31535
26059
26274
29187
26372
10496
-21523
-32768
-32107
-32768
-28111
-28083
-22488
-6213
5096
7541
6624
15410
26009
23009
9301
1990
11244
26139
28528
20331
12012
7883
-12882
-12882
-26261
-31017
-30766
-31609
-31551
-24479
-9457
5319
14848
20434
23007
22759
18886
13593
10430
9022
8609
6829
3442
-4104
-4104
-7435
-11132
-16646
-23790
-29335
-31061
-27965
-20372
-9588
2732
11599
14523
12811
10454
7545
3860
-2593
-9459
-13758
-13566
-10027
-6507
-4238
-2723
-2276
-2701
-3944
-4011
-2394
2381
2381
3516
4334
4361
4637
3906
2349
2204
2204
5381
10104
16138
22412
28259
31890
32767
32257
32767
31812
20221
-12808
-32768
-32146
-32768
-32521
-31627
-27236
-13653
4042
13264
14160
18487
28119
27567
13969
3881
3881
20460
29611
24908
14708
9018
3037
-10008
-26066
-32768
-32689
-32747
-32768
-28492
-11514
7943
21942
28732
29142
26106
20344
13317
8335
4839
2274
-2560
-2560
-4372
-6206
-8697
-12601
-17760
-24962
-31292
-32585
-26634
-14764
-2187
7859
14963
18169
17342
12025
5709
-1586
-8820
-15570
-19273
-18197
-12617
-6350
-2580
-1410
-1635
-1862
-2436
-2776
-1743
2625
2625
4505
5898
7214
7754
6955
4795
2901
1595
2810
5942
10413
17194
24386
30788
32767
32545
32767
32622
31163
5504
-28117
-32768
-32528
-32768
-32606
-32232
-21522
-4582
8558
16068
21408
29772
31202
19053
4364
1584
13535
25313
25068
17391
10391
4303
-7125
-22518
-32305
-32738
-32768
-32651
-32607
-20539
1662
19551
30333
32767
31553
26088
18847
12144
7425
3304
-3455
-3455
-5382
-6846
-7991
-10935
-16684
-26361
-32768
-32590
-32363
-20539
-6934
4756
15080
21174
23213
18555
12636
3308
-6565
-16283
-22068
-21358
-15605
-8656
-4516
-3147
-2022
-2647
-3549
-4266
-2274
3039
3039
4585
6617
9856
10985
10039
6361
3157
1882
2484
6190
11306
20308
29816
32767
32675
32767
32682
32767
27052
-10134
-32768
-32030
-32768
-32329
-32768
-29322
-14426
10923
10923
18059
27700
32767
27573
10581
7894
7894
24110
31743
25773
17981
11321
1778
-17169
-32103
-32734
-32768
-32681
-32768
-30878
-11337
11975
28878
32767
32685
31879
24068
16156
10514
7569
5134
1747
-1963
-4239
-5270
-7345
-14340
-26684
-32768
-32125
-32768
-28847
-14042
1700
15788
24933
27238
22638
16813
8864
-11899
-11899
-20789
-22196
-17162
-9745
-5646
-5264
-5374
-6681
-7641
-8297
-5841
-1825
2058
5022
8113
11726
13569
12915
9007
4823
1478
2780
2780
7810
15720
26621
32501
32767
32459
32767
32181
32282
-32643
-32643
-32206
-32768
-32517
-32768
-28528
-16999
-3579
7908
16885
25132
30615
23974
9718
1904
10567
26520
32767
31426
27336
20667
8447
-16210
-32594
-32671
-32768
-32768
-32546
-32768
-17979
7424
24741
32509
31579
26322
18985
12475
9415
9890
10714
9845
6892
2807
-2719
-9921
-18082
-28584
-32768
-32720
-32641
-32768
-21049
-1805
14597
22324
22099
17175
11906
8509
1578
-6762
-15434
-17311
-13411
-7401
-4921
-6326
-8461
-10390
-12448
-13246
-10883
-3793
3503
8877
10258
10429
10013
10092
8971
5397
2639
2303
2303
7114
15541
26555
31920
32767
32239
32767
31873
32767
3449
-31428
-32639
-32750
-32768
-30459
-23650
-15305
-3332
6240
14717
20860
24352
18443
9359
6952
17630
30584
32767
32562
32767
30938
13438
-16448
-32768
-32531
-32768
-32580
-32768
-30176
-10502
9040
19275
23813
25259
22805
15173
7615
7413
13630
19344
19241
15605
10732
2317
-9334
-20907
-28997
-32732
-32768
-32579
-32768
-21966
13122
13122
18755
17407
13741
10579
6566
2514
-1405
-4768
-7023
-7491
-6944
-8266
-11338
-15082
-18668
-20577
-19750
-13249
-3313
6559
12431
14439
13332
11983
9987
7777
5584
4693
4888
7040
12529
21118
29341
32767
32675
32767
32767
31924
12638
-24303
-32768
-32267
-32768
-32768
-29003
-20653
-11569
-1657
5453
10012
11375
9638
6208
7521
15935
28049
32767
32649
32767
32603
18787
-11044
-31444
-32768
-32653
-32768
-32657
-32425
-20117
-5587
2041
6885
10404
11984
9370
6212
7952
14908
22195
25914
25568
20149
7690
-8986
-22696
-30649
-32702
-32768
-32528
-32768
-28361
-14521
-3954
4159
7293
6867
4022
2892
4914
8027
8719
6945
3784
-5720
-5720
-12022
-16726
-19459
-21400
-21842
-17128
-7887
2232
8574
11143
11918
12284
10919
9106
7618
8943
11299
14145
18024
23643
30909
32767
32767
32664
32767
32633
21741
-12735
-32768
-32476
-32734
-32768
-27731
-17913
-12324
-6419
2893
2893
2671
2132
2961
9182
18191
29071
32767
32767
32494
32767
28708
5310
-19653
-32286
-32768
-32676
-32768
-30998
-22027
-12604
-7785
-6850
-6977
-4872
3960
3960
7995
13206
20307
27633
30625
26489
15439
1736
-11255
-21567
-29222
-32704
-32768
-31375
-25376
-18381
-11431
-7916
-6689
-5873
-3915
1543
1543
4885
8268
11653
11503
7257
-6450
-6450
-11413
-14798
-16182
-15107
-11624
-7174
-2151
2543
5874
6822
6409
5618
6026
7613
10028
13665
18380
23568
27074
30750
32422
32767
32701
32767
32767
25405
-3199
-30203
-32768
-32443
-32768
-27256
-18513
-14362
-10774
-7625
-7870
-10605
-11172
-4460
9058
24023
32346
32736
32767
32706
32767
31169
14098
-8262
-23365
-28836
-27927
-26095
-24283
-21554
-18166
-17683
-20955
-25496
-25681
-18768
-6083
7607
17295
21506
21676
20010
16851
9938
-12972
-12972
-20766
-21744
-17453
-11827
-7715
-6870
-8202
-11108
-14375
-16886
-16709
-13104
-6844
6075
6075
8016
6086
2672
-2542
-2542
-4097
-4551
-4060
-2482
2863
2863
6138
8841
9886
8629
6763
5595
6709
9395
12954
16442
18861
20122
20589
21096
22992
26421
30885
32767
29657
14991
-9632
-30691
-32768
-32768
-30322
-17219
-6028
-3887
-3887
-10444
-17543
-20432
-13584
1733
19073
30052
32536
29910
26836
23974
19172
9956
-1611
-12245
-18465
-18250
-14042
-10254
-9575
-11778
-14973
-19215
-23265
-25599
-23644
-16265
-4789
6371
12944
12675
6898
-1262
-7044
-9134
-8999
-7692
-5712
-3175
-1354
-1649
-3602
-6722
-9730
-11296
-10714
-8348
-5562
-3603
-2607
-1815
-2260
-2260
-4691
-6356
-5606
-2028
3090
7358
9553
9978
8813
8019
8086
10005
12757
16142
20341
23749
24917
23163
20082
17644
17296
17645
16854
12106
4174
-6593
-15871
-21089
-21358
-18780
-14746
-10839
-7140
-5471
-6891
-11277
-15713
-16431
-11197
10420
10420
17183
17799
14623
11437
9791
9261
8358
7281
6668
6425
5511
2541
-2898
-9445
-14502
-16396
-16039
-15649
-16135
-16835
-16184
-13549
-10291
-7909
-7518
-8182
-8387
-7086
-4678
-2470
1254
1254
1684
-3660
-3660
-7276
-8714
-7160
-3437
3735
3735
4033
2197
-3079
-3079
-4850
-5689
-5128
-3095
3360
3360
4393
3739
2116
2396
2396
4725
7544
10135
13237
16559
19301
20428
20206
19549
19655
19559
18230
14391
8947
3070
-2010
-5498
-6843
-7141
-7542
-7107
-7281
-7682
-9882
-13826
-17887
-19286
-17026
-11221
-3962
1340
3793
3327
1966
4124
4124
7999
11032
11064
7442
1743
-3678
-6829
-7909
-8295
-8725
-8963
-8652
-8114
-8209
-9438
-11162
-12458
-12116
-9833
-6251
-3007
1751
1751
-1757
-1757
-4995
-7057
-6745
-4748
-2767
1550
1550
3165
3765
3739
3848
4792
5703
5385
3732
1609
1752
1752
3673
5591
6702
6778
6028
4824
3905
3318
3157
3224
3085
2865
2785
2689
2197
1447
-2000
-2000
-3075
-3305
-2456
-1969
-1969
-2275
-2172
-1890
-1470
-2418
-2418
-5034
-6891
-7438
-6843
-5639
-4239
-3372
-2920
-2853
-2975
-3062
-3149
-3073
-3002
-2577
-2194
-1819
-1783
-2132
-2792
-3807
-5142
-6283
-6814
-6765
-6227
-5317
-4172
-3319
-2670
-2154
-1653
1268
1268
1261
1312
1312
1425
1987
1987
2667
3191
3673
3769
3528
2652
1781
1245
-1881
-1881
-2240
-2279
-2110
-1695
-1380
-1326
-1383
-1383
-1832
-2073
-2216
-2049
-1559
-1288
-1288
-1546
-1779
-2142
-3039
-4099
-4829
-5129
-5075
-4662
-4068
-3364
-2679
-2073
-1900
-2015
-2179
-2208
-2245
-2011
-1534
-1408
-1408
-1780
-2021
-2271
-2441
-2681
-2776
-2782
-2688
-2344
-2030
-1429
1327
1327
1863
2006
1951
1655
1331
1499
1499
1996
2551
3290
4320
5214
5573
5454
4771
3686
2453
1579
1254
1438
1610
1398
1520
1520
2142
2264
1891
1377
-1242
-1242
-1854
-2281
-2828
-3100
-2760
-1997
-1378
-1559
-1559
-1538
-1469
-1469
-1723
-1779
-1698
-1501
-1271
-1283
-1283
1562
1562
1693
1582
1499
1645
1708
1603
1977
1977
3106
3404
3134
2939
2993
3044
2989
2905
2807
2818
2581
2054
1481
1351
1351
1496
1870
2424
2757
2737
2419
2116
1856
1800
1873
1848
1386
1249
1249
1602
1602
2157
2453
2377
2199
1982
1842
1714
1686
1767
1962
2078
1910
2103
2519
2787
2641
2360
2303
2434
2608
2596
2480
2531
2628
2557
2173
1705
1328
1448
1448
2085
2439
2492
2298
1953
2124
2299
2303
2256
2167
2408
2673
2929
2980
2845
2657
2167
1888
1866
2123
2744
3335
3696
3812
3840
3487
3034
2656
2392
2144
1679
1283
1283
1518
1709
1659
1718
1718
2312
2539
2630
2387
1951
1630
1593
1606
1480
1289
1373
1619
1665
1464
1588
1588
1913
1829
1702
1793
1959
2081
1980
1516
1311
1311
1663
1796
1710
1697
1814
2084
2469
2744
2655
2311
2118
2046
1985
1564
1356
1356
1426
1453
1430
1386
1362
1269
-1532
-1532
-2017
-2333
-2489
-2555
-2600
-2645
-2356
-1623
1304
1304
-1365
-1365
-1805
-2152
-2363
-2204
-1802
-1313
1307
1307
1302
-1493
-1493
-1757
-1689
1493
1493
1510
1327
-1375
-1375
-1660
-1783
-2023
-1937
-1746
-1456
-1345
-1345
-1679
-1939
-2287
-2623
-2881
-2577
-1945
-1583
-1390
-1338
1244
1244
1683
1804
1702
1480
1392
1402
1423
1520
1329
-1390
-1390
-1639
-1489
1329
1329
1536
1685
1661
1432
-2319
-2319
-5283
-2841
2844
-7858
-7858
-3065
4567
2501
-3803
-5601
-2285
-2285
-5052
-4572
-7560
-11611
-5410
-3675
-3675
-6969
-6675
-2565
-6193
-7469
-5470
-4703
-5984
-6921
-5392
-5205
-6294
-6442
-8185
-7724
-6276
-2485
-4288
-4288
-5616
-4007
-2991
-5090
-4943
-1510
-2467
-2467
-3014
-1711
-3371
-6289
-5228
-3084
1366
1366
2126
1262
1608
1608
2959
4144
4584
5318
5159
4650
3892
4121
5210
6112
6992
8055
9422
9640
5256
-1637
-5075
-1376
4741
5716
2523
-5832
-5832
-11577
-14157
-9506
-4937
-6056
-8845
-8500
-7841
-11151
-13963
-12553
-9695
-8930
-8210
-5324
-6131
-10435
-14114
-12135
-7921
-6144
-6260
-6968
-9092
-11976
-13082
-10653
-7808
-7325
-8005
-7769
-7979
-9492
-11921
-12436
-10903
-9706
-7784
-6784
-6776
-9305
-11246
-9896
-5840
-1993
2455
2455
4661
9223
11687
13379
15167
15575
18494
20888
24125
27185
27189
21209
14199
8480
9101
10992
9685
6504
-7132
-7132
-12812
-16246
-16315
-15843
-16885
-19119
-20987
-22117
-22519
-23081
-22958
-20372
-16980
-12193
-8512
-7222
-6873
-6724
-3704
5284
5284
8799
9210
6939
4368
3407
5871
7336
5825
2870
-3051
-3051
-4999
-8527
-11704
-12843
-14117
-12430
-13997
-15475
-17855
-18931
-16775
-14061
-10145
-8767
-8447
-9119
-8842
-6120
-2994
2311
2311
3305
4044
4535
6712
8204
10161
11996
13201
14975
14667
14070
13932
14037
17410
19441
22400
23800
22597
23857
24136
28085
31471
32566
30016
25363
17503
11874
9171
13135
17989
16055
8353
-1633
-6365
-6842
-4789
-1493
-1493
-6604
-10071
-9898
-6272
-3129
-1605
1428
1428
1582
1424
2594
2594
3908
4536
8144
8540
10660
8636
6295
6309
6831
9659
11587
10297
7534
2171
2304
2304
3436
-2576
-2576
-5853
-6212
-5105
-3770
-3191
-4346
-4072
-4888
-4445
-3787
-3343
-1428
1626
1626
3633
4311
4598
4140
5519
8269
10386
11992
11072
10013
9779
11518
14387
17791
19479
20448
20606
20472
22693
25273
27684
28364
26603
27550
26061
18303
10682
6691
16453
21016
14131
2724
-5265
-6243
-9201
-10173
-3962
-6183
-6183
-18111
-21045
-15046
-10666
-11753
-9504
-4757
-4817
-9188
-9501
-4141
-2185
-2185
6121
6121
6801
2068
-2054
4557
4557
3491
5122
4640
-4167
-4167
-8737
-5335
-3998
-4660
-6253
-8137
-9941
-12644
-12850
-10609
-9766
-10297
-10265
-10497
-10781
-10972
-9442
-7143
-5689
-3937
-2985
-2770
-3493
-2318
2404
2404
4391
5102
5679
5377
6135
8856
11187
14044
14692
16320
17084
18329
20007
21692
23901
25112
24037
25270
23121
14347
5336
2557
14681
17433
8846
-2463
-7937
-9402
-15656
-12851
-2207
-12096
-12096
-22984
-20514
-14146
-14040
-12509
-7720
-6084
-11113
-13855
-8793
-6209
-6733
-7910
-1242
2616
-4469
-4469
-5680
-1400
2848
2848
5870
4360
-5295
-5295
-3826
2886
2886
-1901
-1901
-5126
-7567
-9058
-7856
-6617
-7346
-9138
-10527
-10754
-10783
-10209
-8949
-6899
-4635
-3753
-4467
-4531
-3388
1992
1992
5294
7150
6916
5223
5884
9789
13326
15013
16435
17112
17749
17513
20696
23253
25194
23717
25158
23426
13298
3919
2684
16359
18907
9423
-3773
-8284
-10191
-14819
-10780
-15825
-15825
-28369
-24500
-16380
-14735
-15060
-12132
-12066
-18252
-21018
-12747
-6300
-7853
-11350
-7222
-2807
-2807
-5822
-4246
2882
2882
2125
4842
4213
-4963
-4963
-2151
3940
3679
-5274
-5274
-8140
-9075
-8650
-5260
-3790
-6310
-10447
-12462
-10508
-7492
-6331
-5933
-5431
-4583
-5359
-5561
-3102
1261
1261
2209
4533
6807
5666
5337
8064
12622
15170
16105
18073
18593
19109
19846
24656
27952
29216
26616
27333
26682
16854
7813
7785
23670
26528
13202
-2346
-5758
-4250
-8512
-5772
4007
2389
-15745
-29566
-22475
-10786
-10040
-11987
-10227
-10993
-18434
-19844
-9238
-2949
-2949
-8675
-7016
-1298
-1762
-4136
3867
3867
4310
1844
1844
4306
-3140
-3140
5942
5942
5701
-1373
-5625
-6147
-5591
-5489
-3337
-1638
-5831
-11950
-13875
-10210
-5714
-5978
-8013
-9257
-9562
-9500
-8526
-3875
-1962
-1962
3608
3608
4438
5101
6929
10758
11751
11801
12798
14313
16093
17626
20996
22933
23521
21549
22047
25513
17013
7011
15573
15573
25277
15978
-7184
-7184
-4751
-9002
-9277
1662
5209
-12204
-30404
-26461
-11358
-8103
-12444
-12243
-13158
-20439
-24268
-13064
-1302
-1985
-11018
-13282
-7652
-4506
-5474
-3241
1667
2885
-2019
-4123
1657
1657
-1754
-2580
2902
4572
-2690
-8786
-7579
-5582
-5683
-6155
-4960
-7090
-13730
-16025
-11888
-6080
-5846
-9843
-11800
-11462
-10654
-8854
-5305
-1660
-1660
-4074
-3257
3859
3859
3712
6152
9711
10487
10294
11358
16165
18494
21144
22576
25511
23295
26962
24266
14544
5391
7045
25509
25423
12023
-3095
-5491
-5746
-8100
-3229
6098
-20883
-20883
-31574
-23141
-10086
-9248
-12444
-14636
-18715
-24447
-23292
-9889
-3614
-3614
-11969
-13887
-8261
-6451
-3004
3685
3685
1604
-4025
-2745
1506
2086
2133
2133
-4517
-4517
-5937
-4564
-3225
-3452
-5254
-5748
-7672
-10937
-11629
-9375
-5361
-6438
-9877
-11432
-10080
-8340
-7474
-3970
-1894
-2891
-4797
-2391
2482
4845
5722
7339
8755
8680
9442
12682
16633
19128
18942
20370
19080
21547
22268
29632
23477
11146
9325
9325
27646
24568
8624
-5218
-3382
-5250
-6857
9957
9957
-1731
-24569
-30238
-15332
-4006
-9203
-13662
-15230
-19500
-25802
-20136
-4730
-8720
-8720
-17155
-13094
-7426
-5648
-3594
2065
2065
-2294
-5484
-1422
3801
2488
3993
3993
-5340
-5340
-5595
-2354
-4298
-4298
-5571
-6604
-9404
-12986
-11159
-6052
-4423
-8527
-12646
-11905
-9094
-7385
-4958
-1609
-3304
-3304
-3675
5979
5979
6490
6848
8615
10710
10652
11985
16364
20740
21007
20626
21297
24708
28992
19343
9663
4028
19869
29452
20505
4595
-3318
-3318
-2022
7677
10403
-8705
-26152
-24104
-8823
-4117
-8756
-11825
-15280
-20863
-24273
-13538
-1680
-2268
-12160
-16081
-10673
-5641
-4890
3473
3473
2036
-3394
-4615
2411
4849
2792
1880
3719
4327
-2696
-2696
1668
1668
-1390
-1390
-2331
-3830
-7475
-8595
-5628
-2097
-2684
-7444
-9635
-8568
-6372
-4874
-2558
-1930
-1930
-4797
-3350
2501
7026
7064
7097
8818
9993
10197
12985
18019
21423
21174
19817
22142
23823
31364
23566
14091
5259
16727
29651
23839
9077
2598
2598
6143
6143
12186
-3777
-22204
-23326
-9250
-1760
-7552
-11533
-14864
-18798
-22341
-14091
-10003
-10003
-17124
-10888
-5465
-3878
-3687
-4150
-4150
-4900
3687
3687
1414
1414
3131
-4020
-4020
-2931
-1719
-1719
-2388
-4331
-7261
-9524
-6763
-3228
-2845
-7009
-9985
-8251
-5488
-4114
-1718
-3386
-3386
-2118
3868
7372
7190
6557
8177
8793
10418
12461
16648
17609
18575
17702
20490
20432
26730
22652
12397
4237
10566
26836
22790
8245
-3661
4401
4401
10960
-19030
-19030
-21674
-7895
3969
-1769
-8965
-12462
-14358
-16727
-11026
1770
3760
-4934
-13550
-9022
-1520
-1520
-1461
-1461
-4182
-1573
3334
-3120
-3120
-2768
-7044
-7044
-8099
-5042
-3228
-5301
-8163
-8295
-9191
-10438
-9527
-4928
-2966
-6709
-10450
-7744
-2387
-1370
-1370
3963
3963
8263
7437
4046
5060
7314
9311
10086
11592
14108
14619
14553
15155
17657
19702
19583
23075
15134
7555
13824
13824
23973
15848
-5102
-5102
-2444
-2444
-1533
4717
8765
-8343
-22315
-16571
-1282
1941
-6057
-7710
-9838
-13075
-14549
-4335
4674
-7517
-7517
-10243
-4087
1575
1575
-2209
-5563
-5663
-1407
-6289
-6289
-6302
-3815
-4092
-9707
-12059
-9956
-7707
-8911
-8306
-8485
-11602
-14386
-13082
-6634
-4014
-6215
-10460
-10850
-7868
-4709
-1392
-3552
-3552
-4774
4463
4463
5342
3757
3660
4683
5042
6602
10023
12167
12112
10873
12085
13163
14628
14030
16186
17094
21525
12963
3581
11325
11325
22122
13364
1444
-4747
-1362
-3227
7454
7454
9315
-5312
-18606
-13102
4036
4036
-2600
-5768
-7855
-10869
-11015
-2908
6441
2238
-6344
-9783
-3798
-2660
-2660
-7734
-7515
-2930
-6455
-6455
-9360
-7835
-6473
-9320
-12091
-9264
-7943
-9007
-11135
-9427
-8519
-9857
-10577
-7170
-3358
-4263
-6809
-6614
-2678
2249
2249
-1576
-1576
4466
4466
6156
4462
3673
4315
5331
6513
8303
10705
10520
10944
9840
12596
14203
16478
15827
19836
15253
7144
2190
11483
23614
15993
2505
-3729
1562
5950
5950
8774
-3591
-16198
-11142
1543
4950
-2006
-5341
-5912
-7590
-7689
-1957
5334
1954
-5686
-8089
-3074
-3840
-3840
-2640
-3855
-7218
-8915
-6399
-4488
-8016
-9545
-7741
-6967
-9786
-11931
-9548
-6536
-7277
-8803
-8906
-8154
-9261
-8316
-5694
-3105
-4201
-6849
-6213
-2191
3855
3855
3685
2541
2590
4386
5539
6109
7572
8808
8955
9087
9756
11392
13015
14708
15194
16977
18160
9862
4015
3738
18085
19480
8785
-2707
-1901
1565
4696
4696
9725
5441
-9952
-14099
-3781
6597
3952
-3147
-5253
-7008
-8169
-5890
2380
4546
-2669
-9146
-8041
-2049
-1364
-3367
-4275
-3849
-6406
-8683
-7613
-5220
-7079
-10719
-9966
-7045
-7102
-11120
-11965
-9261
-7020
-7150
-7427
-6930
-7685
-8840
-6616
-2277
-3598
-3598
-5808
-3685
1444
1444
2838
2838
4792
4089
3033
3508
5610
6513
7809
8943
9961
11065
10372
11924
13017
15604
15203
18541
15303
8382
3392
9053
20791
15235
4238
-2910
1773
2266
2288
6921
8853
-12865
-12865
-8896
2176
5310
-1839
-4954
-5729
-7487
-7267
-2314
4199
-6525
-6525
-8311
-4272
-2309
-2309
-3881
-4990
-6296
-8712
-8331
-5865
-5514
-8177
-10165
-8852
-7663
-9008
-9683
-7899
-6276
-6665
-8112
-7130
-6169
-5868
-5615
-3345
-1983
-3045
-4743
-3406
1905
1905
3833
4146
2505
3136
4509
6816
7183
7992
8573
9222
10053
10903
13411
13175
14039
14060
19562
14824
6216
2243
12116
22248
12854
1389
-1922
3632
1686
2212
8863
9374
-4286
-15029
-6696
5020
4964
-3377
-5162
-5628
-8628
-7824
5496
5496
-1490
-9235
-9166
-3581
-1478
-3448
-4246
-4630
-7761
-10518
-10437
-6951
-5917
-7758
-8847
-9557
-9350
-10625
-8944
-5661
-4326
-7048
-9370
-8297
-5857
-4581
-4065
-3006
-3237
-5272
-5357
-2000
-1322
-1322
-1286
1668
1668
3365
4308
3434
3337
3977
6438
7158
7556
8710
9327
10697
9871
11818
12013
13841
14169
18047
12884
5585
2947
12156
20738
11571
-1564
-1564
4006
2468
3397
8654
7631
-5143
-13719
-4680
5583
3619
-4808
-5739
-6476
-8499
-7358
2992
2992
-4708
-10359
-9242
-4021
-3362
-5112
-6590
-7593
-10209
-10712
-7462
-6451
-7536
-11119
-9419
-7527
-7177
-8621
-9024
-6797
-6319
-6554
-6266
-5803
-6011
-6371
-4394
-1815
-1780
-3631
-3976
-1978
1966
1966
5028
5317
3769
3345
5381
7344
8643
8934
9419
9775
9695
11610
12013
14310
13237
16432
14150
7085
3967
8360
19435
13886
3780
-1831
3109
4251
3383
7130
8696
-11182
-11182
-5959
4542
6098
-2504
-4862
-4500
-6571
-6360
3371
3371
-2258
-9151
-8334
-3570
-2917
-4688
-5879
-6039
-7943
-9829
-8319
-7215
-6694
-8096
-8103
-8297
-8296
-9315
-7782
-6058
-5341
-6012
-7908
-6658
-5011
-4012
-3789
-3189
-3495
-4415
-4383
-1810
-1778
-1778
2410
2410
2669
1686
2230
4528
6201
6301
5960
7158
7780
9076
9853
10108
11011
10901
14260
10107
5050
2912
9761
16201
8760
-1722
-1722
2755
2700
4041
6674
4326
-6556
-10775
-2800
4446
1762
-5888
-6973
-8056
-8718
-5905
-1453
-1453
-8756
-12730
-9566
-5841
-6765
-8503
-9834
-10438
-11776
-12076
-10537
-10011
-10042
-12031
-10531
-9696
-10544
-10650
-9472
-6523
-6795
-8662
-9227
-7596
-5950
-4606
-3884
-3779
-5754
-8794
-6766
-2312
-2646
-2383
-1625
-5219
-5396
-4397
-2626
2332
2332
4305
7271
6745
4665
1846
2048
2048
3996
5058
7161
7934
10195
6957
3908
4319
10095
13233
6120
2949
2949
3653
4836
5424
1924
-6273
-7506
3832
3832
-6566
-6566
-6995
-6792
-5865
-2976
-2915
-2915
-8895
-10193
-6887
-5319
-6702
-8885
-9241
-11068
-11860
-10489
-8795
-8623
-10337
-10102
-9034
-8476
-8648
-8056
-6340
-5239
-5825
-6362
-6163
-5077
-3392
-2471
-1834
-2310
-3527
-3540
-1744
2110
2110
2302
2389
2336
3382
5048
5537
5573
5228
6494
7063
7863
9078
9501
9498
9811
10929
9929
6861
6628
9502
11330
8339
3612
2547
4172
5398
5737
5875
3523
-2822
-2822
4060
4060
1833
-2529
-3924
-3267
-3047
-1929
-2064
-2064
-5929
-7899
-6179
-3942
-4921
-5624
-7937
-8745
-9729
-8212
-7149
-7296
-8301
-9102
-8506
-8402
-7161
-7258
-6616
-6762
-6089
-6284
-5983
-5358
-4553
-3726
-3815
-3436
-3563
-2991
-2108
1868
1868
2197
2226
2681
3710
4594
5566
5978
6204
6045
6749
7780
8742
9208
9010
9234
9460
9283
7825
7060
7839
9318
8506
4707
2754
3601
5146
5046
4921
3841
3555
3555
2756
-3367
-3367
-2809
-2432
-1893
-1934
-1934
-5147
-7774
-6085
-4049
-4222
-6965
-7964
-7678
-7673
-7639
-7092
-6647
-7438
-8040
-7204
-6472
-6661
-6927
-6136
-4972
-5272
-5712
-5476
-4288
-3279
-2856
-2491
-2494
-2760
-2168
1707
1707
2772
3408
3955
4323
4592
4811
5383
5997
6409
6838
7272
8075
8271
8717
9051
9649
9915
9420
8332
8055
8348
9010
8210
6522
5236
4634
5224
5533
5435
3902
2046
1389
1389
1981
1577
-2065
-2065
-2262
-1668
-1705
-2371
-3886
-4740
-4914
-5125
-5081
-5573
-5492
-6289
-7065
-7338
-7266
-6993
-6822
-6170
-5953
-6255
-6515
-6063
-5410
-5220
-5535
-5705
-5650
-5066
-4175
-3239
-2874
-2724
-2356
-1744
1325
1325
1779
2346
2931
3509
4140
4292
4452
4901
5499
5912
6064
6624
6796
7105
7345
7973
8578
8478
7943
7516
7054
7405
7217
6516
5183
4314
4416
4077
4036
3569
3196
1980
-1910
-1910
-1964
-2515
-3029
-4096
-4044
-4453
-4593
-5028
-5407
-5846
-6032
-5985
-6044
-6222
-6342
-6617
-6739
-6387
-5934
-5359
-5639
-5583
-5285
-4714
-4452
-4032
-3565
-3237
-3270
-2950
-1990
-1348
1990
1990
3049
3746
3738
3245
3558
4382
5676
5951
5956
5310
5607
5856
6741
7359
7428
7037
6767
6874
6950
7001
6602
6327
5355
5111
4833
5098
4750
4189
3500
3126
2635
1884
1355
1281
-1514
-1514
-1729
-1833
-2758
-3699
-4011
-3534
-3526
-4458
-4912
-5342
-4866
-4886
-4485
-4559
-5544
-5959
-5385
-4474
-4377
-4772
-4846
-4697
-4342
-3802
-3365
-3069
-3289
-3001
-2243
-1520
-1391
1382
1382
1894
2343
2654
3144
3556
3864
4104
4636
5044
5123
5292
5667
6127
6287
6404
6449
6704
6774
6863
6787
6630
6211
5882
5594
5480
5270
4899
4401
3886
3292
2782
2495
2298
1810
-1763
-1763
-2339
-2502
-2452
-2751
-3058
-3409
-3767
-3890
-3895
-3866
-4200
-4436
-4535
-4393
-4520
-4546
-4652
-4266
-4163
-4149
-4158
-4020
-3810
-3560
-3068
-2714
-2623
-2485
-1966
1387
1387
2073
2260
2170
2538
3169
3709
3847
3997
4081
4290
4608
4846
4850
4581
4664
5106
5478
5535
5395
5329
5270
5240
5218
5163
4780
4658
4522
4415
4037
3498
3095
2811
2443
2127
1828
1372
-1734
-1734
-1897
-1874
-2149
-2665
-2943
-3180
-3124
-3363
-3258
-3388
-3599
-3820
-3821
-3372
-3247
-3439
-3532
-3670
-3565
-3543
-3311
-3339
-3280
-3049
-2987
-2874
-2579
-2190
-1837
-1409
1508
1508
1989
2343
2588
2890
2962
2983
3211
3449
3680
3736
3909
4133
4283
4127
4178
4355
4498
4583
4468
4316
4305
4175
4211
4086
3952
3478
3033
2669
2494
2450
2149
1822
1420
-1262
-1262
-1333
-1686
-1761
-2166
-2499
-2816
-3006
-3076
-3096
-3134
-3057
-3231
-3418
-3433
-3165
-2839
-2692
-2879
-3009
-2897
-2650
-2378
-2195
-1968
-1989
-1949
-1732
-1272
1645
1645
2058
2154
2264
2480
2877
3300
3256
3101
3075
3390
3688
3919
3918
3575
3197
3097
3300
3619
3522
3293
3041
3005
3102
3391
3502
3081
2763
2497
2545
2553
2447
2161
1937
1606
1370
1258
-1378
-1378
-1448
-1333
-1245
-1245
-1348
-1404
-1412
-1288
-1261
-1261
-1415
-1610
-1590
-1565
-1377
-1404
-1405
-1422
-1459
-1338
-1246
1532
1532
1713
1822
1840
1841
2165
2510
2622
2549
2452
2500
2579
2772
2833
2852
2690
2368
2486
2624
2878
2959
2853
2679
2590
2722
2936
3093
3102
2806
2624
2535
2620
2729
2744
2312
1963
1845
1729
1761
1688
1445
1314
1314
1334
1432
1427
1500
1597
1772
1966
1901
2056
2122
2296
2510
2635
2646
2607
2707
2828
2800
2802
2857
2794
2743
2637
2681
2598
2514
2424
2441
2357
2056
1836
1776
1706
1479
1306
-1376
-1376
-1368
1291
1291
1384
1429
1425
1433
1624
1948
2085
2107
2192
2299
2322
2344
2487
2675
2617
2461
2560
2844
2942
2969
2736
2568
2467
2318
2330
2331
2268
2036
1838
1744
1748
1575
1528
1361
1330
1244
1244
1279
1537
1912
2019
1927
1943
2057
2240
2462
2558
2410
2320
2357
2425
2619
2638
2605
2431
2397
2214
2153
2231
2317
2170
1832
1615
1672
1722
1697
1631
1440
1320
1320
1304
1328
1576
1734
1735
1886
1910
1919
1951
1977
2240
2314
2391
2199
2049
1989
1951
1893
1893
1851
1569
1358
1281
1389
1294
1307
1307
1464
1559
1678
1791
1938
2013
2012
2159
2149
2158
2177
2101
2148
2051
2098
1909
1820
1846
1762
1811
1758
1646
1520
1297
1246
1246
1396
1407
1513
1656
1756
1847
1881
1945
1944
1902
2081
2185
2282
2255
2223
2275
2228
2202
2314
2319
2088
1923
1809
1758
1734
1600
1290
1272
1272
1363
1349
1365
1501
1675
1748
1780
1883
1979
1995
2026
2045
2103
2155
2100
2051
1942
1913
1699
1596
1637
1490
1324
1295
1295
-1252
-1252
-1243
-1243
-1337
-1258
-1258
-1337
-1290
1448
1448
1675
1848
1842
1910
2115
2164
2345
2518
2709
2632
2679
2741
2936
3121
3105
3178
3137
3281
3308
3362
3343
3347
3285
3262
3364
3283
3180
3085
2977
2906
2898
2813
2752
2662
2525
2440
2419
2372
2356
2330
2233
2222
2104
2103
2214
2107
2073
2068
1929
1949
1921
1787
1736
1737
1765
1782
1772
1803
1776
1687
1504
1439
1519
1433
1475
1491
1419
1318
1308
1379
1297
1276
1276
1266
1277
1277
1277
1274
1274
-1253
-1253
-1389
-1389
-1346
-1359
-1340
-1351
-1458
-1492
-1457
-1413
-1460
-1404
-1436
-1455
-1442
-1433
-1460
-1314
-1282
-1282
-1361
-1462
-1498
-1536
-1540
-1556
-1492
-1471
-1511
-1608
-1533
-1430
-1509
-1441
-1355
-1344
-1284
-1258
-1285
-1285
-1418
-1433
-1570
-1602
-1705
-1765
-1803
-1966
-2043
-2081
-2046
-2045
-2063
-1979
-1945
-1924
-1848
-1913
-2027
-1985
-1974
-1938
-1900
-1917
-1922
-1864
-1859
-1842
-1775
-1872
-1892
-1837
-1705
-1586
-1647
-1630
-1490
-1433
-1412
-1244
-1281
-1281
-1332
-1317
-1420
-1430
-1336
-1266
-1337
-1321
-1318
-1254
-1254
-1380
-1435
-1537
-1474
-1503
-1559
-1533
-1559
-1531
-1395
-1413
-1420
-1435
-1497
-1476
-1405
-1388
-1360
-1243
-1343
-1343
-1437
-1402
-1382
-1427
-1509
-1483
-1370
-1423
-1378
-1480
-1412
-1356
-1345
-1267
-1276
-1255
-1255
1270
1270
-1272
-1272
-1322
-1247
-1247
-1279
-1279
-1265
-1268
-1284
-1284
-1363
-1304
-1300
-1289
-1341
-1387
-1289
-1254
-1254
