382
382
387
381
377
383
383
417
465
500
512
484
403
374
374
386
386
433
497
543
601
638
675
702
681
604
505
451
451
461
424
387
382
382
400
-381
-381
402
402
451
514
582
647
712
753
774
726
622
553
525
567
570
523
495
458
480
537
567
559
444
-403
-403
-403
396
396
470
538
616
691
767
833
861
809
688
598
577
628
635
588
523
477
514
583
659
644
513
-373
-373
-466
-456
-423
-379
-379
-385
-406
-411
410
410
483
576
642
749
824
883
889
762
654
568
598
659
614
575
521
518
611
676
742
696
505
-484
-484
-552
-500
-464
-379
-409
-409
-463
-465
-497
-475
-399
375
375
465
553
654
714
831
913
968
906
737
632
600
681
697
657
607
569
616
709
813
821
667
456
-486
-486
-615
-619
-570
-483
-420
-406
-400
-400
-449
-528
-536
-558
-566
-511
-406
417
417
502
598
705
815
909
995
992
873
740
632
677
711
681
656
585
611
696
776
868
805
618
443
-400
-400
-585
-673
-650
-610
-492
-462
-443
-392
-392
-436
-529
-580
-581
-617
-585
-519
-394
-422
-422
-424
-377
-385
440
440
610
781
985
1138
1338
1512
1726
1844
1785
1406
937
389
-606
-606
-1061
-1366
-1425
-1338
-1209
-817
414
414
781
992
1204
1311
1065
761
505
-400
-400
-428
-428
-629
-830
-1046
-1253
-1233
-1028
-727
537
537
921
1116
1192
1113
890
556
-531
-531
-711
-805
-800
-658
-410
-487
-487
-557
-637
-585
-462
-468
-468
-567
-554
-536
-420
-409
-409
-498
-613
-705
-750
-783
-641
-523
495
495
632
750
874
995
1103
1230
1308
1474
1546
1732
1845
1938
1601
845
-565
-565
-1039
-1697
-2131
-2140
-1808
-1346
-784
913
913
1437
1625
1765
1730
1445
793
-401
-401
-569
-459
-600
-600
-1042
-1203
-1150
-1093
-986
-668
508
508
934
1322
1564
1537
1255
799
-572
-572
-914
-1044
-953
-741
-488
-386
-386
-504
-449
-403
-438
-438
-586
-788
-737
-701
-487
-506
-506
-704
-790
-908
-825
-799
-719
-576
-544
-421
466
466
604
722
814
900
879
920
875
961
1045
1221
1449
1608
1982
2157
2348
1748
771
-978
-978
-1504
-2252
-2621
-2408
-1815
-1033
700
700
1666
1932
1883
1786
1521
1033
-559
-559
-865
-1351
-1815
-1751
-1316
-858
985
985
1515
1704
1725
1492
980
-682
-682
-879
-991
-933
-695
-564
-564
-652
-604
-435
532
532
467
-507
-507
-788
-1129
-1156
-1111
-850
-537
434
434
481
430
-392
-392
-645
-817
-873
-801
-732
-589
-490
-456
-464
-481
-550
-594
-576
-465
-375
558
558
717
835
839
824
780
733
726
837
865
1115
1332
1734
1988
2274
2455
2406
1601
-680
-680
-1565
-1898
-2525
-2560
-2131
-1265
478
478
1328
1949
1876
1585
1250
872
472
373
373
-470
-470
-944
-1393
-1731
-1983
-1960
-1447
-705
865
865
1371
1657
1681
1478
1124
527
-550
-550
-789
-795
-637
-383
-411
-411
-701
-826
-757
-507
614
614
869
784
644
-791
-791
-1247
-1469
-1482
-1202
-894
-456
462
462
492
-511
-511
-565
-566
-571
-536
-512
-494
-513
-608
-717
-779
-800
-766
-644
-495
475
475
608
590
622
610
590
622
718
834
1046
1240
1560
1815
2045
2297
2278
2498
1994
736
-441
-1474
-1877
-2214
-2468
-2069
-1503
-566
1002
1002
1727
1712
1347
1131
873
665
418
418
512
628
649
487
-828
-828
-1372
-1626
-1874
-2006
-1865
-1217
-420
999
999
1572
1664
1386
1039
833
502
-617
-617
-720
-805
-920
-851
-508
725
725
1024
1025
732
-625
-625
-1055
-1392
-1422
-1283
-1030
-638
-391
-391
-485
-658
-769
-776
-769
-755
-764
-716
-643
-527
476
476
553
631
641
680
767
811
986
1061
1277
1429
1740
1952
2189
2412
2568
2147
544
-581
-1698
-2048
-2394
-2559
-2075
-1422
-483
408
1264
1868
1650
1065
959
759
568
744
744
790
796
763
517
-1319
-1319
-1908
-2006
-2126
-2107
-1685
-819
567
567
1259
1689
1515
967
594
504
-913
-913
-1223
-1194
-1078
-948
-566
442
442
729
1018
1090
881
-597
-597
-959
-1068
-1164
-944
-869
-696
-430
-473
-473
-698
-808
-897
-766
-696
-617
-505
-557
-549
-498
-413
456
456
620
725
729
856
777
857
985
1088
1236
1305
1641
1839
2135
2382
2630
2460
833
-535
-1624
-2120
-2332
-2603
-2112
-1459
-607
1127
1127
1792
1602
873
709
726
653
466
579
1123
1151
982
822
526
-1512
-1512
-2208
-2278
-2238
-2103
-1565
-675
474
474
1002
1429
1275
695
412
412
574
574
530
-594
-594
-1266
-1553
-1427
-1145
-857
-397
598
598
693
829
807
593
-578
-578
-701
-760
-780
-625
-713
-698
-753
-586
-483
-483
-459
-459
-585
-716
-801
-799
-697
-688
-583
-514
-538
-587
-579
-469
507
507
614
719
851
914
968
976
1083
1237
1379
1484
1765
1892
2198
2296
2689
1882
-1049
-1049
-2033
-1992
-2425
-2259
-1746
-1045
425
425
1221
1623
1217
558
491
627
780
663
1021
1504
1463
1112
641
-607
-607
-1716
-2307
-2285
-2138
-1878
-1268
456
456
692
932
903
493
521
521
587
706
862
800
-464
-464
-840
-1287
-1562
-1476
-1117
-725
437
437
543
475
-410
-410
-485
-439
-502
-544
-558
-718
-748
-833
-721
-550
-394
-427
-427
-576
-663
-651
-685
-701
-719
-703
-675
-698
-680
-569
465
465
581
672
829
898
950
1003
1073
1214
1346
1519
1747
1897
2050
2183
2499
1845
644
-891
-1903
-1841
-2151
-1926
-1712
-1056
689
689
1037
955
428
600
600
686
1008
1476
1787
1644
1023
497
-1023
-1023
-1630
-1977
-2037
-1982
-1674
-960
422
422
568
750
950
1132
1040
690
-735
-735
-1048
-1239
-1224
-1093
-857
-489
-436
-436
-493
-409
-409
-449
-587
-563
-618
-509
-381
-434
-434
-424
-498
-554
-583
-651
-667
-702
-616
-467
545
545
697
878
982
1089
1149
1256
1380
1468
1545
1606
1778
1936
2196
1772
1028
-1006
-1006
-1376
-1553
-1340
-1418
-956
-830
-461
502
502
539
539
859
1277
1361
1225
1142
750
-618
-618
-948
-1216
-1336
-1097
-815
-528
579
579
759
843
715
540
-443
-443
-477
-449
-380
-380
-529
-620
-698
-639
-555
-400
-392
-392
-449
-494
-545
-576
-549
-479
-376
442
442
541
593
687
772
906
1046
1176
1383
1370
1218
772
390
-406
-406
-378
-378
-475
-547
-489
-440
424
424
595
755
975
1175
1453
1600
1504
1137
647
-528
-528
-634
-733
-663
-524
377
377
437
378
378
-382
-382
-484
-561
-521
-538
-538
-691
-793
-758
-670
-531
-391
378
378
456
645
836
1106
1328
1587
1844
2202
2072
1638
743
-480
-480
-495
-579
-466
-519
-459
-409
-409
-824
-992
-955
-828
-427
463
463
836
1036
1241
1135
885
555
-461
-461
-401
-596
-596
-731
-868
-939
-952
-823
-468
631
631
707
696
595
425
-491
-491
-838
-1196
-1422
-1536
-1419
-1139
-819
-512
-479
-479
-592
-654
-671
-639
-529
-415
488
488
570
742
924
1236
1552
1913
2290
2555
2954
2569
1824
433
-551
-1236
-1615
-1630
-1513
-1072
-873
-591
-801
-801
-1009
-850
-568
728
728
1447
1888
1953
1944
1582
1009
-815
-815
-1176
-1371
-1156
-711
-518
-518
-809
-901
-892
-785
-560
427
427
963
1282
1466
1342
1059
666
-470
-470
-405
-469
-469
-836
-1198
-1516
-1604
-1493
-1071
-639
-420
-420
-560
-687
-683
-639
-495
483
483
708
941
1232
1473
1731
2010
2315
2663
2867
3267
2943
1973
-1104
-1104
-1712
-2219
-2187
-2174
-1594
-1102
-741
-591
-591
527
527
1269
1997
2456
2253
1911
1354
581
-924
-924
-1443
-1799
-2001
-1728
-1103
-627
-433
-433
-610
-517
766
766
1263
1643
1685
1584
1234
724
-391
-391
-765
-962
-967
-810
-641
-607
-542
-731
-876
-1034
-1181
-1148
-987
-557
537
537
505
-491
-491
-674
-786
-692
-570
-435
-445
-445
-456
-527
-527
-667
-599
-390
583
583
1034
1428
1822
2151
2513
2781
3117
3216
3611
2982
1585
-427
-2001
-2483
-2991
-2871
-2760
-1819
-963
746
746
861
675
487
487
563
1075
1777
2504
2749
2150
1315
374
-633
-1483
-2145
-2525
-2631
-2516
-1800
-804
403
403
698
1103
1432
1717
1737
1401
945
-1002
-1002
-1592
-1810
-1705
-1358
-825
-419
-405
-405
-682
-682
-966
-1097
-1066
-911
-582
-470
-470
-536
-533
-382
584
584
1027
1425
1851
2153
2434
2665
2988
3146
3601
3366
1746
-407
-2622
-3167
-3746
-3732
-3519
-2462
-997
821
821
1518
1808
1628
1258
920
1109
941
970
1502
2218
2675
2090
901
-1563
-1563
-2550
-3156
-3388
-3199
-2789
-1896
-535
565
1271
1486
1389
1288
936
701
739
859
1145
1296
1345
1169
599
-863
-863
-1603
-2174
-2538
-2536
-2011
-1284
469
469
1008
1319
1165
782
440
-394
-394
-494
-494
-632
-697
-926
-1041
-1119
-1030
-759
-386
464
464
562
583
-626
-626
-773
-840
-814
-658
-566
-443
545
545
865
1125
1475
1742
2098
2397
2692
3033
3249
3543
3224
1256
-1215
-3567
-4293
-4606
-4481
-3825
-2364
1141
1141
2117
2705
2810
2287
1665
1157
1164
997
897
1283
1907
2265
1575
-1287
-1287
-2671
-3708
-4158
-3935
-3190
-2227
-1000
533
1823
2542
2639
2290
1820
1150
611
456
531
708
740
642
-1111
-1111
-1910
-2565
-2882
-2757
-2222
-1271
852
852
1674
2138
2122
1675
737
-720
-720
-1044
-1310
-1336
-1218
-1155
-1048
-929
-787
-794
-545
476
476
798
957
762
391
-713
-713
-1220
-1492
-1509
-1274
-955
-504
437
437
544
526
461
474
583
724
1021
1289
1688
2093
2510
2877
3188
3309
3419
2163
-552
-3178
-4770
-4859
-4841
-4210
-3051
-856
1058
2376
3045
3322
2882
1987
1140
932
960
797
874
1364
2002
1784
567
-954
-2382
-3576
-4317
-4271
-3421
-2258
-1006
529
2033
3058
3291
2852
2205
1383
571
-827
-827
-1598
-2317
-2683
-2602
-2060
-1114
1092
1092
1947
2388
2431
1973
941
-1179
-1179
-1777
-1965
-2132
-1868
-1563
-1133
-681
590
590
740
785
781
497
-512
-512
-1006
-1456
-1702
-1625
-1284
-849
560
560
810
923
748
552
432
432
464
809
1076
1703
2053
2623
2853
3240
3474
3486
2638
-401
-3060
-4987
-5070
-5037
-4313
-3391
-1198
742
2336
3261
3640
3361
2342
1206
752
641
535
593
986
1637
1499
-1007
-1007
-2240
-3283
-4050
-4270
-3506
-2350
-1009
622
2232
3413
3655
3104
2341
1441
512
-413
-413
-656
-656
-1208
-1875
-2196
-2078
-1603
-711
1341
1341
2079
2385
2364
1911
820
-455
-1546
-2183
-2463
-2413
-2022
-1725
-1260
-691
523
523
706
895
928
860
642
-932
-932
-1454
-1776
-1880
-1626
-1142
-503
612
612
910
1071
984
716
714
714
1160
1826
2329
2924
3256
3712
3623
3399
2009
-1139
-3725
-5174
-5313
-4892
-4071
-3040
-755
1030
2828
3765
4016
3620
2252
985
525
399
496
589
696
1103
654
-1142
-1142
-2202
-3155
-4079
-4265
-3263
-1866
1321
1321
2549
3456
3544
3045
2352
1239
-830
-830
-1267
-1089
-891
-741
-549
-569
-685
-989
-1366
-1402
-1303
-920
660
660
1617
2192
2298
2114
1478
-1037
-1037
-2161
-2793
-3288
-3148
-2402
-1620
-681
878
878
1157
1270
1250
956
440
-823
-823
-1172
-1405
-1606
-1699
-1542
-1150
-699
504
504
887
1104
1131
856
420
869
869
1531
2206
2942
3514
3942
4067
3744
2085
-1393
-4136
-5416
-5594
-5035
-4341
-3268
-744
1255
3361
4339
4542
3808
2176
790
447
733
733
535
-781
-781
-2018
-3224
-4225
-4158
-2952
-1554
1319
1319
2633
3831
4057
3488
2486
1014
-1370
-1370
-1768
-1621
-1471
-1320
-944
-601
-440
-440
-805
-975
-1007
-727
828
828
1692
2109
2064
1890
1261
-1058
-1058
-2284
-2990
-3303
-3096
-2329
-1482
-417
444
1192
1751
1694
1548
1082
373
-704
-704
-1123
-1531
-1791
-1731
-1619
-1254
-679
731
731
1024
1160
976
691
653
653
1159
1914
2510
3186
3867
4192
4090
3193
-3243
-3243
-4955
-5711
-5393
-4937
-4387
-2051
2843
2843
4498
4883
4586
3053
1510
887
383
-633
-633
467
467
442
-1490
-1490
-2747
-3694
-3938
-3094
-2131
-951
552
2059
3690
4498
4228
3320
1748
-1184
-1184
-1992
-2239
-2346
-2301
-1669
-883
-432
-432
-378
475
475
1037
1460
1635
1859
1794
1106
-495
-2136
-3119
-3877
-3726
-3030
-2248
-1036
1547
1547
2476
2689
2450
1559
594
-890
-890
-1386
-1940
-2135
-1951
-1697
-1074
-497
375
375
687
1060
1243
1127
756
801
801
1361
1999
2694
3477
4172
4521
4321
2524
-1324
-4115
-5454
-5868
-5287
-5222
-4203
-1546
1099
3818
5009
5212
4415
2737
1320
805
-966
-966
-924
549
549
485
-392
-1785
-2851
-3582
-3554
-2761
-1909
-614
816
2493
4223
4917
4440
3180
1462
-1345
-1345
-2333
-2830
-3136
-2839
-1952
-877
448
448
470
470
613
830
1061
1320
1573
1316
-915
-915
-2164
-2995
-3433
-3485
-3035
-2207
-1099
1654
1654
2442
2559
2201
1539
673
-878
-878
-1701
-2176
-2239
-1954
-1444
-811
684
684
1048
1263
1196
768
725
725
1311
1949
2881
3504
4315
4694
4387
2821
-1288
-4001
-5299
-6096
-5415
-5509
-4453
-1689
926
3685
5159
5249
4761
2968
1549
990
-1284
-1284
-1288
-373
-373
-1741
-2616
-3405
-3511
-2812
-2119
-922
533
2256
4220
5042
4613
3558
1920
470
-960
-2309
-3036
-3492
-3345
-2496
-1362
436
436
408
533
617
804
901
752
885
1028
1178
1367
1119
-986
-986
-2155
-3007
-3252
-3398
-2992
-2279
-1216
1370
1370
2224
2456
2088
1569
776
-623
-623
-1487
-1895
-2051
-1817
-1366
-867
522
522
958
1113
1119
865
858
858
1520
2197
3072
3857
4693
4928
4323
1383
-2477
-4266
-5827
-5934
-5687
-5672
-3459
-832
2062
4560
5596
5483
4418
2463
1639
556
-1089
-1089
-1795
-1070
-739
-739
-1850
-2685
-3383
-3122
-2686
-1974
-722
850
2887
4574
4889
4432
3244
1686
-1377
-1377
-2598
-3436
-3888
-3497
-2477
-1212
480
480
775
943
1094
929
813
915
936
1153
1162
618
-1176
-1176
-2186
-2779
-3238
-3253
-2731
-1918
-690
502
1497
2171
2195
1865
1264
-1180
-1180
-1737
-1931
-1889
-1462
-992
-442
487
487
855
1025
994
838
563
563
1219
1882
2808
3586
4368
4854
4483
2284
-1599
-3720
-5349
-5881
-5607
-5790
-4070
-1487
1304
3963
5447
5546
4936
3095
2055
1013
-861
-861
-1812
-1504
-503
-521
-521
-1568
-2262
-2960
-2918
-2599
-2126
-1147
2158
2158
4056
4709
4532
3624
2251
942
-602
-2019
-3091
-3841
-3777
-2961
-1778
-586
708
708
1015
1246
1079
783
792
694
859
928
379
-1197
-1197
-1969
-2299
-2907
-2618
-2465
-1784
-715
1323
1323
1815
1784
1583
931
-1053
-1053
-1434
-1805
-1641
-1250
-852
508
508
919
1008
1161
744
733
733
1257
2148
3032
3709
4694
4656
3707
-2839
-2839
-4342
-5802
-5519
-5812
-5189
-2832
2517
2517
4818
5441
5332
4025
2412
1670
502
-1405
-1405
-1827
-979
-1006
-1006
-1779
-2484
-2854
-2621
-2272
-1688
-527
974
2997
4332
4481
4048
2888
1637
-1199
-1199
-2435
-3337
-3789
-3311
-2337
-1151
490
490
870
1121
1203
853
637
561
585
587
-757
-757
-1556
-1940
-2359
-2414
-2196
-1710
-1044
680
680
1356
1496
1384
1027
519
-642
-642
-1061
-1449
-1544
-1325
-918
-446
525
525
887
1122
1178
1025
612
488
488
1205
2100
2854
3796
4541
4700
3809
410
-2685
-4402
-5873
-5724
-6001
-5238
-2774
2680
2680
4871
5601
5534
4079
2411
1474
-565
-565
-1620
-1952
-1033
-890
-890
-1632
-2463
-2960
-2752
-2439
-1756
-568
925
2989
4348
4612
4175
2956
1687
-1329
-1329
-2550
-3482
-3850
-3332
-2379
-1063
722
722
963
1176
1199
742
530
-722
-722
-1353
-1801
-2205
-2216
-2071
-1744
-1196
-427
515
1171
1352
1303
905
440
-590
-590
-978
-1396
-1486
-1266
-838
497
497
739
921
1003
885
612
430
465
465
900
1431
2394
2913
3922
4626
4565
2958
-841
-3066
-4898
-5761
-5731
-6072
-4638
-2092
575
3413
5286
5795
5518
3698
2381
1280
-917
-917
-2045
-1961
-943
-1046
-1046
-1748
-2579
-2867
-2655
-2359
-1548
-373
1358
3439
4514
4745
4081
2831
1545
-1657
-1657
-2895
-3867
-4075
-3429
-2295
-854
563
563
1004
1241
1430
1243
724
467
-826
-826
-1553
-1758
-1941
-1804
-1610
-1517
-1025
471
471
1033
1105
1035
586
-555
-555
-911
-1218
-1361
-1036
-595
408
408
628
831
902
850
789
538
424
395
638
1263
1900
2803
3475
4306
4593
3541
-2516
-2516
-4332
-5689
-5696
-6162
-5197
-2913
2547
2547
4772
5718
5750
4349
2740
1636
406
-556
-1759
-2057
-1212
-443
-707
-707
-1390
-2294
-2830
-2789
-2570
-1923
-863
642
2742
4188
4719
4388
3278
2056
528
-1119
-2439
-3563
-4047
-3712
-2801
-1376
397
397
911
1201
1485
1425
982
589
-429
-429
-707
-1325
-1564
-1724
-1653
-1391
-1324
-980
-451
796
796
985
910
689
-484
-484
-777
-971
-1184
-942
-586
429
429
705
866
973
833
802
656
537
584
675
1202
1950
2701
3745
4294
4528
3269
-409
-2596
-4464
-5679
-5661
-6323
-5117
-2600
3007
3007
4999
5725
5773
4084
2656
1475
-840
-840
-2132
-2241
-1158
-464
-698
-698
-1263
-2231
-2765
-2671
-2585
-1836
-798
739
2972
4327
4836
4423
3209
2014
402
-1314
-2585
-3759
-4153
-3720
-2759
-1186
512
512
1019
1214
1484
1347
834
538
-469
-469
-412
-412
-816
-1456
-1657
-1823
-1608
-1336
-1262
-874
-434
816
816
900
911
461
-588
-588
-797
-1010
-1142
-808
-407
727
727
897
1068
942
858
871
703
769
763
841
1492
2207
3274
4127
4418
3815
605
-2043
-3771
-5347
-5544
-6128
-5723
-3424
-882
2181
4677
5657
5984
4785
3099
1912
440
-644
-1974
-2616
-1748
-849
-940
-940
-1785
-2566
-2632
-2663
-2211
-1268
2156
2156
3945
4807
4782
3728
2491
994
-822
-2239
-3508
-4258
-4059
-3254
-1745
523
523
1119
1357
1564
1568
1090
651
-455
-455
-512
-512
-1044
-1539
-1947
-1890
-1682
-1443
-1143
-704
807
807
1195
1278
997
-642
-642
-965
-1237
-1359
-1232
-839
554
554
1001
1203
1135
1033
883
813
844
699
773
1060
1849
2857
3850
4513
4533
1986
-1273
-3346
-5219
-5672
-6167
-6376
-4561
-2001
1156
4140
5736
6454
5744
3874
2411
900
-1588
-1588
-2754
-2364
-1406
-431
-675
-675
-1465
-2434
-2712
-2693
-2337
-1506
-506
1406
3514
4802
5165
4294
2975
1486
-392
-1945
-3285
-4280
-4393
-3870
-2518
-801
1102
1102
1361
1499
1626
1266
836
423
-436
-436
-374
-697
-697
-1379
-2049
-2351
-2094
-1853
-1379
-970
650
650
1291
1653
1561
922
-477
-477
-830
-1017
-1263
-1343
-1196
-703
638
638
1049
1144
1034
1008
953
1064
1095
1010
1034
1546
2379
3427
4346
4703
3574
-2660
-2660
-4558
-5680
-5884
-6443
-5695
-3307
-443
2885
5268
6291
6387
4830
2989
1664
375
-693
-2094
-2639
-1838
-906
-613
-613
-1335
-2358
-2985
-2864
-2528
-1711
-713
641
2815
4569
5360
5007
3631
2090
-1424
-1424
-2692
-3790
-4291
-4066
-3191
-1560
819
819
1236
1228
1382
1367
1084
852
503
-1071
-1071
-1943
-2688
-2739
-2311
-1697
-1112
-514
1118
1118
1630
1776
1352
485
-863
-863
-1078
-1127
-1123
-1123
-918
-388
832
832
1127
1047
864
789
861
1054
1056
1189
1254
1898
2815
3926
4667
4809
2273
-1362
-3757
-5465
-5852
-6069
-6325
-4724
-2160
910
4191
5901
6604
5808
3670
2021
784
-1083
-1083
-2286
-2204
-1301
-379
408
-916
-916
-1994
-3170
-3407
-2970
-2157
-1035
1635
1635
3731
5126
5492
4498
2814
1019
-886
-2257
-3173
-3820
-3879
-3489
-2362
-700
528
1170
1185
970
1004
890
835
844
589
-416
-416
-1213
-2096
-2860
-2840
-2245
-1555
-789
719
719
1320
1659
1737
1200
-564
-564
-1091
-1233
-1168
-1030
-837
-697
409
409
829
1035
1035
770
729
786
1120
1300
1367
1658
2212
2986
3991
4675
4687
2043
-1699
-4199
-5864
-6039
-5934
-5877
-4204
-1656
1298
4371
5933
6607
5622
3259
1443
-867
-867
-1827
-1777
-1055
-1219
-1219
-2415
-3689
-3896
-3136
-1791
807
807
2255
4015
5105
5238
4089
2214
-1698
-1698
-2875
-3335
-3454
-3193
-2785
-1925
-598
439
945
850
509
458
490
780
1172
1150
788
399
-963
-963
-1888
-2667
-3333
-2972
-2113
-1083
565
565
1090
1412
1338
1364
785
-733
-733
-1184
-1077
-967
-740
-597
-592
604
604
1050
1067
1034
958
987
1471
1658
1721
2020
2257
2906
3823
4266
4105
958
-2518
-4834
-6127
-5965
-5495
-5086
-3000
-738
2053
4691
5885
6422
4989
2516
831
-459
-459
-1184
-1005
-650
-924
-924
-1845
-3102
-4247
-4124
-2878
-981
896
2019
3285
4471
4933
4651
3278
1400
-545
-2334
-3156
-3182
-2848
-2291
-1977
-1491
-706
401
401
1019
1750
1875
1523
770
-703
-703
-1489
-2271
-3007
-3331
-2976
-2119
-825
879
879
1310
1233
1059
952
650
-428
-428
-884
-956
-960
-809
-689
-640
-484
869
869
1141
1308
1222
1180
1403
1725
1897
2167
2476
2856
3625
4263
4394
1555
-2284
-5193
-6494
-6449
-5639
-4955
-2925
-646
1802
4251
5540
6301
5184
2633
499
-592
-592
-1475
-2331
-3488
-4638
-4740
-3416
-1072
1382
2856
3865
4563
4611
4151
2918
1382
-1912
-1912
-2723
-2704
-2180
-1464
-1206
-1276
-1331
-1339
-1041
-781
-426
703
703
1476
2301
2625
2313
1403
-1208
-1208
-2450
-3023
-3233
-3100
-2557
-1698
-710
709
709
1061
943
649
482
-740
-740
-1021
-1174
-1195
-941
-484
729
729
1239
1575
1749
1596
1652
1501
1634
1606
2093
2607
3515
4266
4806
2739
-932
-4255
-6325
-6444
-5973
-5036
-3405
-1027
1187
3538
4766
5677
5085
2979
744
-437
585
585
825
901
807
-525
-525
-1705
-2736
-3716
-4772
-4914
-4014
-1767
856
2871
3979
4395
4000
3359
2310
1214
-934
-934
-1453
-1552
-1292
-844
-696
-1044
-1726
-2522
-2666
-2213
-1319
948
948
2034
2837
2924
2396
1407
-1167
-1167
-2478
-3090
-2893
-2343
-1573
-1018
-571
582
582
844
1065
906
519
-1156
-1156
-1679
-1809
-1520
-834
844
844
1338
1468
1606
1472
1538
1368
1374
1299
1827
2401
3473
4380
5193
3906
-3759
-3759
-6476
-6835
-6133
-4824
-3333
-989
822
2799
3768
4545
4435
2783
687
-614
1127
1127
2172
2565
2353
1073
-505
-2177
-3526
-4236
-4918
-4846
-3965
-2072
2533
2533
3761
4065
3138
1952
1109
678
687
533
555
596
-634
-634
-1402
-2246
-3325
-3986
-3584
-2225
1371
1371
2447
3032
2705
1620
441
-438
-879
-1322
-1736
-1662
-1322
-820
-537
-700
-1172
-1595
-1754
-1462
-800
1390
1390
1808
1684
1141
481
-1062
-1062
-1541
-1696
-1456
-764
797
797
1241
1215
1083
877
989
1216
1549
1630
2225
2579
3382
4282
5163
4401
824
-3340
-6469
-6957
-6070
-4138
-2662
-419
699
1671
1832
2259
2830
2230
861
478
478
1913
3394
3957
3820
2052
-560
-2993
-4602
-4835
-4446
-3713
-2730
-1541
970
970
1701
2083
1720
751
373
373
1409
2455
3126
3115
2209
467
-1272
-2651
-3366
-3523
-3395
-2810
-1889
-561
761
1559
1684
1177
-925
-925
-1198
-733
667
667
900
435
-394
-1156
-1700
-2186
-2372
-2231
-1717
-980
1190
1190
1717
1613
1018
-598
-598
-879
-697
-375
376
376
722
930
1272
1556
1835
2040
2534
3003
3555
4151
4363
2312
-982
-4206
-5575
-5246
-3952
-2535
-1062
397
397
782
1049
804
1189
2192
3402
3976
4055
3020
990
-1282
-3155
-3893
-3680
-2766
-1699
-1061
-927
-975
-1153
-1172
-879
-382
944
944
1826
2757
3464
3667
3117
1732
-1414
-1414
-2219
-2342
-1909
-1106
-538
-439
-758
-1165
-1557
-1658
-1766
-1505
-982
941
941
1581
1707
1280
436
-545
-1317
-1763
-1659
-1340
-917
-783
-687
-599
-527
-439
428
428
540
570
494
673
673
1096
1608
1846
1972
2217
2455
3011
3480
4219
2757
-2960
-2960
-4348
-4473
-3182
-1918
-389
-774
-774
-1987
-1823
-1107
944
944
1778
2380
3148
3231
3302
2676
1560
-1310
-1310
-2081
-2150
-1446
-485
-659
-659
-1670
-2775
-3305
-3234
-2191
-522
1110
2115
2480
2370
2094
1764
1242
744
517
517
576
-545
-545
-1678
-2620
-3042
-2926
-2345
-1501
-686
405
405
-575
-575
-927
-1109
-1170
-1075
-848
-549
471
471
429
473
518
539
484
493
465
501
710
971
1335
1516
2045
2332
2982
3109
4078
3112
1144
-2147
-4096
-4321
-2849
-1116
455
1223
457
-681
-2834
-3329
-3039
-1071
536
2165
2578
2865
2264
2030
1532
971
791
791
1083
-1284
-1284
-2962
-3767
-3857
-2810
-1039
766
1624
1510
663
-667
-667
-581
950
950
1691
2050
1963
1469
916
-599
-599
-912
-1362
-1583
-1763
-1704
-1760
-1798
-1836
-1636
-1350
-927
499
499
950
789
513
-388
-388
-524
-388
-388
-872
-1103
-995
-623
415
415
874
946
812
564
485
485
845
1282
1512
1711
1925
1957
2434
2698
3856
3051
1259
-2029
-3749
-3834
-1737
1667
1667
1503
-1622
-1622
-3678
-4077
-3364
-955
1127
2820
2538
1732
467
467
1120
1440
1716
1568
1406
926
-1010
-1010
-2003
-2471
-2449
-1558
781
781
672
-1475
-1475
-2243
-2295
-1436
1097
1097
1786
1881
1242
416
478
478
1101
1372
868
-906
-906
-1494
-1871
-1886
-1828
-1446
-1250
-972
-877
-713
-659
-567
-502
-411
564
564
762
605
-466
-466
-947
-954
-680
499
499
933
1266
1372
1168
966
688
779
940
1701
2251
3346
3263
2096
-419
-2565
-3185
-1893
1679
1679
2095
957
-585
-2580
-3286
-3395
-1878
1702
1702
1965
1346
-467
-1418
-1839
-1015
1032
1032
1640
1920
1721
1280
644
-490
-490
-535
377
377
532
-1206
-1206
-1858
-2117
-1575
-668
523
523
426
-554
-554
-907
-809
597
597
1290
1497
883
-1181
-1181
-1637
-1406
-817
-456
-456
-939
-1327
-1346
-1003
499
499
-374
-374
457
457
719
834
841
759
582
413
413
740
1197
1517
1831
1986
1599
676
-572
-1272
-1115
1149
1149
1978
1611
625
-824
-1698
-2027
-1521
-671
373
904
848
-1191
-1191
-2006
-1909
-1088
998
998
1278
901
-650
-650
-631
897
897
1198
1039
580
-452
-452
-591
-453
-615
-615
-709
-492
-753
-753
-1056
-1090
-812
378
378
-692
-692
-851
-608
462
462
-491
-491
-413
398
398
391
-446
-446
566
566
584
552
552
788
858
797
591
576
576
675
607
414
414
419
-400
-400
-396
-383
-383
-442
-399
-455
-455
-488
-375
-375
-419
-419
-471
-446
378
378
401
401
406
385
-608
-608
-513
-433
-433
-458
-458
-415
-415
-432
-461
-461
-558
-558
-448
-448
-479
-479
-497
-497
-431
-555
-447
-447
-412
-412
-438
-438
-419
-419
-462
-505
-505
-383
-383
-442
-442
-400
-409
-409
-429
-429
-413
-408
-422
-426
-562
-594
-537
-404
-517
-630
-599
-557
-534
-598
-558
-494
-514
-562
-522
-442
-471
-534
-523
-469
-468
-495
-468
-452
-406
-380
-445
-468
-411
376
376
399
399
375
517
467
576
781
608
698
678
864
891
743
922
1253
1305
1040
541
473
734
866
941
640
390
390
388
388
469
549
580
632
557
553
514
518
576
699
719
579
608
664
698
779
845
833
825
898
984
1026
1031
1108
1102
1106
1179
1200
1160
1184
1252
1243
1258
1286
1368
1379
1379
1447
1405
1537
1567
1603
1652
1587
1567
1547
1752
1735
1891
1658
1627
1791
1844
2184
2073
2114
2076
2090
2366
2516
2010
1740
2004
2173
2303
1807
1293
1525
1128
1190
1376
1155
1064
619
392
857
807
710
633
483
671
646
418
493
536
600
608
491
449
403
403
391
391
433
433
473
490
504
481
684
661
763
807
923
934
1265
1266
1580
1217
608
924
780
1580
1190
510
390
390
469
-426
-426
-530
-530
-425
-425
-592
-621
-460
-460
-498
-442
-395
-427
-427
-540
-460
-416
-416
-454
-381
-381
-432
-440
-417
-417
-374
451
451
394
421
484
515
701
557
592
664
654
957
792
1046
961
1149
1166
1214
1467
1517
1808
1173
1057
901
1078
1454
1019
854
423
-500
-500
-376
-464
-464
-411
-375
-464
-583
-633
-424
-392
-416
-416
-450
-498
-448
-448
-434
-542
-433
-433
-428
-434
-389
-389
-379
-379
-436
-404
-404
-511
-504
-486
-418
-530
-527
-452
-441
-380
-407
412
412
416
579
579
743
692
833
752
909
893
870
1171
1391
1426
1407
1734
1679
1250
928
567
1204
1231
1040
552
-662
-662
-873
-814
-595
-516
-540
-660
-742
-668
-835
-725
-534
-444
-378
-378
-434
-434
-412
-412
-597
-401
-405
-405
-665
-600
-452
-452
-708
-660
-524
-482
-485
-623
-678
-713
-722
-726
-690
-645
-616
-570
-598
-628
-613
-569
-402
-443
-443
-424
434
434
403
391
501
487
819
768
965
981
1200
1331
1736
1445
670
1006
1006
1399
932
-839
-839
-820
-487
-401
-401
-1151
-1681
-1509
-824
-568
-773
-1064
-1225
-1106
-1176
-993
-629
-487
-474
-527
-604
-539
-497
-696
-696
-844
-645
-436
-436
-761
-926
-963
-711
-440
-404
-606
-919
-1005
-822
-599
-511
-534
-618
-679
-636
-540
-435
480
480
602
742
799
879
785
1186
1059
1628
1607
2083
1956
957
964
964
2052
1685
-1040
-1040
-1259
-527
-1063
-1063
-2064
-2030
-935
-1009
-1009
-1316
-1321
-1210
-959
-460
-545
-545
-624
-491
568
568
419
513
513
473
-647
-647
-600
-672
-672
-1094
-1230
-983
-893
-688
-706
-992
-1230
-1276
-1088
-762
-722
-734
-869
-975
-937
-847
-539
-465
-505
-627
-674
-542
377
377
409
421
481
624
786
720
1034
1140
1616
1707
1964
1957
566
-583
-554
1264
2865
1773
-640
-1879
-1544
567
567
710
-1350
-1350
-2738
-2405
-543
728
-1200
-1200
-1745
-1559
-1178
-772
420
420
-902
-902
-814
-409
726
726
463
386
386
713
784
493
-690
-690
-699
437
437
-443
-443
-1342
-1454
-1116
-726
-745
-745
-1284
-1792
-1736
-1189
-711
-658
-937
-1249
-1287
-1080
-744
-483
-558
-689
-913
-857
-653
-529
-398
-384
-437
-511
-592
-493
444
444
681
1086
931
1347
1272
2054
1306
-623
-1086
2502
2502
2649
-2103
-2103
-2369
-1183
797
797
490
-729
-2944
-3389
-1724
679
745
-1105
-2222
-2257
-1577
-1105
-485
-1319
-1319
-1337
-657
456
456
651
-433
-433
567
567
784
810
-483
-483
-967
-459
569
884
-618
-618
-1365
-1254
-771
-378
-597
-597
-1365
-1903
-1569
-934
-485
-538
-916
-1265
-1342
-1071
-506
-447
-447
-743
-670
417
417
582
669
482
455
615
649
1053
994
1432
1365
1668
1861
2445
2059
-573
-573
2735
2735
3413
1265
-1311
-1804
-728
622
1362
1104
-2013
-2013
-3012
-1590
945
1429
-373
-1767
-1956
-1283
-867
562
562
431
-882
-1274
-478
593
593
950
413
553
553
854
999
1053
650
-650
-650
809
809
1181
497
-956
-956
-940
-392
-544
-544
-1224
-1699
-1302
-832
-718
-684
-1096
-1279
-1260
-1155
-739
-416
-512
-605
-701
-701
-530
-448
-448
-535
430
430
449
449
740
941
990
1162
1088
1556
1838
2378
718
-601
-740
1165
3362
2162
-443
-2040
-1427
1012
1012
1056
511
-1183
-2988
-2598
1515
1515
-1601
-1601
-2282
-1760
-1030
-747
448
448
-544
-1588
-1121
638
638
510
-383
-383
710
710
810
897
756
-516
-516
-550
1082
1082
802
-814
-814
-1139
-652
-1173
-1173
-1800
-1586
-766
-489
-763
-1193
-1537
-1535
-1099
-824
-567
-689
-980
-893
-702
-470
-410
-487
-487
-434
450
450
407
407
737
824
877
864
1021
1145
1681
2266
2151
-901
-901
-570
2149
3544
1631
-1101
-2180
-1115
544
1538
1322
-1976
-1976
-3200
-1904
770
1701
-1950
-1950
-2384
-1558
-755
392
392
-1089
-1089
-1640
-764
562
562
492
492
821
908
925
559
-476
-476
702
702
1222
655
-898
-898
-937
404
404
460
-1228
-1228
-1891
-1436
-597
-449
-449
-1293
-1791
-1662
-1070
-523
-650
-650
-1078
-1155
-862
-374
-378
-378
-416
-506
-424
389
389
558
558
793
1086
830
1075
730
1541
1429
2727
1718
-501
-787
-470
3072
3246
1023
-1629
-1981
-918
852
1588
1275
-2697
-2697
-3119
-1451
1495
1497
-740
-1986
-2323
-1371
-631
673
673
-1526
-1526
-1445
-483
420
420
509
701
701
898
911
933
1019
1019
1226
376
-382
-957
-774
539
539
421
-1315
-1315
-1715
-1195
-403
-513
-513
-1303
-1857
-1533
-879
-424
-702
-702
-1084
-1079
-809
-433
-433
-490
403
403
622
622
883
1085
863
964
849
1449
1835
2680
1464
-562
-670
3390
3390
2900
-1753
-1753
-1376
1174
1174
1001
572
-375
-2272
-2512
-735
1493
820
-1413
-2039
-1606
-592
-561
-489
-1331
-1331
-1119
447
447
745
880
880
934
880
856
1137
1137
1094
-615
-615
463
463
-451
-451
-1230
-1302
-914
-705
-705
-1248
-1619
-1217
-720
-490
-742
-742
-1003
-873
-685
373
373
523
387
416
416
393
807
875
1115
1082
993
1215
1491
2046
2681
-508
-508
1644
3694
1875
-630
-1913
-957
480
1597
1275
-1706
-1706
-2776
-1763
588
1951
-1774
-1774
-2112
-1520
-440
-899
-899
-1542
-580
448
448
468
468
513
513
943
912
971
748
749
749
1307
783
-599
-599
-638
636
636
587
-886
-886
-1506
-1257
-564
-937
-937
-1646
-1785
-981
-452
-452
-1019
-1174
-887
-374
-496
-496
-537
424
424
518
540
456
456
404
736
861
1132
1150
1195
1060
1566
1679
2769
932
983
983
3551
2256
-1632
-1632
-836
1085
1085
1125
819
-546
-2622
-2346
1874
1874
593
-1405
-1921
-1576
-803
-496
691
691
-1595
-1595
-1047
499
499
568
568
447
554
554
1098
1037
935
802
696
696
1279
991
-381
-381
-571
520
520
680
-569
-569
-1139
-1282
-820
-396
-396
-1260
-1816
-1313
-585
-698
-698
-1079
-1036
-668
-394
-394
-599
-486
427
427
598
609
556
556
713
854
1181
1004
1407
997
1625
1615
2702
1131
-394
897
897
3523
2272
-1647
-1647
-717
1169
1169
1095
554
-650
-2396
-2056
1653
1653
424
-1557
-1835
-1331
-623
-434
-1338
-1338
-930
590
590
544
395
395
1088
1122
969
770
807
807
1215
997
-400
-400
-467
590
590
658
-548
-548
-1041
-953
-757
-586
-586
-1108
-1683
-1214
-556
-674
-674
-978
-916
-641
-519
-519
-390
436
436
475
605
450
450
701
890
1090
1075
1200
1060
1451
1681
2436
1610
390
390
3089
2599
-1475
-1475
-975
1016
1016
1047
556
-2035
-2035
-2213
-602
1258
737
-1316
-1864
-1493
-720
-477
-1138
-1138
-1034
463
463
573
900
900
1075
967
767
704
704
1072
1003
-478
-478
482
482
635
-570
-570
-1008
-1066
-912
-481
-409
-409
-1049
-1781
-1544
-680
-681
-681
-1080
-1099
-780
-671
-671
-558
444
444
520
538
411
411
777
868
1047
1122
1038
1053
1495
1670
2603
1282
-542
590
590
3286
2452
-1573
-1573
-928
1127
1127
1036
542
-607
-2223
-2029
-422
1340
533
-1514
-1822
-1455
-723
-421
-1198
-1198
-926
560
560
540
922
922
1197
1018
749
801
801
1146
977
-442
-442
-497
607
607
641
-717
-717
-995
-1120
-782
-549
-466
-466
-1156
-1713
-1599
-667
-692
-692
-1123
-1149
-767
-641
-641
-634
389
389
486
486
572
502
524
524
800
861
1112
1038
1256
1075
1510
1618
2555
843
-432
985
985
3428
1823
-394
-1632
-577
395
1150
801
-909
-909
-2279
-1755
1372
1372
-1775
-1775
-1766
-1282
-559
-490
-390
-390
-1260
-765
564
564
412
1015
1015
1151
949
591
462
462
888
1123
754
-493
-493
-419
670
670
528
-830
-830
-905
-860
-695
-431
-445
-702
-1222
-1712
-1213
-661
-423
-521
-851
-1067
-983
-685
-395
-395
-593
-448
452
452
502
484
470
470
852
891
1185
1071
1181
1102
1590
1695
2562
793
-438
1069
1069
3428
1845
-402
-1601
-525
466
1211
801
-943
-943
-2224
-1629
1339
1339
-1813
-1813
-1740
-1218
-551
-477
-422
-376
-376
-1218
-767
551
551
409
1011
1011
1198
930
571
537
537
935
1077
748
-455
-455
-385
700
700
499
-864
-864
-867
-647
-606
-558
-405
-916
-1077
-1532
-1301
-626
-614
-644
-815
-1006
-968
-745
-400
-629
-629
-505
458
458
421
421
857
857
775
1137
860
1137
886
1455
1672
2241
1859
-636
3024
3024
2698
454
-1480
-1083
948
948
1151
412
-1934
-1934
-2056
-632
986
807
-1370
-1797
-1446
-776
-553
-477
-929
-929
-1100
430
430
514
720
720
1215
1074
666
897
897
1034
938
-404
-404
667
667
671
-670
-670
-826
-695
-610
-646
-415
-477
-1005
-1295
-1529
-920
-521
-570
-666
-900
-1048
-953
-568
-541
-541
-695
391
391
572
467
403
403
638
935
1082
1050
1020
960
1200
1611
2099
2346
2168
2168
3355
1099
-1049
-1468
743
743
1322
537
-1535
-1535
-2179
-1139
630
1204
-837
-1892
-1581
-988
-450
-517
-420
-638
-638
-1192
-529
508
508
416
416
1138
1141
772
808
808
996
982
446
-482
-482
482
482
759
-493
-493
-932
-725
-639
-664
-613
-613
-799
-1415
-1507
-973
-586
-547
-773
-893
-1068
-945
-650
-526
-526
-661
498
498
529
591
591
878
928
1205
901
1088
928
1640
1767
2636
584
-502
1158
1158
3534
1807
-414
-1631
-472
483
1297
880
-991
-991
-2191
-1459
1345
1345
-1806
-1806
-1629
-1166
-508
-414
-399
-1115
-1115
-740
503
503
990
990
1218
884
427
673
673
1037
997
669
-406
-406
742
742
494
-757
-757
-800
-506
-587
-465
-874
-874
-1018
-1493
-1114
-714
-622
-690
-830
-932
-1031
-805
-429
-664
-664
-540
419
419
491
398
449
449
750
904
994
957
979
953
1471
1588
2423
1452
-545
399
399
3144
2584
-1532
-1532
-886
1149
1149
1097
-520
-520
-1968
-1783
-445
1099
599
-1526
-1772
-1317
-669
-389
-452
-935
-935
-996
405
405
716
716
1214
1006
526
452
452
1060
1019
805
686
686
609
-644
-644
-802
-588
-445
-639
-656
-656
-1079
-1217
-1318
-828
-665
-704
-775
-864
-965
-931
-621
-475
-475
-670
487
487
489
642
642
876
935
980
996
1016
1227
1598
1941
2302
2258
2258
3168
992
-1089
-1309
835
835
1276
479
-1504
-1504
-2016
-912
597
1097
-939
-1851
-1458
-847
-463
-429
-466
-627
-627
-1250
-526
406
406
488
488
1162
1195
635
974
974
1034
851
-397
-397
520
520
708
-485
-485
-807
-582
-430
-522
-425
-420
-945
-1161
-1305
-935
-572
-676
-780
-897
-942
-904
-673
-441
-441
-625
-446
403
403
532
532
801
778
978
847
1191
1075
1592
1650
2414
642
1255
1255
3403
1701
-552
-1543
686
686
1250
792
-905
-905
-1969
-1240
1268
1268
-1776
-1776
-1526
-1015
-461
-388
-408
-1039
-1039
-773
413
413
887
887
1143
748
704
704
1071
838
527
-396
-396
710
710
393
-691
-691
-650
-414
-396
-446
-713
-713
-1109
-1183
-992
-467
-438
-718
-896
-939
-930
-634
-413
-413
-549
-485
379
379
404
404
797
762
1036
832
1193
1012
1546
1594
2467
1286
-468
647
647
3298
2327
-1546
-1546
-637
492
1190
1049
-600
-600
-1865
-1486
1168
1168
475
-1622
-1652
-1187
-592
-415
-464
-465
-938
-938
-990
708
708
1183
900
496
496
1099
903
628
717
717
514
-641
-641
-671
-471
-425
-535
-446
-446
-1061
-1155
-1244
-737
-447
-595
-838
-983
-1036
-860
-462
-566
-566
-651
386
386
424
688
688
853
991
992
1005
1194
1355
1620
2310
1496
561
561
2970
2497
-1429
-1429
-708
486
1154
1000
-595
-595
-1657
-1468
1006
1006
548
-1537
-1704
-1125
-606
-494
-494
-527
-781
-781
-970
643
643
1184
938
441
441
1113
913
600
675
675
502
-602
-602
-679
-441
-600
-600
-478
-463
-1004
-1023
-1117
-945
-600
-657
-806
-910
-992
-916
-595
-447
-447
-657
-378
387
387
429
429
669
787
933
884
1092
1177
1385
1504
2103
1638
-383
539
539
2764
2484
-1435
-1435
-758
520
1028
995
-545
-545
-1608
-1480
835
835
557
-1468
-1749
-1112
-614
-431
-460
-552
-700
-700
-991
-381
599
599
1148
1018
427
427
1131
972
607
705
705
553
-523
-523
-593
-384
-514
-514
-475
-394
-934
-996
-1035
-924
-617
-637
-776
-873
-951
-901
-622
-462
-462
-646
-411
424
424
384
384
679
834
954
863
1138
1064
1486
1486
1993
1683
-446
584
584
2695
2378
-1377
-1377
-645
607
998
999
-502
-502
-1551
-1372
719
719
452
-1491
-1738
-1054
-555
-505
-486
-639
-424
-652
-986
-387
565
565
1068
1016
433
433
1150
947
551
662
662
505
-576
-576
-562
-425
-520
-520
-509
-533
-972
-1084
-988
-853
-730
-733
-889
-888
-935
-842
-648
-405
-405
-446
-570
394
394
400
400
736
797
977
869
1142
1048
1555
1425
2054
1564
-412
604
604
2706
2234
-1357
-1357
-595
635
977
918
-506
-506
-1585
-1285
658
658
-1521
-1521
-1699
-1039
-538
-557
-510
-668
-436
-671
-942
-406
557
557
1038
981
478
478
1140
927
515
653
653
473
-557
-557
-529
-400
-570
-570
-593
-585
-946
-1024
-1026
-910
-811
-788
-865
-877
-932
-877
-705
-436
-388
-388
-452
-589
-420
421
421
678
806
949
855
1120
1047
1538
1415
2154
1031
-390
883
883
2896
1764
-1394
-1394
717
717
1021
741
-679
-679
-1685
-1015
749
749
-1708
-1708
-1579
-907
-504
-553
-541
-701
-448
-793
-856
652
652
1081
884
657
657
1183
857
443
376
376
682
390
-588
-588
-493
-559
-559
-521
-526
-1040
-1029
-1081
-856
-645
-740
-928
-1030
-979
-844
-575
-514
-514
-577
-623
387
387
690
817
1011
853
1127
978
1511
1349
2216
990
826
826
2833
1670
-1307
-1307
713
713
971
697
-592
-592
-1634
-910
708
708
-1688
-1688
-1508
-834
-506
-628
-578
-743
-439
-781
-837
-397
596
596
1011
844
643
643
1133
817
416
387
387
658
374
-510
-510
-427
-524
-524
-538
-505
-961
-1122
-979
-888
-643
-673
-949
-1047
-970
-799
-563
-524
-524
-581
-573
431
431
711
785
997
942
1077
1068
1407
1403
2223
820
996
996
2810
1482
-412
-1220
733
733
971
527
-655
-655
-1574
-784
706
706
-1685
-1685
-1433
-744
-491
-589
-606
-708
-428
-794
-749
-379
615
615
1004
790
716
716
1115
770
389
428
428
662
-456
-456
-519
-519
-501
-511
-1069
-1037
-1015
-778
-630
-851
-947
-1024
-891
-784
-560
-391
-570
-570
-564
-532
423
423
697
810
960
952
1034
1047
1446
1354
2231
561
1140
1140
2777
1312
-522
-1252
675
675
1039
464
-776
-776
-1649
-692
689
689
-450
-1723
-1465
-735
-551
-584
-611
-750
-473
-867
-750
-396
598
598
975
711
724
724
1081
718
462
462
619
-465
-465
-629
-629
-495
-596
-970
-1088
-969
-894
-656
-733
-1019
-1036
-1007
-723
-607
-385
-385
-595
-601
-589
477
477
679
766
914
877
1099
983
1430
1360
2110
831
990
990
2730
1443
-1187
-1187
716
716
940
624
-595
-595
-1595
-799
669
669
-1618
-1618
-1450
-785
-498
-609
-549
-709
-468
-786
-785
-405
550
550
906
758
634
634
1039
727
416
416
604
-472
-472
-521
-521
-702
-542
-848
-948
-907
-1097
-782
-772
-789
-933
-994
-922
-736
-436
-439
-439
-619
-639
-485
380
380
624
716
887
861
989
980
1281
1347
1953
1413
629
629
2480
2101
-1221
-1221
-529
677
932
899
-440
-440
-1446
-1144
635
635
-1403
-1403
-1652
-960
-443
-557
-497
-685
-510
-645
-852
-449
486
486
870
927
520
520
1098
941
513
408
408
714
535
-419
-419
-646
-646
-585
-874
-856
-695
-830
-931
-785
-855
-883
-859
-795
-702
-586
-444
-444
-432
-496
-478
621
621
657
807
872
943
1060
1107
1444
1533
2069
403
403
1767
2728
777
-795
-1053
470
846
1089
-980
-980
-1547
674
674
-847
-1732
-1295
-569
-518
-539
-592
-648
-518
-905
-628
701
701
963
551
928
928
1053
641
631
631
638
-586
-586
-489
-581
-822
-941
-870
-897
-619
-526
-991
-1075
-999
-597
-516
-383
-383
-625
-608
-549
-411
-411
492
492
675
672
895
926
1092
989
1347
1295
2021
1368
690
690
2583
1974
-1102
-1102
759
759
950
898
-1435
-1435
-1001
673
673
-1416
-1416
-1551
-889
-385
-531
-443
-663
-506
-678
-833
-390
482
482
830
906
562
562
1105
892
491
428
428
651
499
-675
-675
-680
-785
-745
-523
-869
-1035
-949
-736
-743
-801
-809
-798
-672
-404
-425
-425
-451
-574
554
554
655
661
829
851
1082
1093
1404
1322
1993
695
481
481
1142
2715
1387
-1103
-1103
925
925
1090
620
-577
-577
-1486
-613
736
736
-1589
-1589
-1416
-726
-377
-482
-444
-655
-490
-823
-757
575
575
853
702
755
755
1113
787
418
562
562
722
432
-571
-571
-691
-751
-657
-619
-822
-954
-829
-746
-775
-852
-751
-720
-578
-400
-400
-448
-532
-470
635
635
668
754
864
883
1107
1057
1429
1383
2042
464
458
458
1373
2724
1126
-467
-1095
958
958
1112
531
-701
-701
-1465
-403
759
759
-437
-1604
-1326
-638
-479
-479
-472
-694
-542
-839
-668
585
585
844
631
811
811
1070
755
613
613
703
-482
-482
-622
-615
-755
-493
-773
-956
-955
-686
-687
-816
-900
-792
-757
-551
-448
-448
-457
-674
-512
394
394
653
616
701
849
889
1051
1067
1343
1374
2025
375
440
440
1432
2679
1091
-486
-1061
943
943
1110
518
-726
-726
-1440
766
766
-447
-1576
-1298
-626
-451
-451
-451
-712
-552
-822
-632
-374
567
567
823
618
826
826
1079
731
627
627
705
376
-375
-375
-578
-638
-713
-515
-713
-914
-917
-675
-689
-849
-926
-757
-731
-529
-468
-468
-509
-638
-474
378
378
600
616
664
833
823
997
964
1371
1341
1966
510
446
446
1275
2647
1213
-1083
-1083
935
935
1118
650
-667
-667
-1439
-409
722
722
-1528
-1528
-1312
-698
-457
-457
-434
-718
-575
-805
-669
-413
539
539
778
622
818
818
1105
727
642
642
691
389
-554
-554
-637
-629
-541
-660
-894
-863
-682
-667
-839
-917
-732
-697
-481
-407
-407
-538
-627
-448
405
405
580
607
642
880
846
1028
911
1266
1345
1938
784
412
412
1071
2486
1388
-947
-947
865
865
1037
750
-575
-575
-1318
-504
623
623
-1447
-1447
-1304
-755
-455
-455
-435
-718
-628
-719
-686
-418
470
470
678
606
688
688
1037
709
556
556
641
384
-610
-610
-587
-668
-538
-708
-904
-909
-711
-691
-884
-952
-812
-689
-599
-427
-427
-560
-653
-512
-394
-394
609
609
583
626
783
841
998
913
1272
1307
1905
603
411
411
1141
2442
1234
-912
-912
854
854
1060
682
-557
-557
-1259
-382
618
618
-1357
-1357
-1194
-694
-422
-422
-387
-703
-574
-695
-619
-396
499
499
680
596
737
737
1029
688
379
379
586
629
377
-494
-494
-674
-705
-448
-626
-701
-841
-789
-794
-800
-781
-663
-640
-598
-443
-443
-454
-593
-403
382
382
623
591
634
791
814
972
965
1260
1330
1788
505
505
1314
2333
928
-398
-855
899
899
1009
496
-656
-656
-1192
554
554
-404
-1401
-1143
-640
-425
-425
-434
-746
-606
-720
-573
-408
486
486
637
479
795
795
963
585
428
428
593
580
-553
-553
-625
-532
-446
-614
-820
-830
-694
-714
-774
-828
-675
-662
-533
-402
-402
-528
-598
-404
388
388
568
524
629
774
810
868
912
1222
1269
1772
420
464
464
1197
2229
1052
-825
-825
820
820
1034
571
-613
-613
-1132
513
513
-1318
-1318
-1168
-671
-400
-400
-428
-772
-620
-672
-544
-442
-401
556
556
473
715
715
932
565
408
408
555
557
-446
-446
-512
-496
-551
-767
-767
-868
-767
-534
-656
-823
-928
-762
-639
-509
-500
-500
-571
-713
-439
-413
-413
-380
556
556
503
574
759
706
806
880
1191
1213
1633
558
442
442
1038
2088
1098
-743
-743
810
810
990
652
-548
-548
-1010
448
448
-1196
-1196
-1077
-695
-409
-409
-726
-639
-596
-519
-430
-431
496
496
435
639
639
883
560
415
415
536
560
-528
-528
-469
-474
-643
-643
-811
-744
-564
-576
-719
-829
-772
-619
-508
-439
-439
-555
-618
-445
441
441
419
450
713
720
780
779
1015
1133
1469
1127
692
692
1764
1582
-578
-578
-401
573
934
864
-421
-421
-851
-584
-869
-869
-1156
-827
-611
-611
-728
-531
-554
-385
-449
390
390
468
383
383
796
623
470
470
528
406
-383
-383
-410
-491
-767
-796
-559
-384
-566
-785
-897
-805
-577
-394
-451
-451
-622
-700
-436
-400
-400
-415
425
425
454
696
614
681
730
978
1112
1325
1253
600
600
1551
1663
469
-442
-518
419
865
916
-741
-741
-650
-645
-645
-1103
-877
-410
-530
-530
-723
-542
-555
-403
-455
398
398
460
730
730
641
429
429
510
425
-376
-376
-421
-683
-805
-560
-458
-458
-699
-864
-832
-591
-382
-379
-379
-614
-694
-487
-375
-375
-441
379
379
376
589
603
583
693
788
1048
1066
1376
416
421
421
1059
1751
908
-636
-636
665
665
908
526
-553
-553
-832
483
483
-996
-996
-996
-635
-684
-684
-612
-588
-490
-413
401
401
530
530
663
420
478
478
481
-568
-568
-731
-735
-393
-390
-390
-733
-838
-773
-487
-624
-624
-631
-440
-387
-387
408
408
442
560
580
550
673
766
1043
1070
1347
567
416
416
954
1655
1035
-543
-543
551
551
810
570
-473
-473
-811
443
443
-833
-833
-926
-616
-594
-594
-588
-565
-487
-378
383
383
405
405
577
384
377
377
418
-402
-402
-606
-738
-682
-397
-427
-427
-709
-784
-714
-461
-555
-555
-583
-407
424
424
517
557
501
640
708
926
998
1241
702
394
394
812
1488
1090
478
478
694
547
-681
-681
-666
-666
-791
-547
-501
-501
-535
-490
-418
452
452
-489
-489
-712
-743
-621
-382
-555
-555
-745
-779
-661
-458
-448
-448
-600
-567
-384
378
378
491
491
592
741
852
947
750
604
604
1134
1056
507
507
497
-639
-639
-523
-547
-547
-833
-676
-445
-445
-556
-535
-490
-374
-374
-461
-664
-664
-802
-717
-534
-409
-468
-646
-789
-739
-559
-394
-387
-387
-524
-560
-446
465
465
553
695
726
785
635
579
579
917
831
398
398
-522
-522
-456
-463
-463
-725
-633
-378
-427
-427
-500
-525
-470
-438
-438
-474
-491
-491
-739
-780
-612
-437
-383
-509
-659
-688
-546
-377
-410
-410
-464
-412
402
402
489
530
577
583
637
542
492
442
538
649
621
429
-381
-381
-395
-395
-537
-529
-383
-383
-441
-404
429
429
441
461
469
557
623
695
659
560
509
405
545
602
598
470
-382
-382
381
381
464
513
496
496
431
481
506
557
520
490
431
402
402
431
453
387
420
421
468
493
512
499
410
411
411
