-957
-957
-916
-916
-1030
-1027
-1095
-1176
-1117
-1301
-1296
-1248
-1308
-1260
-1242
-1303
-1330
-1198
-1231
-1219
-1208
-1121
-1076
-1039
-907
-886
-886
924
924
942
903
919
1044
1051
959
995
1036
1015
1049
1073
1080
1061
1141
1068
1041
-956
-956
-1008
-1045
-1115
-1137
-1117
-1178
-1110
-1116
-1147
-1110
-1093
-983
-951
-951
-1087
-1118
-1081
-1178
-1142
-1170
-1262
-1269
-1142
-1231
-1209
-1116
-1097
-993
-981
1078
1078
1223
1269
1397
1550
1611
1599
1640
1667
1804
1954
2075
1982
1923
1730
1604
1633
1611
1495
1369
1230
1096
-969
-969
-993
-1245
-1495
-1585
-1617
-1601
-1580
-1674
-1767
-1688
-1643
-1673
-1621
-1558
-1525
-1452
-1423
-1199
-1120
-1122
-984
-910
-963
-963
-989
-1242
-1348
-1278
-1366
-1418
-1478
-1535
-1524
-1496
-1577
-1651
-1652
-1630
-1545
-1398
-1323
-1275
-1079
1187
1187
1323
1500
1754
1879
1961
1994
2133
2316
2346
2455
2582
2532
2415
2233
2215
2141
2125
2075
1925
1753
1444
1284
1091
909
-978
-978
-1354
-1606
-1724
-1841
-1952
-1921
-1933
-2076
-2000
-1960
-2045
-2017
-1914
-1899
-1873
-1854
-1806
-1668
-1632
-1551
-1358
-1334
-1104
-961
-950
-950
-1097
-1145
-1273
-1307
-1466
-1600
-1572
-1715
-1809
-1791
-1873
-1858
-1762
-1803
-1898
-1967
-1860
-1773
-1723
-1634
-1505
-1361
-1253
-1032
-989
910
910
1041
1425
1602
1659
1977
2049
2198
2235
2400
2514
2577
2538
2320
2292
2264
2205
2244
2096
1934
1603
1331
1239
1102
917
-975
-975
-1280
-1513
-1767
-1913
-1963
-2018
-2120
-2206
-2123
-2090
-2091
-2083
-2116
-2057
-2026
-1946
-1754
-1693
-1531
-1353
-1216
-1043
-917
-909
-909
-921
-1001
-1231
-1284
-1484
-1606
-1664
-1773
-1798
-1865
-1945
-2083
-2119
-2007
-2017
-2061
-2068
-2021
-1888
-1701
-1637
-1580
-1349
-1129
-893
1064
1064
1289
1585
1785
1995
2284
2404
2610
2790
2969
3035
3122
2985
2850
2918
2825
2819
2535
2382
2256
2169
2018
1786
1545
1160
-941
-941
-1121
-1363
-1574
-1703
-1794
-1966
-2070
-2104
-2034
-2061
-2164
-2093
-2219
-2108
-2059
-1980
-1856
-1810
-1607
-1361
-1263
-1164
-954
924
924
911
908
908
-1030
-1030
-1129
-1197
-1205
-1285
-1569
-1833
-1986
-2018
-2051
-2092
-2139
-2189
-2214
-2279
-2289
-2289
-2194
-2121
-2137
-1974
-1750
-1629
-1405
-1273
-1043
1119
1119
1460
1697
1933
2154
2358
2599
2858
2982
3057
3324
3379
3226
3162
3054
3013
2965
2793
2810
2688
2511
2291
2048
1764
1410
988
-943
-943
-1148
-1370
-1485
-1603
-1767
-1969
-2137
-2046
-2061
-2128
-2220
-2235
-2226
-2201
-2075
-2092
-2129
-2010
-1974
-1818
-1608
-1445
-1213
-1167
-910
895
895
-1113
-1113
-1512
-1987
-1848
-2104
-2218
-2299
-2529
-2666
-2779
-2657
-2666
-2747
-2777
-2628
-2694
-2427
-2615
-2839
-2371
-2290
-1917
-1591
-1340
-1121
1157
1157
1531
2093
2602
3142
3587
3967
4057
4345
4658
4520
4175
3695
3396
2825
2254
1378
-893
-893
-1165
-1165
-1537
-1656
-1703
-1755
-2131
-2204
-2087
-2060
-2138
-2316
-2295
-2316
-2463
-2542
-2462
-2290
-1846
-1514
-1192
1296
1296
1721
2190
2614
2723
2592
2360
2166
1905
1457
1023
-1146
-1146
-1743
-2280
-2503
-2624
-2786
-2583
-2409
-2128
-1830
-1694
-1462
-1227
-1326
-1517
-1806
-2111
-2427
-2819
-3227
-3577
-3821
-3906
-3701
-3493
-3059
-2529
-2126
-1677
-1171
897
897
1300
1610
1846
2356
2789
3168
3399
3789
4114
4305
4659
4851
4940
5050
5101
4863
4561
3754
2382
1112
-1513
-1513
-2353
-2542
-2180
-1799
-1897
-1767
-1301
-1301
-1958
-2356
-2241
-2143
-2633
-2934
-2812
-2636
-2718
-2916
-2736
-2303
-1960
-1450
-909
1021
1021
1893
2562
3033
3528
3737
3503
3120
2580
2009
1395
-886
-886
-1315
-1845
-2241
-2525
-2613
-2367
-2135
-1674
-1250
-1003
-1117
-1379
-1626
-2023
-2680
-3400
-3988
-4377
-4538
-4420
-4191
-3801
-3219
-2678
-2219
-1760
-1205
1095
1095
1525
1939
2441
2664
2750
2930
3111
3111
3183
3402
3628
3860
4108
4477
4837
5499
5774
5378
3938
2147
-1829
-1829
-3589
-4578
-4132
-3021
-2243
-1600
1052
1052
2167
2319
1857
1675
1701
-1193
-1193
-1151
-1104
-1819
-2293
-2090
-1614
-1721
-2435
-2875
-2800
-3002
-3440
-3705
-3133
-2155
-1327
2176
2176
3552
4283
4429
4233
3888
3128
1821
-988
-988
-1412
-1233
-1343
-1343
-1812
-2222
-2366
-2188
-1938
-1432
-1053
-963
-963
-1843
-2521
-2912
-3490
-4029
-4127
-4022
-3830
-3323
-2848
-2633
-2333
-2018
-1921
-1786
-1594
-1257
1151
1151
1870
2506
2824
2742
2799
2899
2520
2187
2298
2465
2965
3493
4133
4827
5439
6027
6372
6339
6158
4536
1388
-1199
-2981
-3429
-4596
-5785
-5127
-3393
-1171
1893
1893
2926
2969
2015
-1327
-1327
-1153
-1116
-1116
-1641
-2940
-4612
-5155
-5084
-5133
-4589
-3394
-1098
947
2489
3745
4450
5068
4898
3915
2766
1599
-884
-884
-1065
-1065
-1908
-2103
-1898
-1663
-1275
-1283
-1283
-1979
-2723
-3013
-2972
-2845
-2778
-2745
-2310
-1958
-2091
-2419
-2650
-2990
-3236
-3316
-3167
-2826
-2301
-1463
1246
1246
1889
2065
2310
2417
2385
2111
1954
2073
2316
2709
3042
3594
4398
5196
5578
5609
5905
6121
6270
6168
5793
4209
-1904
-1904
-3553
-3634
-4408
-5846
-5218
-3467
-1093
1746
1746
2693
2725
1778
1110
1116
1608
1128
1128
1201
-1247
-1247
-2115
-2903
-4248
-5660
-5911
-5234
-4549
-3376
-1776
2599
2599
3847
4600
4779
4577
4311
3433
2433
1855
1321
941
-1190
-1190
-1793
-1908
-2189
-2616
-2416
-1798
-1138
889
889
-1060
-1060
-1655
-2163
-2907
-3273
-2953
-2538
-2439
-2434
-2281
-2336
-2537
-3003
-3087
-3178
-2904
-2653
-2305
-1329
1243
1243
1672
2019
2303
2405
2567
2965
3300
3471
3661
4191
4529
4913
5193
5545
5926
5982
6446
6375
6824
7375
5852
1714
-2316
-4273
-4379
-5143
-7174
-6852
-4821
-1574
1257
1257
2644
3178
3271
2056
1148
1153
1597
898
1382
1382
1926
-1641
-1641
-3066
-4128
-5417
-7191
-7511
-6652
-5232
-3543
-1573
2752
2752
3982
4557
4614
4314
3977
3023
2235
2086
2445
2727
1979
1205
-2365
-2365
-3800
-4099
-4277
-4155
-3176
-1916
1182
1182
1485
1335
-1178
-1178
-1607
-1692
-1855
-2072
-2401
-2424
-2457
-2468
-2851
-3543
-3747
-3840
-4182
-3841
-2984
-2184
-1546
-1081
1466
1466
2246
3134
3837
4626
5374
5695
5934
5579
5572
5136
5281
5296
5719
6518
6517
7575
8267
8324
3730
-1949
-5571
-6249
-5448
-8112
-8391
-6535
-2298
1959
1959
3204
3205
3426
1673
1435
1435
1593
923
1408
2096
3458
1590
-991
-3864
-5650
-6806
-8502
-9166
-8418
-5935
-3440
1242
1242
3148
4039
3829
3581
2907
3111
3037
2529
2503
3556
5095
4929
3281
1480
-1133
-1133
-3259
-4941
-5339
-4604
-4137
-3215
-1475
974
974
-1533
-1533
-1486
-1023
-986
-986
-1999
-2890
-4064
-4742
-5444
-5116
-4870
-3929
-2696
-1692
1742
1742
3135
4649
5691
6176
6760
6778
6860
6598
6476
6261
6080
6342
6864
7741
8603
8726
7226
1645
-4353
-7606
-6989
-6123
-8530
-8116
-5126
2255
2255
2658
3307
2907
1793
2554
2554
3097
2466
3981
4420
4058
922
-2857
-6426
-8146
-9515
-9625
-9128
-8024
-5092
-2332
1826
1826
2300
2121
1341
1011
1209
2277
3423
4097
4092
5201
6800
6276
3421
-1990
-1990
-3625
-5284
-5990
-5511
-4403
-3998
-3131
-1671
-2467
-2467
-2441
-2270
-1186
893
893
1664
1402
-1338
-1338
-2999
-4306
-4858
-5071
-5109
-4361
-4029
-2698
-1842
-1167
-1009
-1313
-1620
-1887
1374
1374
1943
3101
4646
6103
6710
6796
6965
6948
7351
7403
8101
8729
8661
8759
8716
9413
7409
-7974
-7974
-11992
-10031
-7931
-10137
-9141
-5905
2368
2368
2868
3341
2585
1016
1263
1263
3074
5334
5433
6400
7024
6874
6301
2051
-2144
-6927
-9940
-10472
-9987
-8952
-8698
-7350
-4121
-1326
-1326
-1111
1988
1988
4471
6085
6334
6349
7260
6983
4445
-3074
-3074
-4824
-5810
-6289
-6145
-5066
-4397
-4487
-4316
-4283
-3560
-4533
-4928
-3916
-2100
2091
2091
3123
3310
3357
3012
1262
-925
-3110
-4443
-5022
-4793
-4174
-3283
-3177
-3063
-2626
-2521
-2423
-2784
-2693
-2178
-1298
2093
2093
3670
4518
4910
5453
5631
6115
5965
6602
7208
8028
9789
10023
10553
10907
10328
10379
4432
-3916
-11978
-14528
-9242
-9759
-9762
-10345
-5099
2093
2284
1175
943
943
1111
1310
5216
8370
9786
9825
8540
9527
6186
1281
-4339
-7821
-8405
-9377
-8880
-8326
-7599
-6471
-4366
-2242
-1656
-3839
-5217
-4074
-1805
1465
3316
5559
7611
8561
8313
6748
5682
3656
-2844
-2844
-4619
-4096
-3478
-3761
-4401
-4895
-4764
-5506
-7347
-8455
-9002
-7185
-4654
-1942
1027
2705
5002
4979
4415
3075
-3044
-3044
-3664
-3177
-2332
-1640
-1993
-2734
-3142
-3373
-3359
-4003
-4031
-3266
-1890
1227
1227
2864
3928
4588
4877
5016
5154
5427
6375
7906
9481
11100
11835
12325
12183
11721
11419
6480
-1015
-10628
-14452
-11775
-9441
-7878
-9947
-6249
-1617
1583
-3483
-3483
-3833
-3332
2590
2590
6825
10440
13226
12615
10247
7526
3397
-3057
-3057
-4998
-6096
-6319
-5062
-5375
-4682
-4383
-2998
-2983
-5387
-7778
-9126
-7180
-4205
-1208
1282
3270
5754
7698
8511
7685
5632
3720
2183
1299
-1635
-1635
-3854
-5742
-7766
-8773
-9804
-9511
-7853
-5631
-2935
-1105
1034
2176
2952
2604
1075
1121
1121
1427
-1259
-1259
-2411
-3431
-3438
-3163
-1739
1203
1203
1505
1778
1259
1035
1350
1350
2571
4081
5435
6366
7488
8212
8491
8194
7901
7410
5907
3270
-2502
-2502
-3148
-2893
-2390
-2206
-1672
-899
-1556
-1556
-2695
-3092
-3141
-2506
-1183
1957
1957
2595
2472
1433
-1103
-1103
-1593
-1876
-1528
-1036
-1168
-1168
-1421
-1754
-1794
-1797
-1590
-914
-966
-966
-1052
-919
929
929
-1023
-1023
-1623
-1952
-1820
-1442
-973
-1082
-1082
-1599
-1661
-1866
-1928
-1781
-1318
-973
-1231
-1521
-1849
-2055
-2211
-2556
-2705
-2381
-1793
-1247
1025
1025
983
1182
1306
1524
1178
923
1052
1120
1477
1514
1797
2332
2785
3114
3109
2997
2967
2756
2300
1931
1783
1961
2265
2472
2685
2672
2420
2123
1681
1136
-1204
-1204
-1764
-2279
-2653
-3005
-3289
-3404
-3273
-3120
-2833
-2718
-2641
-2476
-2268
-1946
-1410
1060
1060
1095
1122
1048
-1047
-1047
-1390
-1537
-1454
-1119
-941
-941
-1459
-1783
-2071
-2190
-2328
-2285
-2125
-2040
-2169
-2372
-2341
-1899
-1031
1232
1232
1427
1410
1100
894
1470
1704
2084
1909
2081
2477
3144
3452
3811
4397
5362
6552
6716
5827
4154
2537
1343
901
901
1202
-1946
-1946
-3465
-4565
-5781
-6107
-5689
-4779
-3398
-2189
-1091
1190
1190
1269
919
1114
1114
1772
2839
3294
3209
2299
-2541
-2541
-3895
-4950
-5360
-4906
-3758
-2124
-1027
-1325
-1325
-1597
-1900
-1251
1234
1234
1959
1662
-1455
-1455
-2559
-4138
-4958
-5947
-5784
-5024
-3339
-1719
-1036
-987
-1275
-1683
-2014
-2815
-3042
-3576
-3025
-2395
-1404
-890
-890
1396
1396
2783
4202
5861
6625
6929
7077
7201
7974
8270
9239
9707
10665
11973
13389
14524
8874
-11724
-11724
-15451
-14403
-13062
-13817
-14406
-7550
4843
4843
2896
-1794
-1794
-2091
-1406
-1305
975
5573
9245
13790
14241
14772
10487
5018
-5719
-5719
-8130
-10857
-10802
-10813
-10274
-8175
-4453
-2470
-2470
-5845
-5963
-3315
-2092
2143
2143
6463
9980
12270
12828
10626
7268
2325
-1883
-4988
-7001
-7521
-8136
-7645
-7511
-6930
-7096
-7747
-8881
-9633
-7626
-4419
1481
1481
3019
4460
6199
6693
5004
1114
-2981
-5691
-6606
-6783
-6300
-5792
-4369
-2960
-1328
992
992
2319
3723
4843
6064
7501
9041
9942
10676
11383
12201
13773
14536
15882
16408
15849
6311
-5728
-19027
-20073
-18070
-16266
-19938
-19185
-8636
2962
7166
2088
4067
4067
3513
2517
4008
10564
15647
18272
15183
13272
7880
2481
-5035
-11319
-15593
-17615
-16255
-14525
-12528
-9586
-2889
3685
5178
1319
-2541
-1142
2955
4960
5842
6291
9880
12240
13070
10711
6547
1113
-4524
-9345
-12600
-13525
-13300
-11406
-8504
-5312
-2956
-3133
-3851
-4929
-4751
-3613
-1820
1505
1505
3547
5425
6087
4461
1442
-2453
-5727
-7877
-8586
-7696
-5647
-3400
-1470
-1883
-1883
-3154
-2319
2102
2102
4124
6391
8520
10688
12079
12915
13019
13482
13756
13931
14228
14173
15132
7764
-3289
-17464
-20694
-17301
-14548
-17702
-20002
-10873
7175
7175
1402
-1951
6095
6095
8139
5254
5027
9435
15383
17779
14096
10061
5247
1801
-3291
-9298
-15038
-18543
-17138
-14338
-11176
-10280
-5427
1739
5958
4605
3265
3265
6266
7076
6424
7938
9001
9227
7285
4723
-4532
-4532
-8822
-11992
-12595
-12636
-11040
-8413
-5349
-2043
-944
-1317
-3115
-4368
-4154
-3164
-1951
-1409
2015
2015
3912
3754
1614
-1836
-4833
-6050
-6466
-6096
-5010
-3180
-1374
-906
-906
-1389
-1961
-2571
-2491
-1090
1472
4287
6670
8995
11004
12763
13868
14476
15266
14705
14749
13746
14602
14287
7181
-5745
-20152
-23601
-19782
-15084
-17451
-17752
-9183
3506
10232
4590
1171
1171
7697
9678
6786
5507
8256
14591
16994
14076
7913
1779
-2112
-6186
-10361
-16699
-19809
-18355
-12799
-7692
-5699
-1124
4071
8842
7840
3612
1574
2611
4954
5697
6342
6895
7162
5800
3451
1769
-2070
-6325
-11547
-14257
-14330
-12896
-9110
-5400
-1521
1558
3068
2807
-2357
-2357
-4709
-5026
-4391
-3691
-2569
-1542
-2321
-2321
-4359
-5601
-5736
-4593
-3290
-1322
1258
1258
1495
1185
-1346
-1346
-2546
-3267
-3036
-1883
3744
3744
7107
10159
12622
14233
14787
15251
15713
15700
15173
15117
16647
14665
3070
-14262
-27172
-26080
-19719
-17934
-21841
-17507
-2637
12060
13124
4585
1912
7185
13820
10600
4647
3212
9793
16548
16682
10794
3589
-1566
-4857
-9009
-15051
-21540
-23140
-18454
-10267
-4605
4883
4883
11096
14496
11336
7107
5206
5618
5195
3925
3777
4189
3194
-2300
-2300
-3291
-5460
-9967
-15337
-17017
-15330
-10828
-5689
-999
2781
5417
7030
6476
3634
-967
-4537
-6013
-6096
-6239
-6678
-5471
-3299
-1295
-1014
-2260
-3575
-4364
-4203
-3655
-2471
-1152
-1898
-1898
-3117
-2733
-1226
1657
4402
7645
10528
13496
15489
16337
16650
15969
16112
14943
14654
15369
15785
5418
-11313
-27749
-29057
-23020
-20197
-25508
-24424
-8498
11500
18700
10154
6196
10787
20293
16969
7186
1297
6442
14321
15320
8852
1936
-2811
-6028
-10856
-17048
-23646
-25952
-22387
-13662
-5342
6851
6851
13513
18781
17519
14009
10988
9303
6579
3003
1571
2483
1825
-1972
-5344
-5462
-5997
-9845
-16936
-19634
-17385
-11391
-5754
-2144
2097
4909
7924
7920
5245
-4124
-4124
-6900
-6964
-7188
-7251
-6290
-3879
-947
-1624
-1624
-2927
-3780
-3927
-3436
-2215
-1989
-2038
-1639
-1651
-1651
-3014
-2179
3939
3939
7102
10199
12974
16382
18325
19667
19135
18396
16783
16116
17383
16955
6410
-13242
-29982
-32768
-27144
-23090
-27179
-26663
-10818
10565
20481
13049
8262
12145
20770
18180
7883
2325
7357
15133
15171
8660
2022
-1954
-6938
-14259
-21306
-26308
-26738
-22650
-14444
-5081
2441
10183
16015
19502
17588
13785
10663
8489
5243
1113
1668
1668
2123
-1515
-5606
-6429
-7053
-10852
-17618
-20124
-16078
-9150
-3482
4672
4672
8681
9913
6562
1068
-3961
-8041
-10362
-11450
-10075
-7578
-3866
-1006
1291
2130
1799
1083
-2097
-2097
-3389
-2865
-1984
-1589
-2512
-3576
-3591
-3612
-4095
-4890
-3578
4684
4684
8179
11685
15247
19324
21591
22422
21273
20219
18281
17156
18707
16847
3602
-19558
-32499
-32750
-28492
-25718
-30774
-24424
-4325
15829
19239
10818
11018
19104
24277
14257
2139
10150
10150
15880
12353
5192
-2610
-2610
-10509
-20036
-26143
-27485
-23930
-18452
-10103
-1663
6319
14996
21181
22680
17721
11858
7351
4867
1165
-1459
-1186
-4341
-4341
-7619
-8460
-10730
-15126
-18861
-15922
-9688
-3935
4259
4259
9890
12800
9228
982
-5358
-9239
-10425
-13471
-13809
-12486
-7887
-4193
-979
1469
1469
1254
-1278
-1278
-1014
-1947
-1947
-3333
-4898
-6224
-6863
-6038
-2288
1499
5745
8855
13214
17268
20746
22167
21729
21339
20018
19134
19201
19287
10281
-11685
-30406
-32768
-31842
-26348
-26673
-25453
-8966
11134
20772
13875
9923
15390
21803
16596
4686
1401
9515
16650
14697
8217
3400
-1600
-12357
-25029
-30728
-28783
-24049
-19453
-13590
-2896
8183
17497
21705
21010
16918
12419
9094
6175
2513
1147
1147
3922
3768
-2018
-9098
-12661
-15014
-17937
-20292
-18120
-11780
-5799
5118
5118
10166
11325
6541
-4740
-4740
-5894
-7350
-9852
-11531
-8509
-4372
-2507
-3169
-4363
-3081
-1597
-1364
-1364
-1701
1076
1076
1807
-1379
-1379
-3673
-5288
-6372
-5933
-3673
3416
3416
6277
10411
15036
19396
21921
22985
23814
23771
22485
20896
21654
14158
-5460
-28844
-32768
-32768
-28101
-26310
-27495
-13229
7526
20625
13808
6812
8823
16887
16983
8756
5806
11582
19189
20008
16393
11465
1858
-13100
-27276
-30826
-28190
-25200
-23945
-17287
-3138
8963
15351
14311
13009
12104
11541
9338
6174
4285
4956
9286
12167
10094
1544
-7435
-12677
-16540
-20137
-22824
-19506
-12237
-6000
-1037
1762
4619
4502
1996
-2195
-3656
-3320
-3321
-4110
-5166
-3191
-2887
-3628
-6858
-8263
-7835
-6039
-3443
-1371
1048
2737
4062
3705
1690
-3381
-3381
-4655
-5623
-4027
-2129
968
3547
6183
9609
12803
16321
18289
21177
22945
24258
23615
23480
24226
15489
-6139
-29569
-32768
-32729
-26349
-22472
-20527
-8299
8960
18991
11994
2344
6316
6316
11281
10876
10162
13365
19950
24694
24406
15437
-885
-17714
-27115
-27294
-25863
-24293
-20290
-9071
3099
8771
7432
4454
4611
5122
4614
3891
6401
10602
14163
15730
14987
12024
4633
-5492
-15868
-21687
-21989
-17999
-12479
-7708
-3967
-1694
-1228
-3113
-6055
-7575
-6751
-3861
1491
1491
2133
1906
-2024
-2024
-5387
-9104
-11067
-11198
-8243
-4173
2404
2404
3198
2730
1034
-891
-2183
-2597
-1957
1248
1248
3261
5033
5753
7150
9042
11942
15105
18380
22422
24524
25801
26072
26726
18047
-7038
-30392
-32768
-31851
-18535
-12457
-15679
-7444
8014
18920
7559
-9258
-15885
-3769
10698
16081
14116
14592
21394
29479
28639
15310
-6008
-21711
-25454
-20493
-17851
-17164
-14041
-3699
4483
3421
-4043
-9212
-7461
-4582
4781
4781
13376
20087
21490
18806
15226
10678
2728
-6884
-15488
-18015
-15481
-10077
-4907
-4855
-8070
-13859
-15665
-15969
-14828
-13437
-7583
1578
11224
13913
9902
3154
-2053
-4501
-7019
-9121
-10519
-9428
-5363
-937
1396
-3781
-3781
-6549
-6502
-5215
-2831
3249
3249
7059
9320
9472
7214
5644
5234
7503
11762
17205
22376
26097
27790
27179
25881
19027
1873
-22666
-32768
-32768
-24954
-12686
-12117
-8673
10473
10473
6846
-7457
-19904
-15329
1206
15858
20763
19747
21230
26320
28083
19574
2038
-13647
-18309
-13782
-8348
-7643
-9000
-6736
-2675
-2508
-8622
-16472
-18704
-15581
-7906
1470
10962
18797
23023
22292
17635
10171
3245
-1653
-4019
-3666
-2079
-893
-1412
-6359
-13908
-21379
-24403
-23517
-20531
-17208
-11462
-3394
5778
10355
9344
4609
-961
-961
-1573
-1964
-2423
-1536
1780
1780
-5473
-5473
-10391
-11828
-9351
-5409
-1819
3863
3863
6710
7676
6282
4210
3837
5248
8166
11714
16110
20627
24886
25827
25301
24608
23372
15468
-2817
-23036
-32021
-25060
-13439
-8974
-11350
-10210
-2784
2377
-5005
-19483
-26770
-16943
3233
19714
23586
18899
15612
18698
20778
13794
-969
-10805
-6784
5654
12766
7949
-2293
-7474
-7251
-7910
-14294
-22251
-24659
-18154
-6918
2552
6616
7625
8425
9096
7237
2377
-1874
-1133
3939
9593
11295
8620
3139
-3167
-9851
-15495
-18603
-17948
-14479
-10149
-7446
-6221
-5692
-4996
-4339
-4558
-4894
-4201
-1928
1181
3028
3240
2009
-960
-960
-2777
-4786
-5876
-4790
-1403
2146
3825
3525
2886
2948
3032
2740
2562
4425
8352
12935
16629
18518
19432
19992
21717
24215
23402
13273
-3103
-16580
-17163
-10217
-5108
-6564
-7956
-3520
3074
1246
-11651
-27640
-31816
-20122
-993
12254
12735
7619
7253
11463
12005
2076
-9880
-10584
3113
20481
27283
19940
7681
-1721
-1721
-2181
-6934
-13753
-15709
-8830
1311
4839
-1226
-10453
-13846
-10597
-6721
-6571
-8983
-8387
-2643
4405
7651
3976
-2271
-5954
-5608
-3003
-2051
-2315
-1682
2309
2309
1681
-1558
-5736
-8099
-7403
-4599
-1781
-961
-961
-2791
-4968
-6534
-6057
-3837
2598
2598
4130
4026
3012
2300
1800
1803
2677
4208
6181
7631
8553
9003
9226
9263
9206
10093
12253
14664
14291
9097
919
-5259
-6205
-3679
-1387
-976
1916
1916
4268
2513
-4622
-13524
-17630
-13505
-4233
3404
4751
2009
-5245
-5245
-10363
-10205
-2475
8503
15156
13629
6521
-2936
-2936
-2834
-3048
-4178
-3424
1317
7471
9517
5126
-2887
-8872
-9882
-7503
-4939
-4169
-4142
-2971
-961
-2953
-2953
-7013
-9065
-7331
-3045
2108
2108
1735
1140
946
-1003
-1003
-2394
-2202
2053
2053
3225
3026
1496
-1201
-1201
-1864
-2084
-1424
1364
1364
1379
-1588
-1588
-2077
-1780
-1137
1064
1064
1010
967
967
2014
3017
3674
3927
3770
2945
1694
967
967
2843
4304
4911
4989
4899
4533
3653
2372
1392
1035
1205
1767
2335
2513
1707
-1696
-1696
-2353
-2097
-1736
-1351
1858
1858
1799
-1709
-1709
-3240
-4177
-4089
-3272
-2332
-1444
-2363
-2363
-4552
-5586
-5183
-4117
-3032
-2205
-1287
-942
-942
-1742
-2837
-3790
-4286
-4198
-3372
-2211
-1306
-1154
-1154
-1476
-1280
1134
1134
1373
1420
1131
911
911
1060
1224
1530
1727
1910
1852
1400
1585
1585
1839
1733
1412
1093
1217
1217
2110
3058
3806
4120
4067
3572
2731
1760
935
-937
-937
-2053
-2667
-2733
-2216
-1386
-1749
-1749
-2656
-2991
-2761
-2182
-1724
-1120
-1079
-1079
-2220
-3173
-3603
-3372
-2851
-2160
-1564
-1219
-1010
-1074
-1618
-2494
-3053
-3127
-2572
-1882
-1456
-1231
-1043
-905
-998
-1342
-1603
-1414
-924
1022
1022
1328
1531
1711
1842
1687
1252
1016
1016
1470
1948
2463
2901
2888
2545
2061
1584
1153
-893
-893
-1307
-1518
-1654
-1826
-1940
-1760
-1352
-1172
-1428
-1766
-1725
-1641
-1664
-1909
-1983
-1711
-1288
-1051
-1017
-1177
-1337
-1612
-1870
-1863
-1575
-1355
-1196
-910
-910
-1594
-2182
-2379
-1938
-1332
1047
1047
945
-1052
-1052
-1143
1229
1229
1843
2184
2032
1601
887
930
930
1268
1652
2045
1991
1740
1479
1499
1693
1673
1301
901
1053
1053
1417
1717
1885
1702
1108
-1792
-1792
-2160
-1985
-1748
-1488
-1145
-1379
-1379
-2022
-2631
-2815
-2381
-1772
-1281
-891
-980
-980
-1540
-2465
-3179
-3155
-2545
-1514
970
970
-1551
-1551
-2058
-1739
-967
1368
1368
1845
2132
2048
1459
-1290
-1290
-1632
-1464
-1000
1278
1278
1299
1227
1302
1510
1621
1261
-1267
-1267
-1237
1003
1003
1079
934
934
1295
1401
1603
1755
1722
1294
1074
1074
-1109
-1109
-1763
-1960
-1840
-1557
-1224
-1381
-1381
-2242
-3103
-3429
-2980
-2191
-1521
-963
-1045
-1045
-2081
-2790
-2907
-2494
-1766
-1066
-907
-907
1009
1009
1079
-1340
-1340
-1882
-1567
-960
1153
1153
971
1344
1344
1717
1575
1043
-885
-885
-1477
-2045
-2277
-2095
-1356
988
988
1227
1009
-1404
-1404
-1748
-1536
-1039
-1166
-1166
-1956
-2360
-2197
-1690
-1041
-1143
-1143
-1226
-912
-1161
-1161
-1492
-1501
-1188
1134
1134
1321
1146
-1154
-1154
-1430
-1290
-1075
-958
-917
-917
-1085
-1152
-1073
-911
898
898
957
-1218
-1218
-1580
-1674
-1520
-1175
-943
-943
-3820
-3094
1680
2684
-3444
-3444
-1747
-2925
-4700
3397
3397
-4407
-4407
-3519
-2073
-1546
-6095
-6961
2591
2591
-2506
-7093
-5670
-1216
-1123
-2598
-3268
-2033
-3038
-5122
-4667
-3104
-2156
-4233
-5936
-3842
-1353
-2955
-2343
-2778
-2017
-1775
-3817
-3450
-2483
-2357
-3057
-1893
-1128
-1831
-3280
-2250
-1194
-1634
-2220
-1805
-2448
-2448
-1752
1400
-1606
-1606
-1313
2195
2195
1680
1105
1611
976
1194
1421
1610
2114
1397
1439
2295
1888
2017
1814
-1286
-1286
-2056
-2263
-2973
-3452
-3484
-3726
-4989
-5938
-6929
-6851
-6618
-6569
-6622
-6969
-7411
-7416
-7232
-6948
-6764
-7136
-6950
-6490
-6178
-6175
-5971
-6056
-6259
-5903
-5382
-5354
-5523
-5637
-4821
-4553
-4231
-4186
-4280
-4636
-4644
-3940
-3809
-3645
-3333
-2549
-2088
-1266
-981
-934
-950
3072
3072
4798
4902
6845
7861
10317
11981
14546
16302
16429
16091
18235
14881
16409
13521
11591
8148
2466
7745
3938
1480
-5200
-8286
-8102
-12080
-11495
-9740
-11189
-13805
-16174
-13273
-12008
-11918
-12256
-9895
-8680
-7213
-6321
-3334
-2368
1040
1040
3571
3899
1961
2128
1892
3725
1628
918
918
-1050
-5287
-5287
-5702
-6675
-8128
-7798
-9898
-9164
-11225
-12332
-11978
-11629
-10948
-11367
-10938
-10107
-9006
-7425
-5893
-4137
-2940
-2313
-1229
1230
1230
2733
3055
5283
5455
6365
6441
6544
7170
6946
7547
8364
8853
8887
9941
9913
12338
10594
11905
12457
13958
15688
14167
13937
12658
8468
7230
4885
8447
8430
4420
-3675
-3675
-2606
-1959
-2485
-2526
-4051
-6424
-8308
-8197
-5917
-5574
-6198
-5620
-4910
-4016
-4532
-4314
-2679
-1270
1001
-961
-961
1931
1931
1403
3606
2566
2665
1795
1142
2965
990
-2110
-2110
-2599
-2033
-2426
-1944
-2038
-1900
-3183
-3844
-1771
1944
1944
1982
2253
2449
2496
4573
6416
7221
7564
7285
9154
9547
10570
11636
11922
12412
12767
13756
14511
15853
16868
18635
17992
19138
21023
21897
23389
20882
22018
18764
13177
10032
10404
16745
13796
7131
-1442
-1442
-1168
-1168
1111
1111
-2794
-7940
-8961
-4856
-2799
-3955
-4015
-2618
-1654
-2281
-1416
1576
1576
1715
2554
4036
3665
2950
2118
3593
5640
6520
6426
4850
4718
4798
4974
5772
5760
5830
3428
1673
1343
1373
1749
1725
2195
1541
-923
-923
1450
1450
2774
3638
4212
3731
3972
5060
7209
8811
9747
9938
10345
10950
12365
13293
14444
15102
15130
15744
15790
17267
17488
18391
19603
20727
21868
20450
21039
19835
20430
17918
11795
7000
5699
13481
13275
6826
-1603
-4588
-3005
-4801
-1933
-4783
-4783
-11843
-14523
-7633
-5279
-7477
-8666
-7986
-7570
-8361
-6375
-2994
-3497
-3733
-3476
-4199
-4169
-5320
-2759
-2018
1018
1018
-892
-1259
-2298
1211
1211
-1331
-1331
-1965
-3289
-2749
-2193
-3857
-4605
-4876
-5022
-6151
-6847
-6348
-5191
-4354
-3744
-4019
-4615
-4316
-2279
1727
1727
1630
1243
2258
2258
4359
6444
6675
6141
6597
6313
8518
9713
11287
10824
11356
13763
15589
15895
16072
16652
18414
18716
12809
6215
2776
11485
16263
10405
2272
-3322
-1238
-3904
-1372
3614
-8639
-8639
-15230
-8800
-3663
-5499
-5738
-6323
-5768
-7538
-6583
-2331
-1893
-1524
1563
1563
1824
-1233
-1083
1235
6009
7656
6058
3483
1554
3248
5517
8541
8155
3673
-1589
-1589
1809
3181
2404
-1656
-1656
-2412
-3300
-2114
-1204
-1764
-1708
-978
2034
2034
3775
4839
3792
3249
3605
6005
8611
10155
9693
8522
7725
10048
12751
15142
14950
15334
15780
17232
17589
18989
19458
21129
19454
10780
4726
5310
17517
17092
6407
-2477
-4021
-3898
-3898
3502
3502
-3996
-13404
-16139
-6478
-4854
-8312
-10056
-9609
-9568
-11744
-9867
-6529
-5710
-6400
-6198
-6103
-5803
-7262
-5254
-1968
-4124
-4124
-3915
-3238
-1200
-4536
-4536
-6421
-5693
-3485
-3303
-5449
-6564
-7990
-8723
-8941
-8126
-7385
-8356
-9155
-9436
-9559
-8927
-8273
-6531
-5279
-5210
-5677
-6478
-5002
-2942
-955
908
908
3891
4993
6527
5256
5930
7133
8521
11239
10472
11473
11533
14579
7410
-3879
-3879
7795
15690
5931
-4933
-10168
-6078
-6774
-4995
1070
-4621
-15435
-23187
-14796
-7226
-9779
-13645
-15662
-15120
-16774
-15428
-11029
-8520
-9328
-10634
-8875
-7934
-9194
-10024
-5819
-4686
-4686
-7302
-5822
-3583
-1367
-5043
-5043
-9382
-8081
-3511
-2037
-5081
-8258
-9665
-10033
-9704
-8392
-7115
-7935
-9318
-10094
-9001
-8008
-7447
-6464
-4691
-3345
-3936
-4759
-4103
-1072
2303
2303
2028
1117
1122
1122
5721
7257
7906
6290
6752
8982
10365
12229
12958
13540
13885
16919
11424
3138
-1847
8846
20285
10832
-1965
-8941
-4102
-3296
-3999
2472
-1508
-13272
-22261
-15603
-4756
-7151
-12295
-14627
-13804
-14570
-14263
-9817
-6358
-7749
-8820
-10064
-8565
-8470
-9164
-4929
-2126
-5807
-5807
-9033
-6232
-2939
-4230
-4230
-8181
-6095
-2105
-2746
-2746
-6739
-8187
-7985
-6587
-5734
-5147
-6174
-8256
-9206
-8109
-6781
-5570
-5727
-4496
-3897
-4680
-4909
-3702
1761
1761
2293
1221
1813
1813
4162
7258
9084
8956
8661
9132
11886
13863
15734
15224
17378
11576
3119
10615
10615
21198
11144
-2365
-7525
-2567
-2695
-2695
1325
-1728
-12187
-19451
-14024
-4337
-6883
-12921
-14834
-13186
-13392
-14662
-11767
-7249
-7663
-10132
-10897
-8476
-7399
-10250
-6376
-2551
-5419
-5419
-8711
-4318
-1201
1761
-2535
-2535
-6543
-4057
2140
2140
-1482
-5526
-6098
-5893
-5229
-5026
-4526
-4988
-7217
-8458
-7258
-5679
-4685
-4356
-3227
-2952
-4359
-4639
-2382
2785
2785
2690
2459
2538
2766
5706
7913
10262
9228
8987
9697
12376
14518
16138
15646
19261
17871
7436
1312
6123
23665
19137
2637
-6004
-2787
3395
3091
3091
4383
-7248
-18164
-17309
-3596
-2202
-10613
-14597
-13814
-13303
-14905
-12712
-6965
-7015
-10165
-11376
-9351
-6044
-5850
-4707
-1938
-1695
-2790
-4645
-1176
1915
949
1731
1731
-2727
-2727
-2447
-2447
-3529
-3742
-5486
-5260
-3645
-2773
-4429
-7432
-7140
-5345
-3865
-3132
-3140
-2521
-3623
-3626
-1739
1077
2418
1308
1200
2936
4141
4815
6565
8302
9464
8549
9557
11677
13001
14031
14770
15746
17776
20092
9645
1362
2698
20855
24468
5586
-6872
-5173
3699
2195
1882
5577
-3901
-17350
-18501
-4506
3082
-7737
-15719
-14363
-11798
-12416
-12326
-6601
-5492
-10751
-12540
-9651
-5761
-5627
-6502
-2686
-1798
-3834
-6390
-4077
2163
1425
-963
-1313
-2122
-2122
2280
2280
-929
-3969
-4608
-1887
-2796
-4652
-3697
-3526
-4113
-6528
-6367
-4633
-4685
-4537
-4680
-3169
-3556
-4368
-3073
1534
1534
1112
1591
1591
3202
4559
6469
7417
8198
8278
10178
11705
14088
13989
15016
14861
19522
15792
4503
11290
11290
26600
15812
-1982
-6669
1511
5581
2487
4875
2895
-11176
-19212
-10754
3065
-12758
-12758
-16007
-12615
-11563
-12132
-9045
-4892
-7993
-12565
-10997
-6787
-5117
-6478
-3912
-1933
-1933
-5348
-5410
1153
4322
2539
1176
1176
4553
2889
-1699
-4059
-1650
-1618
-1618
-2853
-2767
-2975
-4509
-4848
-2712
-2521
-3713
-4131
-2673
-1969
-2552
-2675
2360
2360
2238
1855
2474
4393
4875
6751
8327
9347
9377
9551
12450
14010
14832
15377
15752
19407
21133
9864
2418
5701
24681
25008
5598
-5143
-1240
6717
5058
5001
8122
-3545
-16814
-15364
5269
5269
-7576
-15173
-12879
-10505
-10718
-9754
-4061
-4291
-10800
-11232
-7753
-3863
-4814
-4768
-4576
-4576
-7682
-2260
5279
4186
-2463
-2463
-1777
5004
5004
4461
-1658
-5964
-3112
2251
1718
-1817
-3896
-4366
-4299
-3900
-2352
-1704
-3900
-5356
-3920
-1454
-1389
-3387
-2489
1480
1480
1498
1025
3336
4132
5616
7356
8666
8379
8391
9685
13190
14363
14798
14156
18423
18128
6869
1981
9786
27128
20250
-5297
-5297
2299
7707
3758
5119
6787
-6377
-17144
-11729
3411
3298
-10421
-15185
-11809
-10603
-12170
-10043
-4085
-5796
-12756
-12270
-7535
-4240
-6404
-5998
-1220
-1562
-5385
-7663
-1563
4075
2800
-1246
-1246
-1342
-1342
4523
4523
4389
-1647
-6415
-4079
-2930
-2930
-4191
-4751
-5827
-5644
-3468
-2398
-4428
-6020
-4614
-2117
-1568
-3239
-1606
2027
2027
1774
2077
3612
3633
5285
6978
9010
8426
7617
8927
12467
13677
14243
13139
17599
16930
5354
8619
8619
27020
20459
-5854
-5854
1823
8064
3585
5003
7768
-5872
-18149
-13053
3840
4945
-9922
-14958
-11093
-10103
-12137
-9905
-2976
-4998
-12845
-12167
-7079
-3099
-5386
-4587
-3924
-3924
-7452
-2777
3402
4345
1937
-1875
-1875
-3504
-1806
5012
7070
-6432
-6432
-6272
-1232
1519
-1572
-1572
-4728
-6796
-6277
-2100
-1583
-1583
-4988
-5166
-2371
-991
-1379
-1158
963
963
1732
2630
4138
4218
4398
6883
9157
8952
8425
8967
12303
14729
15212
15913
16931
19851
9188
2772
7033
23897
25746
5520
-4938
8356
8356
6921
4747
8478
-1237
-15692
-15437
8184
8184
-4971
-14981
-12165
-9165
-10371
-9418
-3058
-2353
-11288
-12880
-7138
-2076
-2718
-4424
1727
1727
-1455
-5952
-2534
5114
6413
3217
-1064
-1064
-942
5235
8917
3315
-4673
-5481
2707
2707
1486
-3139
-3139
-5788
-6230
-2832
965
-4716
-4716
-6239
-3191
-1623
-1623
998
998
1353
1353
4724
5381
5464
6317
8565
10451
9026
10116
11943
14391
14923
14951
16225
20433
14190
4238
3621
16645
28242
12450
-2859
-3172
5987
8549
4077
8435
4576
-11481
-17735
-5509
9395
1397
-13659
-14062
-9779
-9400
-9941
-4982
-1080
-9657
-14983
-9834
-3213
-1746
-5769
-3392
-2043
-2043
-4601
-4309
3550
5389
1267
-1458
-1458
1504
6817
3601
-2995
-5440
-1051
1862
-1740
-1740
-2796
-4392
-6114
-5032
-988
-1249
-4634
-5925
-4141
-1558
-2332
-2140
3034
3034
4441
3624
3922
5784
7967
7066
6887
9558
11321
12128
10657
13017
13440
17593
12958
2835
2482
11805
25731
12964
-3091
-4280
3745
7481
2784
6664
5103
-10897
-18038
-6289
8546
2044
-14101
-14673
-9260
-10115
-9579
-5094
-999
-9463
-15798
-8831
-2823
-1893
-6189
-4112
-2586
-2586
-3636
-4032
1538
2583
-3243
-3243
4882
4882
3203
-2450
-4910
-2493
-1463
-1463
-945
-1158
-4628
-7278
-6067
-1392
-4279
-4279
-5806
-4982
-3049
-2889
-2123
-1225
-1225
2529
2529
4077
2796
4002
5713
7220
6716
7429
9483
11432
11432
12330
13529
15291
15929
5451
2433
7728
21574
19265
-5314
-5314
7241
7241
4991
3592
5427
-6190
-17709
-12328
3701
5564
-8866
-16731
-11802
-9889
-9996
-6753
-2604
-5969
-15526
-12662
-5075
-1636
-4518
-6373
-3071
-3783
-5458
-3988
903
2879
-889
-2341
933
933
2919
2919
2871
-1903
-3717
-927
1226
-2938
-2938
-2087
-2728
-4747
-5006
-2449
-1368
-4281
-5978
-4349
-2522
-2850
-3127
-1631
-1999
-1999
-1383
1134
2879
2716
2076
3633
5276
4995
6461
7657
9270
8336
8618
10608
12206
12896
14303
14924
4525
6223
6223
21794
17669
-5706
-5706
7064
7064
3563
4576
6491
-6102
-17121
-10169
6084
5737
-9255
-15231
-9518
-8344
-8686
-4877
-1314
-6411
-14903
-10436
-2989
-969
-4389
-5377
-1709
-2734
-4210
-2946
3837
3837
-2367
-2367
2751
2751
1507
-4435
-4163
1714
1714
-3852
-3852
-3377
-4504
-4322
-2735
-1528
-2038
-5869
-5689
-2887
-1276
-1348
-2619
-1663
-1308
-1308
2305
2305
3040
2261
1594
4496
4988
6547
6410
7153
8240
8509
9383
11201
11676
14137
13420
3737
1367
6386
20233
15434
-1165
-4934
5730
5730
3535
4661
6869
-6567
-15860
-7261
7038
5956
-8864
-12498
-7890
-7620
-6434
-2562
-6310
-6310
-13237
-7782
-1262
-3600
-3600
-4645
-1978
-2684
-3453
-1571
-3604
-3604
-2513
890
-3065
-3065
-3465
-2829
-2829
-3656
-2643
-2273
-3003
-1887
-3693
-3693
-5698
-3989
-2812
-2812
-3149
-1941
-1014
1589
1589
1891
1891
3785
4368
3704
3467
4388
5287
5938
6917
6665
7102
7083
8586
9100
10357
10307
13154
10441
1392
7969
7969
19047
9953
-3771
-4818
1482
3803
3094
6231
4390
-10430
-14933
-2564
8405
2669
-9897
-10317
-7399
-7505
-4411
-8188
-8188
-11655
-4792
-3350
-3350
-2984
-1243
-2661
-2662
1369
1369
-2695
-2695
-1272
-2691
-2691
-3710
-1898
1196
-1317
-5362
-4105
-3165
-2765
-3149
-2152
-2634
-5866
-5884
-2795
-1460
-1460
-4033
-3067
-2075
-1044
1050
1050
2426
2426
3806
3383
2251
2925
4402
4227
5125
5647
6096
6190
5739
7382
8172
7941
8695
9210
12561
5824
1213
1213
11126
16145
3844
-4763
-2927
2133
3943
4674
6837
-1024
-12821
-9288
3923
8610
-8906
-8906
-7286
-5927
-3765
1289
3370
-1830
-9616
-7627
2143
2143
-3170
-3170
-3230
-3203
-3629
-2224
-2046
-2046
-5102
-3910
-2799
-3593
-3722
-2894
-1799
-4721
-6486
-4726
-2399
-1878
-2789
-3094
-3712
-4800
-2620
1246
1246
-2351
-2351
-973
1969
1969
2191
1847
936
1672
1672
3550
3899
3114
2182
2668
3447
3606
3820
3802
4183
4179
4973
5547
5769
5224
6719
8184
10421
8026
967
5759
5759
15081
10502
-3242
-3242
4731
4731
6529
8242
4654
-6193
-8964
9086
9086
5637
-3783
-6846
-5688
-3632
3048
3048
-7375
-7375
-8625
-3137
-3188
-3188
-5152
-5134
-4481
-2577
-1602
-2155
-3949
-4908
-4199
-3784
-4583
-3693
-2548
-3150
-5210
-6348
-3856
-2634
-2227
-2584
-3377
-4603
-4684
-1919
-1993
-1993
-2956
-1046
1509
1509
1453
-1047
-1047
-1271
2604
2604
1975
1266
1266
1601
2299
2092
1656
1286
2529
3582
3575
3402
4024
5496
6329
6810
7252
2128
4026
4026
11060
9338
-2815
-2815
4197
4197
5111
5099
2983
-4678
-7251
6591
6591
3612
-4258
-6710
-5034
-3523
1110
1110
-1630
-7274
-8225
-3413
-1972
-1972
-5115
-5943
-5573
-5158
-4370
-3614
-3970
-5316
-6162
-4908
-4344
-5050
-5249
-4320
-3172
-4411
-5339
-4272
-3144
-2299
-2307
-2095
-2838
-3420
-1874
-936
-936
-2112
-1220
1049
1049
1377
-1010
-1010
-1427
2044
2044
1702
1159
1159
1718
2197
2330
1574
1518
2564
3592
3602
3614
4311
5591
6128
6205
5952
2403
2163
4791
9274
6708
-1579
-1579
1302
4513
4798
4194
1429
-3962
-4287
1617
5505
1905
-3993
-5472
-3897
-2093
-2905
-2905
-6572
-6348
-2649
-1134
-1928
-4241
-5691
-5550
-4709
-3325
-3105
-3883
-5066
-5596
-4786
-4202
-3865
-3556
-3145
-3523
-4654
-4161
-2540
-1417
-1335
-2256
-2445
-2691
-1706
1027
1027
-1497
-1497
-1186
1690
1690
1811
1137
2419
2419
2957
2071
1769
1769
2754
3149
2688
2128
1880
2461
3526
4258
4330
4535
5013
5478
6346
6666
6267
4244
4375
6362
7461
5126
1896
2320
3969
4807
4284
3356
1343
3320
3320
3201
-2414
-2414
-2049
-1074
-988
-988
-3439
-4457
-3030
-1096
-1755
-3482
-4260
-4189
-3664
-3611
-2928
-4046
-4498
-4602
-3456
-2685
-3648
-3495
-2923
-1948
-2188
-2609
-2149
-1673
-1113
-1346
-1346
899
899
1251
1354
1354
1734
2044
1764
1378
1156
2069
3045
2821
2132
2037
2765
3369
2870
2999
3016
3315
3696
4031
4520
4012
4503
4943
5888
6236
5413
4380
4053
4955
5654
4735
3314
2593
2347
2844
3491
3428
2030
1078
1078
1360
-1675
-1675
-1867
-1429
-1265
-1909
-3082
-3790
-3810
-3506
-3569
-4221
-5094
-5137
-4868
-4390
-5120
-5704
-5448
-4976
-4493
-4752
-4855
-4649
-3972
-3267
-3022
-3227
-3392
-3050
-2151
-1213
-1141
-1575
-1703
1319
1319
1727
1801
1609
1451
1707
2037
2149
2110
2194
1986
1847
1768
2115
2482
2674
2426
2083
1991
2745
3505
4072
3876
3521
3277
3456
3931
4093
4131
3431
2735
2534
2950
3037
3011
2674
1752
992
885
1483
1223
-1038
-1038
-1097
-1551
-2095
-2593
-3102
-3634
-3703
-3577
-3703
-4496
-5180
-5078
-4794
-4416
-4331
-4858
-5182
-4873
-3805
-3054
-3012
-3479
-3581
-2824
-2038
-1452
-1513
-1608
-1322
1242
1242
1645
1606
1631
1995
2606
2744
2556
2351
2625
3066
3243
2876
2380
2296
2592
3192
3431
3083
2647
2625
3108
3523
3875
3502
3298
3084
3731
3992
4106
3887
3550
3116
2784
3196
3352
3198
2292
2317
2149
2046
1652
1379
1197
-1224
-1224
-1672
-2128
-2597
-2818
-3237
-3456
-4021
-4286
-4318
-4111
-4195
-4538
-4609
-4469
-4117
-4101
-4347
-4009
-3695
-3513
-3107
-2770
-2645
-2575
-2240
-1722
-1180
-1076
-1111
956
956
1242
1630
1855
1862
1780
1817
2150
2495
2327
1793
1699
1754
1924
1982
1984
1752
1579
1690
1920
2330
2309
1972
1831
1930
2375
2664
2916
2985
2775
2272
2352
2852
3052
2444
1773
1608
1642
1758
1671
1189
-897
-897
-1481
-1649
-1721
-2079
-2230
-2812
-3062
-3385
-3377
-3710
-4060
-4175
-4225
-4195
-4229
-4498
-4628
-4409
-4151
-3852
-3928
-3995
-3870
-3345
-2829
-2472
-2293
-2279
-1967
-1543
-1102
899
899
931
908
908
1059
1245
1069
1056
1056
1000
917
1114
1114
1273
1026
1183
1183
1433
1420
1514
1627
1683
1510
1888
1824
1979
1599
1486
1414
1269
1157
929
1033
921
-900
-900
-1275
-1334
-1661
-1911
-2414
-2741
-2915
-3262
-3416
-3460
-3652
-3835
-3927
-3916
-3904
-3944
-3588
-3250
-3147
-3235
-3271
-2971
-2518
-1907
-1757
-1882
-1962
-1682
-1041
925
925
886
905
905
996
1047
1047
1379
1397
1207
1372
1520
1746
1803
1754
1636
1538
1465
1288
1252
1044
-1169
-1169
-1503
-1675
-1794
-1849
-1965
-2191
-2650
-2622
-2656
-2597
-2667
-3011
-3061
-2903
-2763
-2521
-2332
-2384
-2535
-2448
-2206
-2073
-2008
-1860
-1643
-1567
-1461
-1168
-956
1007
1007
1035
-1221
-1221
-1506
-1469
-1266
-1293
-1523
-1733
-1762
-1563
-1349
-1365
-1320
-1214
-1106
904
904
930
930
1042
975
1157
1268
1247
1274
1368
1546
1544
1447
1550
1674
1591
1497
1570
1660
1678
1573
1483
1443
1361
1225
1222
1102
930
926
1023
1023
1091
1069
984
1078
1300
1426
1307
1073
1056
1106
1188
1202
1065
885
891
1052
1052
915
915
1012
979
996
922
922
933
947
947
1023
977
969
899
-938
-938
-1068
-959
-940
-1019
-928
-928
887
887
915
915
893
898
886
886
896
886
886
907
1032
1032
987
912
910
992
1093
1099
1022
1023
1185
1148
1145
1196
1130
917
934
1038
1068
1008
953
903
911
911
905
892
897
954
940
942
909
909
890
