770
770
808
833
821
803
803
858
916
922
865
769
769
831
919
970
988
923
791
791
892
955
1017
1041
1039
898
-771
-771
797
797
873
961
1030
1104
1139
1137
972
759
759
759
-819
-819
-841
-755
758
758
866
969
1064
1169
1226
1271
1219
976
764
764
856
-893
-893
-988
-1105
-1171
-988
-772
772
772
864
1053
1205
1391
1586
1891
2156
2371
2596
2747
2770
2664
1735
937
-1183
-1183
-1962
-2946
-3074
-3009
-2587
-1911
-1261
883
883
1346
1863
1833
1701
1380
-1077
-1077
-1297
-1491
-1554
-1459
-1135
769
769
1273
1604
1752
1551
1018
-1214
-1214
-1492
-1443
-1324
-1066
-851
-851
-963
-1121
-1000
-879
816
816
899
1127
1305
1454
1628
1737
1965
2114
2391
2513
2882
2791
2897
2055
756
-1768
-1768
-2370
-3454
-3813
-3387
-2748
-1652
1990
1990
2486
2640
2668
1962
1498
-775
-775
-1215
-1835
-1919
-1568
-1262
944
944
1707
2035
2110
1884
1321
-1120
-1120
-1619
-2015
-1978
-1692
-1016
-1025
-1025
-1253
-1357
-1233
-1036
-815
-815
-761
-882
-862
856
856
943
1124
1314
1566
1776
2083
2452
2755
3100
3330
3229
3107
1666
-1283
-1283
-2760
-3234
-4266
-4134
-3290
-2206
1807
1807
3009
2894
2783
2342
1514
934
-901
-901
-1367
-1913
-2240
-2403
-1757
-804
950
950
1665
2278
2454
2096
1489
-1147
-1147
-1734
-1866
-1765
-1508
-1087
-1193
-1193
-1404
-1582
-1590
-1355
-976
-773
-773
764
764
871
1103
1235
1676
1857
2227
2772
2934
3490
3415
3348
3047
1137
-2184
-2184
-3560
-3742
-4652
-3992
-2915
-1569
1269
1269
2560
3303
2733
2455
1719
1008
-1446
-1446
-1887
-2349
-2501
-2337
-1880
1588
1588
2354
2523
2464
1903
1129
-1358
-1358
-1702
-1686
-1326
-935
765
765
925
-1299
-1299
-1837
-2020
-1935
-1502
-1031
-762
-762
-811
-888
-845
-785
756
756
753
931
931
1170
1545
1771
2302
2498
2850
3122
3103
3560
3047
2989
1224
-887
-2093
-3706
-3816
-4310
-4007
-2769
-1532
1533
1533
2412
3201
2606
2198
1892
1046
886
-1299
-1299
-2233
-2531
-2545
-2518
-1956
-1235
1359
1359
2145
2633
2466
1974
1206
-774
-774
-1302
-1422
-1274
-831
-805
-805
-896
-1002
-838
1218
1218
1354
1113
-830
-830
-1362
-1829
-2056
-2000
-1684
-1219
-843
-843
-1089
-1133
-1072
-866
763
763
1003
1003
1118
1268
1705
2027
2450
2919
3069
3359
3544
3757
3536
2805
-1677
-1677
-3368
-4311
-4342
-4700
-3497
-2454
1016
1016
2245
3122
2941
2101
1936
1353
1002
816
774
774
833
833
-1339
-1339
-2552
-3175
-3029
-2864
-2189
-1209
1305
1305
2294
2926
2830
1976
1108
-940
-940
-976
-852
-851
-851
-1357
-1741
-1655
-1257
1260
1260
1648
1675
1337
-1232
-1232
-1705
-1857
-1905
-1770
-1537
-1116
-849
-804
-804
-1080
-1303
-1394
-1262
-865
770
770
774
994
1161
1372
1826
2090
2500
2813
3018
3324
3470
3972
3709
3195
-1786
-1786
-3412
-4562
-4506
-4754
-3707
-2478
-853
965
2356
3192
2949
1945
1789
1452
1122
1027
788
1076
1015
755
-1729
-1729
-3110
-3669
-3271
-2826
-2023
-834
1652
1652
2470
2930
2819
1824
765
-924
-924
-1393
-1963
-2352
-2080
-1295
1278
1278
1772
1918
1656
1174
-1588
-1588
-1931
-1918
-1762
-1594
-1370
-1114
-1037
-769
-1109
-1109
-1265
-1427
-1409
-1216
-760
785
785
996
1120
1336
1524
1842
2176
2858
3040
3574
3436
3586
3848
3501
2325
-997
-2613
-4397
-4726
-4695
-4229
-2927
-1604
1470
1470
2716
3134
2393
1499
1696
1313
1449
1303
1449
1459
826
-1273
-1273
-2817
-3913
-3974
-3187
-2503
-1184
1168
1168
1936
2369
2723
2231
1144
-823
-823
-1187
-1602
-2056
-2500
-2535
-1840
-831
1325
1325
1927
2089
1733
1119
-1275
-1275
-1822
-1895
-1706
-1527
-1259
-1092
-1133
-1174
-1004
-1170
-1170
-1441
-1435
-1329
-1078
-794
854
854
939
913
1030
1321
1421
1854
2151
2632
2985
3262
3767
3620
4141
3736
2974
-2352
-2352
-4021
-5041
-4898
-4625
-3456
-2115
827
827
2309
2762
2507
1609
1482
1558
1539
1854
1932
2119
1592
805
-1147
-1147
-2681
-3885
-4306
-3949
-3119
-1814
889
889
1679
2092
2415
2191
1436
-1162
-1162
-1796
-2441
-2869
-2877
-2343
-1470
929
929
1817
2103
1946
1386
-838
-838
-1423
-1692
-1664
-1576
-1370
-1196
-1256
-1441
-1426
-1196
-955
-996
-996
-1381
-1584
-1548
-1232
-826
820
820
950
1076
1273
1336
1508
1776
2071
2516
2915
3269
3629
3774
4200
4144
3471
-1897
-1897
-4077
-5076
-4924
-4819
-3542
-2550
-1231
1864
1864
2450
2278
1526
1268
1292
1562
2116
2302
2671
2206
1644
-800
-800
-2135
-3456
-4185
-4217
-3770
-2609
-1056
1277
1277
1635
1804
1695
1242
949
846
846
759
-1469
-1469
-2363
-2908
-3054
-2717
-2125
-1124
1059
1059
1721
1856
1525
828
-1092
-1092
-1274
-1201
-1129
-1086
-1059
-1103
-1260
-1490
-1707
-1595
-1324
885
885
781
-993
-993
-1267
-1362
-1141
-835
961
961
1211
1242
1340
1310
1495
1816
2118
2896
3046
3640
3578
3926
4066
4094
2549
-2554
-2554
-4573
-4434
-4775
-3603
-3122
-2344
-1173
1144
1144
1485
1091
874
874
1782
1949
2693
2971
2953
2643
1113
-1574
-1574
-2643
-3113
-3435
-3399
-2918
-2139
771
771
1026
1026
1192
1189
-966
-966
-1688
-1992
-2070
-1978
-1485
-977
-894
-894
-1268
-1421
-1463
-1271
-941
844
844
1025
1245
1466
1720
1853
2043
2346
2599
2935
2966
2314
1303
-1177
-1177
-1128
-1027
-1153
-1198
-1376
-1004
-857
-857
-826
1030
1030
1025
979
761
805
805
984
1059
1133
1061
762
800
800
893
933
800
800
976
1056
1292
1458
1834
2171
2547
2283
1745
834
-811
-811
-1103
-1116
-1127
-946
-1044
-1044
-1425
-1532
-1378
-1187
1044
1044
1363
1654
1435
1176
-819
-819
-1083
-1102
-1042
-780
-780
820
820
1075
1270
1428
1693
1780
2141
2487
2948
3441
3871
4186
3123
1668
-1785
-1785
-2535
-3034
-2846
-2957
-2531
-2233
-1426
-862
-862
-1289
-1222
857
857
1558
2287
2692
2805
2760
2019
1176
-1297
-1297
-1637
-1552
-1141
-875
-875
-1275
-1510
-1677
-1730
-1399
-903
1164
1164
1321
1122
806
-828
-828
-1107
-1401
-1564
-1501
-1257
-853
-876
-876
-911
-818
803
803
844
877
877
1085
1260
1607
2045
2564
3004
3457
3782
4206
3520
2082
-1520
-1520
-2163
-2823
-2667
-2790
-2513
-2219
-1745
-955
-955
-1468
-1521
-997
1289
1289
1871
2345
2470
2684
2251
1541
-854
-854
-1124
-1017
-886
-886
-1275
-1534
-1840
-1840
-1628
-1055
841
841
874
-909
-909
-1200
-1359
-1267
-1088
821
821
910
902
782
756
771
771
802
884
944
1081
1282
1664
2018
2432
2815
3316
3443
2618
1352
-1085
-1085
-1710
-1770
-1714
-1787
-1609
-1614
-970
-1126
-1126
-1568
-1594
-1227
1345
1345
1541
1730
1733
1472
1117
-773
-773
-1157
-1476
-1666
-1689
-1342
-847
-864
-864
-915
-819
800
800
898
837
815
845
910
931
1008
1120
1213
1306
1463
1872
2188
2681
3115
3492
3041
1919
-1313
-1313
-1618
-1490
-1529
-1338
-1373
-1029
-902
-902
-1347
-1579
-1446
-1126
1075
1075
1581
1790
1829
1523
1290
855
-1074
-1074
-1467
-1696
-1797
-1521
-1102
-942
-942
-1097
-1083
-874
805
805
996
1115
1273
1371
1513
1749
1855
2080
2202
2630
3017
3538
4091
4612
4040
2345
-1748
-1748
-2616
-3427
-3359
-3350
-2934
-2539
-1956
-976
-1221
-1221
-1587
-1283
-829
1394
1394
2488
3309
3362
3367
2909
2232
1245
-818
-818
-1642
-1873
-1609
-949
-990
-990
-1379
-1732
-1874
-2081
-2005
-1668
-985
790
790
1448
1638
1529
1162
-768
-768
-803
-804
-804
-958
-1187
-1482
-1806
-1961
-1797
-1448
-791
-798
-798
-844
-775
762
762
1121
1469
1552
1509
1529
1624
1900
2159
2549
2936
3505
4101
4936
5404
5892
4924
2234
-3652
-3652
-4528
-5669
-5548
-5000
-4111
-2715
-1803
816
816
1542
1542
3189
4457
5506
4988
4154
2752
1169
-1865
-1865
-2935
-3860
-4099
-3530
-2346
-1331
-955
-955
-1130
-1281
-984
-854
1367
1367
2419
2857
3015
2524
1689
-1579
-1579
-2366
-2562
-2376
-1917
-1556
-1339
-1537
-1640
-1566
-1548
-1227
-965
968
968
-1168
-1168
-1656
-2023
-1930
-1656
-1201
880
880
999
1176
1222
1303
1439
1551
1772
2082
2543
3153
3817
4427
5192
5677
6101
5885
2842
-4146
-4146
-5502
-6508
-7020
-5768
-5125
-2809
-1757
1062
1062
1342
1333
847
809
993
1446
1991
3400
4590
5807
5311
3753
1829
-2102
-2102
-3540
-4389
-4863
-4990
-4307
-2783
-1309
932
932
1860
2478
3142
3205
2578
1709
-806
-806
-2010
-3333
-4003
-4073
-3582
-2450
-1494
-1211
-1211
-1706
-2293
-2521
-2603
-2228
-1339
1308
1308
1741
1740
1445
996
808
808
1588
2277
3202
3961
4585
5177
5239
5933
5582
6090
4070
-2658
-2658
-6033
-6123
-7759
-6853
-6020
-4341
-1914
-1070
825
1419
2022
2036
2123
2726
3147
3106
3273
4029
4495
4611
3002
1061
-1169
-3318
-4474
-5338
-5418
-5039
-4492
-3046
-1341
1478
1478
1798
1939
1961
1670
1781
1655
1866
2168
2027
1924
1138
-1340
-1340
-2796
-3724
-4389
-4691
-4144
-3320
-1916
1006
1006
2039
1997
1640
943
-976
-976
-1218
-1520
-1857
-2001
-2275
-2471
-2361
-2198
-1667
-876
946
946
1599
1980
1978
1514
841
-954
-954
-1316
-1421
-840
845
845
1752
2591
3705
4455
5134
5719
5683
6069
5711
5855
5326
1004
-2084
-6394
-6944
-8129
-8836
-7470
-6429
-2637
-891
1172
2868
3412
3759
3388
3832
4274
3990
3204
3280
3433
3627
2391
-2089
-2089
-4470
-6058
-6924
-6876
-5759
-4558
-2929
1531
1531
3397
4267
4146
3923
3013
2366
1774
1196
1128
-1188
-1188
-2669
-4225
-5419
-5720
-5424
-4320
-2376
1707
1707
3303
4549
4401
3049
1359
-2309
-2309
-3334
-3580
-3562
-3244
-2765
-2078
-1706
-1204
1102
1102
1914
2223
2140
1615
821
-1273
-1273
-2153
-2430
-2120
-1150
1692
1692
3102
4167
4983
5447
5521
5762
5467
5876
5475
6076
3965
-4130
-4130
-7309
-7567
-9380
-9258
-8445
-5829
-2018
3329
3329
4824
5586
5503
5268
5238
4527
3154
2085
1997
2358
1915
-1967
-1967
-3754
-5290
-6592
-7061
-6603
-5372
-3662
-1217
1660
4080
5613
5956
5529
4650
3289
1786
-802
-802
-1031
-1166
-1724
-2780
-4015
-4904
-5220
-4985
-4194
-2530
2170
2170
4133
5140
5133
3747
1460
-2973
-2973
-4412
-5111
-4888
-4057
-2899
-1616
837
837
1079
1427
1802
1420
949
-1332
-1332
-2169
-2282
-1741
2051
2051
3468
4652
5607
5776
5807
5609
5534
5806
5369
5854
1821
-2694
-6354
-8002
-8523
-9904
-9582
-8195
-4121
3015
3015
5035
6236
6762
6499
6165
4991
3425
1946
1037
1221
1285
-1648
-1648
-3544
-4977
-6149
-6794
-6467
-6175
-4807
-2152
1296
4505
6158
6721
6689
5988
4533
2305
-1146
-1146
-1921
-2358
-2364
-2487
-2697
-3503
-4287
-4338
-4114
-3829
-3058
-1046
1713
3949
5198
5526
4415
2503
-2495
-2495
-4702
-6101
-6159
-5389
-3941
-2181
1470
1470
1938
2045
1654
1235
963
-982
-982
-1780
-2307
-2120
-1508
2040
2040
3268
4472
5357
5706
5421
5548
5210
5590
5730
5816
4969
-4528
-4528
-7476
-8731
-9971
-10733
-10090
-6664
-2345
1796
5156
6957
8855
8305
7181
5707
3732
2237
-1654
-1654
-2951
-4290
-4817
-5841
-6493
-6480
-5581
-2725
3198
3198
5860
7316
7885
7439
5586
3484
863
-1491
-2838
-4011
-3810
-3573
-3585
-3496
-3622
-3348
-3125
-3043
-2350
-984
1219
3469
4461
4971
4607
2859
-2341
-2341
-4280
-5917
-6619
-5782
-4252
-2391
1022
1022
2072
2372
2407
1805
762
-1164
-1164
-1489
-1676
-1870
-1548
1167
1167
2565
3235
4584
5016
5827
5622
5189
5447
5958
5912
5863
4478
-1536
-5129
-8181
-9387
-10597
-11161
-9809
-6036
-1840
2886
6157
8421
9970
8684
7338
5135
3352
1701
-1244
-1244
-999
-1578
-2227
-3150
-3901
-4490
-5858
-6450
-6182
-4476
-1638
3599
3599
6439
8013
8618
7435
5504
3270
-2317
-2317
-3896
-4823
-4782
-4824
-4375
-3488
-3077
-2561
-2304
-1561
-793
2093
2093
3664
4300
4246
3451
1703
-869
-3112
-4879
-6335
-6399
-5398
-3777
-1869
2130
2130
2732
3012
2906
2029
851
-1466
-1466
-1999
-1977
-2002
-1599
-803
1025
1025
2153
3267
4057
4407
5391
5429
5431
5427
6125
6331
6438
5462
-4890
-4890
-7447
-9887
-10653
-11948
-10718
-6657
-3217
2388
5801
8946
10662
9300
7887
5847
3928
1751
-1052
-1957
-1615
-2213
-2389
-2835
-3637
-4180
-5772
-6363
-5681
-4483
-2170
2894
2894
6268
8053
8987
8162
6128
3859
-1984
-1984
-3742
-5384
-5838
-5949
-5205
-3758
-3159
-2403
-1653
762
762
2332
3640
3848
3667
2972
1843
-2759
-2759
-4493
-5912
-6421
-5830
-4528
-2674
1444
1444
2610
3192
3583
2914
1581
-1539
-1539
-2351
-2477
-2294
-1831
-909
1409
1409
2627
3459
4426
4658
4940
5375
5110
5488
6190
6253
6768
4937
-4684
-4684
-7570
-9977
-10688
-12233
-10604
-6890
-3187
2728
6119
9803
10934
9386
8160
6194
4255
1578
-1734
-2609
-2575
-2587
-2239
-2906
-3658
-4230
-5488
-5329
-4819
-4060
-2359
2970
2970
6352
8212
9009
7754
6062
4101
981
-1517
-3931
-5933
-6555
-6716
-5446
-3963
-3366
-2324
-1365
1326
1326
1781
3028
3529
3463
3131
2324
1195
-1235
-3407
-4791
-5795
-5902
-5301
-4210
-2527
1620
1620
2885
3480
3580
2756
1594
-1643
-1643
-2598
-2862
-2474
-1722
1912
1912
3008
3981
4884
5157
5462
5558
5151
5476
6046
6026
6442
1781
-3559
-5431
-8973
-9608
-11075
-11950
-8185
-5781
4472
4472
7745
10973
9907
8882
7971
5697
3379
-2882
-2882
-2874
-3251
-2917
-2945
-3966
-3835
-4731
-5086
-4179
-4183
-2937
-1560
774
4648
6908
8309
8211
6824
5417
2787
-2576
-2576
-5151
-6677
-6965
-6335
-4892
-3721
-2957
-1602
1569
1569
2114
2331
3249
3230
2714
2191
1313
-2511
-2511
-3978
-4692
-5120
-5076
-4347
-3150
-1403
2002
2002
2832
3087
2893
2104
932
-1080
-1080
-2146
-2678
-2516
-1818
-831
1547
1547
2767
3914
4622
5174
5195
5323
5326
4910
5861
5600
5977
3334
-2786
-4484
-7827
-9348
-10002
-11946
-8802
-6457
-1964
3312
6428
9991
10158
8859
8517
6385
3928
-2591
-2591
-3131
-3417
-3506
-3072
-3897
-3756
-4019
-4563
-3616
-3559
-2942
-1604
3330
3330
5810
7193
7792
6525
5609
3887
1024
-1339
-4149
-6102
-6870
-7114
-5817
-4725
-3812
-2220
1647
1647
2739
3102
3850
3643
2889
1850
-2876
-2876
-4165
-4839
-4965
-4577
-3868
-2540
-1243
1893
1893
2514
2922
2626
2009
963
-865
-865
-1954
-2362
-2377
-1684
1846
1846
2901
3991
4969
5366
5480
5711
5237
5152
5416
5343
4569
-790
-3968
-5958
-8783
-8686
-10764
-9603
-6917
-4211
1086
4509
8054
9800
8761
8567
7466
5182
2632
-887
-2631
-3051
-3599
-3370
-3763
-4073
-3912
-4543
-3895
-3279
-3084
-1885
-775
1729
4603
6166
7289
6837
6036
4592
2352
-2736
-2736
-4891
-6382
-6881
-6420
-5383
-4349
-3233
-1427
2416
2416
3045
3641
3927
3282
2078
787
-2429
-2429
-4053
-4728
-4911
-4460
-3918
-2662
-1481
1477
1477
2124
2522
2375
1955
1127
-1335
-1335
-2077
-1986
-1572
1588
1588
2760
3889
4680
5474
5780
5505
5562
5492
5387
5727
3754
-1754
-3995
-6695
-8475
-8712
-10900
-8664
-6905
-3337
1695
4509
8356
9149
8439
8687
7091
5210
2289
-1123
-2367
-3157
-3483
-3382
-4095
-4006
-4104
-4375
-3403
-3223
-2760
-1765
2119
2119
4367
5921
6830
6203
5734
4209
2292
-2715
-2715
-4737
-6366
-6830
-6374
-5568
-4573
-3402
-1501
816
2417
3317
3885
4081
3357
1935
-926
-926
-2866
-4386
-5031
-4778
-4366
-3513
-2154
-1014
1768
1768
2226
2501
2194
1706
-1537
-1537
-2046
-1966
-1346
880
880
1903
3361
4275
5166
5608
5902
5610
5259
5778
4905
5388
1446
-3482
-4477
-8158
-8121
-9480
-10406
-7258
-5955
-1055
2967
5658
9085
8478
8333
8299
6089
4336
991
-1789
-2435
-3443
-3486
-3585
-4372
-3967
-4335
-4062
-2935
-3015
-2005
-1137
3320
3320
4859
6343
6537
5672
5172
3247
1284
-842
-3538
-5053
-6241
-6392
-5619
-5044
-3956
-2797
-900
1286
2408
3236
3745
3661
2845
1328
-1549
-1549
-3482
-4576
-4988
-4510
-4044
-2983
-1538
1072
1072
2020
2309
2275
1898
1241
-1099
-1099
-1721
-2197
-1743
-954
1205
1205
2336
3685
4472
5306
5837
5744
5396
5675
5485
5360
4472
-1013
-3716
-6075
-8630
-8306
-10675
-9128
-7092
-4488
965
3787
7496
9145
8262
8759
7472
5508
3190
-2133
-2133
-2981
-3685
-3381
-4008
-4223
-3998
-4369
-3383
-2909
-2697
-1590
-873
1494
3839
5301
6593
6060
5624
4617
2480
-1902
-1902
-4232
-5558
-6571
-6154
-5554
-4800
-3534
-2227
1861
1861
2812
3509
3668
3387
2229
783
-2409
-2409
-4056
-4903
-4900
-4353
-3770
-2445
-1100
1646
1646
2319
2578
2326
1768
1148
-1311
-1311
-2065
-2035
-1671
789
789
1773
3208
4364
5199
6013
6259
5982
5933
5771
5427
4503
-3770
-3770
-5751
-8763
-8240
-10317
-9166
-6811
-4749
3465
3465
6892
8894
7969
8505
7478
5494
3519
-1742
-1742
-2542
-3501
-3266
-3865
-4332
-4127
-4582
-3745
-3141
-2987
-1759
-953
1230
3713
5209
6644
6267
5692
4816
2668
882
-1690
-4117
-5500
-6717
-6512
-5857
-5089
-3697
-2435
1927
1927
2887
3871
4013
3717
2566
816
-2593
-2593
-4298
-5233
-5513
-4797
-4013
-2619
-1107
1825
1825
2618
2866
2739
2105
1264
-1323
-1323
-1977
-2071
-1445
1845
1845
3217
4400
5392
6000
6244
6204
6172
5826
5408
2830
-2350
-4395
-7104
-8589
-8926
-10290
-8077
-6344
-2705
1702
4436
7694
8241
7898
8140
6673
4957
2408
-1715
-1715
-2660
-3209
-3284
-4100
-4285
-4452
-4513
-3554
-3284
-2630
-1473
2276
2276
4262
5871
6670
6044
5497
4154
2105
-2510
-2510
-4555
-5824
-6625
-6215
-5612
-4644
-3305
-1860
2195
2195
3117
3854
3901
3528
2157
-879
-879
-3084
-4734
-5470
-5540
-4773
-3875
-2374
-846
2218
2218
2869
3108
2752
2013
1138
-1381
-1381
-1918
-1907
-1277
992
992
2288
3544
4549
5504
6189
6408
6549
6258
5755
5037
-3230
-3230
-5106
-8432
-8448
-10133
-9613
-7078
-5378
2679
2679
5827
8503
7839
8358
7772
5719
4132
904
-1156
-1962
-3288
-3304
-3764
-4457
-4243
-4788
-4202
-3439
-3382
-2079
-1083
804
3340
4888
6548
6609
5952
5338
3240
1287
-1047
-3770
-5228
-6555
-6908
-6268
-5588
-4120
-2681
1599
1599
2877
3880
4296
4108
3301
1523
-1717
-1717
-3886
-5327
-5837
-5508
-4814
-3516
-1846
1273
1273
2595
3296
3240
2763
2069
839
-904
-904
-1635
-2025
-1773
-918
1341
1341
2863
4156
5052
5967
6376
6217
6439
5841
5504
2944
-2271
-3860
-6820
-8405
-8646
-10237
-7875
-6436
-3059
1389
3839
7319
8002
7703
8337
6839
5269
2975
-1233
-1233
-2435
-3304
-3297
-4329
-4541
-4667
-4859
-3719
-3431
-2728
-1383
2269
2269
4281
5862
6872
6220
5694
4402
2308
-2333
-2333
-4504
-5871
-6921
-6681
-6113
-5078
-3619
-2112
2312
2312
3507
4311
4381
4081
2640
845
-2699
-2699
-4512
-5734
-5903
-5391
-4716
-3030
-1402
1826
1826
2882
3469
3189
2802
1952
-1100
-1100
-1742
-1949
-1594
1648
1648
3115
4166
5264
6017
5997
6337
6523
6010
5451
1333
-2683
-4382
-7533
-8228
-9404
-9796
-7539
-6101
-1726
1920
4744
7690
7567
7918
8101
6351
4932
2091
-1306
-1306
-2740
-3073
-3482
-4542
-4543
-5053
-4686
-3646
-3497
-2361
-1233
2964
2964
4648
6325
6778
6068
5557
3871
1906
-2942
-2942
-4819
-6077
-6775
-6384
-5867
-4729
-3336
-1715
766
2395
3463
4217
4214
3711
2188
-1100
-1100
-3273
-4896
-5624
-5556
-5044
-4060
-2432
-970
1955
1955
2818
3024
2708
2324
1370
-983
-983
-1452
-1508
-995
889
889
2041
3382
4325
5188
6122
6187
6478
6519
6158
4363
-805
-3487
-5853
-8416
-8619
-10153
-8844
-6737
-4113
3467
3467
6755
8243
7633
8067
7052
5338
3402
-1164
-1164
-2080
-2959
-2905
-3588
-4103
-4346
-4869
-4174
-3677
-3286
-2031
-948
1223
3692
5479
6968
6826
6156
5079
3015
887
-1634
-4150
-5732
-6739
-6826
-6054
-5121
-3675
-2216
1956
1956
3073
3821
4053
3674
2805
1111
-1971
-1971
-3850
-5043
-5333
-4960
-4346
-3307
-1766
904
904
2223
2729
2709
2364
1820
947
-1231
-1231
-1747
-1348
1434
1434
2592
3852
4642
5425
6097
5864
6164
6091
5668
3667
-1299
-3833
-6353
-8635
-8785
-10079
-8621
-6580
-3695
884
4022
7257
8584
7961
8133
6987
5194
3100
-1592
-1592
-2625
-3460
-3357
-3853
-4258
-4369
-4740
-3958
-3242
-2749
-1458
1572
1572
3917
5557
6955
6644
5820
4655
2530
-1948
-1948
-4348
-5882
-6875
-6836
-5993
-4869
-3332
-1899
2193
2193
3354
4095
4130
3652
2619
780
-2365
-2365
-4162
-5196
-5414
-4891
-4099
-2870
-1331
1174
1174
2241
2651
2607
2219
1630
-772
-772
-1366
-1706
-1436
-779
1412
1412
2673
3913
4798
5537
6009
6290
6183
6118
5925
4226
-3657
-3657
-5966
-8598
-9005
-10034
-9285
-6998
-4319
3719
3719
7084
9039
8494
8421
7436
5535
3506
-1667
-1667
-2815
-3774
-3722
-3971
-4279
-4301
-4727
-4102
-3265
-2721
-1462
1307
1307
3616
5366
6923
6906
6078
4867
2777
-1697
-1697
-4128
-5807
-6960
-6967
-6164
-4980
-3375
-1990
1810
1810
3168
3987
4056
3676
2789
1003
-1949
-1949
-3728
-4925
-5387
-4967
-4157
-3099
-1520
832
832
1981
2541
2627
2215
1732
-1381
-1381
-1658
-1634
-897
1069
1069
2451
3495
4449
5237
5865
6132
6029
6362
5794
5548
2295
-2702
-4886
-7984
-9294
-9753
-10435
-8079
-5853
-1877
2691
5790
9168
9471
8564
8265
6227
4465
1833
-1212
-2472
-3671
-3973
-3683
-4159
-4057
-4430
-4653
-3635
-3035
-1980
2802
2802
4850
6578
7536
6692
5596
3718
1317
-779
-3337
-5349
-6668
-7308
-6677
-5524
-3876
-2222
-889
1032
2768
3805
4258
3918
3293
1824
-1431
-1431
-2939
-4441
-5328
-5355
-4554
-3618
-2093
1523
1523
2335
2712
2479
2062
1343
-1093
-1093
-1444
-1580
-1251
1956
1956
3310
4433
5279
5682
6365
5979
6308
6437
5640
3750
-1549
-4755
-6982
-9394
-9508
-10335
-9151
-6252
-3318
1597
5313
8257
10015
8635
8097
6899
4682
2733
-2327
-2327
-3153
-3955
-3613
-3767
-4175
-4312
-4973
-4521
-3441
-2664
-1117
2084
2084
4680
6428
7801
7560
6028
4387
1715
-2771
-2771
-5180
-6460
-7262
-7010
-5715
-4273
-2417
-1158
2072
2072
3186
3900
3907
3462
2517
-777
-777
-2115
-3719
-4918
-5478
-5035
-4206
-2980
-1332
1058
1058
2068
2584
2712
2354
1776
772
-846
-846
-1322
-1561
-1243
-764
1351
1351
2645
3975
4878
5692
6072
6093
6597
6593
6406
4995
-3890
-3890
-6618
-9198
-9777
-10454
-9646
-7135
-4339
4401
4401
7700
10021
8961
8138
7007
5030
3448
-1553
-1553
-2592
-3586
-3360
-3505
-3943
-4207
-5277
-5300
-4436
-3442
-1647
1777
1777
4356
6350
8073
8175
6820
5046
2208
-2653
-2653
-4843
-6149
-7063
-7015
-5940
-4576
-2716
-1410
1270
1270
2390
3263
3651
3616
3056
1491
-1455
-1455
-2924
-4301
-5241
-5290
-4784
-3869
-2266
1581
1581
2336
2573
2451
2185
1451
-1097
-1097
-1410
-1393
-938
1966
1966
3329
4550
5601
6280
6558
6796
6757
6793
5757
831
-3779
-7009
-9546
-10218
-10533
-9682
-7271
-4413
4002
4002
7404
9880
9026
7499
6210
4624
3461
1258
-755
-1749
-2720
-2856
-3085
-3780
-4284
-5716
-6496
-5883
-4564
-2228
2013
2013
4631
6786
8520
8717
7273
5216
2152
-916
-3215
-4999
-5894
-6468
-6493
-5649
-4449
-2804
-1593
-820
1459
1459
2354
3113
3643
3730
2523
767
-839
-2421
-3943
-5129
-5505
-5186
-4415
-2927
-1258
1465
1465
2241
2472
2294
2141
1624
-815
-815
-1157
-1211
-850
1713
1713
2943
3994
5425
6078
6400
6513
6705
6731
5934
1508
-3312
-6824
-9293
-10211
-10275
-9212
-6908
-4149
3551
3551
6796
9179
8640
6777
5342
4068
3237
1784
-1628
-1628
-2268
-2783
-3644
-4383
-5889
-7122
-6868
-5348
-2712
2363
2363
4918
6929
8301
8386
7013
4955
2017
-1143
-3465
-4834
-5283
-5449
-5468
-5031
-4327
-3321
-2415
-1712
1543
1543
2565
3684
4369
3608
1917
-1706
-1706
-3489
-4836
-5555
-5658
-5141
-3869
-2219
1056
1056
1972
2252
2297
2286
2058
1391
-877
-877
-1182
-1114
1188
1188
1951
3149
4647
5697
6587
6825
7087
6835
6429
2694
-2316
-6420
-9005
-10409
-10409
-9330
-6975
-4087
-858
2659
5354
7845
7936
6278
4552
3606
3116
2596
1658
1063
-877
-877
-2059
-3622
-4758
-6129
-7624
-7971
-6606
-3758
2410
2410
5010
6967
7956
7876
6429
4532
2220
-2736
-2736
-3987
-4157
-3873
-3915
-4086
-4253
-4281
-4034
-3678
-2597
-910
769
2258
3726
4800
4619
3021
857
-1619
-3862
-5192
-5649
-5296
-4445
-3184
-1921
-842
1240
1240
1441
1476
1473
1613
1677
1497
1184
1025
1025
2276
3557
4572
6127
6888
7565
7502
7269
3909
-1641
-6425
-9243
-10232
-9720
-8296
-6341
-3328
2356
2356
4049
6073
6220
4589
2617
2104
2634
3600
3784
3454
2566
989
-934
-3492
-5439
-6831
-8147
-8737
-7561
-4443
2590
2590
4867
6282
6627
6255
4873
3327
2009
-766
-766
-1769
-1868
-1502
-1726
-2757
-4159
-5481
-6156
-6108
-4984
-2759
2153
2153
3757
4862
4919
3636
1505
-930
-3292
-4703
-4924
-4364
-3609
-2613
-1849
-1609
-1410
-852
1004
1004
1765
2339
2640
2695
2182
1081
1644
1644
3302
4378
5829
6668
7735
7761
7508
2880
-2805
-8011
-10149
-10399
-8911
-6315
-3799
-1252
2299
2299
2947
4457
3979
2663
1234
1234
2778
4829
5846
6018
4474
1717
-1596
-4885
-6858
-7751
-7959
-7898
-6381
-3320
2887
2887
4521
4980
4406
3367
2272
1844
2037
2443
2224
1417
-1199
-1199
-2909
-4947
-6625
-7505
-7190
-5428
-2676
2703
2703
3836
3747
2914
1796
-1955
-1955
-2686
-2792
-2602
-2454
-2252
-2361
-2811
-3148
-2882
-1882
1429
1429
2849
3355
3463
3111
2289
1230
1696
1696
3111
4580
6100
6896
7349
7066
6105
1377
-3815
-8507
-9725
-9429
-7201
-4531
-1963
871
871
1136
776
1552
1632
1460
796
2048
4022
6243
7154
6977
4781
1429
-2384
-5676
-7442
-7458
-6410
-5357
-4055
-2309
1535
1535
1760
1571
1271
1443
2182
3379
4574
4983
4028
2135
-2212
-2212
-4085
-5478
-6081
-6143
-5478
-4164
-2470
-859
1191
1191
1027
771
771
-1107
-1107
-2341
-3260
-3940
-4104
-3751
-2926
-1878
1071
1071
2080
2673
2776
2767
2174
1760
1331
1246
1084
1500
2109
3007
3994
5101
5878
6380
6464
5834
2152
-2813
-7244
-9229
-8863
-6814
-3898
-1456
-833
-833
902
902
1271
2496
4206
6085
7135
7127
5454
2304
-1274
-4364
-6170
-6170
-4888
-3474
-2618
-2208
-2120
-2214
-2073
-1440
1384
1384
2595
3825
4887
5410
4804
3101
976
-1054
-2673
-3543
-3646
-3241
-3029
-3087
-3437
-3619
-3497
-2846
-2141
-1326
925
925
1686
1963
1851
1283
-1301
-1301
-2456
-3156
-3259
-2835
-2288
-1951
-1692
-1175
1206
1206
2353
3111
3307
3027
2447
1751
1435
1608
2357
3192
4408
5319
6345
6744
6913
4183
-5831
-5831
-9236
-9624
-7897
-4292
-1047
1228
1089
-2422
-2422
-3433
-3015
-1308
2684
2684
4633
6298
6997
6907
5802
3504
-2044
-2044
-3723
-4008
-2987
-1373
-909
-909
-2313
-4106
-5473
-5708
-4578
-2361
2394
2394
3730
4059
3871
3305
2422
1398
-890
-890
-2204
-3719
-5032
-5558
-5190
-3906
-2176
981
981
-1188
-1188
-1934
-2495
-2687
-2416
-1705
1810
1810
2605
2882
2608
2044
1586
1457
1965
2687
3707
4463
5043
5271
5476
5590
5273
2441
-1622
-5880
-7889
-7625
-5110
-2018
967
967
-2978
-2978
-5421
-5936
-4223
-912
2579
5100
6009
5663
4570
3773
2886
2097
1337
821
-1488
-1488
-3418
-5297
-6469
-6216
-4507
-1879
1710
1710
1645
1214
1214
2639
3527
3438
2388
994
-1226
-1226
-1731
-2005
-2447
-2952
-3257
-3151
-2864
-2620
-2361
-2122
-1730
-1226
1069
1069
1151
-1447
-1447
-2087
-1953
-1263
912
912
1774
2670
3143
3240
3163
2881
2916
2991
3488
4159
4868
5930
5149
2560
-1539
-4840
-6365
-5424
-3067
902
902
-1582
-1582
-4161
-5866
-5949
-3995
-891
2261
4070
4320
3244
2145
1473
1351
1521
2029
2418
2689
2564
2363
1487
-1152
-1152
-2328
-3242
-3689
-3394
-2342
-1144
-1402
-1402
-2428
-2974
-2531
-1354
1600
1600
2350
2041
1066
-976
-976
-1136
-1388
-1388
-2285
-2761
-2594
-2032
-1279
-943
-943
-1216
-1226
-931
794
794
1440
1440
2035
2219
2087
1969
1773
1862
2014
2560
2860
3552
3891
4850
4286
2921
-2242
-2242
-3685
-3174
-1426
1784
1784
1088
-3117
-3117
-4822
-5536
-4413
-2265
2260
2260
2671
1289
-1591
-1591
-1521
1176
1176
2410
3127
2865
2320
1147
884
884
-1219
-1219
-1632
-1993
-2009
-1675
-1111
-786
-786
-1295
-1751
-1871
-1628
-898
-1324
-1324
-1370
758
758
929
-789
-789
-1079
-936
953
953
1012
881
881
962
1100
1100
1639
1846
1754
1507
1377
1543
2147
2646
2824
2207
1112
1294
1294
1483
881
-1491
-1491
-2305
-2398
-1684
889
889
-1605
-1605
-2141
-1912
-1073
966
966
784
1143
1143
1262
1053
-913
-913
-1042
-1020
-853
779
779
862
862
974
898
878
878
953
879
-852
-852
-952
-952
-840
-954
-954
-851
-851
-850
-850
-775
-775
-821
-821
-978
-978
-765
-831
-831
-861
-861
-1118
-1034
-943
-843
-941
-951
-889
-947
-889
-862
-773
-761
-755
-755
-866
-837
-1019
-985
-762
-768
-768
-869
-958
-950
-906
-876
-785
-784
-851
-774
-762
-825
-826
-851
-860
-875
-896
-927
-1033
-1072
-1015
-1062
-966
-961
-1035
-1052
-1006
-1049
-1125
-1130
-1121
-1157
-1207
-1314
-1356
-1489
-1606
-1520
-1553
-1590
-1664
-1630
-1566
-1670
-1571
-1662
-1636
-1697
-1779
-1761
-1766
-1864
-1974
-2007
-1967
-1985
-2117
-2083
-2186
-2407
-2417
-2362
-2380
-2304
-2442
-2279
-2379
-2402
-2456
-2466
-2522
-2519
-2613
-2756
-2658
-2876
-2690
-3000
-2931
-2994
-3191
-3066
-3014
-3087
-3027
-3045
-3206
-3371
-3406
-3317
-3406
-3421
-3400
-3413
-3707
-3788
-3701
-3714
-3746
-3844
-3782
-3829
-3992
-3909
-4019
-3905
-3928
-4024
-4022
-4156
-4164
-4072
-4302
-4126
-3997
-4125
-4276
-4250
-4132
-4245
-4109
-4007
-3932
-4093
-3788
-3660
-3454
-3173
-3174
-2924
-2743
-2407
-2021
-2122
-1830
-1629
-1362
-1044
-983
-903
808
808
799
799
1235
1499
1793
2100
2433
2541
2782
2945
3048
3245
3362
3725
3767
4194
4451
4703
5025
5179
5199
5162
5474
5433
4910
4190
3822
3726
3058
2765
3070
3148
3661
3187
2161
904
-893
-893
-1581
-2035
-1870
-1679
-859
-947
-947
-1603
-2079
-2576
-3265
-3883
-4626
-4898
-5005
-5141
-4832
-4643
-4196
-3848
-3450
-3094
-2998
-3053
-3231
-3574
-4021
-4293
-4398
-4677
-4819
-4788
-4701
-4631
-4571
-4583
-4313
-4521
-4709
-4594
-4845
-5036
-5470
-5686
-5600
-5780
-6231
-6537
-6727
-6794
-6581
-6514
-6408
-6679
-6834
-6576
-5668
-5012
-4523
-4350
-4329
-3705
-3477
-2984
-3054
-2827
-2653
-2661
-2432
-2166
-1774
-1839
-1887
-2043
-2033
-2049
-1879
-1599
-1572
-1328
-1748
-1397
-1098
802
802
1180
1978
3150
4078
5137
4924
4138
3641
2110
766
-792
-792
-1223
-1223
-2316
-3393
-3850
-3800
-3236
-2181
-1543
-1771
-2248
-2210
-2159
-2295
-2431
-2076
-1658
-1211
-924
-770
-855
-939
-1355
-1844
-2219
-2238
-1974
-1882
-1511
-1640
-2038
-3101
-4032
-5595
-6858
-7962
-8967
-9634
-11097
-12120
-13675
-13871
-13484
-12704
-12078
-11497
-10598
-10145
-10199
-10177
-9562
-8748
-7619
-6711
-5486
-4465
-3426
-2449
-1635
1227
1227
1152
1397
1017
897
945
1024
1198
1643
2616
3255
3453
3243
3116
2904
2383
1636
1288
1227
976
1059
926
1269
1381
1352
1552
1873
2164
2286
2255
2395
2386
1712
903
-896
-896
-1637
-2399
-2799
-3011
-3250
-3515
-3583
-3668
-3883
-4287
-4746
-5380
-6301
-7366
-8504
-9381
-10302
-11365
-12181
-12549
-12551
-12701
-12899
-12805
-12668
-12768
-12765
-12407
-12190
-12114
-12087
-11740
-11551
-10962
-10123
-9193
-8228
-7132
-5854
-4759
-4107
-3339
-2676
-2386
-1993
-1641
-1141
-1048
-1058
-791
-948
-948
758
758
849
849
1074
1440
1833
1875
1943
2199
2082
2001
2165
2418
2490
2057
2202
2355
2483
2356
2223
2422
2432
2256
2140
2050
1881
1859
1611
1388
1300
1021
922
1131
1424
1754
1823
1862
2280
2568
2691
2785
2963
3049
3006
2858
2817
2795
2803
2869
3022
3261
3426
3426
3308
3297
3341
3294
3269
3400
3540
3749
3828
3865
4050
4127
4187
4384
4542
4759
4894
5161
5564
5859
6010
5975
5909
6007
6014
6031
6115
6184
6429
6587
6820
6911
6783
6891
6681
6954
6752
6736
6673
6485
6758
6947
6892
6760
6882
6939
6797
6041
5543
5566
5593
5599
5195
4738
4361
3865
3638
3670
3608
3325
2545
2024
2029
2027
2032
1788
1640
1594
1351
1157
1204
1186
1279
1019
908
924
821
795
774
969
1126
955
923
892
1107
1487
1569
1724
1677
1760
1860
2013
2269
2351
2226
2030
2037
2098
2214
2165
2131
2084
2084
2067
2081
2278
2385
2470
2538
2663
2880
3045
3155
3317
3483
3620
3660
3665
3798
3930
3948
3917
3942
3979
4051
4008
4135
4160
4127
4142
4179
4183
4248
4336
4319
4383
4452
4503
4386
4332
4447
4690
4757
4793
4876
4929
4930
5210
4846
4477
4283
4152
4362
4037
3601
3153
2809
2543
2417
2269
2066
1603
1215
863
907
947
753
879
879
933
1052
1191
1246
1341
1496
1677
1826
1884
1911
1891
1925
2095
2201
2486
2408
2301
2314
2368
2534
2598
2503
2505
2483
2390
2465
2444
2523
2504
2414
2342
2373
2459
2415
2464
2534
2639
2688
2723
2869
3059
3179
3237
3378
3475
3506
3622
3755
3846
3923
3999
3985
4066
4193
4391
4506
4571
4583
4625
4650
4824
4976
5086
5093
5224
5161
5272
5337
5616
5801
5750
6017
5881
6359
6075
5716
5562
5536
5614
5509
4992
4685
4511
3952
3912
3566
3480
3207
2787
2621
2341
2322
2111
1937
1967
1923
1753
1783
1585
1767
1873
1862
2069
2007
1976
2005
2119
2352
2445
2484
2532
2455
2468
2445
2658
2735
2518
2419
2277
2319
2363
2278
2226
2144
1989
1938
1869
1864
1876
1758
1675
1607
1677
1692
1658
1698
1752
1843
1819
1840
2020
2126
2207
2318
2473
2569
2612
2714
2847
2961
3023
3011
2969
3017
3111
3219
3227
3154
3290
3248
3230
3307
3572
3623
3722
3636
3910
4065
4208
4506
4459
4834
4763
5293
4673
4393
4001
3991
4401
4271
3914
3455
2882
2374
2563
2428
2627
2204
1582
1267
1147
1360
1277
1381
1250
1077
862
812
907
1338
1330
1380
1513
1418
1530
1584
1849
2195
2251
2126
2048
2091
2215
2226
2295
2171
2004
1909
1674
1646
1592
1380
1245
1134
1058
1019
784
817
817
976
1160
1252
1306
1420
1585
1665
1748
1796
1869
1959
2032
2010
2006
1986
2046
2131
2297
2478
2483
2431
2309
2573
2750
2940
2935
2960
3091
3277
3552
3699
3990
3932
3149
3145
2752
3344
3478
3131
2748
2262
1687
1512
1561
1670
1646
868
809
809
963
1352
1529
1576
1481
1555
1737
1758
1740
1874
1848
1746
1514
1156
1271
1261
1131
932
848
848
995
1080
1204
1318
1462
1547
1629
1671
1758
1805
1796
1896
1916
1960
2004
1979
2008
2267
2228
2317
2335
2407
2818
3038
3343
3447
3952
3173
2837
2152
2343
3019
2978
2604
1779
1180
849
849
1247
-790
-790
-822
-840
-840
-884
922
922
1253
1427
1330
1188
1359
1599
1660
1782
1723
1441
1273
1047
1127
1108
913
780
780
915
1053
1178
1200
1263
1366
1463
1522
1488
1375
1414
1468
1650
1683
1711
1760
1818
1977
2061
2182
2403
2553
2881
3022
3370
3580
2772
2131
1310
2008
2801
3013
2130
956
892
892
1173
-1631
-1631
-1200
-793
-793
-1197
-1403
-1220
997
997
1143
975
804
922
1286
1491
1690
1605
1443
1044
884
884
1119
785
-1115
-1115
-1548
-1533
-1229
-928
-999
-1209
-1230
-1064
-898
842
842
955
929
838
855
840
983
1106
1253
1314
1216
1101
1395
1509
1951
1988
2221
2369
2827
2539
1757
887
791
1842
2418
2192
753
-914
-914
-2156
-2360
-1275
-1215
-1215
-1771
-2134
-2108
-1542
-796
-816
-816
-1287
-1284
-841
868
868
1059
1129
1039
778
-949
-949
-1266
-1162
-1195
-1329
-1794
-2217
-2180
-1955
-1749
-1727
-1724
-1789
-1885
-1788
-1433
-1093
-909
-1056
-1137
-928
787
787
1145
1269
1592
1668
1955
2451
2151
1269
1532
1532
2237
1731
-1021
-1021
-1201
-1201
-2426
-2490
-1461
-775
-918
-1477
-2121
-2525
-2404
-1861
-1036
-799
-1194
-1592
-1533
-1092
-763
892
892
985
857
-938
-938
-950
-904
-911
-1147
-1625
-2152
-2529
-2384
-2066
-1884
-2100
-2326
-2367
-2226
-1891
-1610
-1337
-1254
-1386
-1436
-1127
-754
795
795
802
1119
1390
1777
2175
2394
1443
785
785
2224
2428
937
-1400
-1400
-1123
-871
-871
-2427
-3130
-2266
-863
-1318
-1318
-2200
-2620
-2607
-2113
-1421
-827
-925
-1538
-1809
-1442
-960
799
799
995
975
-816
-816
-1119
-1045
-933
-1059
-1279
-1780
-2238
-2490
-2365
-2220
-2069
-2071
-2142
-2267
-2286
-2111
-1729
-1280
-1219
-1272
-1361
-1248
-946
958
958
1150
1529
1837
2202
2301
1189
1163
1163
2582
2184
-1036
-1036
-1341
-764
-1095
-1095
-2716
-3032
-1791
-1668
-1668
-2394
-2683
-2554
-2072
-1287
-1111
-1111
-1846
-1929
-1356
-797
917
917
836
-764
-764
-933
-933
-1189
-1432
-1829
-1998
-2352
-2234
-2178
-2241
-2260
-2210
-2160
-2197
-2130
-1875
-1400
-1213
-1257
-1341
-1120
-889
833
833
1267
1609
1775
2049
2238
1039
1261
1261
2778
2099
-1070
-1070
-1195
-1258
-1258
-2760
-2907
-1616
-1772
-1772
-2493
-2681
-2367
-1866
-1176
-1189
-1189
-1913
-1920
-1325
955
955
937
819
919
919
-1151
-1151
-1648
-1977
-2009
-1938
-1973
-2234
-2386
-2440
-2284
-2102
-2085
-2079
-1895
-1662
-1435
-1289
-1250
-1113
-927
863
863
1289
1681
1826
2230
1951
1731
1731
2803
1805
-1385
-1385
-1121
-1689
-1689
-2959
-2765
-1102
-944
-944
-2114
-2649
-2620
-2372
-1831
-1094
-821
-1427
-2024
-1878
-1133
944
944
894
912
912
-1053
-1053
-1528
-2004
-2163
-2010
-1878
-2014
-2430
-2564
-2334
-2180
-2090
-2032
-1879
-1607
-1551
-1475
-1244
-1036
-920
-877
856
856
1291
1602
1834
2103
1837
1852
1852
2613
1565
-1273
-1273
-941
-1821
-1821
-2847
-2448
-956
-1081
-1081
-2164
-2585
-2467
-2234
-1717
-1133
-977
-1541
-2028
-1835
-1144
-773
769
769
980
817
908
908
-1026
-1026
-1555
-2029
-2034
-1901
-1838
-1990
-2373
-2614
-2422
-2232
-2112
-2014
-1865
-1726
-1661
-1507
-1324
-1021
-888
-855
815
815
1406
1610
1869
2102
1737
1969
1969
2768
1368
-1339
-1339
-775
-1872
-1872
-2918
-2388
-773
-1221
-1221
-2240
-2560
-2421
-2188
-1695
-1039
-921
-1547
-2072
-1784
-1064
870
870
997
817
874
874
986
-1103
-1103
-1530
-1816
-1927
-1650
-1636
-2007
-2380
-2574
-2369
-2061
-1968
-1960
-1908
-1762
-1732
-1547
-1206
-1029
-899
-917
-887
788
788
1391
1649
1713
2054
2080
758
1709
1709
2805
1816
-1217
-1217
-768
-1516
-1516
-2734
-2565
-1007
-963
-963
-2148
-2516
-2369
-2247
-1800
-1197
-909
-1428
-2073
-1960
-1201
836
836
1078
837
853
853
1055
-841
-841
-1381
-1574
-1585
-1527
-1550
-1874
-2399
-2512
-2151
-1979
-2075
-2120
-2063
-1808
-1571
-1565
-1312
-1084
-1020
-901
782
782
759
973
973
1466
1666
2011
1918
2281
1767
1767
3059
1822
-1221
-1221
-1516
-1516
-2867
-2316
-875
-958
-958
-2290
-2433
-2260
-2127
-1619
-1112
-775
-1316
-2095
-1732
-1100
904
904
1152
762
984
984
1248
854
-771
-771
-1295
-1735
-1609
-1395
-1186
-1594
-2380
-2719
-2362
-1776
-1738
-1896
-1972
-1928
-1868
-1650
-1255
-878
-868
-1114
-988
778
778
789
884
884
1542
1643
1843
1766
2448
1144
1351
1351
3092
2253
-1226
-1226
-1130
-1130
-2777
-2510
-1109
-2173
-2173
-2434
-2283
-2070
-1662
-1126
-813
-1213
-2099
-1926
-1226
841
841
1269
959
953
953
1312
973
-1116
-1116
-1613
-1582
-1316
-1055
-1208
-2094
-2761
-2553
-1911
-1631
-1686
-1907
-2023
-1929
-1739
-1307
-788
-1033
-1033
-1070
-787
1024
1024
803
803
1292
1597
1957
1781
2530
1254
1137
1137
3110
2554
-1225
-1225
-813
806
806
-935
-935
-2654
-2522
-1309
-2097
-2097
-2409
-2264
-2015
-1693
-1196
-811
-1038
-1904
-1864
-1321
1320
1320
1036
969
969
1407
1090
-937
-937
-1392
-1451
-1228
-1007
-1084
-1776
-2354
-2454
-1931
-1751
-1685
-1688
-1808
-1873
-1826
-1516
-974
-881
-881
-986
-836
771
771
928
812
1317
1317
1503
1827
1895
2209
2411
2268
2268
3214
1534
-982
-982
911
911
806
-1819
-1819
-2714
-1873
-1133
-1133
-2310
-2188
-2040
-1858
-1305
-943
-1416
-1416
-1998
-1533
-893
1164
1164
1284
822
758
758
1218
1374
778
-1032
-1032
-1350
-1249
-1162
-857
-1221
-1960
-2284
-2330
-1831
-1676
-1536
-1493
-1728
-1944
-1843
-1310
-853
-853
-948
-905
913
913
1000
765
798
909
1443
1618
1952
1875
2679
1406
1228
1228
3150
2680
-1123
-1123
904
904
-864
-864
-2490
-2357
-1180
-2032
-2032
-2292
-2045
-1850
-1527
-1043
-776
-940
-1752
-1784
-1232
766
766
1406
1096
1066
1066
1474
1161
-773
-773
-1192
-1324
-1150
-969
-954
-1539
-2189
-2366
-1938
-1663
-1585
-1495
-1588
-1777
-1842
-1547
-902
-888
-888
-840
965
965
1205
989
944
1052
1570
1786
2085
1902
2708
1416
1251
1251
3142
2540
-1064
-1064
786
786
825
-833
-833
-2350
-2128
-1021
-2023
-2023
-2165
-1926
-1747
-1432
-1032
-761
-903
-1652
-1615
-1127
826
826
1432
1110
1130
1130
1492
1138
770
770
-1158
-1158
-1116
-1092
-962
-991
-1600
-2093
-2198
-1902
-1715
-1610
-1504
-1562
-1721
-1752
-1515
-903
-786
-786
-785
1013
1013
1205
1071
918
1185
1454
1924
2054
2130
2744
866
1768
1768
3327
2131
-931
-931
962
962
753
-1307
-1307
-2302
-1794
-2191
-2191
-2018
-1810
-1627
-1271
-1037
-759
-1065
-1639
-1419
-1005
1043
1043
1454
1021
886
886
1271
1507
968
754
754
-804
-804
-1061
-1069
-843
-866
-1125
-1596
-2090
-2000
-1666
-1764
-1679
-1421
-1626
-1717
-1739
-1488
-907
-846
-846
905
905
1193
860
892
1140
1603
1751
1932
1917
2737
1361
1360
1360
3183
2422
-957
-957
813
813
764
-906
-906
-2284
-1973
-880
-2146
-2146
-2144
-1837
-1711
-1433
-1142
-859
-1025
-1695
-1605
-1140
819
819
1388
1035
774
774
1124
1443
1108
805
805
-994
-994
-1067
-828
-885
-1093
-1552
-2124
-1910
-1602
-1717
-1805
-1587
-1600
-1614
-1650
-1499
-1098
-828
-828
-899
878
878
1157
1029
852
1108
1607
1681
2081
1857
2743
1286
1410
1410
3127
2466
-1021
-1021
889
889
-1001
-1001
-2305
-1861
-886
-2200
-2200
-2202
-1793
-1725
-1362
-1160
-975
-1026
-1672
-1580
-1180
756
756
1411
1017
820
820
1154
1398
1052
806
806
-1049
-1049
-1052
-878
-878
-1145
-1656
-2166
-1947
-1565
-1669
-1914
-1719
-1690
-1699
-1585
-1436
-1182
-809
-890
-939
760
760
981
1209
1111
788
1281
1611
1842
2117
1976
2697
1906
1906
3230
1884
-898
-898
984
984
-1435
-1435
-2281
-1529
-842
-842
-2366
-2018
-1668
-1631
-1237
-1146
-910
-1147
-1700
-1418
-1053
975
975
1394
829
978
978
1259
1403
839
772
772
-760
-760
-1023
-900
-831
-831
-1382
-1806
-2116
-1761
-1415
-1732
-1928
-1660
-1658
-1709
-1545
-1336
-1056
-847
-926
-903
923
923
1070
1098
1056
896
1493
1793
2093
1821
2467
1750
1212
1212
2796
2646
-1107
-1107
865
865
-2071
-2071
-1778
-992
-1861
-1861
-2351
-1721
-1552
-1404
-1114
-1075
-1011
-1482
-1529
-1266
1290
1290
1144
824
824
1153
1388
1119
878
878
-823
-823
-900
-1137
-1137
-1606
-2000
-1893
-1470
-1474
-1879
-1833
-1655
-1659
-1572
-1372
-1158
-967
-871
-943
848
848
1084
1164
1199
986
1293
1687
2010
2054
2181
2509
945
945
2266
3085
1487
-776
-776
984
984
-1733
-1733
-2011
-1230
-1196
-1196
-2399
-1944
-1558
-1511
-1174
-1129
-994
-1306
-1574
-1333
-970
1070
1070
1308
1090
1090
1355
1345
812
812
760
-873
-873
-905
-905
-1405
-1809
-2012
-1546
-1351
-1657
-1817
-1631
-1694
-1630
-1394
-1166
-1010
-863
-938
-885
783
783
999
1216
1118
1077
1022
1598
1874
2096
1905
2722
1349
874
874
1487
3176
2401
-1106
-1106
1045
1045
-973
-973
-2124
-1525
-2055
-2055
-2186
-1545
-1440
-1252
-1040
-970
-1019
-1527
-1389
-1173
770
770
1369
1032
999
999
1246
1442
1037
975
975
-1183
-1183
-1669
-1885
-1731
-1285
-1412
-1833
-1719
-1603
-1650
-1474
-1232
-1040
-935
-866
-890
913
913
1194
1186
1120
1101
1425
1831
2149
1980
2326
2198
1152
1152
2655
2869
1042
-845
966
966
909
-1843
-1843
-1708
-966
-1492
-1492
-2326
-1776
-1411
-1341
-1088
-1080
-943
-1408
-1488
-1239
-824
1168
1168
1175
891
891
1197
1388
1239
935
935
-910
-910
-1483
-1755
-1791
-1389
-1251
-1704
-1757
-1522
-1601
-1469
-1266
-1080
-968
-841
-865
-764
908
908
1238
1295
1158
1121
1246
1779
2162
2151
2133
2664
1094
1094
2184
3245
1764
-835
-835
863
863
1135
-1411
-1411
-1905
-1098
-843
-843
-2244
-1928
-1355
-1347
-1118
-1015
-890
-1190
-1564
-1261
-968
1064
1064
1340
763
1195
1195
1415
1425
756
967
967
979
-1265
-1265
-1710
-1819
-1490
-1033
-1412
-1828
-1573
-1622
-1572
-1316
-1100
-885
-928
-952
-848
805
805
1018
1361
1135
1125
1061
1657
1981
2093
1881
2490
2205
784
784
1177
3044
2891
-984
-984
1014
1014
943
-1849
-1849
-1633
-1917
-1917
-2237
-1431
-1244
-1267
-995
-1027
-831
-1434
-1563
-1012
1419
1419
1042
977
977
1387
1515
1153
896
896
1241
-806
-806
-1451
-1749
-1610
-1066
-1128
-1711
-1654
-1494
-1542
-1380
-1215
-981
-809
-917
-945
782
782
996
1224
1268
1140
1139
1327
1995
2041
2117
2120
2755
1103
1103
2244
3431
1568
896
896
1219
-1375
-1375
-1866
-995
-1177
-1177
-2399
-1709
-1210
-1286
-1043
-1057
-959
-1118
-1664
-1227
1169
1169
1327
1293
1293
1503
1305
1165
1165
925
-1071
-1071
-1707
-1692
-1349
-953
-1317
-1694
-1556
-1616
-1559
-1240
-1001
-894
-894
-1081
-817
844
844
1049
1321
1208
1064
1168
1648
2060
2065
1937
2444
2194
826
826
1345
2966
2894
-899
-899
870
870
1099
1018
-1760
-1760
-1495
-1904
-1904
-2240
-1376
-1144
-1208
-992
-1045
-929
-1409
-1543
-995
1297
1297
970
979
979
1372
1453
1070
921
921
1217
-1298
-1298
-1761
-1583
-1130
-1050
-1473
-1567
-1505
-1722
-1534
-1165
-916
-1176
-1176
-1248
-846
928
928
1132
1224
1096
1007
1284
1898
2058
2141
1995
2672
979
1103
1103
1972
3237
1765
-941
-941
880
880
1167
-1107
-1107
-1868
-902
-814
-814
-2321
-1838
-1063
-1212
-1056
-930
-1026
-970
-1469
-1172
893
893
1203
1056
1056
1344
1133
893
893
799
-877
-877
-1559
-1693
-1242
-965
-1049
-1335
-1385
-1427
-1532
-1159
-800
-993
-993
-882
757
757
1040
1108
1156
995
1276
1668
2054
2090
2285
2112
801
801
1394
2689
2894
905
-787
798
798
1049
1046
-1504
-1504
-1377
-1527
-1527
-2074
-1318
-952
-1156
-910
-1066
-1008
-1156
-1361
-947
1024
1024
961
756
756
1151
1139
764
808
808
-1050
-1050
-1538
-1497
-1131
-1011
-1112
-1216
-1343
-1462
-1447
-898
-786
-786
-1041
796
796
983
1102
1110
1102
1459
1823
2014
2100
2458
789
1229
1229
2132
3037
1669
1060
1060
1160
-1161
-1161
-1538
-975
-975
-2100
-1570
-910
-1072
-934
-975
-1080
-1087
-1334
-1051
-755
809
809
1032
1059
1059
1109
808
-755
-755
-949
-1262
-1462
-1240
-1160
-1223
-1258
-1195
-1302
-1515
-1184
-827
-828
-828
-908
858
858
863
986
931
1276
1556
1912
1810
2302
1482
984
984
1579
2811
2230
943
943
1109
-1593
-1593
-961
-1890
-1890
-1885
-1081
-959
-1062
-931
-1101
-1068
-1319
-1219
-841
921
921
890
890
1081
883
-833
-833
-1102
-1308
-1246
-1139
-1169
-1174
-1126
-1153
-1385
-1353
-915
-865
-865
775
775
957
964
1006
1122
1460
1755
1905
2165
1947
757
757
1438
2550
2686
921
889
889
1195
1009
-1260
-1260
-1124
-1436
-1436
-1895
-1151
-795
-986
-881
-995
-1004
-1140
-1188
-859
893
893
812
757
757
1068
958
-804
-804
-995
-1217
-1163
-1125
-1194
-1178
-1106
-1070
-1236
-1382
-1066
-795
-795
-811
773
773
848
907
1023
1283
1534
1769
1779
2241
970
1132
1132
1906
2736
1705
1084
1084
1150
-855
-855
-1339
-1854
-1854
-1493
-784
-784
-835
-855
-991
-1006
-1152
-868
920
920
1040
1040
1040
792
761
761
-786
-786
-1081
-1044
-988
-1087
-1107
-1076
-1044
-1018
-1189
-1122
810
810
837
925
917
1191
1402
1695
1678
2091
1669
834
834
1502
2502
2239
925
925
1123
804
-1344
-1344
-910
-1549
-1549
-1850
-1052
-943
-943
-896
-1043
-1086
-1219
-1087
-776
792
792
936
-1027
-1027
-1070
-985
-1129
-1216
-1111
-1049
-1017
-1140
-1248
-985
845
845
882
944
1278
1358
1625
1643
2123
1167
940
940
1744
2513
1818
1040
1040
1145
-1271
-1271
-1701
-1701
-1663
-765
-866
-866
-894
-1053
-1082
-1168
-920
825
825
831
-882
-882
-1174
-1150
-1072
-1205
-1256
-1127
-1120
-1146
-1277
-1249
-917
-760
-760
-781
-757
888
888
1228
1303
1371
1564
1928
807
991
991
1772
2295
1391
1014
1014
969
-861
-861
-1122
-1755
-1755
-1474
-796
-796
-911
-1016
-1084
-1098
-769
930
930
829
-764
-764
-1051
-939
-818
-975
-976
-872
-928
-992
-1072
-849
811
811
857
869
899
1140
1403
1481
1541
1703
1969
833
1244
1244
2000
2274
1357
1195
1195
1133
-798
-798
-1467
-1467
-1190
-757
-757
-870
-932
-881
1020
1020
890
853
853
-932
-932
-768
-806
-806
-802
-804
-804
-902
-852
793
793
905
926
922
1044
1166
1498
1475
1598
1664
2007
1366
843
1241
1739
2259
1787
1097
1097
1295
925
-1002
-1002
-1152
-816
-816
-781
952
952
995
770
803
803
792
-821
-821
-814
-814
766
766
894
894
840
926
1087
1362
1424
1461
1549
1641
1750
1140
1130
1400
1767
1918
1383
769
769
1017
1127
-951
-951
-875
-766
-766
-759
837
837
780
-836
-836
-838
-754
-754
-819
-856
771
771
859
779
772
893
1110
1208
1284
1303
1356
1460
1519
1293
1093
1255
1447
1540
1262
757
796
796
771
-799
-799
-834
-757
-757
-793
-796
-796
-822
-812
-778
-777
-853
-844
-835
850
850
945
1019
1009
1086
1126
1321
1364
1229
1096
1052
1182
1284
1237
886
-815
-815
-782
-777
900
900
955
1057
980
860
907
867
965
974
814
791
791
845
893
914
989
908
946
1038
1023
975
923
799
822
822
810
777
797
839
834
