-293
-293
-318
-335
-344
-353
-369
-387
-383
-385
-383
-370
-369
-367
-353
-328
-307
-294
295
295
326
367
381
393
380
410
421
467
489
534
529
511
447
385
377
385
407
335
-367
-367
-440
-483
-502
-517
-558
-582
-615
-617
-615
-586
-581
-555
-546
-526
-489
-447
-427
-405
-352
-314
285
285
306
331
345
370
408
439
471
512
562
627
644
611
517
409
390
361
351
298
-292
-292
-362
-416
-459
-489
-524
-576
-621
-633
-620
-603
-581
-569
-543
-527
-485
-446
-417
-418
-414
-388
-337
312
312
340
400
420
439
462
521
545
545
461
400
324
294
-307
-307
-342
-383
-455
-506
-578
-608
-616
-635
-624
-619
-592
-573
-545
-500
-461
-428
-452
-437
-421
-341
-303
309
309
321
351
364
441
482
536
574
593
692
652
662
466
385
294
294
-342
-342
-380
-449
-501
-542
-601
-619
-669
-641
-612
-555
-504
-480
-406
-378
-329
-343
-331
-358
-328
-316
304
304
356
385
412
437
528
608
704
762
832
938
1046
1148
1070
919
587
358
-356
-356
-576
-654
-638
-558
-551
-595
-648
-566
-388
-353
-353
-393
-339
-362
-362
-384
-400
-379
-333
-355
-361
-404
-395
-349
-287
296
296
345
412
470
539
600
647
728
802
884
909
990
1025
1155
1220
1349
1349
1178
880
433
-305
-305
-497
-657
-893
-1040
-1024
-909
-678
-585
-519
-497
-375
-341
-341
-388
-480
-480
-396
-285
-285
-332
-392
-422
-492
-551
-596
-600
-584
-582
-564
-535
-454
-372
-303
377
377
481
556
603
657
674
744
736
814
826
943
1000
1058
1128
1176
1335
1373
1466
1277
965
447
-338
-338
-565
-675
-881
-1007
-1128
-1121
-928
-647
-343
-357
-357
-397
-411
-391
-376
-383
-289
-306
-306
-322
-322
-350
-413
-499
-579
-757
-807
-820
-742
-689
-703
-635
-545
-322
391
391
472
613
687
771
767
812
879
1007
1093
1201
1319
1533
1708
1877
1987
1934
1621
964
-372
-372
-697
-1022
-1180
-1325
-1329
-1281
-1111
-745
-431
-431
-531
-589
-580
-408
286
286
-548
-548
-655
-871
-859
-942
-1063
-1071
-984
-713
-643
-584
-597
-526
-418
-469
-427
-453
-309
302
302
541
597
717
819
1001
1053
1057
1074
1137
1223
1295
1428
1647
1936
2225
2200
1996
1243
564
-711
-711
-1056
-1359
-1501
-1689
-1572
-1396
-806
338
338
-343
-343
-578
-778
-775
-756
-471
-310
403
403
588
678
556
320
-617
-617
-1039
-1269
-1308
-1281
-1318
-1246
-997
-665
-433
-366
-346
-319
-348
-458
-574
-589
-531
-479
-394
470
470
620
710
843
953
966
884
895
938
1083
1151
1318
1551
1905
2197
2467
2601
2240
1426
-604
-604
-1282
-1503
-1887
-1970
-1833
-1569
-1137
-616
710
710
814
386
-684
-684
-758
-766
-663
-531
-394
-394
-292
-399
-399
-357
419
419
650
810
1076
1125
835
286
-639
-639
-1139
-1568
-1807
-1580
-1349
-1132
-1017
-717
-349
-403
-403
-453
-558
-689
-799
-721
-447
469
469
697
749
646
628
662
663
623
688
885
1204
1449
1731
2034
2404
2649
2793
2577
1853
672
-634
-1396
-1870
-1850
-2032
-1769
-1469
-1013
-519
732
732
909
640
-364
-364
-326
-325
-325
-543
-361
-750
-750
-1055
-817
-600
-479
-335
791
791
1257
1420
1512
1475
1204
368
-582
-1334
-1733
-1997
-2108
-1739
-1289
-696
-560
-398
-454
-454
-817
-1087
-973
-962
-746
-444
484
484
684
783
540
307
389
389
620
758
994
1331
1700
2051
2287
2580
2744
2777
2526
1738
662
-703
-1420
-1964
-1844
-1879
-1622
-1212
-946
-471
550
550
679
479
-545
-545
-354
-637
-637
-1165
-1506
-1155
-664
-338
409
409
1098
1546
1617
1522
1315
858
-706
-706
-1258
-1567
-1849
-2032
-1781
-1267
-755
-547
-575
-459
-366
-394
-630
-779
-817
-742
-712
-595
311
311
414
348
341
341
539
769
971
1263
1640
1965
2235
2382
2649
2781
2852
2593
1704
553
-893
-1515
-2062
-1867
-2008
-1712
-1316
-993
-450
654
654
737
602
-376
-376
-381
-381
-432
-897
-1400
-1686
-1202
-588
664
664
1330
1695
1722
1558
1385
874
-817
-817
-1406
-1708
-2008
-2156
-1946
-1388
-858
-679
-636
-510
-340
-371
-528
-680
-658
-586
-617
-510
323
323
285
285
358
692
927
1194
1478
1826
2136
2339
2532
2833
2969
3045
2508
1458
-1302
-1302
-1914
-2238
-2042
-2257
-1672
-1370
-732
-307
290
890
866
558
-511
-511
-550
-779
-1297
-1837
-1883
-1162
-497
468
468
1090
1705
1923
1723
1471
1114
515
-359
-1071
-1574
-1778
-2066
-2125
-1794
-1260
-827
-805
-752
-684
-447
-475
-481
-527
-392
-364
-393
292
292
346
497
806
1046
1332
1619
1960
2175
2416
2616
3071
3149
3300
2478
1298
-443
-1613
-2188
-2388
-2265
-2459
-1687
-1385
-528
647
647
1119
1014
530
412
412
-646
-646
-670
-1056
-1653
-2164
-1960
-1066
-329
296
772
1506
1991
2105
1811
1464
952
-913
-913
-1610
-1839
-1908
-1991
-1909
-1485
-950
-713
-697
-743
-600
-559
-595
-616
-482
303
303
425
732
986
1252
1458
1843
2104
2432
2568
3022
3244
3565
2983
1637
-1724
-1724
-2217
-2634
-2411
-2710
-1919
-1552
-757
544
544
1293
1089
632
458
458
403
345
481
-675
-675
-758
-1175
-1940
-2506
-2392
-1384
-528
754
754
1544
2052
2099
1845
1462
979
-1130
-1130
-1756
-1787
-1624
-1645
-1595
-1327
-898
-842
-932
-1017
-876
-824
-881
-774
-450
317
317
539
883
1122
1237
1438
1750
2120
2391
2559
2998
3324
3757
3176
1754
-1833
-1833
-2418
-2774
-2578
-2790
-1906
-1573
-712
748
748
1500
1214
614
-322
579
579
511
546
630
-732
-732
-834
-1400
-2296
-2883
-2609
-1474
-528
290
859
1701
2048
2076
1652
1162
475
-610
-1457
-1748
-1323
-1124
-1033
-1265
-1031
-988
-1012
-1284
-1327
-1211
-1153
-992
-688
289
289
403
417
417
588
894
1055
1161
1132
1328
1747
2162
2517
2769
3232
3655
3801
2456
639
-1473
-2382
-2863
-2852
-2892
-2339
-1576
-1036
405
405
1509
1468
861
-371
-371
464
464
677
670
896
540
-589
-589
-923
-1317
-2349
-3122
-3120
-2038
-874
737
737
1492
2016
1969
1455
905
297
-423
-1250
-1391
-1072
-585
-682
-955
-1062
-1092
-1133
-1537
-1556
-1493
-1153
-965
-522
478
478
564
510
510
768
906
1068
1119
1124
991
1138
1497
2086
2489
2935
3441
4244
3863
2174
-2050
-2050
-2646
-2905
-2960
-2926
-1952
-1390
-584
1039
1039
1761
1378
346
-630
298
298
789
803
1065
1124
591
-847
-847
-1036
-1918
-3066
-3700
-3030
-1609
-462
391
1028
1719
1868
1484
941
641
-555
-555
-1121
-1034
-435
-622
-622
-1040
-1208
-1323
-1658
-1897
-1747
-1345
-995
-678
336
336
647
416
577
577
905
996
1023
1041
1094
910
915
1084
1711
2209
2777
3234
4176
4558
3194
802
-1797
-2631
-2948
-2856
-3122
-2299
-1532
-807
417
417
1629
1445
656
-693
-680
927
927
1186
1225
1560
1070
-824
-824
-1190
-1756
-3016
-3977
-3797
-2171
-745
926
926
1561
1910
1493
857
455
409
-584
-584
-697
-402
-402
-1053
-1514
-1548
-1873
-2109
-2050
-1468
-892
-538
609
609
388
332
332
610
952
1112
1031
943
865
739
623
817
1324
2034
2557
3154
3729
4728
4232
2219
-639
-2656
-3114
-3073
-2909
-2681
-1586
-1163
-380
945
945
1430
836
-1086
-1086
-338
671
1612
1739
1903
1691
833
-321
-1350
-1704
-2771
-3776
-4226
-3071
-1291
842
842
1196
1521
1214
791
397
478
377
478
478
-533
-533
-1568
-2036
-2279
-2393
-2269
-1751
-1041
-564
373
373
341
-390
-390
-318
421
421
608
787
970
1032
860
713
589
481
402
498
946
1683
2405
2993
3572
4014
4763
3652
1383
-1528
-3039
-3169
-2851
-2646
-2112
-1194
-904
-325
857
857
865
287
-617
-939
1283
1283
2252
2275
2188
1534
483
-884
-1820
-2320
-3269
-3882
-3949
-2504
-844
318
912
1067
1157
834
489
285
457
470
371
336
336
443
-938
-938
-1960
-2379
-2424
-2311
-2038
-1472
-821
-314
-430
-430
390
390
864
1033
1079
1019
983
709
495
341
341
594
1138
1856
2605
3133
3584
3864
4506
3394
1120
-1718
-3149
-3042
-2549
-2256
-1840
-1150
-1004
-517
-370
575
538
-593
-593
-722
484
1621
2643
2592
2194
1260
-990
-990
-1837
-2447
-3356
-3677
-3540
-2234
-886
828
828
743
605
549
800
900
797
606
515
473
376
-301
-301
-1131
-2051
-2582
-2486
-2104
-1620
-1391
-928
-570
-325
-325
438
438
883
1115
971
770
573
463
342
577
577
1224
1851
2556
2931
3335
3565
4007
4075
2316
-2626
-2626
-3136
-2799
-2198
-2052
-1526
-1394
-1218
-848
614
614
-559
-559
1321
1321
2371
2980
2621
1777
375
-634
-1412
-1935
-2902
-3674
-3656
-2842
-1591
-691
352
630
437
322
322
1068
1373
1119
803
712
601
297
-296
-806
-1596
-2274
-2612
-2384
-1848
-1425
-1267
-1026
-729
-433
342
342
763
1021
960
668
470
343
336
336
483
882
1426
1992
2456
2701
3073
3416
4081
4158
2509
-2409
-2409
-2961
-2604
-2201
-2050
-1709
-1707
-1441
-985
711
711
-475
-475
407
1463
2428
3026
2744
1908
519
-559
-1161
-1599
-2707
-3683
-3825
-2869
-1642
-847
329
329
291
318
318
1137
1519
1289
867
664
559
295
-758
-758
-1547
-2279
-2643
-2432
-1876
-1529
-1391
-1219
-849
-390
291
291
665
993
934
648
393
364
362
305
336
397
604
767
1261
1752
2281
2554
2906
3305
3973
4220
2804
431
-2210
-2880
-2666
-2212
-1950
-1767
-1712
-1678
-1290
584
584
-425
-425
-761
1401
1401
2339
2974
2823
2307
1025
-1011
-1011
-1382
-2229
-3341
-3848
-3062
-1881
-1066
-373
-479
-479
650
650
1267
1233
931
871
956
835
310
-397
-1286
-1900
-2446
-2383
-2020
-1514
-1344
-1362
-1094
-668
293
293
718
1098
1181
932
554
531
565
676
598
567
656
882
1273
1724
2255
2645
3040
3316
3941
3668
2132
-539
-2516
-2672
-2179
-1696
-1695
-1661
-1638
-1604
-1099
-319
-319
-1056
-826
424
1622
2704
2860
2681
2123
1169
-680
-680
-1225
-1975
-3008
-3377
-2586
-1643
-878
-678
-593
-855
-1087
-584
818
818
865
854
920
1148
1082
735
-1263
-1263
-1817
-1974
-1801
-1741
-1454
-1379
-1345
-1187
-821
-523
-428
-349
415
415
911
1172
1222
956
775
743
704
787
765
731
747
1031
1540
1997
2290
2525
2790
3243
3288
2309
-1729
-1729
-2255
-1524
-862
-881
-1351
-1800
-1802
-1292
-292
-622
-622
-1582
-1550
-474
890
1952
2097
1949
1559
1433
1080
539
-918
-918
-1599
-2085
-1863
-1324
-698
-650
-757
-1062
-1207
-1027
-525
311
311
731
1046
1075
527
-372
-1081
-1279
-917
-753
-741
-943
-1026
-883
-642
-306
-297
-420
-434
378
378
699
832
815
653
491
441
426
340
472
472
671
744
874
1052
1383
1799
2080
1913
1135
295
284
284
825
1023
538
-623
-623
-521
-942
-942
-1586
-1529
-748
337
337
-701
-701
-943
-761
-438
-438
-1073
-1402
-1046
-372
328
328
-328
-328
-306
642
642
762
367
395
395
-425
-425
-876
-974
-758
-567
-572
-811
-947
-889
-567
-287
310
310
460
680
934
1115
1222
1357
1550
1644
1300
685
520
520
875
856
404
410
410
559
-580
-580
-1041
-979
-453
-716
-716
-1030
-1063
-752
-380
-366
-678
-1189
-1240
-873
-424
-424
367
367
-530
-530
-537
-293
-310
-310
-510
-403
-360
-360
-365
-327
-327
-296
292
292
422
487
480
545
703
941
1147
1328
1498
1613
1394
846
313
313
642
794
526
424
424
448
-874
-874
-1382
-1355
-799
-336
-293
-648
-990
-873
-422
-625
-625
-1225
-1233
-610
610
610
386
-353
-353
-675
-675
-926
-747
-387
-387
-629
-547
-364
-364
-333
-333
-551
-459
-412
-412
-476
-424
346
346
409
406
376
446
629
799
929
1020
1165
1438
1886
2215
1991
1104
666
666
830
365
-387
-836
-636
-436
-436
-1575
-2177
-1897
-950
-361
-361
-836
-633
620
620
502
-766
-766
-753
617
617
899
477
-426
-426
-357
-357
-929
-1076
-794
-576
-576
-864
-735
-361
-386
-386
-505
-521
-521
-756
-775
-508
-367
-348
-348
-369
-301
399
399
558
670
663
724
846
1086
1354
1660
1873
2192
2596
2685
1983
681
-376
-567
341
341
-525
-525
-1223
-1389
-711
-303
-303
-1343
-2396
-2401
-1550
517
517
424
379
379
1088
1269
646
-684
-684
-401
745
745
615
-405
-405
-609
-442
-433
-599
-1031
-1277
-1177
-819
-401
-327
-327
-654
-802
-752
-467
-292
-316
-316
-590
-817
-845
-706
-451
294
294
312
336
342
506
712
1006
1269
1485
1688
1921
2223
2640
3135
3244
2467
778
-771
-1338
-793
-619
-619
-1541
-1932
-1379
-388
-288
-1176
-2464
-2665
-1712
1186
1186
1404
929
385
700
1353
1664
1107
-615
-615
-719
391
391
596
-511
-511
-1061
-1198
-1169
-1136
-1197
-1405
-1323
-993
-415
-729
-729
-920
-707
-520
-520
-875
-1061
-907
-612
395
395
494
547
658
790
1089
1577
1961
2247
2466
2785
3204
3698
3608
2322
-1763
-1763
-2080
-1216
-342
-329
-1233
-2221
-2353
-1365
-327
-505
-1631
-2682
-2410
-1049
820
2074
2099
1519
1157
1447
1688
1471
744
-903
-903
-990
-588
-418
-418
-938
-1715
-2153
-2141
-1685
-1260
-1064
-914
-757
-297
302
656
295
-472
-998
-870
-304
370
370
-658
-658
-837
-585
-521
-734
-1069
-1278
-1100
-586
303
303
508
508
777
1034
1203
1350
1636
2158
2680
3175
3572
4012
4316
3786
2018
-631
-2575
-2828
-1785
-863
-940
-1940
-2762
-2639
-1475
-540
-905
-1969
-2631
-1795
1935
1935
3037
2963
2493
2253
2330
2017
1335
455
-439
-1160
-1286
-1047
-797
-836
-1130
-1729
-2702
-3200
-3000
-2130
-1202
-429
306
306
617
1013
1109
581
-422
-422
-297
301
301
-322
-322
-864
-1107
-1146
-1345
-1442
-1369
-1167
-857
-395
336
336
583
815
919
1141
1533
1928
2275
2729
3198
3572
3966
4522
4751
3665
1126
-1855
-3628
-3403
-1966
-916
-1311
-2588
-3254
-2686
-1279
-539
-1011
-1976
-2234
-969
1082
2966
3692
3478
3021
2619
2248
1659
917
-878
-878
-1597
-1862
-1848
-1598
-1442
-1700
-2546
-3488
-3564
-2732
-1382
356
356
479
585
1074
1534
1378
655
-333
-333
-1032
-1442
-1560
-1663
-1763
-1612
-1349
-1077
-734
-313
333
333
727
1028
1091
1210
1649
2241
2719
3115
3456
3728
4032
4501
4855
4003
1527
-1788
-4135
-4325
-2845
-1400
-1302
-2454
-3375
-3123
-1791
-616
-514
-1021
-1305
-401
1306
3149
4218
4322
3882
3011
1963
949
345
-812
-812
-1714
-2452
-2820
-2649
-2141
-2012
-2646
-3588
-3639
-2649
-1020
441
1228
1292
1112
1305
1498
1302
740
-293
-293
-287
-289
-612
-1096
-1490
-1840
-2133
-2089
-1572
-1046
-724
-537
-329
514
514
1143
1453
1396
1438
1794
2320
2814
3253
3500
3586
3714
4067
4412
3732
1433
-1929
-4551
-5073
-3798
-2200
-1556
-2010
-2552
-2328
-1280
-330
-335
-335
-425
1514
1514
3088
4231
4639
4367
3223
1528
-839
-839
-1262
-1814
-2497
-3086
-3370
-2997
-2193
-1824
-2292
-2995
-2945
-2134
-698
835
1804
1977
1764
1648
1325
807
353
-479
-479
-867
-930
-928
-1069
-1187
-1366
-1797
-2155
-1974
-1353
-790
-356
770
770
1398
1694
1787
1927
2077
2293
2664
3088
3247
3272
3337
3527
3760
3066
798
-2619
-5099
-5179
-3547
-1823
-1342
-1921
-2409
-1948
-616
308
414
877
877
2005
3319
4208
4524
4134
2672
642
-1018
-1640
-1745
-2109
-2792
-3501
-3690
-3000
-2031
-1611
-2020
-2403
-2090
-1148
1481
1481
2108
2082
1768
1342
699
-657
-657
-1187
-1490
-1585
-1465
-1305
-1505
-1929
-2085
-1647
-908
319
319
344
581
1051
1502
1777
1994
2142
2209
2415
2699
3003
3132
3144
3058
3156
3242
2199
-512
-3889
-5783
-5259
-3154
-1147
-582
-1218
-1784
-1432
-398
347
646
621
717
1293
2257
3429
4308
4615
3742
1568
-829
-2312
-2576
-2356
-2360
-2797
-3408
-3432
-2654
-1763
-1423
-1603
-1700
-1335
-396
944
1994
2403
2129
1412
526
-379
-379
-359
-516
-946
-1411
-1680
-1701
-1501
-1428
-1627
-1840
-1734
-1261
-558
645
645
755
748
851
1137
1548
1930
2182
2170
2203
2347
2639
2890
3020
3044
3041
3234
2653
564
-2515
-4824
-4915
-3387
-1671
-1067
-1535
-1875
-1507
-517
404
404
487
620
1151
1866
2806
3699
4176
3822
2184
-1546
-1546
-2104
-2094
-2317
-2832
-3369
-3448
-2828
-2080
-1645
-1633
-1598
-1228
-557
495
1550
2273
2371
1767
809
-497
-497
-505
-585
-931
-1417
-1697
-1743
-1592
-1469
-1526
-1638
-1601
-1331
-818
498
498
842
884
825
916
1306
1821
2205
2213
2115
2146
2437
2848
3101
3194
3155
3345
2955
1017
-2068
-4659
-5016
-3596
-1817
-1035
-1434
-1801
-1575
-720
475
475
699
1187
1780
2593
3578
4225
4081
2506
-1527
-1527
-2238
-2197
-2332
-2748
-3217
-3331
-2798
-2154
-1737
-1611
-1486
-1079
-567
286
1275
2091
2370
1822
847
-589
-589
-609
-669
-916
-1354
-1625
-1700
-1609
-1516
-1550
-1565
-1502
-1319
-929
-349
314
732
833
782
799
1157
1662
2088
2205
2176
2209
2378
2703
3009
3228
3380
3625
3137
991
-2256
-4809
-5095
-3576
-1776
-1039
-1427
-1798
-1520
-687
497
497
712
1126
1692
2531
3580
4301
4096
2425
-1657
-1657
-2316
-2244
-2334
-2738
-3214
-3315
-2803
-2152
-1701
-1499
-1346
-1019
-558
1327
1327
2234
2463
1734
597
-403
-706
-583
-536
-775
-1256
-1552
-1624
-1538
-1490
-1530
-1516
-1462
-1288
-921
-327
375
830
902
710
642
984
1548
2046
2241
2229
2264
2427
2770
3081
3271
3431
3648
3046
823
-2374
-4752
-4899
-3365
-1651
-1015
-1387
-1720
-1426
-653
312
312
608
911
1313
1813
2588
3578
4223
3911
2184
-1778
-1778
-2349
-2262
-2350
-2715
-3153
-3199
-2735
-2156
-1742
-1502
-1254
-869
-408
376
1377
2269
2452
1674
475
-563
-888
-734
-570
-716
-1152
-1489
-1625
-1579
-1489
-1450
-1389
-1343
-1201
-866
-308
407
889
983
787
685
978
1520
2062
2319
2383
2409
2555
2855
3161
3388
3708
3689
2253
-773
-3975
-5318
-4350
-2349
-1015
-1060
-1684
-1834
-1213
-346
523
523
819
1148
1564
2122
3089
4039
4395
3305
994
-1255
-2405
-2360
-2114
-2240
-2765
-3209
-3129
-2593
-2056
-1734
-1491
-1080
-589
964
964
1944
2536
2236
1185
-816
-816
-850
-617
-576
-911
-1316
-1533
-1537
-1443
-1377
-1329
-1273
-1166
-932
-478
755
755
1009
892
707
784
1235
1808
2212
2333
2312
2379
2629
2941
3175
3363
3720
3330
1287
-1979
-4626
-4926
-3360
-1436
-711
-1254
-1877
-1792
-938
319
319
701
1035
1463
1826
2437
3318
4066
4038
2452
-1828
-1828
-2405
-2037
-1788
-2054
-2733
-3179
-2998
-2478
-2006
-1737
-1389
-876
-353
396
1271
2146
2438
1875
732
-495
-996
-821
-439
-410
-882
-1378
-1703
-1692
-1546
-1427
-1282
-1184
-992
-737
397
397
916
1138
1024
907
1085
1578
2191
2569
2663
2617
2627
2812
3063
3394
3775
3330
1206
-2131
-4759
-5015
-3279
-1162
-304
-902
-1839
-2029
-1272
-311
371
854
1208
1569
1913
2511
3368
4053
3960
2367
-1937
-1937
-2411
-1839
-1312
-1448
-2285
-3066
-3189
-2697
-2109
-1693
-1286
-777
379
379
1161
1943
2258
1802
746
-458
-994
-758
-357
-357
-1048
-1614
-1744
-1556
-1313
-1107
-984
-842
-663
-348
657
657
960
966
873
1009
1495
2248
2861
3104
3047
2877
2888
3060
3452
3890
3265
922
-2523
-4924
-4832
-2865
-741
-989
-989
-2085
-2307
-1381
569
569
1096
1427
1804
2108
2774
3509
4085
3779
2021
-351
-2144
-2340
-1587
-958
-1135
-2134
-3081
-3293
-2798
-2135
-1711
-1238
-746
473
473
1252
1946
2050
1516
474
-585
-913
-495
-355
-355
-1199
-1844
-1869
-1533
-1154
-961
-873
-760
-625
-292
643
643
893
931
945
1153
1740
2601
3287
3554
3416
3232
3256
3634
4090
3387
898
-2564
-4913
-4809
-2855
-733
-934
-934
-2186
-2711
-2099
-972
1086
1086
1632
2006
2248
2793
3528
4144
3866
2180
-1962
-1962
-2248
-1452
-643
-729
-1815
-3091
-3717
-3484
-2778
-2038
-1291
-646
350
350
853
1426
1639
1376
595
-322
-660
-291
420
580
-1131
-1131
-2026
-2209
-1804
-1224
-842
-737
-706
-691
-477
312
312
627
725
819
1003
1523
2308
3003
3369
3265
3077
3038
3338
3923
3777
1996
-1201
-4066
-4807
-3417
-1219
-585
-585
-1927
-2845
-2541
-1486
-307
648
1255
1717
2006
2420
2981
3597
3841
2916
1030
-950
-1801
-1392
-590
-319
-1194
-2652
-3699
-3766
-3121
-2407
-1731
-1137
-603
444
444
933
1179
1192
913
323
495
495
832
461
-522
-1696
-2299
-2090
-1415
-844
-693
-732
-860
-818
-521
336
336
652
960
1240
1580
2192
2939
3578
3781
3652
3413
3421
3773
3366
1384
-1840
-4279
-4497
-2786
-743
-982
-982
-2475
-3208
-2680
-1570
-447
578
1357
2062
2359
2626
2811
3192
3374
2606
1029
-661
-1257
-791
-1043
-1043
-2772
-3953
-4006
-3292
-2464
-1695
-1057
-558
332
332
401
570
639
431
302
302
771
1069
741
-1556
-1556
-2189
-1916
-1121
-536
-474
-671
-925
-883
-621
431
431
912
1314
1669
2102
2743
3442
3917
4041
3925
3925
3870
2835
434
-2410
-3925
-3346
-1535
-292
-292
-1795
-3295
-3582
-2686
-1502
-461
330
1132
1859
2352
2557
2580
2762
2791
2290
1166
-343
-343
572
572
319
-1051
-2806
-3892
-3847
-3100
-2288
-1687
-1330
-993
-652
-372
454
454
622
605
621
796
918
731
-960
-960
-1564
-1446
-809
-300
-694
-694
-1134
-1210
-891
-450
625
625
1085
1514
1913
2360
2911
3451
3865
4037
4087
3648
2308
-1983
-1983
-2822
-2139
-644
-1839
-1839
-3347
-3771
-3052
-1869
-829
401
401
923
1395
1652
1721
1795
1814
1731
1349
855
551
632
882
653
-335
-1810
-2984
-3315
-2855
-2103
-1614
-1500
-1584
-1607
-1459
-1255
-997
-641
285
285
574
657
608
518
397
-304
-304
-665
-735
-496
-448
-448
-901
-1197
-1116
-704
398
398
603
858
1212
1650
2159
2697
3223
3687
3928
3510
2186
-1295
-1295
-1694
-934
293
886
322
-1129
-2523
-3123
-2825
-2037
-1249
-682
353
353
415
563
767
971
998
899
807
908
1149
1149
670
-1239
-1239
-1766
-1693
-1252
-917
-940
-1299
-1709
-1913
-1845
-1592
-1260
-900
-511
-342
-342
-510
-495
-286
376
376
438
511
705
993
1409
1838
2257
2645
2952
2913
2228
959
-341
-987
-661
310
1124
1124
-1177
-1177
-2197
-2381
-1999
-1328
-735
-367
-320
-320
-500
-468
511
511
549
440
319
435
612
639
-342
-342
-885
-1053
-845
-529
-380
-556
-882
-1229
-1417
-1474
-1383
-1164
-855
-532
-383
-415
-577
-651
-537
304
304
298
350
350
513
728
971
1244
1577
1939
2239
2188
1641
749
755
755
1091
854
-700
-700
-1311
-1480
-1407
-1127
-810
-525
-373
-476
-674
-891
-843
-588
291
291
395
347
-341
-341
-596
-597
-409
-307
-307
-582
-913
-1114
-1191
-1098
-869
-593
-402
-446
-628
-832
-823
-578
321
321
297
310
310
289
289
388
453
583
768
1013
1306
1581
1695
1511
1083
620
386
491
865
1144
1121
641
-654
-654
-965
-1007
-830
-600
-484
-483
-698
-960
-1201
-1244
-1029
-696
-331
-287
-287
-357
-357
-500
-629
-693
-698
-597
-474
-342
-318
-385
-474
-512
-400
317
317
398
460
636
881
1134
1299
1256
1110
843
661
627
723
830
869
757
488
-454
-454
-565
-545
-471
-436
-497
-655
-826
-917
-845
-684
-519
-454
-495
-531
-520
-393
-284
-309
-309
-385
-416
-372
-394
-394
-531
-569
-503
-342
-291
-291
-376
-362
469
469
642
763
786
741
669
635
647
707
736
734
654
534
392
-284
-284
-297
-324
-378
-465
-555
-596
-571
-465
-350
-315
-315
-393
-481
-526
-529
-489
-433
-408
-434
-506
-554
-546
-486
-427
-368
-357
-341
-313
365
365
420
424
385
370
382
462
534
586
578
518
441
357
305
-298
-298
-391
-451
-456
-438
-421
-433
-501
-575
-649
-657
-651
-611
-586
-535
-494
-454
-418
-377
-311
285
285
295
-343
-343
-416
-488
-530
-574
-596
-606
-599
-583
-571
-556
-532
-486
-437
-353
295
295
319
320
288
-312
-312
-359
-403
-427
-416
-384
-345
-313
-284
-318
-318
-361
-360
-327
-289
-285
-285
-316
-328
-349
-344
-325
-287
-334
-334
-389
-427
-439
-433
-421
-378
-339
-292
-332
-332
-449
-315
-315
-345
-345
-416
-367
-656
-515
-352
-455
-455
-902
-762
-669
-385
-343
-323
-323
-513
-439
-310
-310
-373
-320
-368
-368
-493
-591
-578
-535
-537
-550
-551
-548
-601
-817
-559
-500
-298
-447
-447
-370
-583
-347
-397
-397
-484
-425
-291
-291
-321
-359
-368
-386
-387
-333
-292
-296
-331
-364
-379
-363
-336
-305
295
295
329
369
382
368
373
370
397
400
454
467
403
394
373
360
388
337
-346
-346
-489
-546
-568
-639
-635
-741
-827
-839
-847
-800
-777
-771
-804
-819
-790
-782
-716
-653
-622
-558
-509
-451
-386
-342
-316
-321
295
295
308
441
512
487
548
555
622
724
871
984
976
957
943
945
1026
952
864
831
821
763
617
396
-346
-346
-623
-961
-1136
-1140
-1142
-1231
-1338
-1492
-1605
-1558
-1477
-1426
-1304
-1304
-1281
-1183
-1066
-988
-797
-653
-544
-455
-371
-354
-298
-298
-317
-333
-352
-309
-346
-350
-297
288
288
405
503
624
701
860
1009
1185
1279
1468
1534
1456
1365
1321
1346
1465
1417
1215
973
642
382
291
318
-598
-598
-985
-1187
-1119
-1175
-1337
-1581
-1873
-1973
-1750
-1615
-1532
-1591
-1637
-1571
-1361
-1158
-1079
-899
-805
-674
-546
-443
-425
-321
-326
-326
-448
-519
-555
-532
-484
-410
-376
-372
-306
342
342
462
597
711
883
1047
1165
1365
1513
1637
1786
1827
1684
1527
1530
1756
1911
1758
1370
985
764
736
758
747
430
-563
-563
-713
-666
-720
-908
-1160
-1395
-1629
-1733
-1678
-1542
-1485
-1495
-1542
-1493
-1492
-1349
-1103
-822
-705
-708
-704
-608
-427
-297
-297
-324
-308
-308
-320
336
336
475
673
870
987
1140
1236
1419
1538
1673
1817
2027
2155
2042
1910
1840
1990
2262
2178
1791
1442
1174
1196
1222
1169
818
353
-558
-558
-833
-1036
-1198
-1264
-1266
-1234
-1255
-1250
-1241
-1250
-1117
-996
-876
-614
-471
-397
-348
312
312
361
350
375
365
465
563
531
472
372
312
301
301
296
354
354
507
581
640
700
786
926
1157
1281
1460
1563
1695
1825
2041
2167
2458
2578
2412
2289
2288
2512
2650
2383
2023
1807
1801
1737
1401
1206
820
536
-303
-303
-729
-902
-1000
-1037
-1255
-1346
-1356
-1442
-1484
-1444
-1308
-1164
-1152
-1068
-918
-731
-564
-427
-294
-294
286
286
372
439
626
723
951
1177
1355
1505
1609
1895
1947
1934
1909
1923
1953
1915
1681
1661
1565
1431
982
732
594
494
-566
-566
-854
-977
-911
-1000
-1296
-1602
-1618
-1539
-1474
-1459
-1429
-1426
-1353
-1250
-1011
-752
-624
-549
-410
334
334
391
407
385
452
449
438
400
409
359
296
428
428
510
608
676
768
938
1124
1344
1531
1648
1712
1962
2192
2149
2057
1990
1856
1964
1878
1836
1668
1321
854
649
697
639
-560
-560
-876
-947
-1057
-1065
-1255
-1626
-1971
-2015
-1890
-1845
-1889
-1851
-2022
-2090
-2010
-1761
-1460
-1345
-1386
-1430
-1309
-1120
-960
-793
-734
-876
-924
-935
-789
-719
-732
-817
-867
-868
-870
-849
-735
-746
-808
-862
-859
-775
-692
-604
-566
-510
-448
-376
385
385
542
766
895
1077
1296
1258
1214
1141
1048
1119
1060
1016
885
510
-623
-623
-1020
-1297
-1341
-1389
-1335
-1482
-1769
-1990
-2033
-1855
-1839
-1861
-1837
-1909
-1886
-1862
-1742
-1494
-1391
-1304
-1322
-1213
-1080
-984
-798
-683
-712
-760
-841
-738
-672
-667
-746
-880
-918
-964
-958
-884
-879
-889
-977
-1019
-937
-883
-739
-650
-563
-508
-412
365
365
441
728
959
1195
1373
1648
1648
1632
1579
1491
1528
1699
1588
1479
1079
718
499
618
706
465
-365
-365
-713
-712
-640
-698
-834
-1176
-1423
-1448
-1253
-1100
-1136
-1209
-1322
-1345
-1165
-1009
-878
-788
-755
-699
-612
-453
-342
397
397
593
766
944
1085
1191
1402
1680
1859
2154
2217
2178
1969
1787
1862
2204
2245
2009
1332
908
835
1033
1246
975
491
-514
-514
-422
-424
-424
-981
-1220
-1255
-974
-771
-736
-838
-1129
-1222
-987
-677
-443
-470
-616
-590
-502
430
430
594
704
861
972
1137
1246
1525
1745
2107
2149
2133
1816
1634
1721
2212
2324
2052
1213
641
659
1038
1332
1013
439
-325
-687
-517
-431
-431
-1118
-1387
-1326
-944
-744
-737
-913
-1201
-1356
-1107
-713
-447
-422
-621
-737
-684
-331
320
320
370
370
600
640
708
795
987
1191
1432
1577
1829
1981
2005
1861
1516
1531
1870
2298
2105
1420
605
529
796
1292
1124
678
-652
-652
-649
-970
-970
-1399
-1379
-1079
-752
-723
-830
-1209
-1380
-1264
-865
-571
-533
-712
-796
-850
-641
-331
-464
-464
-459
-306
-306
-465
-394
-325
-325
-426
-420
-300
-288
-288
304
304
337
437
610
777
1063
1247
1439
1542
1533
1300
991
1095
1628
1949
1623
700
581
581
964
686
-721
-721
-1129
-901
-660
-660
-1543
-1816
-1621
-1226
-983
-973
-1246
-1671
-1831
-1475
-1011
-820
-959
-1199
-1188
-1092
-882
-603
-370
-400
-650
-751
-624
-415
-372
-372
-515
-684
-644
-448
-341
-341
-558
-664
-638
-540
-435
-370
-348
-431
-519
-423
353
353
557
836
1044
1130
1250
1371
1231
875
842
1340
1877
1709
791
564
564
930
773
306
-491
-1015
-904
-396
-396
-1318
-1686
-1459
-1070
-869
-800
-969
-1401
-1674
-1406
-834
-543
-718
-1022
-1011
-886
-678
-423
-407
-407
-525
-314
-305
-305
-287
-287
360
360
466
527
637
845
1118
1271
1385
1521
1700
1678
1249
1132
1570
2139
2158
1437
593
472
855
1311
1271
927
-460
-460
-456
504
504
-639
-639
-1135
-1032
-727
-484
-442
-486
-885
-1220
-1074
-583
-501
-501
-600
-566
-401
379
379
291
291
570
598
333
393
393
565
353
300
300
439
439
606
748
824
930
1024
1209
1391
1664
1872
1893
1456
1176
1377
2046
2407
1983
955
467
737
1280
1490
1297
661
-417
-417
556
556
558
-930
-930
-1039
-763
-498
-402
-367
-672
-1098
-1175
-783
-345
-420
-420
-569
-566
-514
-292
430
430
445
445
591
574
420
450
450
586
304
-302
-302
344
344
560
705
767
740
884
1143
1447
1635
1779
1696
1217
1099
1546
2243
2339
1559
628
538
986
1463
1380
1097
404
-336
-336
671
671
346
-541
-1032
-900
-616
-483
-456
-454
-852
-1223
-1109
-624
-296
-384
-617
-635
-591
-523
-319
354
354
409
409
494
507
460
471
471
549
291
-361
-361
-511
-343
305
305
473
477
423
543
865
1166
1318
1466
1544
1169
876
1139
1863
2240
1759
733
336
677
1211
1309
1099
555
-581
-581
496
496
473
-336
-1094
-1167
-873
-655
-584
-533
-838
-1320
-1449
-1026
-571
-497
-776
-908
-887
-817
-629
-349
-349
-317
357
357
333
390
390
408
-363
-363
-527
-588
-487
-382
-432
-556
-526
-428
-356
-303
441
441
681
823
965
1195
1396
1279
898
932
1434
1977
1860
1092
432
485
902
1226
1154
799
-501
-501
-358
506
506
-830
-830
-1172
-988
-727
-626
-614
-801
-1269
-1526
-1243
-770
-614
-828
-1026
-998
-924
-787
-475
-339
-339
-382
405
405
367
399
399
481
-342
-342
-481
-564
-568
-532
-487
-567
-744
-735
-581
-445
-434
-485
-394
336
336
480
750
954
1132
1226
1092
837
914
1371
1784
1617
961
399
477
912
1123
981
578
-462
-462
-303
313
313
-921
-921
-1206
-1027
-810
-764
-803
-1008
-1371
-1523
-1263
-907
-814
-963
-1092
-1069
-953
-796
-502
-339
-339
-388
326
326
373
310
322
322
427
-297
-297
-401
-401
-659
-740
-652
-512
-535
-703
-830
-757
-632
-540
-506
-459
-392
-299
308
308
526
775
914
1058
1211
1167
924
976
1378
1772
1609
996
528
660
996
1103
942
625
-334
-334
-896
-896
-1087
-893
-762
-766
-813
-988
-1316
-1445
-1185
-857
-820
-990
-1057
-967
-861
-751
-495
-340
-340
294
294
379
380
297
350
350
498
347
-478
-478
-710
-647
-494
-461
-616
-745
-775
-695
-618
-525
-466
-416
-403
-324
422
422
599
746
864
1083
1231
1133
839
933
1362
1689
1411
841
475
599
828
910
782
441
-452
-452
-493
-493
-1014
-1118
-1005
-939
-930
-964
-1190
-1558
-1555
-1277
-1030
-1050
-1199
-1213
-1113
-1059
-864
-587
-421
-403
-470
-380
-366
-366
-312
-334
-499
-756
-788
-747
-731
-738
-783
-814
-823
-859
-782
-626
-586
-636
-577
-419
286
286
430
591
784
997
1072
1143
923
849
1156
1532
1502
1074
581
404
634
802
751
458
-401
-401
-424
-311
-311
-854
-1090
-1044
-977
-851
-935
-1052
-1301
-1447
-1265
-1013
-917
-978
-1019
-950
-836
-728
-523
-343
358
358
324
308
359
324
337
376
286
-358
-358
-521
-591
-570
-615
-642
-720
-778
-843
-701
-655
-664
-611
-625
-470
-363
-294
291
291
489
613
750
877
1051
1180
1061
847
813
1183
1472
1272
706
342
437
611
709
554
-585
-585
-438
-673
-673
-1150
-1193
-1082
-984
-979
-1073
-1151
-1409
-1482
-1156
-899
-978
-986
-998
-887
-742
-656
-427
313
313
300
297
285
368
368
306
-328
-328
-430
-430
-544
-661
-691
-785
-832
-775
-883
-842
-879
-836
-789
-680
-656
-593
-456
-389
-353
291
291
436
544
601
808
1013
990
815
647
805
1264
1301
809
358
309
474
531
577
361
-420
-420
-429
-370
-370
-836
-1099
-865
-885
-1045
-912
-948
-1211
-1407
-1268
-941
-916
-941
-850
-794
-793
-663
-404
-284
339
339
346
346
290
-309
-309
-320
-371
-484
-548
-672
-794
-839
-802
-783
-784
-877
-902
-830
-800
-713
-631
-541
-499
-400
381
381
510
653
785
970
1136
1095
920
834
959
1174
1302
1014
637
394
487
567
681
484
-363
-363
-421
-625
-625
-920
-953
-849
-776
-772
-808
-960
-1096
-963
-791
-619
-627
-631
-591
-562
-473
343
343
438
448
425
343
406
519
517
348
-333
-333
-499
-535
-514
-538
-628
-720
-765
-811
-733
-641
-613
-597
-656
-578
-389
307
307
431
499
588
696
840
919
1096
1211
1202
1069
971
1066
1343
1411
1179
726
540
622
745
778
524
-513
-513
-857
-816
-791
-698
-728
-844
-919
-960
-882
-696
-621
-550
-562
-531
-470
-373
289
289
339
383
390
427
451
363
377
350
297
-291
-291
-357
-392
-507
-549
-590
-657
-649
-626
-667
-618
-664
-620
-496
-405
-319
356
356
472
620
648
725
805
905
1040
1182
1124
1085
1015
1018
1173
1316
1148
873
632
532
613
650
490
-346
-346
-288
-420
-420
-685
-852
-818
-717
-671
-693
-763
-884
-886
-755
-592
-529
-508
-466
-446
-340
348
348
443
499
540
540
532
498
495
478
475
363
-376
-376
-320
-405
-484
-510
-675
-646
-595
-516
-488
-557
-531
-468
-389
343
343
388
468
551
643
749
820
851
1019
1084
1093
1092
948
950
972
1046
1027
877
658
427
409
461
384
-356
-356
-388
-310
-409
-658
-829
-900
-871
-757
-761
-805
-887
-893
-749
-662
-560
-487
-415
-359
321
321
381
439
430
485
464
421
367
343
365
286
-342
-342
-367
-385
-487
-528
-627
-642
-532
-583
-570
-600
-553
-502
-407
-295
-316
331
331
384
493
601
646
707
773
841
927
1003
998
918
904
918
919
894
836
746
577
444
391
381
-342
-342
-408
-420
-548
-666
-769
-734
-676
-675
-717
-702
-692
-672
-566
-468
-437
-330
290
290
307
359
391
391
425
405
454
398
295
-284
-284
-338
-439
-446
-509
-536
-569
-648
-642
-645
-587
-518
-568
-550
-494
-409
294
294
363
388
482
555
633
700
742
785
852
897
905
853
825
844
841
757
645
591
498
425
294
-317
-317
-396
-543
-579
-602
-671
-734
-785
-774
-732
-762
-710
-661
-677
-621
-541
-486
-371
-332
-304
-313
-313
-392
-470
-488
-489
-521
-570
-605
-605
-590
-534
-522
-482
-479
-458
-354
315
315
349
421
445
500
559
568
613
653
616
598
579
583
577
567
472
353
-315
-315
-423
-510
-588
-595
-612
-618
-618
-679
-678
-668
-633
-584
-579
-474
-485
-466
-384
-321
-289
-289
-323
-339
-374
-426
-388
-406
-413
-383
-379
-347
-339
291
291
344
364
398
433
469
487
530
541
459
449
482
501
465
396
314
-317
-317
-415
-454
-471
-463
-480
-529
-551
-552
-509
-501
-490
-457
-448
-363
-304
-317
-317
-311
-314
-331
-337
-319
-329
-320
-288
322
322
356
377
383
413
446
445
431
449
443
440
397
334
335
-286
-286
-326
-381
-429
-453
-466
-487
-448
-468
-466
-491
-453
-437
-397
-371
-352
-287
332
332
323
327
298
308
315
318
311
-308
-308
-344
-348
-354
-396
-423
-401
-438
-425
-409
-413
-392
-377
-363
-314
-302
-302
-299
-299
-301
