173
173
182
188
197
195
200
199
199
203
194
178
-193
-193
-219
-243
-256
-264
-263
-262
-259
-251
-245
-232
-210
-196
-173
189
189
211
231
257
274
298
317
341
361
371
369
359
340
306
260
208
-204
-204
-270
-318
-360
-390
-404
-405
-402
-386
-374
-347
-324
-286
-243
-207
-172
201
201
244
291
330
371
405
444
471
497
509
513
497
466
418
355
278
191
-178
-178
-249
-324
-386
-440
-473
-487
-495
-488
-468
-444
-414
-379
-339
-294
-247
-199
-179
-179
-207
-235
-234
-210
-198
-178
194
194
245
301
349
392
432
470
510
542
569
593
620
620
605
579
539
480
397
306
192
-264
-264
-359
-439
-504
-557
-586
-591
-582
-573
-543
-483
-423
-360
-311
-249
-179
184
184
208
226
232
227
207
185
-222
-222
-277
-315
-353
-379
-392
-390
-372
-346
-310
-255
-201
227
227
291
354
413
464
495
526
546
567
580
588
593
601
603
583
546
505
446
368
275
-185
-185
-300
-403
-485
-555
-611
-648
-658
-643
-615
-581
-522
-455
-390
-328
-263
-193
171
171
199
208
206
185
-215
-215
-282
-330
-365
-398
-412
-411
-393
-370
-334
-300
-243
-169
182
182
243
299
356
402
439
471
495
519
536
538
542
561
579
590
590
578
551
513
465
395
302
189
-275
-275
-386
-474
-540
-603
-636
-638
-622
-601
-574
-526
-465
-399
-341
-282
-222
192
192
192
190
177
-173
-173
-229
-285
-317
-354
-382
-386
-379
-353
-329
-298
-254
-201
182
182
239
280
316
342
371
399
426
447
455
475
490
514
539
566
583
591
561
529
499
434
342
214
-268
-268
-370
-455
-519
-592
-623
-623
-599
-571
-550
-492
-421
-353
-308
-256
-208
197
197
202
208
208
202
178
-222
-222
-285
-342
-403
-454
-478
-478
-474
-470
-450
-406
-364
-311
-269
-206
182
182
224
260
315
364
404
425
452
483
512
529
552
573
599
614
633
667
683
679
631
582
501
409
269
-275
-275
-405
-492
-558
-624
-682
-683
-667
-636
-614
-550
-482
-418
-365
-297
-217
201
201
258
306
351
368
372
373
361
317
243
172
-218
-218
-315
-397
-483
-551
-595
-629
-649
-649
-644
-612
-570
-535
-490
-444
-368
-302
-231
227
227
300
355
400
448
493
521
546
557
579
593
598
601
597
605
614
622
639
641
623
535
449
331
242
-226
-226
-365
-474
-587
-671
-738
-748
-781
-766
-751
-664
-598
-536
-472
-391
-291
-220
185
185
266
332
364
386
405
435
416
375
306
242
-189
-189
-304
-419
-534
-631
-692
-750
-798
-824
-808
-780
-742
-708
-658
-584
-503
-430
-337
-244
248
248
333
397
454
504
549
583
590
610
616
610
601
590
592
580
560
541
546
544
571
563
562
483
391
291
200
-228
-228
-383
-458
-587
-675
-757
-761
-792
-798
-773
-683
-587
-534
-469
-390
-260
-178
193
193
244
325
395
426
445
446
487
458
431
343
279
188
-174
-174
-295
-433
-552
-662
-721
-790
-820
-872
-855
-826
-776
-745
-695
-621
-539
-462
-382
-278
-181
203
203
299
360
422
479
535
568
574
587
584
589
564
553
533
532
503
491
480
488
481
483
487
494
431
319
212
-312
-312
-462
-534
-664
-768
-841
-821
-820
-822
-804
-691
-573
-508
-454
-355
-211
179
179
214
267
342
426
445
448
460
497
488
445
358
284
199
-201
-201
-318
-458
-594
-715
-778
-834
-888
-931
-920
-885
-841
-821
-767
-688
-604
-531
-450
-347
-232
198
198
300
370
438
510
578
608
621
625
639
632
608
576
553
530
497
459
443
450
446
452
457
484
433
341
228
-264
-264
-427
-485
-607
-702
-789
-774
-770
-758
-742
-635
-499
-417
-358
-283
209
209
234
244
300
377
397
395
391
435
433
402
321
230
-270
-270
-390
-546
-677
-805
-873
-931
-960
-1005
-994
-961
-906
-854
-798
-724
-643
-542
-452
-359
-255
180
180
288
374
437
501
559
602
610
609
595
578
549
517
490
464
437
413
402
411
441
468
499
526
512
450
359
265
188
-322
-322
-420
-534
-631
-736
-751
-747
-738
-714
-651
-534
-452
-384
-317
-200
187
187
238
323
371
389
393
447
473
471
400
351
290
171
-232
-232
-404
-549
-726
-798
-886
-927
-994
-991
-971
-919
-884
-833
-746
-670
-591
-533
-424
-318
-209
206
206
295
374
461
531
585
594
629
640
654
612
582
552
525
490
448
433
439
458
461
508
537
588
546
488
397
331
238
-283
-283
-398
-533
-650
-770
-792
-806
-792
-786
-702
-586
-492
-421
-352
-233
193
193
257
340
401
429
453
502
538
533
478
433
367
294
-297
-297
-484
-654
-790
-873
-954
-1036
-1067
-1057
-1002
-973
-918
-861
-752
-671
-589
-505
-380
-258
174
174
269
359
429
525
587
622
634
661
675
661
632
603
594
568
536
505
511
531
553
585
612
647
622
558
467
368
262
-289
-289
-413
-555
-681
-792
-834
-835
-831
-803
-728
-612
-515
-423
-351
-228
197
197
249
305
385
447
489
516
570
591
588
527
481
406
314
172
-318
-318
-479
-662
-796
-913
-974
-1043
-1062
-1069
-1022
-984
-922
-862
-770
-673
-587
-496
-401
-275
-171
262
262
353
433
507
575
612
650
659
678
666
657
610
601
584
561
532
528
557
574
630
666
706
685
612
507
396
284
-287
-287
-437
-586
-713
-823
-860
-864
-862
-837
-755
-633
-532
-445
-379
-271
-172
213
213
279
371
440
490
520
569
597
605
555
497
413
316
169
-170
-170
-340
-513
-699
-838
-961
-1029
-1111
-1138
-1147
-1099
-1051
-980
-916
-814
-709
-596
-487
-381
-245
226
226
332
435
505
580
644
704
743
739
756
739
723
679
666
641
616
584
591
617
652
691
708
704
627
535
399
299
-290
-290
-459
-600
-724
-826
-898
-901
-900
-858
-798
-666
-550
-442
-373
-261
214
214
275
337
438
524
591
618
655
696
700
659
579
488
367
242
-283
-283
-473
-638
-808
-919
-1021
-1071
-1130
-1138
-1118
-1069
-1015
-946
-863
-766
-653
-542
-428
-311
-176
180
180
297
412
497
575
640
703
746
774
779
780
761
750
717
694
661
651
632
655
682
729
764
784
733
631
518
382
253
-169
-169
-394
-535
-690
-802
-904
-921
-916
-897
-854
-760
-615
-512
-432
-362
-240
234
234
306
399
521
612
682
705
755
776
768
681
581
456
319
-208
-208
-409
-582
-757
-874
-980
-1041
-1105
-1134
-1139
-1104
-1057
-999
-925
-854
-752
-645
-521
-405
-270
274
274
396
496
581
654
720
766
795
807
812
793
780
750
734
714
702
702
735
765
833
880
909
863
748
613
459
325
-395
-395
-538
-690
-807
-915
-930
-914
-874
-831
-741
-587
-471
-394
-338
-223
194
194
286
378
480
609
712
790
819
859
875
847
746
617
472
317
-238
-238
-432
-616
-767
-897
-998
-1071
-1121
-1147
-1141
-1119
-1070
-1017
-961
-886
-791
-672
-541
-404
-272
279
279
400
511
585
651
706
748
774
788
784
766
748
733
730
707
716
716
768
800
874
919
961
904
777
617
450
316
-175
-175
-447
-594
-748
-841
-961
-959
-935
-886
-848
-755
-613
-497
-427
-397
-298
-191
252
252
356
474
621
742
825
854
896
892
860
754
611
454
294
-265
-265
-458
-624
-758
-869
-972
-1039
-1068
-1097
-1108
-1102
-1066
-1020
-977
-913
-826
-704
-577
-451
-313
285
285
415
529
620
686
730
771
809
830
824
814
809
818
805
795
809
852
893
935
1005
1062
1089
975
798
594
439
254
-317
-317
-563
-712
-848
-956
-1048
-1025
-987
-947
-909
-796
-652
-544
-519
-472
-372
-246
176
176
324
464
625
796
931
996
1024
1026
997
934
792
614
411
221
-185
-185
-390
-567
-717
-846
-958
-1041
-1079
-1112
-1132
-1161
-1139
-1120
-1065
-1026
-958
-858
-725
-578
-429
-259
251
251
388
503
610
684
730
745
763
780
780
764
749
746
744
746
747
769
836
896
975
1027
1067
1036
878
670
451
280
-237
-237
-527
-710
-843
-931
-1018
-1029
-987
-922
-884
-824
-709
-598
-537
-531
-469
-377
-261
273
273
444
618
806
959
1070
1093
1089
1032
954
815
633
427
219
-320
-320
-490
-623
-760
-847
-954
-1022
-1090
-1129
-1183
-1223
-1236
-1206
-1134
-1062
-951
-818
-629
-453
-248
293
293
435
542
624
686
744
772
775
790
801
823
834
843
848
863
885
912
964
1009
1078
1122
1127
1036
850
623
403
215
-313
-313
-589
-744
-854
-928
-1009
-1003
-961
-905
-894
-846
-752
-663
-615
-601
-543
-421
-269
189
189
388
579
761
933
1070
1147
1140
1087
990
876
730
544
333
-305
-305
-462
-608
-723
-842
-973
-1106
-1196
-1281
-1346
-1401
-1398
-1349
-1241
-1115
-963
-785
-566
-351
172
172
313
420
499
548
596
650
703
742
782
830
891
932
944
967
986
998
1001
1015
1041
1099
1119
1113
973
757
527
340
173
-358
-358
-612
-759
-844
-930
-1015
-1037
-1005
-988
-993
-961
-859
-755
-691
-660
-569
-424
-230
285
285
478
678
855
1011
1108
1153
1121
1057
945
834
685
520
343
-271
-271
-431
-598
-758
-908
-1055
-1185
-1313
-1394
-1452
-1477
-1461
-1376
-1231
-1064
-885
-702
-493
-272
192
192
295
391
465
529
589
655
729
791
858
928
987
1024
1030
1029
1019
1008
1019
1020
1039
1072
1100
1068
891
666
442
294
-466
-466
-679
-805
-877
-985
-1056
-1077
-1051
-1045
-1033
-991
-888
-791
-726
-658
-559
-387
-190
213
213
379
547
741
932
1069
1121
1118
1080
998
885
733
574
411
249
-209
-209
-344
-501
-689
-871
-1032
-1187
-1329
-1456
-1548
-1587
-1587
-1509
-1379
-1217
-1017
-814
-601
-400
-208
202
202
287
362
448
524
613
693
788
876
967
1041
1098
1113
1101
1069
1030
1005
988
991
1035
1085
1099
969
754
509
337
189
-330
-330
-615
-800
-888
-966
-1061
-1108
-1119
-1095
-1093
-1056
-977
-888
-794
-714
-632
-496
-316
344
344
513
674
877
1060
1163
1166
1113
1041
950
820
664
507
347
197
-262
-262
-393
-547
-753
-976
-1183
-1318
-1422
-1515
-1600
-1622
-1575
-1450
-1289
-1081
-881
-678
-487
-308
229
229
307
380
470
581
723
845
938
1014
1071
1147
1188
1157
1093
1031
992
982
973
1028
1076
1127
1034
817
540
305
-289
-289
-623
-874
-983
-995
-1031
-1070
-1112
-1109
-1092
-1062
-1024
-971
-886
-805
-726
-619
-473
-230
328
328
519
647
812
997
1157
1201
1126
992
859
738
618
474
318
201
-182
-182
-362
-533
-725
-948
-1189
-1403
-1544
-1612
-1641
-1632
-1591
-1481
-1308
-1079
-855
-675
-533
-399
-274
177
177
300
426
559
720
903
1066
1175
1218
1198
1177
1148
1100
1035
977
952
970
1075
1169
1236
1124
887
560
281
-393
-393
-679
-920
-1054
-1088
-1066
-1018
-1003
-992
-1028
-1062
-1069
-1035
-974
-889
-795
-699
-547
-322
362
362
642
796
904
1001
1084
1121
1064
944
792
636
511
429
363
325
266
-267
-267
-533
-782
-998
-1211
-1434
-1627
-1724
-1712
-1604
-1460
-1295
-1139
-985
-825
-680
-570
-476
-390
-313
-213
309
309
542
763
946
1078
1178
1246
1277
1250
1168
1066
989
953
986
1047
1152
1291
1417
1434
1232
883
440
-175
-175
-394
-657
-908
-1085
-1116
-1059
-966
-894
-894
-945
-1059
-1166
-1265
-1313
-1285
-1140
-960
-753
-523
-223
173
575
870
987
995
943
909
865
815
736
660
592
571
584
593
580
515
366
-307
-307
-736
-1089
-1336
-1482
-1590
-1649
-1646
-1555
-1394
-1200
-1046
-963
-933
-949
-930
-904
-832
-694
-489
-238
303
303
565
811
1024
1172
1217
1174
1090
1031
1001
1005
1034
1093
1182
1303
1418
1547
1637
1656
1481
1100
557
-364
-364
-552
-596
-618
-648
-681
-684
-690
-697
-774
-916
-1138
-1372
-1578
-1702
-1666
-1449
-1057
-631
-246
223
223
399
561
660
664
584
480
432
470
602
787
969
1102
1147
1066
871
586
284
-322
-322
-662
-993
-1247
-1345
-1286
-1153
-1029
-987
-1021
-1139
-1270
-1385
-1449
-1455
-1373
-1220
-1030
-790
-514
-185
445
445
607
630
568
523
539
633
776
946
1095
1246
1357
1442
1482
1492
1481
1441
1390
1296
1137
881
595
277
-310
-310
-494
-698
-916
-1114
-1302
-1420
-1485
-1476
-1409
-1295
-1128
-901
-647
-426
-284
-229
-189
281
281
479
686
859
992
1055
1046
980
874
749
593
429
229
-172
-172
-303
-439
-586
-723
-842
-986
-1141
-1296
-1401
-1453
-1420
-1355
-1238
-1098
-930
-759
-623
-516
-419
-306
-169
280
280
433
619
804
974
1118
1189
1192
1149
1089
1034
992
986
1020
1129
1258
1346
1327
1133
804
404
-183
-183
-278
-296
-261
-246
-275
-377
-515
-696
-867
-1005
-1089
-1122
-1137
-1119
-1056
-920
-716
-475
-265
254
254
462
639
742
752
671
559
440
343
256
177
-285
-285
-410
-503
-559
-588
-639
-710
-816
-930
-1014
-1032
-976
-845
-672
-483
-338
-250
-222
-214
-175
173
173
230
285
344
408
477
536
583
610
617
620
623
642
697
791
884
925
875
718
490
261
172
172
-311
-311
-491
-590
-586
-506
-376
-265
-171
-204
-204
-283
-347
-364
-322
-229
-192
-192
-255
-297
-315
-313
-291
-261
-242
-245
-270
-305
-338
-374
-378
-361
-323
-255
-187
218
218
316
379
407
422
419
415
433
478
530
549
535
466
380
304
266
287
326
361
374
358
299
211
-172
-172
-221
-221
-239
-225
-175
-180
-180
-277
-384
-464
-499
-480
-425
-340
-271
-230
-241
-298
-383
-474
-512
-491
-421
-304
-190
-178
-178
173
173
255
294
286
238
179
211
211
284
345
390
393
365
309
256
216
208
253
320
394
438
437
396
343
284
222
192
190
209
234
264
280
261
222
-188
-188
-218
-248
-266
-281
-300
-316
-326
-348
-364
-367
-367
-365
-355
-340
-320
-282
-251
-232
-225
-229
-227
-214
-182
188
188
212
243
283
315
337
346
352
345
346
370
406
460
486
509
517
501
469
413
369
342
317
317
312
299
284
235
192
-174
-174
-209
-247
-280
-302
-325
-340
-344
-341
-331
-319
-310
-306
-298
-296
-289
-259
-240
-210
-176
200
200
245
270
307
333
364
390
423
472
510
550
543
537
510
503
480
458
435
401
380
343
321
291
256
212
170
-181
-181
-216
-257
-275
-283
-293
-282
-284
-275
-263
-238
-215
-209
-205
-201
-190
-184
-172
168
168
221
283
344
384
423
442
456
480
519
563
592
599
581
560
529
507
471
436
389
332
295
265
240
211
-173
-173
-181
-188
-206
-226
-238
-248
-261
-267
-259
-256
-255
-255
-251
-228
-214
-201
-196
-186
-186
-172
-174
-174
-182
-192
-187
-183
-168
-170
-170
-172
196
196
238
300
354
396
432
447
463
477
503
532
553
556
547
530
528
517
490
486
442
355
264
203
207
239
222
173
-200
-200
-211
-192
-182
-195
-216
-243
-244
-235
-237
-247
-274
-277
-267
-229
-183
-168
-173
-193
-181
-174
-174
-231
-231
-348
-378
-302
-178
-218
-218
-340
-384
-351
-258
227
227
361
452
559
681
806
787
593
374
374
667
996
1104
963
730
611
520
504
444
308
240
240
168
-187
-564
-692
-613
-532
-503
-469
-476
-658
-886
-921
-715
-515
-520
-579
-532
-383
-291
-300
-288
-239
-192
429
429
474
268
401
401
563
597
545
433
284
176
-196
-196
-316
-258
-192
-304
-573
-848
-1005
-1033
-949
-841
-865
-991
-1074
-1045
-930
-819
-693
-568
-448
-322
218
218
372
581
779
962
1086
1136
1202
1323
1552
1771
1953
1978
1744
1197
793
971
1598
1921
1501
718
202
-518
-518
-1232
-1459
-1199
-1047
-1322
-1522
-1393
-1211
-1314
-1441
-1301
-1095
-1116
-1061
-611
-330
-330
-391
539
539
800
918
1024
930
689
673
1064
1420
1352
891
656
656
679
547
343
-427
-427
-582
-641
-774
-1135
-1363
-1371
-1230
-1267
-1462
-1614
-1648
-1510
-1287
-1096
-992
-1055
-967
-708
-327
239
239
337
499
773
1038
1231
1246
1297
1412
1609
1744
1845
1835
1935
2014
1958
1671
1050
915
1119
1568
1524
863
179
-226
-479
-417
-318
-510
-510
-1355
-1943
-1793
-1326
-1261
-1482
-1525
-1619
-1755
-1794
-1356
-861
-800
-949
-796
-337
377
377
670
721
838
1029
1070
967
880
1118
1274
1125
778
566
450
342
268
240
-398
-398
-894
-1033
-957
-944
-1108
-1303
-1451
-1614
-1623
-1445
-1220
-1199
-1261
-1170
-907
-664
-516
-359
389
389
621
812
945
1063
1264
1610
1793
1906
1839
2063
2116
2075
1545
1330
1512
1902
2041
1360
756
234
172
172
-815
-815
-1600
-1749
-1329
-1070
-1304
-1458
-1708
-1882
-2081
-1733
-1179
-886
-1107
-1331
-1103
-735
-473
-195
195
195
478
478
728
887
826
901
913
826
778
815
757
609
448
336
195
-283
-283
-403
-425
-695
-860
-990
-1068
-1198
-1210
-1134
-1123
-1228
-1265
-1086
-854
-682
-663
-476
-303
179
179
481
716
832
915
1165
1525
1858
1902
1656
1322
1286
1708
2213
2166
1498
937
735
912
915
904
689
228
-496
-849
-618
-294
-534
-1130
-1458
-1495
-1453
-1490
-1308
-1204
-1376
-1726
-1650
-1203
-865
-893
-890
-744
-539
-492
-302
238
238
271
228
413
556
558
597
769
829
736
552
512
486
394
312
224
-235
-235
-387
-407
-373
-493
-656
-804
-877
-924
-869
-775
-720
-770
-822
-662
-527
-291
-169
175
175
366
522
777
1111
1307
1463
1127
1038
1163
1730
2178
1873
1254
875
931
1212
1295
1220
952
270
-242
-350
308
308
-233
-823
-1172
-1134
-1093
-1054
-904
-1008
-1414
-1754
-1611
-1077
-914
-1012
-1101
-1067
-912
-796
-532
-185
-190
-190
-199
295
295
409
500
521
518
469
482
638
688
546
429
285
215
-277
-277
-535
-611
-582
-583
-559
-576
-688
-817
-853
-645
-412
-321
-331
-344
-196
256
256
577
733
853
906
1155
1155
983
1057
1401
1993
1795
1183
866
1002
1276
1301
1135
973
481
204
204
483
-713
-713
-1002
-918
-852
-904
-843
-921
-1293
-1643
-1522
-1029
-845
-1061
-1187
-1162
-985
-860
-659
-356
-283
-373
-383
304
304
418
454
418
365
411
623
789
636
504
286
252
219
224
312
-428
-428
-448
-341
-343
-409
-498
-648
-724
-765
-538
-325
-324
-355
-441
-249
209
209
405
537
602
750
969
1200
938
855
1090
1654
1958
1386
919
865
1185
1371
1276
1084
767
204
188
188
589
359
-438
-839
-817
-596
-666
-799
-876
-1094
-1432
-1480
-1154
-811
-1003
-1253
-1238
-1063
-864
-786
-592
-469
-507
-560
-376
235
235
260
244
241
397
556
595
409
289
260
195
228
246
210
-286
-286
-385
-295
-238
-327
-485
-570
-637
-672
-537
-383
-334
-412
-469
-351
204
204
319
412
544
768
1051
1098
743
759
1048
1727
1841
1221
783
840
1221
1355
1231
980
591
356
356
657
187
-535
-764
-607
-447
-630
-774
-891
-1073
-1313
-1298
-1011
-823
-1091
-1228
-1160
-985
-862
-799
-606
-517
-522
-537
-327
176
176
228
241
266
428
552
446
380
302
332
308
198
270
-230
-230
-221
-240
-240
-381
-454
-488
-497
-563
-533
-373
-461
-464
-426
-240
218
218
434
598
717
987
979
628
759
1089
1766
1751
1065
666
840
1357
1435
1178
882
521
194
224
448
715
171
-549
-729
-462
-273
-562
-775
-868
-1031
-1232
-1268
-973
-770
-1060
-1234
-1190
-976
-869
-814
-595
-527
-566
-623
-439
192
192
262
475
580
460
302
230
332
379
310
276
-196
-196
-173
-192
-192
-384
-518
-536
-480
-521
-484
-462
-497
-531
-450
-267
174
174
341
527
626
871
993
760
711
945
1458
1746
1321
830
780
1155
1403
1235
991
697
412
291
338
563
409
-182
-538
-475
-288
-426
-703
-769
-842
-986
-1169
-1079
-793
-837
-1050
-1115
-999
-860
-818
-666
-494
-478
-552
-526
-199
183
183
285
433
556
490
364
303
334
445
373
288
197
-294
-294
-429
-476
-463
-471
-494
-433
-460
-498
-480
-318
-180
275
275
441
549
718
945
908
713
827
1186
1603
1535
993
754
942
1286
1249
1011
790
538
324
271
381
473
-407
-407
-497
-369
-354
-624
-715
-697
-803
-1027
-1137
-901
-723
-891
-1044
-996
-881
-830
-787
-560
-451
-491
-567
-416
261
261
400
459
334
281
269
396
342
235
207
-210
-210
-376
-450
-465
-467
-540
-472
-423
-428
-506
-456
-264
349
349
492
582
833
931
827
702
954
1356
1674
1318
872
817
1141
1335
1164
935
704
481
282
313
466
426
-467
-467
-451
-318
-439
-671
-667
-689
-868
-1140
-1059
-760
-710
-945
-1027
-964
-850
-826
-667
-459
-445
-564
-578
-284
182
182
306
424
410
321
247
284
362
274
230
193
-261
-261
-388
-466
-496
-544
-531
-416
-415
-487
-544
-429
-184
375
375
522
700
885
829
618
749
1111
1584
1464
926
685
933
1294
1232
979
765
581
360
313
426
553
-335
-335
-424
-271
-264
-546
-617
-598
-726
-1007
-1089
-818
-634
-849
-1038
-1013
-887
-830
-749
-544
-484
-560
-626
-429
351
351
394
312
220
226
344
353
250
194
-224
-224
-346
-440
-455
-486
-553
-513
-457
-504
-579
-532
-359
-239
-198
211
211
339
494
719
886
785
576
819
1196
1600
1371
853
709
998
1274
1214
967
756
512
301
321
459
511
-412
-412
-427
-271
-317
-555
-596
-595
-786
-1039
-1035
-743
-624
-881
-1011
-955
-848
-807
-688
-466
-439
-567
-601
-367
262
262
412
375
264
243
280
381
358
231
204
-258
-258
-339
-404
-450
-477
-499
-447
-387
-469
-500
-430
-246
290
290
452
568
792
892
671
627
920
1360
1559
1091
690
738
1122
1247
1014
815
633
388
264
331
486
320
-238
-466
-347
-216
-449
-645
-575
-618
-840
-1035
-875
-619
-700
-959
-978
-846
-785
-785
-596
-427
-497
-620
-543
-232
253
253
369
291
206
216
318
328
278
170
192
-262
-262
-345
-409
-452
-482
-444
-360
-344
-440
-499
-331
172
172
352
481
665
889
854
645
661
1079
1461
1465
951
650
807
1189
1190
941
735
528
329
250
406
474
180
-316
-436
-266
-233
-507
-617
-524
-629
-876
-982
-749
-574
-725
-933
-902
-776
-751
-714
-502
-402
-523
-591
-438
179
179
324
361
229
170
241
343
302
240
173
-178
-178
-329
-364
-414
-465
-505
-437
-401
-430
-498
-503
-273
-172
194
194
402
508
713
855
853
654
731
1175
1449
1458
900
690
845
1201
1158
919
692
513
272
238
383
385
-436
-436
-496
-357
-323
-582
-674
-605
-726
-976
-1009
-773
-612
-759
-959
-892
-784
-736
-682
-436
-371
-532
-600
-400
296
296
338
189
187
187
295
238
180
-209
-209
-352
-387
-419
-467
-499
-430
-403
-437
-478
-468
-238
238
238
407
464
688
875
879
652
634
1104
1430
1499
914
638
760
1121
1123
929
677
474
199
328
328
363
-470
-470
-549
-408
-354
-585
-692
-633
-749
-1009
-1045
-787
-605
-733
-943
-860
-775
-718
-641
-393
-292
-494
-587
-374
191
191
338
384
250
178
178
230
278
221
-187
-187
-170
-217
-217
-375
-449
-478
-507
-458
-437
-401
-457
-536
-454
-252
214
214
371
515
660
905
840
681
614
1074
1396
1497
986
634
700
1041
1132
934
725
428
273
273
343
-458
-458
-640
-499
-414
-590
-728
-677
-820
-1040
-1111
-855
-670
-763
-1004
-961
-854
-770
-670
-432
-334
-500
-606
-431
227
227
377
422
280
172
172
236
298
235
-195
-195
-184
-218
-218
-382
-490
-537
-561
-510
-468
-432
-478
-562
-479
-325
224
224
369
544
674
938
953
902
679
942
1335
1578
1437
812
681
899
1218
1142
868
538
275
189
189
311
277
-190
-699
-640
-491
-475
-721
-799
-823
-991
-1141
-1049
-790
-681
-918
-1026
-887
-779
-668
-536
-317
-364
-528
-480
187
187
254
254
362
468
422
252
213
213
282
296
210
-196
-196
-235
-220
-197
-331
-513
-602
-653
-618
-556
-540
-552
-597
-648
-500
-297
203
203
429
619
727
942
903
858
719
1053
1397
1612
1328
736
664
970
1252
1090
784
421
205
299
299
203
-355
-848
-719
-523
-543
-812
-861
-926
-1089
-1235
-1059
-770
-730
-1025
-1096
-896
-756
-638
-486
-304
-378
-525
-401
261
261
208
248
248
342
448
556
488
277
197
290
380
322
-252
-252
-294
-223
-229
-366
-648
-690
-680
-597
-594
-599
-606
-689
-687
-466
-238
-192
-192
289
289
494
645
777
1010
909
926
795
1154
1467
1633
1347
790
721
1001
1283
1130
786
377
198
196
196
264
-429
-429
-884
-739
-576
-593
-851
-940
-1015
-1165
-1282
-1059
-821
-811
-1077
-1104
-899
-777
-622
-480
-293
-385
-485
-353
259
259
200
240
240
330
454
557
492
272
201
284
375
298
-244
-244
-281
-276
-283
-485
-648
-687
-673
-632
-666
-620
-635
-661
-622
-437
-259
-183
-183
187
187
353
487
676
824
1062
1065
1070
923
1034
1421
1646
1613
953
718
888
1250
1196
877
460
225
223
223
168
-284
-902
-858
-664
-583
-835
-997
-1039
-1151
-1277
-1140
-909
-810
-1005
-1096
-910
-794
-609
-492
-260
-270
-373
-295
266
266
292
207
235
273
356
486
573
566
361
274
286
339
313
-244
-244
-316
-327
-336
-518
-678
-722
-718
-690
-735
-709
-677
-692
-616
-515
-344
-256
-211
356
356
468
644
780
998
1177
1154
1071
913
1269
1577
1783
1286
760
770
1070
1235
1008
654
312
206
206
-726
-726
-983
-798
-647
-760
-982
-1005
-1103
-1249
-1254
-982
-770
-844
-1041
-934
-770
-593
-462
-241
-208
-208
-239
312
312
468
406
302
352
419
559
655
663
502
329
274
336
345
196
-205
-205
-342
-376
-442
-521
-693
-764
-802
-785
-805
-808
-747
-711
-669
-610
-453
-330
-190
247
247
428
567
807
973
1157
1272
1230
1164
1023
1467
1716
1819
1181
785
830
1139
1215
927
560
175
-319
-319
-1033
-1151
-910
-777
-865
-1126
-1219
-1336
-1346
-1181
-915
-832
-954
-1062
-847
-643
-442
-308
235
235
424
553
501
498
546
526
647
704
692
487
328
302
284
204
-173
-173
-359
-504
-585
-603
-658
-812
-861
-906
-891
-852
-788
-699
-617
-631
-520
-351
328
328
444
659
827
1068
1257
1439
1432
1410
1216
1232
1651
1874
1855
1131
775
789
1107
1162
851
404
-302
-302
-263
-544
-544
-1154
-1208
-1100
-952
-1062
-1184
-1218
-1369
-1424
-1256
-957
-794
-859
-890
-750
-608
-397
-196
286
286
570
686
575
568
501
580
638
656
657
435
256
-210
-210
-318
-594
-702
-787
-714
-754
-903
-946
-1046
-998
-909
-768
-691
-633
-619
-492
-310
294
294
441
503
727
928
1218
1355
1550
1505
1502
1269
1226
1683
1907
1870
1107
671
670
995
1026
740
263
-509
-509
-504
-262
-288
-631
-1317
-1407
-1278
-1085
-1148
-1234
-1236
-1344
-1405
-1211
-895
-636
-661
-725
-558
-417
341
341
440
337
353
560
757
910
814
799
770
647
719
641
683
466
271
-227
-227
-343
-478
-742
-880
-944
-926
-867
-991
-1016
-1093
-1014
-916
-798
-614
-524
-440
-324
-170
296
296
490
662
763
963
1055
1367
1553
1806
1716
1560
1231
1260
1761
1939
1845
1002
530
463
785
814
566
-455
-455
-870
-816
-560
-591
-934
-1567
-1629
-1531
-1332
-1361
-1300
-1269
-1400
-1440
-1204
-840
-564
-518
-496
-306
-215
235
235
616
666
579
564
682
918
947
942
895
779
597
507
527
535
258
-201
-201
-330
-405
-576
-712
-797
-989
-1159
-1218
-1124
-1109
-1145
-1117
-1058
-999
-914
-774
-512
-296
-189
307
307
551
826
991
1100
1194
1375
1625
1873
2057
1850
1718
1296
1329
1778
1993
1835
882
319
287
585
652
317
-211
-694
-1203
-1125
-858
-767
-1126
-1789
-1786
-1673
-1433
-1410
-1290
-1132
-1246
-1270
-1040
-622
-235
-182
173
173
373
571
999
1081
959
876
891
1032
1008
966
976
776
492
238
185
180
-259
-259
-527
-722
-981
-1150
-1062
-1025
-1218
-1462
-1543
-1405
-1266
-1133
-1020
-968
-890
-870
-598
-197
215
215
262
398
604
909
1167
1394
1455
1494
1524
1834
1979
2202
1985
1753
1183
1000
1524
1744
1753
634
-253
-253
-557
-557
-1068
-1690
-1694
-1340
-1088
-1263
-1952
-1909
-1774
-1496
-1409
-1165
-838
-878
-890
-677
-242
215
316
505
769
795
856
945
1307
1529
1417
1264
1082
1074
865
665
799
624
470
-461
-461
-512
-619
-739
-892
-1137
-1397
-1663
-1608
-1358
-1314
-1359
-1619
-1422
-1259
-1018
-741
-558
-399
-390
-218
496
496
725
781
879
1083
1164
1412
1575
1703
1771
1724
1891
1967
2157
1808
1472
741
729
1247
1542
1239
-655
-655
-733
-409
-338
-526
-924
-1530
-2124
-1922
-1430
-1138
-1461
-1917
-1686
-1526
-1258
-1102
-659
-316
-364
-292
396
396
674
765
1081
1315
1246
1149
1126
1408
1457
1365
1253
993
742
178
180
180
-745
-745
-1056
-1268
-1322
-1266
-1252
-1430
-1755
-1902
-1671
-1381
-1223
-1225
-1207
-1018
-905
-607
-338
355
355
581
833
900
1045
1180
1277
1330
1406
1468
1501
1521
1730
1802
1918
1725
1284
823
633
633
1104
1453
572
-690
-1052
-932
-525
-462
-568
-969
-1752
-2213
-1720
-1105
-817
-1305
-1401
-1179
-1092
-882
-638
241
241
244
244
476
777
806
975
1417
1520
1284
949
832
1024
968
1016
856
503
-599
-599
-554
-487
-401
-635
-1092
-1456
-1730
-1671
-1414
-1209
-1271
-1504
-1645
-1409
-1194
-839
-701
-558
-453
-449
-211
255
255
363
466
626
708
777
806
884
1029
1094
1175
1179
1142
1169
1233
1501
1652
1706
1347
841
675
675
1316
1128
-938
-938
-1139
-833
-555
-390
-488
-1099
-1845
-1893
-1334
-786
-868
-1041
-832
-739
-727
-692
-194
307
466
515
657
829
751
654
1013
1380
1446
1130
760
636
515
512
615
571
183
-397
-819
-834
-858
-788
-849
-996
-1262
-1597
-1558
-1383
-1138
-1047
-968
-909
-847
-864
-698
-416
232
232
301
587
805
839
776
692
717
793
908
1172
1160
1166
971
1114
1362
1661
1500
1101
273
-171
255
849
1294
387
-510
-1133
-1081
-833
-600
-433
-755
-1408
-1777
-1515
-1036
-831
-997
-697
-540
-378
-487
-286
394
394
638
835
1111
1008
723
694
1014
1266
1286
953
710
343
-383
-383
-725
-1021
-1121
-1253
-1263
-1224
-1157
-1238
-1340
-1350
-1294
-1118
-925
-545
-359
-280
-401
-334
362
362
498
523
367
296
343
592
767
826
750
704
618
637
753
944
1075
1095
1202
1313
1617
1388
977
400
400
1160
1282
297
-561
-1109
-1084
-853
-474
-250
-595
-1406
-1636
-1388
-885
-824
-764
-378
-189
-281
-281
320
320
551
810
1156
1365
1189
740
676
858
1095
1130
899
654
-183
-183
-364
-303
-342
-636
-921
-1146
-1229
-1315
-1369
-1282
-1150
-1046
-952
-947
-885
-863
-653
-311
360
360
521
553
399
219
231
332
488
506
584
631
569
565
583
867
1064
1275
1453
1698
1570
1068
320
320
1190
1330
458
-320
-1141
-1303
-1237
-713
-299
-571
-1242
-1558
-1452
-1127
-1107
-801
-309
203
203
264
416
752
1257
1641
1421
909
627
514
681
744
780
546
-429
-429
-714
-720
-904
-1054
-1181
-1119
-1136
-1174
-1280
-1301
-1237
-1006
-626
-370
-287
-406
-334
342
342
423
374
300
207
249
295
315
209
181
181
252
300
242
324
403
511
637
818
1052
1283
1359
1740
1782
1592
597
243
243
918
1387
781
-669
-669
-1183
-1391
-1105
-632
-581
-1103
-1293
-1307
-1153
-1195
-1111
-521
313
313
376
522
504
387
557
1041
1533
1665
1290
907
482
314
367
361
352
-430
-430
-784
-1022
-1204
-1340
-1292
-1228
-1147
-1046
-1010
-1023
-1048
-891
-504
-200
188
188
258
323
364
300
203
-226
-226
195
195
285
382
615
789
1181
1483
1716
2070
1977
1610
570
356
356
949
1271
700
-787
-787
-1425
-1734
-1567
-1093
-934
-1058
-1067
-1167
-1191
-1379
-1149
-539
749
749
948
1051
832
635
742
1061
1494
1656
1441
1028
420
-178
-178
-300
-411
-576
-657
-799
-1151
-1532
-1742
-1657
-1306
-954
-578
-492
-494
-611
-491
-197
372
372
482
550
540
499
365
173
-208
-208
-403
-554
-534
-302
201
201
370
479
684
862
1077
1406
1783
2205
2531
2290
1350
308
442
442
925
798
305
-390
-1134
-1735
-1874
-1607
-1421
-1328
-1116
-803
-685
-849
-990
-758
-205
569
1178
1571
1524
1201
907
841
1049
1262
1273
962
476
-326
-326
-672
-993
-1282
-1308
-1240
-1142
-1145
-1237
-1343
-1350
-1080
-659
-225
169
169
198
275
329
347
353
377
433
459
318
-173
-173
-432
-613
-657
-524
-402
-373
-462
-512
-379
535
535
860
1131
1316
1540
1866
2134
2463
2701
2321
1188
218
218
455
-496
-496
-905
-1390
-1867
-2061
-1809
-1670
-1514
-1082
-355
-361
-361
-175
387
1000
1534
1959
2042
1647
1113
769
712
558
269
-225
-225
-500
-892
-1237
-1575
-1758
-1731
-1407
-912
-585
-485
-703
-647
-423
466
466
709
847
773
725
571
360
-322
-322
-645
-1020
-1228
-1209
-955
-699
-458
-337
-185
241
241
454
729
1093
1431
1729
2025
2125
2225
2193
2362
2343
1731
688
-580
-788
-804
-496
-610
-930
-1349
-1966
-2184
-2089
-1634
-1289
-895
-321
397
682
781
553
672
874
1273
1760
2018
2017
1451
831
231
-204
-558
-781
-1005
-1090
-1246
-1277
-1435
-1598
-1680
-1577
-1088
-544
317
317
437
395
406
468
643
716
763
639
500
271
-514
-514
-849
-1006
-1009
-969
-928
-899
-959
-974
-977
-718
-401
267
267
558
882
1053
1225
1410
1562
1723
1778
1867
2037
2069
2220
1951
1206
-1235
-1235
-1472
-1433
-999
-891
-970
-1104
-1581
-1763
-1724
-1349
-906
-459
320
1046
1446
1459
1078
906
776
934
1262
1490
1515
1045
386
-305
-970
-1295
-1565
-1578
-1474
-1312
-996
-970
-881
-967
-854
-535
549
549
1007
1141
1024
776
534
409
247
185
-335
-335
-617
-922
-1292
-1484
-1464
-1279
-915
-684
-459
-434
-372
-220
251
251
467
794
1067
1291
1369
1405
1352
1269
1169
1212
1218
1411
1443
1602
1337
632
-311
-1505
-1607
-1626
-962
-598
-439
-395
-763
-889
-1042
-813
-469
564
564
1113
1463
1439
1063
718
397
267
350
470
613
435
-396
-396
-996
-1268
-1559
-1470
-1225
-905
-407
-210
178
178
482
803
884
758
501
-448
-448
-586
-793
-840
-928
-942
-920
-991
-1059
-1043
-898
-579
-234
227
227
309
379
368
435
501
557
700
797
889
978
958
888
703
723
729
1031
1226
1587
1393
828
-1158
-1158
-1223
-1300
-680
-469
-418
-418
-570
-840
-699
-680
-406
705
705
1074
1064
874
568
256
388
388
278
-519
-519
-764
-1076
-1044
-1032
-773
-372
301
301
282
278
312
312
331
291
-196
-196
-339
-567
-651
-849
-895
-967
-895
-739
-536
-389
-321
-219
180
180
262
258
283
244
261
328
315
400
404
532
610
740
785
769
822
872
1193
1420
1822
1496
873
-346
-1060
-1149
-1015
-475
-397
-369
-369
-607
-754
-784
-625
-710
-357
693
693
953
1065
912
656
240
277
277
369
175
-255
-255
-508
-773
-907
-926
-999
-746
-432
203
203
305
301
-305
-305
-466
-679
-812
-839
-896
-718
-545
-265
189
189
169
181
202
214
254
317
425
557
745
845
938
962
1125
1290
1712
1764
1387
521
-690
-1073
-1357
-915
-646
-340
-199
-551
-614
-856
-689
-730
-603
-223
286
785
1054
1125
988
656
249
249
249
-367
-367
-516
-797
-816
-974
-914
-682
-366
312
312
476
370
-259
-259
-359
-571
-661
-806
-800
-679
-466
-187
196
196
282
338
427
478
624
704
842
946
1085
1320
1554
1994
1831
1253
-1001
-1001
-1343
-1431
-930
-658
-219
-280
-521
-654
-754
-630
-732
-498
501
501
928
1245
1254
1045
563
-272
-272
-416
-577
-735
-805
-955
-878
-672
-311
321
321
400
341
-174
-174
-273
-297
-401
-471
-602
-716
-727
-658
-438
-251
229
229
325
506
544
640
683
718
839
885
1154
1299
1802
1927
1574
584
-684
-1255
-1652
-1334
-1026
-472
-202
-354
-429
-551
-435
-602
-538
-278
258
705
1095
1248
1208
824
304
-187
-187
-324
-324
-302
-385
-428
-456
-543
-521
-707
-743
-712
-407
324
324
355
328
182
-246
-246
-336
-402
-397
-329
-365
-375
-518
-605
-687
-567
-390
-173
173
173
194
292
292
395
539
549
647
668
769
848
1048
1279
1716
1935
1536
611
-666
-1243
-1575
-1301
-949
-441
-294
-294
-329
-445
-317
-479
-515
-323
610
610
984
1189
1139
764
185
-324
-324
-282
-449
-452
-474
-485
-445
-483
-394
-530
-610
-615
-388
255
255
489
563
330
-330
-330
-479
-462
-484
-416
-382
-318
-329
-360
-374
-499
-627
-711
-578
-307
215
215
170
269
269
390
507
545
578
629
739
984
1239
1649
1972
1694
868
-416
-1198
-1578
-1541
-1143
-648
-269
-269
-483
-414
458
458
894
1229
1266
990
323
-404
-404
-461
-573
-702
-646
-637
-492
-390
-253
-297
-483
-598
-518
-185
380
380
480
446
294
-216
-216
-420
-602
-662
-564
-379
-290
-221
-331
-487
-672
-686
-500
-263
296
296
300
268
-168
-168
-222
260
260
393
419
407
343
412
548
748
985
1304
1805
2052
1750
813
-432
-1252
-1798
-1617
-1205
-508
-358
-358
-495
-472
310
310
817
1133
1223
849
275
-189
-493
-563
-718
-670
-637
-460
-334
-408
-408
-565
-522
-329
339
339
288
213
-329
-329
-563
-692
-703
-519
-357
-215
-173
-227
-411
-528
-551
-400
-253
208
208
296
246
193
-286
-286
-275
232
232
396
484
563
598
646
741
832
1089
1457
1819
1681
1129
-802
-802
-1529
-1596
-1391
-946
-399
-281
-212
-212
-339
-178
519
519
872
999
885
426
-266
-266
-339
-595
-610
-683
-597
-432
-258
-292
-292
-251
-196
-218
-227
-194
-294
-294
-541
-647
-551
-434
-279
-205
-168
-213
-307
-364
-305
-296
-220
-173
181
181
293
255
-210
-210
-187
216
216
360
464
596
649
791
809
940
1083
1400
1696
1474
941
-204
-862
-1532
-1480
-1279
-804
-386
-265
-169
-169
-267
208
208
644
838
975
711
293
-346
-346
-350
-559
-536
-633
-536
-432
-232
-329
-329
-365
-322
-234
-296
-296
-498
-590
-551
-411
-244
-186
-186
-366
-403
-422
-327
-221
257
257
184
-252
-252
169
169
309
449
528
574
627
656
746
894
1123
1543
1610
1492
770
-169
-844
-1510
-1360
-1352
-786
-535
-168
192
192
-250
-250
173
173
640
721
898
543
336
-201
-201
-315
-528
-522
-669
-421
-345
-200
-200
-342
-415
-356
-383
-181
-299
-299
-481
-557
-514
-384
-261
-212
-212
-232
-321
-331
-379
-299
-176
212
212
220
172
172
248
351
455
522
607
683
761
831
993
1233
1462
1314
1121
408
-187
-918
-1325
-1237
-1164
-709
-583
252
252
535
601
620
313
232
-181
-181
-382
-419
-486
-549
-415
-292
-301
-301
-428
-391
-405
-197
-231
-181
-181
-297
-469
-496
-451
-302
-192
-251
-251
-264
-396
-373
-407
-295
-220
182
182
169
288
288
304
410
476
585
661
695
776
958
1143
1370
1199
1000
505
-515
-515
-1005
-1033
-1094
-863
-669
-354
194
194
403
416
465
262
239
-224
-224
-286
-367
-359
-328
-201
-216
-216
-314
-352
-362
-299
-302
-176
-250
-250
-315
-394
-366
-295
-214
-209
-238
-225
-276
-279
-339
-263
-255
209
209
250
311
360
451
488
517
653
747
1028
1116
1395
1180
942
522
-321
-321
-893
-910
-1050
-846
-681
-509
-275
-201
202
202
366
326
423
226
173
-292
-292
-207
-250
-202
-281
-281
-337
-386
-361
-313
-309
-231
-220
-173
-222
-222
-340
-332
-312
-233
-206
-176
-178
-253
-256
-309
-269
-318
-313
-290
-222
172
172
234
274
328
334
421
484
600
699
867
1011
1256
1252
984
758
224
-489
-489
-637
-883
-893
-802
-722
-376
-286
-173
-173
186
186
343
343
278
400
276
239
215
-276
-276
-186
-250
-175
-202
-190
-190
-228
-228
-171
-171
-289
-278
-403
-317
-343
-327
-249
-266
-244
-251
-189
-190
-190
-208
-268
-322
-350
-370
-279
-271
-221
-189
169
169
218
259
282
331
409
423
475
556
642
771
873
1104
1018
740
482
-458
-458
-485
-675
-683
-669
-667
-371
-260
170
170
358
315
364
-243
-243
-185
-246
-192
-168
-243
-243
-360
-297
-326
-231
-296
-333
-297
-368
-239
-226
-179
-179
-242
-221
-236
-236
-272
-284
-291
-291
-365
-362
-382
-324
-295
-217
177
177
177
177
210
250
312
329
374
359
378
428
523
635
733
853
890
633
524
179
-206
-206
-215
-316
-248
-374
-285
-320
-259
-284
-202
217
217
263
251
217
-168
-168
-183
-183
-197
-179
-251
-251
-292
-423
-371
-317
-277
-180
-190
-189
-189
-173
-173
-173
-180
-180
-194
-272
-330
-389
-401
-332
-257
-205
219
219
241
280
242
186
183
168
168
231
286
386
439
511
622
756
645
533
320
176
-189
-189
-196
-204
-204
-230
-270
-217
191
191
-202
-202
-228
-183
-206
-308
-357
-428
-371
-323
-259
-191
-194
-198
-199
-202
-202
-218
-279
-360
-396
-399
-311
-268
-256
-215
-168
187
187
182
170
176
176
189
209
266
308
376
447
552
648
550
487
311
250
208
170
170
-182
-182
-190
-195
-195
-309
-353
-375
-370
-321
-296
-255
-251
-240
-209
-179
-194
-194
-199
-212
-192
-196
-229
-258
-305
-315
-298
-275
-231
-209
-171
187
187
238
291
328
353
400
472
588
516
466
329
226
237
226
226
-168
-168
-234
-271
-210
-172
-172
-181
-181
-228
-276
-250
-254
-215
-221
-205
-202
-202
-211
-218
-209
-214
-181
-168
-168
-170
-185
-207
-218
-207
-175
-179
-179
-201
-188
172
172
225
239
277
336
374
445
474
396
372
253
281
256
201
209
-188
-188
-226
-251
-225
-252
-241
-260
-239
-199
-170
-187
-187
-216
-199
-171
-195
-195
-231
-257
-255
-242
-202
202
202
212
256
281
303
323
232
241
182
211
255
218
254
184
-188
-188
-174
-180
-186
-186
-212
-232
-215
-196
-187
-187
-208
-219
-227
-205
-180
193
193
225
236
256
277
297
319
272
232
174
169
169
217
218
199
187
-195
-195
-221
-235
-215
-198
-207
-200
-200
-191
-179
-173
-181
-205
-214
-218
-203
-171
-168
-168
-188
-198
-191
-171
174
174
176
188
173
170
170
243
269
258
222
170
170
178
191
208
220
193
-174
-174
176
176
205
251
251
248
212
-183
-183
-201
-199
-193
-194
-198
-203
-193
-171
168
168
