-168
-168
-190
-214
-227
-236
-248
-252
-249
-241
-233
-219
-201
-180
-161
168
168
182
191
192
187
176
164
-177
-177
-193
-204
-208
-210
-203
-192
-173
-160
-164
-164
-156
-156
-163
-163
-170
-178
-186
-183
-178
-175
-166
164
164
166
179
185
191
189
190
177
162
-170
-170
-205
-230
-243
-243
-239
-232
-210
-192
-162
-167
-167
-180
-186
-204
-203
-206
-201
-188
-183
-162
157
157
167
169
180
181
181
173
165
-189
-189
-220
-243
-253
-269
-272
-263
-248
-229
-204
-178
-176
-176
-188
-203
-211
-213
-208
-202
-190
-174
179
179
207
240
272
299
329
353
377
388
394
384
372
344
298
247
183
-175
-175
-245
-300
-348
-375
-393
-398
-386
-369
-344
-309
-255
-209
-156
181
181
193
204
203
205
207
195
183
158
-178
-178
-220
-256
-274
-290
-290
-295
-279
-270
-249
-228
-191
-163
156
156
164
170
180
181
176
175
169
-193
-193
-223
-250
-268
-281
-285
-287
-280
-269
-248
-224
-197
-164
-167
-167
-190
-215
-229
-239
-244
-248
-239
-228
-210
-182
167
167
212
255
288
325
358
392
421
448
476
489
499
487
464
422
368
309
229
-235
-235
-311
-381
-434
-469
-488
-488
-473
-444
-405
-352
-288
-230
-174
164
164
197
238
262
296
312
334
319
324
307
294
262
216
174
-189
-189
-262
-308
-354
-375
-407
-425
-416
-415
-397
-377
-348
-318
-275
-234
-187
164
164
185
199
222
235
261
276
292
310
320
325
340
365
370
372
330
307
264
230
157
-207
-207
-252
-313
-358
-397
-406
-417
-403
-399
-368
-335
-292
-248
-206
162
162
195
222
243
260
264
257
242
236
220
195
-171
-171
-223
-271
-311
-337
-371
-396
-406
-401
-396
-385
-367
-337
-310
-276
-232
-181
186
186
220
252
283
308
342
367
395
417
437
452
476
495
518
501
449
395
353
289
192
-205
-205
-297
-364
-421
-479
-527
-532
-519
-504
-486
-438
-374
-314
-257
-178
172
172
214
258
291
293
318
334
341
320
301
294
262
204
-195
-195
-260
-333
-398
-429
-460
-495
-520
-521
-505
-500
-478
-444
-392
-355
-311
-248
-186
173
173
218
257
289
324
370
390
414
439
472
485
500
526
547
570
563
531
468
424
354
252
-199
-199
-308
-395
-468
-533
-590
-614
-602
-583
-560
-517
-452
-383
-321
-241
188
188
227
280
328
364
385
412
427
430
405
392
373
325
259
194
-195
-195
-279
-360
-422
-454
-498
-541
-568
-566
-557
-553
-532
-491
-452
-410
-357
-288
-226
-174
162
162
208
245
288
332
370
396
430
465
476
500
517
545
566
580
604
616
578
504
440
383
279
157
-187
-187
-323
-418
-489
-546
-616
-649
-637
-607
-609
-574
-508
-424
-360
-283
-190
173
173
218
266
327
370
388
414
436
440
407
396
380
344
260
194
-222
-222
-314
-406
-492
-523
-582
-627
-672
-664
-652
-648
-624
-585
-520
-477
-413
-335
-250
-190
199
199
258
310
353
407
445
481
505
540
561
577
593
615
638
645
671
649
599
500
430
347
228
-165
-165
-308
-419
-515
-584
-638
-694
-717
-674
-647
-615
-562
-476
-382
-318
-216
185
185
256
300
352
405
447
466
488
518
494
466
433
411
350
249
173
-221
-221
-297
-391
-486
-550
-591
-630
-683
-696
-689
-664
-655
-630
-573
-514
-454
-387
-301
-217
195
195
266
316
363
418
462
511
534
565
594
621
633
639
656
670
674
693
675
622
517
427
355
217
-181
-181
-322
-453
-562
-625
-683
-744
-770
-734
-693
-666
-605
-524
-412
-350
-243
195
195
269
321
373
430
466
485
505
526
508
470
443
421
352
257
167
-242
-242
-312
-409
-506
-587
-628
-668
-724
-756
-751
-719
-716
-687
-641
-566
-509
-439
-354
-260
-191
156
156
226
284
340
381
436
476
504
533
571
601
627
647
665
693
703
712
738
695
623
506
448
326
187
-237
-237
-401
-529
-632
-683
-756
-799
-806
-742
-716
-660
-596
-472
-372
-284
-172
189
189
276
343
380
453
506
541
548
573
588
558
517
478
454
357
254
-189
-189
-289
-379
-472
-584
-641
-677
-716
-773
-783
-757
-727
-718
-682
-605
-529
-466
-387
-288
-208
160
160
209
276
323
355
394
441
481
499
519
555
581
591
602
631
657
673
677
717
720
643
539
469
409
249
-163
-163
-318
-477
-591
-650
-714
-790
-807
-768
-721
-701
-636
-536
-417
-357
-242
212
212
286
325
373
451
481
496
503
545
533
496
448
439
378
280
183
-252
-252
-358
-425
-560
-622
-675
-699
-763
-795
-777
-747
-734
-720
-650
-575
-505
-453
-335
-254
-169
198
198
268
310
349
393
452
475
509
539
584
597
610
634
672
692
699
733
765
746
652
573
508
410
246
-180
-180
-357
-503
-599
-668
-743
-805
-802
-763
-725
-684
-594
-490
-393
-313
-201
173
173
265
332
380
442
507
533
545
574
603
578
536
505
483
398
296
189
-158
-158
-287
-369
-483
-606
-681
-744
-778
-857
-867
-849
-808
-788
-736
-663
-573
-512
-420
-324
-233
-157
168
168
248
308
352
391
454
501
546
572
611
652
662
683
704
743
753
779
799
776
683
572
502
383
224
-254
-254
-422
-584
-690
-755
-821
-882
-884
-835
-789
-742
-664
-551
-445
-347
-238
244
244
312
362
424
489
522
537
565
588
573
524
492
457
383
268
173
-196
-196
-318
-419
-530
-649
-748
-782
-837
-877
-908
-880
-851
-813
-769
-678
-592
-507
-428
-324
-215
159
159
228
298
368
418
472
532
590
623
654
693
724
748
758
792
813
838
849
870
820
710
582
498
365
183
-182
-182
-318
-502
-650
-757
-808
-883
-928
-924
-854
-802
-740
-654
-528
-422
-324
-199
202
202
301
386
439
519
580
619
627
652
660
619
571
514
468
358
248
-291
-291
-431
-529
-640
-770
-846
-906
-937
-997
-997
-980
-925
-903
-833
-750
-635
-554
-440
-324
-207
166
166
243
309
392
459
527
563
628
673
707
736
776
807
811
828
845
878
899
901
864
762
635
515
382
209
-194
-194
-346
-502
-666
-785
-859
-909
-966
-970
-911
-839
-784
-717
-600
-479
-376
-271
275
275
377
448
517
597
651
679
701
714
700
641
586
532
440
307
188
-217
-217
-368
-456
-567
-671
-780
-827
-875
-929
-974
-978
-947
-932
-897
-835
-730
-642
-542
-430
-290
-191
216
216
294
376
451
512
562
624
666
704
725
757
789
807
806
815
848
865
895
915
886
763
617
515
385
191
-238
-238
-385
-559
-736
-850
-901
-952
-1004
-1000
-926
-841
-789
-712
-588
-465
-363
-252
171
171
293
389
453
534
617
670
689
720
739
718
647
590
530
431
272
-312
-312
-460
-554
-662
-789
-906
-933
-985
-1026
-1079
-1053
-1005
-967
-931
-839
-734
-625
-525
-396
-255
194
194
273
346
421
508
569
620
674
722
756
771
809
839
856
852
883
910
949
954
924
825
687
552
407
233
-229
-229
-403
-557
-741
-864
-935
-971
-1022
-1037
-978
-879
-814
-739
-626
-500
-386
-283
259
259
375
462
544
624
700
733
763
779
761
700
624
554
454
312
157
-268
-268
-437
-554
-638
-767
-864
-942
-957
-1032
-1065
-1085
-1036
-998
-966
-895
-786
-666
-554
-427
-285
-158
180
180
288
345
427
495
571
619
677
725
764
796
825
869
886
904
907
955
984
1026
1003
930
762
625
470
319
-181
-181
-366
-533
-708
-869
-944
-985
-1021
-1061
-1010
-928
-832
-778
-672
-555
-431
-332
-213
230
230
369
469
559
644
741
784
818
833
833
766
681
592
504
361
193
-245
-245
-422
-548
-636
-752
-870
-960
-995
-1039
-1100
-1119
-1095
-1034
-1001
-936
-833
-712
-583
-456
-301
-160
169
169
274
359
422
496
563
619
670
730
771
804
828
867
906
930
943
972
1017
1060
1042
953
788
646
497
328
-171
-171
-372
-547
-719
-878
-967
-1004
-1038
-1068
-1028
-947
-849
-790
-703
-586
-463
-354
-228
247
247
400
523
630
720
811
862
896
898
879
803
706
604
503
356
193
-248
-248
-413
-547
-624
-741
-845
-953
-998
-1048
-1110
-1140
-1136
-1073
-1030
-962
-856
-714
-576
-429
-280
209
209
309
393
460
528
592
646
692
759
795
838
859
914
945
976
983
1013
1050
1105
1076
967
785
628
463
282
-241
-241
-443
-612
-780
-931
-999
-1028
-1052
-1085
-1037
-944
-849
-795
-718
-606
-479
-369
-242
276
276
441
580
703
788
870
913
940
927
883
766
644
514
399
229
-182
-182
-341
-490
-617
-676
-787
-918
-1028
-1090
-1122
-1200
-1225
-1231
-1139
-1080
-966
-858
-684
-533
-359
-200
190
190
275
346
423
481
542
575
637
687
781
822
871
894
953
1003
1022
1045
1061
1124
1121
1077
889
722
539
380
-342
-342
-514
-649
-809
-903
-958
-959
-1011
-1003
-971
-874
-822
-766
-703
-588
-475
-351
-209
220
220
391
555
717
811
904
940
968
953
914
819
696
569
444
311
-228
-228
-399
-514
-634
-730
-893
-1017
-1120
-1166
-1220
-1276
-1279
-1223
-1101
-1007
-865
-716
-521
-366
-186
170
170
249
302
379
453
518
565
618
704
775
868
900
957
976
1034
1042
1071
1072
1117
1123
1046
858
640
479
315
-187
-187
-400
-577
-685
-846
-936
-1003
-1017
-1067
-1075
-1049
-969
-912
-865
-784
-678
-531
-395
-215
271
271
469
640
806
905
975
992
996
966
905
795
647
495
369
246
-170
-170
-302
-476
-618
-752
-854
-1001
-1131
-1229
-1251
-1273
-1277
-1252
-1164
-1029
-881
-718
-563
-400
-248
206
206
275
328
404
477
572
640
703
772
865
948
995
1019
1026
1049
1045
1068
1066
1134
1115
1018
772
599
437
324
-205
-205
-448
-583
-702
-836
-932
-1000
-1021
-1076
-1072
-1038
-927
-891
-823
-754
-614
-458
-281
218
218
377
574
745
883
947
988
984
981
927
858
730
583
422
307
187
-225
-225
-392
-545
-697
-829
-972
-1102
-1234
-1308
-1327
-1317
-1290
-1238
-1126
-981
-802
-635
-468
-333
-193
190
190
242
311
400
508
624
719
800
874
957
1025
1066
1049
1038
1008
1023
1006
1072
1074
1036
835
634
457
348
184
-343
-343
-568
-681
-801
-879
-982
-1018
-1083
-1074
-1068
-976
-909
-818
-759
-660
-525
-344
191
191
315
496
664
850
932
985
962
957
907
850
734
599
448
306
184
-181
-181
-337
-531
-681
-822
-931
-1068
-1191
-1286
-1306
-1278
-1228
-1163
-1070
-935
-781
-604
-443
-304
-197
180
180
257
333
428
537
658
778
877
945
991
1030
1060
1069
1063
1023
1014
1012
1088
1136
1140
977
745
529
399
235
-305
-305
-565
-722
-849
-923
-1004
-1030
-1081
-1086
-1091
-1004
-933
-840
-784
-697
-599
-428
-214
208
208
347
511
701
910
1027
1085
1049
1007
937
855
729
598
434
284
-183
-183
-327
-506
-691
-853
-976
-1083
-1199
-1321
-1366
-1346
-1247
-1151
-1025
-912
-752
-594
-420
-278
-171
243
243
353
468
591
708
825
948
1042
1089
1075
1066
1037
1042
999
1004
995
1084
1149
1177
1010
772
518
362
193
-368
-368
-651
-805
-899
-942
-1007
-1016
-1037
-1018
-1028
-979
-947
-875
-815
-729
-655
-512
-300
225
225
410
571
752
960
1093
1136
1068
1001
906
828
702
571
419
316
211
-269
-269
-431
-646
-882
-1062
-1174
-1235
-1319
-1359
-1352
-1246
-1100
-933
-797
-677
-567
-436
-328
-237
-166
233
233
372
547
724
870
959
1016
1047
1075
1060
1028
938
881
854
921
1007
1141
1225
1264
1124
890
577
306
-163
-163
-415
-679
-838
-905
-849
-803
-751
-795
-819
-864
-858
-882
-889
-891
-842
-756
-578
-341
276
276
530
713
836
946
1002
1024
947
816
660
561
509
502
456
414
357
306
209
-161
-161
-425
-728
-996
-1209
-1326
-1360
-1338
-1251
-1156
-1040
-916
-782
-679
-629
-627
-628
-606
-527
-406
-245
345
345
562
756
914
998
1017
988
949
909
892
886
913
950
1026
1146
1271
1421
1430
1324
978
588
191
-307
-307
-484
-672
-779
-801
-734
-628
-563
-572
-703
-856
-1013
-1112
-1157
-1105
-981
-779
-565
-280
395
395
675
827
839
770
670
613
595
585
562
537
548
606
680
691
624
459
215
-378
-378
-652
-884
-1063
-1165
-1193
-1141
-1041
-922
-816
-783
-816
-878
-928
-945
-919
-854
-743
-581
-373
379
379
535
625
663
669
668
680
714
783
876
995
1122
1256
1365
1445
1476
1473
1421
1300
1059
706
310
-158
-158
-197
-202
-272
-382
-489
-568
-637
-729
-904
-1113
-1303
-1394
-1378
-1254
-1036
-743
-437
-182
223
223
324
396
422
404
383
437
595
810
973
1049
1000
872
706
514
306
-156
-156
-379
-552
-664
-718
-728
-719
-728
-779
-892
-1024
-1146
-1233
-1269
-1257
-1181
-1058
-873
-642
-408
-210
160
160
266
417
604
811
1010
1174
1283
1348
1354
1324
1240
1159
1106
1140
1212
1250
1161
914
581
277
-322
-322
-532
-729
-848
-894
-882
-894
-929
-1008
-1077
-1122
-1112
-1010
-826
-593
-390
-239
308
308
490
612
646
627
627
679
761
830
844
790
665
518
370
239
-178
-178
-359
-557
-728
-825
-859
-863
-883
-937
-1040
-1144
-1190
-1159
-1057
-933
-825
-715
-618
-507
-384
-237
177
177
273
366
480
630
804
975
1094
1162
1172
1173
1183
1213
1266
1311
1375
1396
1354
1155
838
461
-212
-212
-328
-482
-626
-746
-847
-962
-1078
-1191
-1253
-1262
-1190
-1055
-848
-613
-382
-218
235
235
416
565
667
741
773
791
773
713
613
493
362
239
-192
-192
-292
-402
-545
-691
-829
-936
-1004
-1052
-1085
-1100
-1082
-1034
-951
-854
-763
-678
-588
-488
-359
-217
260
260
411
540
642
726
791
846
913
982
1049
1116
1154
1190
1209
1218
1212
1167
1023
782
482
199
-290
-290
-551
-803
-998
-1087
-1069
-955
-819
-696
-629
-591
-571
-531
-466
-389
-314
-244
-168
235
235
412
549
622
620
551
443
336
269
256
306
369
401
353
205
-243
-243
-423
-534
-567
-558
-536
-534
-586
-677
-784
-869
-895
-845
-736
-606
-479
-384
-293
-197
168
168
184
206
232
302
403
540
661
755
801
790
742
674
634
652
724
807
846
787
637
436
233
-196
-196
-332
-455
-528
-530
-470
-387
-309
-264
-247
-260
-281
-296
-280
-238
-169
-181
-181
-221
-243
-249
-237
-246
-260
-294
-330
-370
-409
-437
-445
-428
-384
-337
-299
-270
-258
-240
-214
-176
198
198
262
303
345
382
426
471
509
541
571
601
614
609
562
473
362
268
230
246
295
335
333
275
168
-184
-184
-227
-200
-204
-204
-278
-289
-230
-204
-204
-240
-208
-210
-210
-320
-385
-390
-335
-242
-165
-224
-224
-322
-411
-463
-461
-420
-338
-249
-185
-158
-158
-203
-256
-283
-274
-212
164
164
161
162
162
205
264
318
359
374
368
352
337
342
351
354
358
350
337
325
310
293
271
243
214
188
165
-174
-174
-203
-206
-201
-195
-198
-212
-226
-247
-263
-281
-292
-297
-297
-298
-301
-306
-314
-308
-293
-270
-244
-230
-228
-242
-236
-233
-246
-235
-218
-184
158
158
189
227
271
302
318
307
288
263
241
242
269
306
340
354
345
313
264
227
193
168
-175
-175
-194
-206
-215
-229
-244
-259
-274
-273
-272
-260
-260
-260
-259
-257
-241
-229
-209
-217
-216
-215
-211
-204
-202
-198
-203
-207
-198
-192
-185
-181
-184
-175
-160
160
160
189
219
247
259
272
277
289
308
328
361
379
384
381
372
347
317
289
250
215
193
181
168
-163
-163
-192
-222
-250
-271
-279
-281
-279
-276
-279
-270
-258
-256
-251
-243
-236
-224
-210
-194
-178
-172
-166
-162
-157
-157
190
190
239
280
308
336
349
365
387
407
429
431
421
407
386
375
354
328
294
256
220
194
167
-165
-165
-194
-213
-232
-247
-254
-257
-269
-273
-271
-264
-254
-243
-235
-232
-223
-215
-204
-199
-190
-187
-178
-173
-166
-157
-157
-157
-159
-158
-165
-167
-165
-159
182
182
214
253
276
302
315
326
354
388
416
424
427
408
390
366
338
308
276
244
212
193
173
160
-162
-162
-185
-210
-226
-245
-253
-271
-277
-281
-280
-263
-246
-231
-227
-229
-227
-212
-199
-189
-177
-178
-176
-174
-161
-158
-158
-158
163
163
205
250
286
309
331
345
363
385
409
434
447
450
448
445
425
391
355
310
264
224
198
173
-163
-163
-177
-197
-214
-228
-246
-257
-257
-257
-262
-279
-288
-296
-301
-297
-286
-270
-254
-234
-211
-187
-164
-158
-158
-163
-156
-156
-167
-175
-182
-186
-178
-207
-223
-191
156
156
220
303
390
441
460
410
455
596
644
647
589
549
534
560
604
693
654
501
296
195
173
-191
-191
-365
-594
-693
-592
-396
-315
-359
-425
-537
-666
-720
-599
-405
-338
-324
-233
-176
-176
-197
207
207
331
295
-274
-274
-421
-421
-412
-462
-460
-404
-404
-534
-646
-658
-649
-611
-477
-259
-172
-172
-202
265
265
484
695
783
861
1030
1198
1325
1301
1130
967
939
1237
1579
1479
1064
644
435
368
286
382
488
242
-286
-657
-593
-487
-658
-797
-750
-783
-1014
-1177
-1022
-848
-998
-1102
-808
-463
-460
-660
-613
-408
-349
-254
359
359
302
406
406
565
568
627
710
607
427
444
555
410
-338
-338
-457
-651
-824
-819
-715
-769
-982
-1129
-1090
-1000
-988
-932
-811
-735
-692
-551
-347
-181
185
185
410
559
686
843
1008
1124
1262
1471
1632
1754
1646
1374
1146
1177
1480
1706
1491
995
552
342
284
343
458
365
-738
-738
-1017
-895
-737
-814
-954
-1088
-1320
-1526
-1450
-1111
-924
-1047
-1126
-980
-761
-696
-637
-404
-206
-169
375
375
376
345
489
696
760
645
543
553
518
520
549
525
290
-180
-180
-204
-182
-281
-461
-604
-770
-912
-919
-857
-834
-889
-910
-903
-829
-764
-660
-483
-296
-190
254
254
383
594
830
1111
1255
1369
1363
1271
1170
1272
1625
1806
1588
1149
862
767
810
811
846
634
-366
-366
-479
-311
-260
-488
-769
-1005
-1206
-1297
-1179
-927
-937
-1213
-1391
-1228
-977
-844
-782
-683
-616
-600
-492
-227
285
285
353
388
467
517
501
423
439
444
357
226
-245
-245
-290
-388
-512
-591
-613
-653
-699
-678
-598
-577
-612
-604
-458
-291
-162
265
265
374
568
795
1032
1080
919
876
1066
1424
1646
1454
1112
920
879
992
1085
1073
838
347
203
203
221
-440
-440
-686
-841
-858
-723
-597
-752
-1138
-1322
-1138
-855
-801
-859
-867
-885
-899
-739
-427
-194
-242
-359
-258
157
157
258
321
260
268
342
486
443
276
231
227
200
-251
-251
-348
-379
-410
-496
-528
-479
-485
-543
-613
-487
-355
-278
-213
242
242
486
731
809
874
737
740
909
1239
1541
1411
991
755
829
1082
1158
1051
816
419
353
353
440
-411
-411
-609
-619
-591
-597
-564
-706
-1055
-1286
-1131
-801
-747
-961
-1064
-1027
-955
-824
-605
-380
-425
-549
-496
-217
240
240
187
244
386
458
344
245
229
256
192
-253
-253
-291
-262
-296
-386
-424
-442
-485
-563
-470
-298
-248
-265
-287
-169
325
325
499
612
680
743
705
747
938
1274
1454
1170
803
742
968
1138
1088
916
693
352
156
287
510
378
-457
-457
-466
-413
-466
-513
-553
-767
-1098
-1152
-847
-639
-796
-1052
-1063
-944
-876
-751
-542
-455
-589
-683
-449
289
289
445
413
266
172
255
293
249
198
169
-167
-167
-232
-175
-266
-266
-416
-470
-452
-481
-441
-359
-294
-367
-357
-251
164
164
271
431
532
695
779
670
717
903
1289
1369
1027
739
777
1014
1102
975
850
630
303
213
372
552
260
-250
-437
-367
-346
-468
-531
-556
-799
-1067
-1016
-727
-629
-906
-1086
-999
-882
-843
-752
-564
-511
-673
-660
-405
-172
-172
245
245
383
301
172
167
259
293
238
215
-289
-289
-403
-435
-405
-395
-358
-317
-356
-412
-347
-192
205
205
361
513
714
819
665
576
806
1268
1471
1146
735
761
987
1122
1057
941
727
379
199
410
622
406
-370
-370
-278
-285
-409
-478
-471
-665
-993
-1031
-736
-604
-814
-1018
-947
-839
-859
-781
-568
-471
-609
-684
-455
-168
-182
-182
206
206
355
278
220
220
292
213
-284
-284
-408
-390
-332
-363
-377
-348
-354
-418
-354
-207
308
308
487
630
801
622
557
705
1167
1437
1197
784
727
944
1121
1052
924
760
422
249
354
572
423
-354
-354
-279
-254
-396
-515
-489
-604
-913
-1016
-816
-635
-778
-989
-953
-856
-869
-827
-634
-503
-604
-718
-529
-261
-156
-195
-161
337
337
255
217
217
299
253
193
-219
-219
-349
-335
-284
-298
-351
-345
-356
-399
-365
-194
257
257
400
518
675
722
523
558
880
1358
1389
946
664
807
1098
1158
1011
878
644
338
303
485
627
256
-217
-322
-217
-248
-426
-493
-474
-699
-979
-953
-691
-615
-860
-1001
-924
-865
-866
-763
-545
-506
-671
-698
-428
-172
-172
-172
-182
241
241
308
175
256
256
283
202
-310
-310
-360
-331
-324
-362
-368
-344
-375
-393
-346
-163
296
296
446
529
695
697
537
606
952
1360
1286
862
647
856
1127
1113
890
750
557
355
342
485
493
-289
-289
-321
-198
-268
-464
-557
-521
-702
-929
-901
-691
-641
-850
-960
-837
-796
-795
-698
-511
-469
-625
-595
-360
329
329
312
158
163
163
302
322
214
-190
-190
-350
-366
-309
-291
-362
-374
-377
-396
-386
-309
327
327
453
555
726
734
576
664
995
1389
1302
889
689
902
1162
1132
889
746
595
392
379
463
481
-238
-238
-281
-176
-274
-491
-548
-505
-656
-909
-887
-665
-605
-804
-931
-818
-733
-728
-656
-490
-448
-554
-535
-295
173
173
276
300
163
168
168
297
294
195
-220
-220
-385
-393
-335
-313
-361
-418
-421
-413
-417
-297
-236
-186
-186
279
279
397
469
637
783
718
632
844
1158
1425
1129
775
758
1044
1172
999
774
645
487
354
367
422
323
-347
-347
-287
-243
-419
-595
-576
-546
-785
-945
-829
-628
-668
-903
-890
-768
-700
-701
-575
-423
-453
-522
-433
235
235
271
253
195
195
287
228
-190
-190
-299
-419
-399
-359
-335
-409
-444
-407
-383
-350
-235
-177
243
243
370
497
541
777
841
707
731
1028
1388
1368
929
692
916
1164
1101
824
713
573
366
273
336
384
-318
-318
-379
-273
-362
-581
-647
-544
-687
-958
-958
-700
-561
-768
-922
-788
-685
-669
-619
-438
-338
-475
-476
-262
159
159
184
296
321
220
270
270
290
-161
-161
-255
-403
-466
-416
-396
-444
-491
-439
-401
-415
-373
-244
-156
278
278
382
498
612
855
869
731
750
1048
1403
1366
972
716
893
1096
1084
838
674
498
300
216
293
328
-353
-353
-455
-367
-436
-617
-658
-607
-756
-992
-1004
-733
-606
-789
-907
-796
-665
-638
-557
-389
-306
-411
-423
-206
207
207
280
317
325
220
254
254
264
-217
-217
-301
-431
-474
-451
-415
-438
-476
-468
-422
-371
-312
-195
367
367
482
578
686
914
943
779
843
1146
1485
1392
966
756
960
1169
1093
821
655
476
269
207
298
305
-427
-427
-484
-377
-459
-643
-685
-636
-779
-1002
-979
-715
-611
-800
-901
-774
-642
-616
-527
-350
-291
-393
-401
-156
260
260
297
313
311
209
247
247
230
-259
-259
-292
-355
-463
-514
-495
-469
-502
-540
-505
-431
-435
-348
-245
351
351
472
573
667
930
950
794
813
1093
1463
1397
999
747
914
1106
1065
796
621
419
225
223
223
235
-466
-466
-535
-450
-513
-690
-757
-692
-832
-1024
-1020
-782
-663
-803
-903
-797
-689
-629
-526
-357
-275
-383
-376
-166
273
273
299
329
340
270
186
174
210
212
-213
-213
-258
-279
-330
-444
-541
-538
-508
-485
-517
-485
-471
-440
-356
-223
162
162
360
509
619
730
952
935
807
881
1172
1522
1391
994
773
941
1149
1081
814
616
410
233
167
229
192
-489
-489
-572
-505
-575
-754
-828
-800
-922
-1097
-1076
-846
-731
-863
-949
-849
-713
-636
-534
-383
-316
-402
-371
157
157
297
305
345
285
235
167
186
204
178
-234
-234
-308
-344
-429
-490
-560
-570
-552
-553
-538
-520
-505
-452
-381
-222
194
194
388
524
611
753
991
890
817
904
1282
1522
1284
860
764
1012
1152
969
716
556
319
228
228
-286
-286
-604
-576
-498
-624
-823
-816
-795
-977
-1128
-1024
-758
-727
-889
-925
-780
-655
-615
-497
-310
-274
-350
-297
169
169
173
273
273
321
335
329
360
278
212
168
181
172
-195
-195
-301
-318
-344
-394
-522
-592
-604
-545
-524
-518
-481
-476
-453
-325
-172
295
295
473
668
761
953
954
846
857
1181
1530
1452
1025
751
931
1145
1100
819
631
410
190
161
161
-526
-526
-646
-571
-642
-807
-869
-824
-956
-1139
-1133
-900
-757
-846
-966
-890
-739
-654
-544
-383
-281
-331
-327
191
191
209
209
308
330
343
348
317
217
157
157
174
-215
-215
-274
-321
-358
-398
-493
-598
-635
-583
-528
-514
-514
-495
-444
-356
-203
246
246
447
637
801
982
973
871
872
1166
1545
1523
1128
804
901
1125
1124
894
662
432
216
157
157
-504
-504
-660
-629
-683
-835
-887
-860
-974
-1155
-1168
-929
-789
-855
-946
-884
-749
-658
-552
-375
-253
-277
-278
222
222
231
181
257
316
353
415
403
347
243
158
160
160
-242
-242
-345
-390
-396
-445
-530
-632
-667
-633
-592
-533
-495
-473
-436
-333
-190
173
173
325
502
704
836
1055
1018
923
935
1226
1598
1554
1129
795
893
1128
1117
826
615
356
165
-218
-218
-622
-775
-711
-722
-902
-1002
-949
-1038
-1166
-1194
-958
-796
-862
-946
-847
-671
-571
-498
-325
-173
199
199
313
298
300
306
390
383
409
425
331
216
-244
-244
-330
-381
-481
-515
-573
-617
-674
-702
-650
-639
-584
-509
-443
-365
-260
-166
305
305
456
633
811
991
1167
1080
989
1077
1441
1720
1566
1092
855
970
1165
1096
809
533
230
-421
-421
-757
-863
-821
-866
-1024
-1062
-1041
-1130
-1223
-1161
-932
-803
-846
-865
-760
-588
-460
-340
-179
165
165
303
412
441
440
457
440
410
445
438
373
189
-188
-188
-288
-441
-536
-595
-590
-615
-654
-715
-735
-700
-605
-488
-415
-340
-280
-158
176
176
335
517
676
895
1036
1243
1351
1233
1145
1254
1658
1797
1517
996
819
947
1109
936
646
331
-166
-166
-185
-296
-296
-686
-1018
-1045
-1002
-1044
-1167
-1151
-1120
-1187
-1237
-1079
-848
-727
-733
-694
-550
-388
-257
214
214
251
276
395
494
562
579
557
592
494
423
351
321
237
-156
-156
-230
-326
-438
-534
-624
-729
-806
-824
-797
-759
-754
-738
-685
-584
-459
-286
215
215
415
664
873
1073
1207
1416
1575
1383
1273
1302
1788
1978
1677
1046
736
843
1024
930
669
304
-421
-421
-454
-234
-378
-808
-1251
-1301
-1209
-1198
-1239
-1175
-1140
-1232
-1280
-1085
-751
-604
-567
-526
-357
-222
368
368
524
497
490
577
634
712
739
698
629
422
284
290
297
175
-274
-274
-439
-492
-484
-536
-658
-864
-1041
-1039
-918
-812
-781
-803
-771
-690
-539
-302
188
188
415
645
897
1132
1284
1447
1657
1791
1592
1306
1239
1727
2063
1832
1033
484
484
717
798
587
160
-396
-839
-890
-575
-551
-933
-1457
-1608
-1490
-1371
-1289
-1186
-1084
-1125
-1186
-988
-638
-413
-315
-221
163
163
306
584
825
858
777
692
673
604
687
716
619
400
-257
-257
-507
-695
-842
-920
-912
-926
-972
-1069
-1148
-1076
-934
-788
-652
-563
-452
-376
-201
234
234
431
538
714
875
1113
1327
1591
1739
2036
1942
1556
1151
1143
1743
2022
1687
772
205
337
337
443
401
-743
-743
-1344
-1309
-905
-786
-1106
-1519
-1594
-1534
-1412
-1211
-878
-713
-765
-831
-597
-293
309
309
523
559
515
588
838
1055
1118
1028
742
504
292
449
556
452
-405
-405
-514
-522
-471
-597
-767
-1010
-1157
-1189
-1082
-1009
-1006
-1044
-997
-840
-697
-531
-378
-181
182
182
352
547
735
911
1128
1272
1418
1566
1748
2019
2148
1704
1111
757
1183
1763
1717
952
-221
-221
-194
-647
-647
-1376
-1680
-1311
-988
-1020
-1302
-1375
-1316
-1269
-1108
-775
-430
-366
-370
-210
231
231
436
782
945
865
727
718
797
902
891
780
394
-467
-467
-813
-908
-867
-861
-858
-982
-1137
-1160
-1083
-926
-829
-804
-670
-533
-333
-242
262
262
450
605
727
774
901
1108
1369
1605
1740
1761
1889
1834
1380
888
629
1173
1573
1409
545
-424
-424
-401
-222
-180
-180
-820
-1487
-1689
-1248
-966
-894
-1022
-989
-985
-978
-767
-378
227
227
367
374
428
600
889
998
908
712
552
465
468
485
371
-294
-294
-527
-490
-394
-462
-611
-816
-892
-922
-882
-888
-903
-877
-789
-608
-502
-521
-489
-393
-186
272
272
502
702
752
764
788
871
1161
1404
1642
1710
1742
1303
754
288
583
1282
1518
955
-479
-479
-654
-552
-294
-282
-282
-938
-1535
-1407
-1093
-850
-743
-600
-489
-632
-705
-486
257
257
456
610
480
289
247
512
765
846
718
428
-283
-283
-656
-760
-641
-645
-548
-707
-739
-786
-765
-710
-703
-649
-554
-379
-194
-171
-235
-286
-204
172
172
295
222
238
238
524
735
812
839
862
1046
1329
1562
1898
1652
1092
360
185
856
1386
1341
545
-537
-537
-673
-568
-229
-468
-468
-1036
-1189
-1052
-909
-870
-690
-303
-176
-207
-221
336
336
719
843
628
260
179
179
354
485
468
244
-404
-404
-423
-478
-440
-548
-607
-588
-702
-630
-726
-577
-528
-381
-261
-290
-409
-456
-369
159
159
-171
-171
-172
186
186
207
181
181
318
442
637
778
960
1142
1360
1623
1791
1314
607
440
440
1173
1394
880
-424
-424
-767
-856
-561
-269
-269
-703
-1087
-1013
-944
-911
-751
-319
186
186
569
896
822
518
199
-399
-399
-672
-798
-860
-891
-795
-673
-534
-482
-551
-597
-591
-407
-176
234
234
212
164
164
241
338
407
488
723
912
1230
1458
1846
1798
1136
284
448
448
1072
1185
726
-565
-565
-1108
-1213
-712
-338
-347
-631
-739
-787
-980
-975
-626
287
287
450
599
579
334
242
242
637
871
833
585
228
-191
-495
-526
-422
-365
-445
-607
-806
-1055
-1201
-1142
-911
-648
-480
-341
-273
-273
-263
210
210
317
365
333
183
-196
-196
176
176
312
496
704
925
1107
1336
1614
1986
1664
931
165
588
588
870
797
357
-173
-848
-1341
-1277
-898
-687
-692
-703
-559
-642
-763
-680
-309
397
397
777
1077
1045
710
381
383
538
651
676
469
-453
-453
-793
-928
-934
-992
-964
-970
-994
-1070
-1169
-1139
-1085
-840
-492
172
172
195
173
173
278
324
402
314
203
-310
-310
-370
-252
170
170
403
789
1114
1495
1667
2084
2002
1254
355
-179
216
609
793
562
-651
-651
-1456
-1764
-1430
-1061
-852
-628
-376
-315
-594
-631
-429
331
331
893
1469
1650
1297
786
479
359
367
464
489
237
-251
-757
-1090
-1392
-1595
-1550
-1297
-1000
-839
-815
-903
-1000
-1008
-700
-197
265
549
605
563
394
210
171
171
188
-374
-374
-636
-717
-543
-306
248
248
248
342
586
964
1371
1724
2085
2432
2291
1405
357
-304
-170
330
330
272
-844
-844
-1681
-2055
-1840
-1535
-1219
-734
-248
359
359
993
1697
2007
1716
1181
617
158
-269
-269
-558
-892
-1194
-1640
-1961
-1986
-1633
-1157
-691
-389
-328
-458
-571
-437
351
351
619
843
803
556
180
-178
-382
-468
-369
-204
-174
-174
-457
-763
-882
-811
-526
305
305
659
861
1022
1227
1420
1828
2100
2618
2472
1651
595
-222
-304
-294
-217
-217
-398
-1034
-1658
-1953
-1819
-1728
-1460
-950
-256
198
349
481
501
515
557
1065
1640
1910
1741
1381
829
222
-343
-593
-756
-927
-1045
-1090
-1165
-1453
-1768
-1874
-1640
-1268
-660
-183
185
185
341
483
698
730
631
266
-540
-540
-805
-912
-805
-623
-513
-529
-666
-736
-712
-495
-181
237
630
1052
1308
1650
1756
1996
2171
2368
2693
2071
1180
-619
-619
-709
-649
-556
-657
-949
-1517
-1888
-1860
-1626
-1477
-1047
-482
250
667
964
1042
944
766
818
1251
1564
1604
1325
871
226
-442
-931
-1180
-1423
-1544
-1516
-1282
-1245
-1314
-1394
-1370
-1100
-726
314
314
553
570
548
465
430
342
344
311
218
-274
-274
-648
-1062
-1277
-1260
-1069
-829
-623
-526
-488
-431
-310
274
274
654
1085
1423
1793
2001
2204
2316
2306
2470
1891
1053
-189
-901
-1098
-1060
-829
-798
-863
-1338
-1649
-1733
-1461
-1230
-769
-201
528
1024
1341
1377
1205
953
789
965
1106
1201
990
584
-698
-698
-1178
-1503
-1746
-1807
-1628
-1290
-1008
-883
-816
-792
-662
-398
500
500
760
853
810
684
432
285
-187
-187
-365
-530
-809
-1061
-1303
-1312
-1242
-965
-703
-489
-340
-189
175
175
445
767
1141
1396
1663
1891
2043
2203
2136
2278
1918
1013
-1187
-1187
-1346
-1416
-1042
-889
-678
-887
-1183
-1306
-1165
-929
-666
-164
500
1215
1542
1666
1415
1139
679
453
460
556
504
180
-259
-703
-1156
-1546
-1822
-1877
-1743
-1439
-967
-533
-248
-221
-198
396
396
569
727
758
671
420
198
-384
-384
-606
-759
-790
-888
-1056
-1154
-1198
-1113
-944
-703
-432
-227
365
365
569
771
956
1199
1357
1627
1743
1883
1923
1907
1910
1218
320
-943
-1480
-1682
-1426
-1032
-667
-472
-737
-878
-879
-592
-469
-166
244
958
1390
1700
1685
1478
937
351
-375
-375
-658
-920
-1299
-1486
-1628
-1618
-1554
-1159
-615
193
193
240
290
316
380
469
459
393
211
183
-172
-172
-495
-726
-882
-1042
-1068
-1078
-953
-856
-728
-485
-255
314
314
469
698
904
1176
1315
1417
1444
1581
1699
1765
1891
1256
442
-931
-1515
-1762
-1483
-1088
-695
-290
-444
-510
-636
-369
-342
160
160
852
1329
1687
1708
1542
1058
370
-194
-194
-162
-377
-528
-687
-860
-1097
-1307
-1411
-1466
-1463
-1213
-726
-184
173
367
404
392
294
189
202
162
-188
-188
-383
-617
-791
-936
-1006
-903
-817
-669
-598
-439
-209
187
187
343
440
578
721
919
1046
1179
1280
1375
1515
1516
1762
1480
812
-383
-1351
-1683
-1696
-1275
-948
-365
-326
-353
-440
-280
491
491
1058
1400
1654
1628
1362
698
168
-180
-180
-380
-561
-684
-765
-884
-1069
-1095
-1188
-1257
-1259
-914
-450
222
222
368
439
398
307
226
-239
-239
-228
-248
-375
-492
-664
-847
-981
-1007
-861
-676
-479
-283
219
219
258
354
422
524
616
830
1063
1209
1401
1469
1631
1651
1798
1409
555
-677
-1571
-1802
-1681
-1218
-802
-251
-233
-345
-456
-223
-177
594
594
1164
1507
1716
1629
1332
604
-213
-213
-287
-487
-634
-646
-695
-768
-934
-1005
-1091
-1163
-1117
-780
-325
259
259
410
457
374
225
-164
-164
-255
-344
-285
-280
-359
-488
-683
-808
-924
-845
-729
-522
-381
-219
224
224
322
399
505
600
749
914
1015
1139
1213
1298
1380
1502
1706
1299
481
-749
-1451
-1759
-1636
-1293
-807
-377
-340
-272
-227
495
495
898
1305
1506
1508
1114
499
-159
-159
-304
-570
-703
-793
-694
-761
-668
-718
-762
-954
-923
-659
-286
237
237
402
404
381
198
-160
-160
-393
-597
-556
-437
-328
-330
-392
-486
-651
-796
-836
-769
-674
-514
-253
252
252
372
376
449
444
526
577
775
979
1183
1427
1588
1744
1865
1959
1444
493
-823
-1566
-1894
-1735
-1341
-801
-317
-252
-234
-236
524
524
995
1405
1586
1566
1137
499
-233
-233
-389
-616
-754
-712
-637
-636
-615
-673
-763
-939
-905
-673
-256
288
288
466
539
449
242
-170
-170
-372
-529
-512
-368
-295
-295
-365
-492
-641
-837
-879
-855
-718
-583
-325
269
269
322
382
397
387
456
580
801
970
1189
1339
1472
1548
1730
1847
1344
450
-836
-1417
-1785
-1568
-1257
-744
-368
-298
-184
429
429
830
1256
1404
1372
908
342
-279
-279
-505
-690
-828
-776
-647
-618
-481
-545
-591
-838
-746
-590
-211
303
303
469
582
511
294
-226
-226
-436
-629
-546
-475
-378
-393
-367
-492
-609
-799
-849
-826
-712
-508
-214
239
239
349
368
423
388
456
497
727
914
1221
1460
1719
1914
2086
2066
1390
376
-919
-1516
-1860
-1632
-1262
-682
-252
545
545
926
1291
1395
1341
848
299
-360
-360
-519
-770
-780
-704
-525
-477
-431
-489
-597
-789
-757
-530
-200
216
216
402
508
468
288
-375
-375
-516
-448
-349
-243
-273
-303
-412
-592
-795
-893
-875
-754
-568
-310
236
236
294
352
337
326
336
454
662
873
1128
1310
1427
1520
1679
1879
1618
903
-286
-1156
-1653
-1688
-1424
-957
-463
-227
202
202
160
287
287
626
1006
1209
1248
969
452
-344
-344
-448
-702
-815
-886
-723
-586
-451
-411
-438
-575
-655
-557
-296
182
182
318
404
467
355
187
-262
-262
-452
-489
-402
-241
-170
-178
-285
-451
-703
-868
-943
-876
-673
-393
187
187
379
447
470
415
393
372
459
639
854
1151
1361
1621
1742
1943
1977
1515
626
-597
-1368
-1829
-1721
-1389
-821
-334
161
161
263
375
375
714
1061
1239
1204
868
348
-382
-382
-529
-787
-886
-865
-705
-510
-396
-337
-422
-526
-589
-478
-280
244
244
369
423
334
-359
-359
-498
-519
-389
-277
-216
-256
-355
-528
-720
-853
-903
-841
-666
-381
274
274
351
372
345
323
334
361
443
616
793
1101
1267
1437
1516
1655
1760
1369
639
-424
-1156
-1604
-1618
-1360
-895
-457
-200
160
160
327
272
173
372
372
631
859
962
918
595
213
-254
-254
-418
-656
-804
-832
-717
-612
-474
-411
-383
-455
-434
-336
-164
266
266
327
290
181
-239
-239
-408
-419
-355
-284
-275
-340
-465
-625
-782
-865
-879
-776
-597
-332
209
209
361
424
436
413
364
348
349
448
589
824
1095
1363
1603
1761
1914
1671
1117
-859
-859
-1507
-1698
-1575
-1222
-730
-308
196
196
387
381
293
169
169
364
645
828
911
804
485
-179
-179
-387
-586
-817
-899
-817
-630
-464
-358
-273
-310
-335
-382
-298
-200
295
295
383
312
-355
-355
-471
-503
-434
-398
-369
-418
-480
-588
-722
-833
-869
-748
-546
-258
207
207
334
417
437
407
295
203
202
202
400
621
905
1070
1195
1250
1325
1480
1423
1133
382
-367
-918
-1163
-1171
-1105
-883
-645
-365
168
168
339
356
234
219
360
541
649
615
510
282
-252
-252
-384
-584
-762
-766
-659
-524
-424
-359
-322
-303
-254
-200
263
263
313
244
-252
-252
-378
-440
-456
-459
-506
-554
-633
-698
-744
-756
-717
-577
-408
-187
235
235
361
410
389
345
289
256
265
356
517
691
898
1012
1195
1274
1511
1494
1348
859
-497
-497
-1026
-1138
-1163
-962
-740
-426
294
294
334
267
174
213
343
493
561
501
360
-249
-249
-401
-557
-707
-742
-691
-543
-431
-330
-300
-248
-198
160
160
239
294
281
162
-241
-241
-390
-472
-511
-519
-498
-493
-468
-491
-519
-571
-621
-618
-511
-330
162
162
238
275
282
257
204
170
157
173
290
387
508
602
698
864
1027
1172
1362
1344
1216
744
-429
-429
-813
-978
-972
-812
-570
-288
242
242
263
158
213
213
257
217
-208
-208
-381
-509
-611
-693
-674
-578
-428
-311
-195
-202
-202
-314
-393
-458
-484
-460
-468
-460
-463
-487
-508
-513
-483
-415
-319
-214
217
217
260
239
209
184
184
278
395
527
677
784
929
1038
1204
1355
1283
1127
684
173
-301
-622
-758
-772
-678
-521
-283
199
199
200
167
167
159
-250
-250
-348
-444
-553
-619
-590
-476
-298
-212
-212
-282
-345
-377
-405
-401
-353
-330
-320
-362
-413
-477
-499
-466
-375
-248
204
204
293
352
426
488
596
699
815
956
1214
1321
1278
1016
537
-398
-398
-685
-766
-712
-586
-423
-226
-209
-209
-250
-224
-170
-170
-215
-270
-345
-395
-390
-336
-244
-196
-196
-223
-222
-190
-167
-167
-267
-347
-408
-447
-463
-471
-440
-406
-371
-345
-313
-284
-240
-192
158
158
169
165
168
161
204
239
327
433
591
732
922
1068
1322
1366
1255
975
598
195
-205
-483
-649
-638
-617
-487
-331
-156
-156
-172
-179
-179
-255
-309
-309
-285
-231
-190
-167
-167
-172
-172
-241
-296
-338
-395
-413
-426
-421
-437
-423
-396
-331
-282
-239
-189
162
162
229
290
377
436
523
613
748
884
1031
1224
1204
1090
809
537
181
-431
-431
-547
-569
-588
-560
-483
-353
-277
-231
-206
-185
-185
-195
-176
-175
-209
-210
-171
-160
-191
-191
-243
-281
-330
-369
-368
-371
-363
-371
-363
-356
-340
-332
-304
-254
-170
175
175
208
270
376
497
628
752
877
973
1086
1164
1074
936
666
458
162
-376
-376
-484
-545
-568
-554
-474
-349
-278
-229
-197
-198
-198
-246
-245
-214
-197
-195
-191
-172
-172
-213
-227
-284
-349
-410
-439
-460
-460
-440
-370
-299
-268
-247
-214
-158
164
164
190
219
236
286
356
427
481
568
639
731
778
885
940
875
725
477
323
-305
-305
-415
-506
-477
-460
-369
-285
-231
-226
-191
-156
-156
-225
-271
-292
-284
-288
-296
-320
-323
-323
-335
-351
-332
-306
-261
-209
-157
164
164
202
244
272
322
325
400
445
527
587
683
765
910
950
870
706
480
339
212
-171
-171
-312
-359
-405
-363
-343
-292
-284
-240
-194
-174
-174
-175
-214
-238
-271
-277
-296
-299
-323
-314
-294
-272
-258
-238
-184
187
187
234
249
268
292
317
345
344
369
408
484
537
598
627
677
623
529
352
215
-209
-209
-192
-200
-211
-202
-157
-189
-189
-195
-181
-156
-156
-182
-179
-191
-213
-229
-245
-256
-255
-248
-230
-225
-222
-201
-156
188
188
218
248
254
253
249
239
236
243
274
318
374
451
512
601
579
515
375
294
221
199
162
156
-166
-166
-189
-166
-188
-188
-191
-229
-229
-222
-192
-165
-162
-158
-162
-162
-160
-163
-168
-184
-189
-195
-185
-166
157
157
171
184
196
223
247
305
376
443
530
558
531
462
366
298
238
208
180
203
180
169
-157
-157
-192
-218
-217
-179
-157
-157
-163
-166
-158
175
175
190
206
243
277
302
324
329
361
365
436
453
456
399
320
245
193
172
171
171
163
188
171
180
-177
-177
-175
-176
-171
-171
-171
-184
-171
-176
-162
-166
-161
-170
-164
165
165
203
238
275
292
317
337
370
419
422
408
350
310
278
261
231
221
217
205
191
169
182
182
207
232
263
284
302
307
327
342
333
312
264
239
223
229
235
254
247
216
167
-168
-168
-187
-190
-180
-157
-157
-162
-162
167
167
197
213
233
240
258
276
296
320
328
313
293
271
271
277
277
273
266
248
214
173
-181
-181
-198
-209
-214
-212
-218
-211
-207
-191
-172
177
177
214
248
268
284
296
288
285
269
242
200
165
163
171
182
167
156
156
156
191
211
226
225
210
200
198
188
180
172
172
170
162
164
-157
-157
-157
-163
159
159
165
165
158
164
164
171
183
191
200
208
211
214
205
201
204
192
185
182
180
173
157
163
163
174
181
187
184
185
182
184
185
194
205
201
195
187
178
180
175
171
165
-156
-156
-172
-183
-174
-165
-161
161
161
174
179
178
172
162
172
172
187
189
166
-161
-161
-160
-157
