187
187
195
196
200
206
218
230
234
239
251
254
251
241
223
194
-191
-191
-210
-227
-236
-235
-230
-217
-202
191
191
206
222
231
243
244
242
247
232
211
193
191
191
215
238
257
276
296
309
324
334
338
354
361
373
379
393
380
359
329
290
240
-230
-230
-270
-313
-332
-347
-341
-329
-314
-284
-250
-202
-187
-187
219
219
263
301
337
369
399
424
444
469
482
495
502
510
505
467
422
369
304
226
-204
-204
-275
-339
-397
-432
-455
-467
-466
-450
-424
-399
-370
-327
-284
-230
-193
-193
-212
-218
-225
-223
-228
-231
-221
-215
-196
236
236
283
328
368
408
437
477
506
534
563
571
577
540
499
449
384
309
211
-187
-187
-282
-364
-426
-485
-523
-544
-553
-538
-513
-479
-448
-407
-348
-297
-245
-189
194
194
203
200
187
-193
-193
-229
-266
-292
-313
-333
-335
-336
-324
-303
-274
-240
-193
237
237
291
338
394
437
480
519
560
592
625
652
668
667
631
589
519
448
338
220
-264
-264
-369
-463
-535
-596
-631
-653
-660
-642
-613
-566
-517
-464
-402
-343
-286
-235
198
198
206
200
184
-203
-203
-245
-285
-321
-354
-376
-391
-394
-389
-374
-341
-307
-264
-205
206
206
264
320
382
431
481
530
565
611
642
674
708
722
723
687
648
574
487
365
248
-295
-295
-417
-516
-597
-658
-696
-707
-682
-671
-627
-579
-520
-457
-388
-318
-252
-191
201
201
226
257
257
267
260
232
196
-242
-242
-299
-349
-397
-429
-454
-470
-479
-483
-477
-460
-437
-401
-351
-297
-238
200
200
278
354
412
470
524
568
612
648
682
702
725
745
756
767
766
723
665
572
461
330
194
-251
-251
-391
-510
-616
-691
-752
-777
-788
-770
-736
-679
-618
-544
-468
-384
-301
-214
225
225
291
338
386
411
430
434
422
391
348
271
187
-233
-233
-333
-427
-509
-573
-623
-660
-671
-682
-673
-649
-628
-595
-544
-497
-443
-376
-309
-245
185
185
268
346
427
496
556
604
652
687
715
741
758
766
775
771
780
783
766
726
647
545
412
269
-194
-194
-364
-501
-631
-717
-801
-846
-875
-863
-839
-784
-713
-624
-532
-431
-318
-218
188
188
270
345
419
477
523
560
582
594
575
542
489
414
325
215
-284
-284
-421
-546
-650
-734
-805
-843
-868
-864
-851
-815
-763
-706
-634
-566
-491
-412
-328
-243
217
217
297
371
447
518
583
638
683
722
754
783
788
800
794
786
776
774
754
733
701
638
545
419
274
-194
-194
-363
-518
-638
-752
-828
-896
-924
-926
-895
-841
-757
-670
-555
-446
-323
-216
229
229
308
387
443
511
548
581
599
604
584
544
489
417
318
213
-190
-190
-334
-471
-623
-735
-841
-904
-960
-983
-986
-961
-921
-861
-793
-712
-620
-532
-439
-350
-249
214
214
301
380
461
531
599
666
707
745
776
804
823
822
816
809
785
773
753
747
714
684
605
499
359
206
-259
-259
-439
-571
-693
-775
-848
-887
-901
-870
-833
-759
-671
-568
-442
-335
-217
208
208
285
359
419
492
541
584
606
611
611
578
530
470
379
280
-273
-273
-417
-559
-693
-802
-901
-959
-993
-1005
-998
-966
-915
-847
-766
-675
-584
-498
-389
-304
-198
212
212
304
396
465
540
615
682
735
758
791
806
815
809
796
770
748
719
705
675
669
635
606
522
423
277
-313
-313
-488
-601
-723
-789
-863
-876
-881
-835
-803
-713
-631
-515
-415
-313
-204
191
191
254
321
378
444
476
509
522
531
517
484
437
371
281
-322
-322
-459
-613
-744
-858
-957
-1021
-1067
-1088
-1075
-1034
-980
-896
-818
-714
-627
-506
-408
-288
247
247
340
418
486
559
622
686
725
759
779
791
795
794
776
750
733
706
698
673
681
660
659
570
477
337
215
-226
-226
-402
-505
-631
-691
-774
-796
-824
-785
-769
-691
-625
-516
-422
-328
-236
192
192
261
323
395
431
487
503
525
527
512
479
422
347
259
-221
-221
-352
-519
-662
-806
-904
-1002
-1057
-1113
-1112
-1106
-1059
-996
-929
-840
-742
-638
-537
-438
-331
-225
253
253
333
396
466
523
578
620
656
681
700
700
699
685
678
653
644
620
627
638
672
695
700
617
529
378
283
-237
-237
-421
-557
-684
-777
-866
-886
-902
-847
-828
-730
-662
-532
-455
-352
-271
190
190
264
337
392
452
485
520
531
530
506
463
385
292
-211
-211
-360
-536
-685
-817
-933
-1013
-1085
-1113
-1125
-1097
-1054
-990
-930
-841
-757
-650
-546
-433
-334
-233
257
257
336
421
491
562
609
660
685
709
711
715
710
697
685
665
660
652
678
693
740
760
789
707
609
459
351
196
-210
-210
-401
-541
-671
-759
-857
-869
-889
-835
-804
-710
-641
-525
-459
-368
-309
-214
266
266
334
408
478
525
547
571
553
518
451
349
236
-336
-336
-522
-677
-806
-914
-996
-1071
-1098
-1128
-1107
-1085
-1035
-987
-924
-854
-762
-659
-537
-435
-321
-209
257
257
346
429
511
584
630
677
702
715
726
729
729
724
715
695
686
683
706
714
765
779
808
733
621
476
343
206
-199
-199
-411
-534
-677
-753
-837
-851
-870
-814
-786
-697
-621
-519
-454
-381
-323
-252
274
274
360
454
525
591
627
638
632
589
507
405
269
-274
-274
-430
-575
-699
-806
-900
-981
-1037
-1077
-1099
-1098
-1082
-1049
-1005
-928
-859
-751
-644
-505
-394
-266
222
222
317
410
482
558
605
645
678
702
723
735
751
750
750
741
744
739
755
763
779
824
858
848
722
583
418
326
-266
-266
-421
-553
-652
-743
-777
-793
-789
-759
-716
-640
-566
-475
-431
-373
-344
-257
-199
202
202
302
418
499
580
634
649
646
622
571
473
350
215
-254
-254
-394
-511
-632
-711
-824
-903
-990
-1051
-1102
-1125
-1130
-1104
-1069
-1004
-915
-794
-653
-514
-379
-244
228
228
311
389
464
517
567
609
654
694
731
758
780
792
802
795
792
773
769
765
764
795
825
836
706
579
430
341
-222
-222
-361
-497
-590
-687
-716
-747
-740
-749
-722
-655
-592
-507
-467
-415
-377
-288
-217
218
218
323
430
518
600
645
656
651
635
594
514
403
272
-296
-296
-424
-565
-670
-789
-877
-987
-1075
-1148
-1177
-1184
-1157
-1115
-1047
-965
-834
-692
-535
-389
-251
230
230
316
397
466
526
592
652
714
770
813
848
878
893
899
876
870
834
831
809
828
843
880
809
675
496
375
270
-301
-301
-437
-570
-662
-761
-776
-814
-796
-820
-763
-714
-613
-563
-503
-466
-390
-299
-192
284
284
393
500
576
649
666
659
638
623
570
478
353
230
-206
-206
-340
-486
-604
-738
-851
-979
-1094
-1191
-1268
-1292
-1287
-1239
-1181
-1093
-985
-831
-663
-490
-343
-199
250
250
334
424
502
571
645
724
801
867
911
939
957
983
982
965
935
912
886
892
914
958
910
765
566
422
317
-283
-283
-443
-578
-687
-792
-822
-853
-847
-881
-837
-784
-682
-613
-543
-502
-427
-335
-194
210
210
347
472
580
665
747
777
766
736
717
661
577
440
310
193
-267
-267
-414
-571
-692
-821
-955
-1115
-1241
-1340
-1394
-1406
-1368
-1303
-1203
-1085
-940
-762
-562
-381
-237
231
231
324
401
487
551
645
732
834
916
979
1025
1049
1073
1071
1042
1002
954
907
883
880
929
881
748
532
369
270
-306
-306
-482
-616
-739
-847
-895
-912
-912
-946
-932
-885
-770
-682
-597
-545
-468
-377
-231
213
213
344
456
564
666
747
775
752
712
691
650
581
457
324
202
-256
-256
-415
-595
-740
-897
-1020
-1150
-1283
-1387
-1457
-1468
-1420
-1336
-1224
-1102
-954
-772
-577
-386
-230
211
211
308
407
501
585
677
763
882
977
1048
1097
1113
1115
1103
1078
1054
1005
953
931
957
1005
939
785
553
408
292
-330
-330
-503
-629
-774
-868
-930
-916
-915
-940
-932
-871
-767
-665
-595
-528
-463
-357
-196
288
288
427
550
653
747
825
854
824
771
713
654
563
449
298
-308
-308
-481
-646
-810
-964
-1115
-1280
-1414
-1537
-1587
-1590
-1515
-1406
-1252
-1098
-914
-725
-505
-319
230
230
319
418
512
617
731
853
980
1090
1165
1214
1218
1193
1156
1104
1059
994
957
940
997
973
851
623
438
327
200
-285
-285
-503
-645
-774
-908
-1000
-1033
-1012
-1020
-1012
-995
-898
-784
-670
-599
-534
-445
-281
262
262
408
556
677
776
856
906
910
861
790
709
638
539
401
248
-243
-243
-421
-604
-757
-924
-1098
-1297
-1438
-1535
-1596
-1608
-1576
-1459
-1280
-1097
-915
-732
-535
-347
-187
271
271
367
474
610
745
890
1022
1137
1228
1285
1299
1261
1197
1132
1080
1032
1005
1006
1070
1033
903
641
450
321
201
-327
-327
-582
-746
-864
-972
-1066
-1107
-1094
-1090
-1075
-1037
-938
-823
-697
-614
-555
-480
-317
197
197
305
440
623
788
880
926
954
953
895
793
693
608
511
382
216
-255
-255
-441
-669
-867
-1042
-1216
-1406
-1587
-1700
-1730
-1692
-1616
-1485
-1284
-1054
-845
-669
-513
-336
226
226
376
532
677
836
1016
1165
1282
1337
1362
1343
1296
1195
1088
1007
988
1011
1106
1109
1006
766
538
373
245
-266
-266
-564
-807
-954
-1063
-1135
-1167
-1152
-1141
-1114
-1087
-977
-862
-740
-642
-583
-529
-416
-217
240
240
364
487
641
837
970
1050
1068
1039
958
837
714
608
503
384
245
-223
-223
-346
-540
-796
-1060
-1264
-1472
-1636
-1774
-1821
-1791
-1698
-1535
-1303
-1055
-813
-622
-468
-345
-236
266
266
480
696
890
1057
1221
1334
1390
1378
1324
1237
1137
1036
948
922
951
1105
1191
1143
900
598
384
241
-257
-257
-614
-915
-1089
-1172
-1187
-1190
-1134
-1109
-1063
-1028
-988
-925
-827
-707
-624
-607
-561
-399
223
223
433
574
705
859
1000
1097
1112
1036
901
747
597
485
368
305
256
-214
-214
-330
-484
-728
-1022
-1300
-1547
-1707
-1803
-1811
-1776
-1667
-1487
-1251
-1003
-781
-604
-468
-390
-345
-308
-252
236
236
441
672
902
1113
1268
1330
1326
1273
1189
1101
983
920
880
917
985
1150
1301
1307
1118
765
435
-344
-344
-632
-928
-1106
-1192
-1127
-1056
-951
-910
-889
-894
-934
-983
-1011
-954
-842
-727
-623
-460
-201
496
496
783
936
991
971
957
929
871
750
614
499
437
404
412
436
427
369
219
-261
-261
-552
-838
-1104
-1361
-1599
-1780
-1827
-1733
-1558
-1356
-1177
-1040
-914
-815
-726
-658
-634
-615
-547
-427
-259
200
200
486
755
971
1095
1165
1212
1232
1208
1135
1020
926
894
950
1066
1197
1326
1484
1560
1460
1137
637
-347
-347
-509
-669
-846
-931
-902
-780
-670
-650
-772
-935
-1096
-1236
-1331
-1369
-1263
-1035
-736
-441
428
428
686
878
911
817
637
511
482
540
607
661
696
737
772
796
759
619
390
-248
-248
-580
-884
-1123
-1250
-1310
-1338
-1379
-1378
-1356
-1276
-1192
-1139
-1146
-1195
-1229
-1165
-1013
-812
-600
-383
257
257
412
562
683
771
824
860
894
954
1047
1164
1251
1289
1279
1279
1282
1309
1352
1414
1390
1216
847
403
-206
-206
-186
-213
-357
-539
-701
-792
-830
-882
-1030
-1189
-1341
-1412
-1387
-1252
-988
-657
-353
220
220
372
468
527
510
500
575
731
902
1041
1060
964
769
563
387
243
-331
-331
-496
-656
-781
-889
-1012
-1156
-1319
-1488
-1587
-1592
-1470
-1289
-1109
-986
-888
-803
-687
-547
-399
-278
-188
381
381
629
868
1063
1174
1205
1169
1119
1057
1023
996
1010
1050
1116
1209
1363
1487
1476
1248
775
234
-217
-440
-468
-383
-341
-378
-490
-606
-716
-799
-914
-1057
-1205
-1335
-1428
-1447
-1320
-1042
-648
-248
317
317
431
512
579
669
793
914
965
902
725
479
213
-218
-218
-198
-219
-299
-469
-690
-916
-1090
-1197
-1261
-1313
-1368
-1381
-1329
-1191
-1011
-814
-665
-574
-539
-508
-462
-373
-227
216
216
438
621
764
859
944
997
1019
992
909
819
755
769
870
1017
1172
1297
1358
1307
1095
720
278
-322
-322
-319
-340
-340
-596
-836
-1029
-1124
-1124
-1030
-899
-749
-582
-409
-254
-207
-207
-333
-382
-296
232
232
530
723
765
664
483
287
218
218
237
-339
-339
-567
-795
-956
-1040
-1023
-927
-775
-636
-541
-524
-575
-664
-731
-753
-695
-545
-345
208
208
272
283
253
216
240
240
330
430
530
607
651
662
654
619
597
607
645
677
672
599
477
325
213
-188
-188
-293
-379
-424
-401
-333
-244
-207
-207
-268
-332
-359
-340
-275
-196
-202
-202
-188
-230
-230
-314
-378
-402
-376
-308
-214
-251
-251
-342
-410
-434
-401
-328
-229
-214
-214
-225
-186
213
213
214
190
197
197
262
351
456
556
618
617
532
379
211
187
187
348
502
583
557
442
261
307
307
367
317
-229
-229
-351
-367
-289
-325
-325
-498
-591
-575
-459
-291
-259
-259
-445
-588
-640
-590
-441
-246
-282
-282
-450
-549
-557
-458
-295
-195
-195
-307
-359
-332
-225
270
270
331
333
300
259
222
224
256
317
383
441
495
523
517
468
398
335
295
284
285
295
296
288
257
212
-215
-215
-248
-277
-293
-299
-299
-282
-270
-263
-267
-284
-311
-331
-345
-342
-322
-285
-238
-190
-184
-184
-217
-233
-236
-218
-191
-202
-202
-229
-242
-239
-219
-192
220
220
258
300
347
384
404
405
415
415
429
447
472
503
520
507
475
439
381
332
289
255
234
221
212
198
-191
-191
-205
-229
-244
-267
-283
-295
-301
-292
-276
-250
-233
-218
-216
-218
-223
-220
-219
-211
-198
-187
-187
-193
-193
-200
-211
-226
-237
-247
-245
-242
-231
-217
-198
207
207
242
285
319
359
391
411
428
434
437
453
474
483
484
473
451
424
390
355
310
273
236
207
188
-193
-193
-233
-260
-272
-269
-258
-249
-242
-234
-231
-233
-224
-226
-228
-227
-222
-211
-190
-185
-185
-197
-216
-228
-240
-240
-237
-236
-231
-229
-223
-216
-212
-197
212
212
242
280
328
375
407
422
432
426
430
425
439
451
452
446
433
419
405
382
345
308
268
228
195
-186
-186
-207
-228
-247
-271
-292
-300
-302
-301
-290
-271
-248
-238
-230
-221
-212
-212
-210
-215
-219
-216
-217
-213
-203
-188
-187
-193
-208
-227
-224
-227
-241
-248
-249
-240
-222
-198
197
197
231
273
331
403
447
524
619
737
795
679
529
429
491
649
728
761
735
567
311
-245
-245
-337
-312
-312
-394
-499
-509
-465
-418
-369
-364
-459
-604
-658
-529
-348
-252
-233
-257
-289
-274
-230
-230
-202
-202
-424
-559
-638
-640
-601
-555
-591
-708
-772
-755
-736
-740
-705
-598
-456
-340
-221
301
301
461
578
716
862
983
1083
1212
1409
1572
1752
1772
1370
895
657
1107
1717
1688
1289
755
367
-226
-226
458
458
264
-410
-884
-883
-928
-1141
-1107
-893
-923
-1240
-1380
-1051
-903
-1113
-1172
-949
-583
-456
-354
-307
-307
-253
199
647
710
680
641
574
549
703
985
1100
893
696
639
600
516
344
223
-339
-339
-472
-548
-580
-787
-1003
-1172
-1303
-1306
-1309
-1329
-1415
-1467
-1435
-1356
-1234
-1065
-895
-797
-691
-508
-218
292
292
490
699
828
979
1148
1216
1278
1370
1533
1674
1721
1840
1898
1941
1955
1611
1086
743
915
1517
1623
1086
450
-321
-321
-572
-373
-841
-841
-1612
-1637
-1338
-1321
-1253
-1040
-1116
-1572
-1890
-1487
-905
-828
-905
-751
-471
-426
-395
303
303
358
318
524
882
902
789
837
948
952
794
800
835
706
485
205
-332
-332
-577
-790
-1037
-1141
-1154
-1119
-1209
-1433
-1534
-1499
-1375
-1285
-1178
-1070
-1023
-989
-857
-540
-247
277
277
448
601
789
1004
1240
1365
1447
1598
1677
1797
1873
2029
2094
1885
1334
1048
1258
1703
1777
1214
639
225
279
279
-842
-842
-1427
-1386
-1074
-1032
-1113
-1146
-1343
-1747
-1852
-1381
-849
-870
-1100
-1109
-914
-731
-520
476
476
658
701
762
715
644
607
759
921
689
386
261
269
282
-362
-362
-616
-731
-804
-732
-862
-1109
-1251
-1244
-1115
-1051
-1047
-1011
-1027
-1001
-812
-570
-262
204
204
473
693
937
1077
1192
1325
1472
1698
1903
1940
1515
1249
1274
1729
2083
1806
1266
846
639
553
640
801
671
-720
-720
-923
-615
-501
-675
-867
-1137
-1501
-1721
-1465
-987
-924
-1268
-1470
-1392
-1171
-1009
-700
-434
-443
-593
-546
236
236
303
397
392
355
407
628
712
603
475
455
475
323
-306
-306
-446
-488
-634
-736
-786
-793
-880
-983
-951
-874
-810
-816
-774
-682
-521
-392
249
249
356
613
887
1139
1288
1435
1570
1233
1056
1212
1690
2166
1784
1242
956
959
964
1032
1191
1115
359
-309
-440
-248
-248
-533
-793
-1125
-1368
-1167
-651
-685
-1224
-1548
-1428
-1108
-1059
-906
-688
-799
-1007
-997
-478
472
472
589
456
272
325
547
471
435
360
230
-196
-196
-445
-582
-565
-637
-754
-721
-740
-712
-799
-876
-777
-664
-512
-405
-265
-217
229
229
474
753
781
943
1032
1318
1355
1029
1155
1283
1817
1763
1315
1030
1039
1038
1031
1005
1128
704
328
328
-392
-392
-558
-750
-1004
-1053
-740
-550
-992
-1350
-1359
-1082
-935
-1015
-810
-779
-936
-1035
-751
-310
-269
-344
-249
198
198
440
377
286
366
436
437
312
421
454
248
-277
-277
-408
-548
-678
-619
-505
-578
-735
-833
-845
-691
-606
-446
-341
-366
-377
-278
290
290
446
600
563
712
891
1251
1391
1015
990
1069
1638
1778
1396
1074
1020
987
1006
1039
1174
837
441
441
186
-283
-469
-642
-848
-893
-633
-424
-835
-1258
-1302
-1005
-808
-924
-781
-763
-933
-1017
-796
-363
-279
-409
-356
-224
357
357
277
199
250
439
447
316
356
441
325
-286
-286
-405
-579
-536
-426
-488
-656
-799
-776
-643
-577
-484
-386
-362
-374
-316
341
341
420
484
627
833
1066
1339
1027
873
932
1418
1866
1500
1058
876
996
1057
1041
1126
995
362
453
453
419
-454
-454
-560
-670
-821
-687
-387
-606
-1136
-1328
-1060
-709
-844
-872
-771
-882
-1005
-917
-449
-250
-417
-498
-355
275
275
259
265
265
473
356
266
286
302
-294
-294
-314
-420
-483
-426
-426
-518
-714
-723
-591
-505
-470
-421
-389
-326
-292
271
271
340
379
557
744
943
1190
1260
853
841
1000
1631
1760
1260
841
829
1006
1015
1041
1107
765
563
563
226
-304
-485
-526
-668
-747
-501
-355
-758
-1184
-1176
-809
-654
-859
-767
-721
-866
-979
-733
-288
-273
-440
-453
-249
330
330
189
375
375
523
346
217
254
237
199
199
-264
-264
-270
-228
-360
-464
-456
-480
-614
-695
-611
-507
-517
-551
-507
-401
-287
-210
239
239
399
634
780
911
1069
1190
781
823
1007
1604
1753
1182
747
799
1030
1037
1014
1031
736
616
616
290
-347
-547
-503
-624
-719
-523
-344
-729
-1216
-1225
-827
-567
-815
-773
-709
-872
-1003
-757
-251
-191
-451
-550
-347
350
350
331
331
575
431
219
315
315
-328
-328
-281
-245
-245
-398
-493
-548
-657
-700
-567
-481
-547
-592
-558
-461
-336
-220
318
318
584
691
837
944
1153
998
732
921
1250
1811
1452
926
721
956
1062
1074
1024
946
392
473
473
613
-471
-471
-486
-487
-614
-573
-368
-468
-1011
-1234
-972
-531
-630
-844
-724
-797
-943
-887
-436
-361
-361
-630
-501
-203
195
195
221
515
515
487
196
215
215
217
-281
-281
-316
-190
-185
-360
-492
-517
-571
-647
-626
-504
-534
-594
-585
-521
-377
-275
188
188
465
595
720
846
1019
1016
650
834
1103
1675
1541
950
676
897
1048
1077
986
953
540
377
377
670
-418
-418
-434
-394
-544
-570
-414
-352
-855
-1174
-1038
-634
-566
-870
-772
-773
-942
-973
-620
-233
-344
-631
-596
-327
211
211
451
451
518
286
205
205
247
247
334
-245
-245
-244
-213
-213
-401
-495
-521
-558
-553
-429
-446
-587
-578
-492
-391
-275
-223
328
328
583
616
818
844
1122
865
712
915
1277
1739
1312
779
692
996
1124
1086
937
882
314
591
591
593
-466
-466
-364
-329
-464
-490
-318
-468
-1001
-1126
-868
-458
-668
-893
-762
-813
-931
-849
-413
-205
-487
-712
-518
-208
223
223
538
425
226
226
205
276
280
-256
-256
-193
-308
-308
-470
-493
-506
-546
-518
-406
-498
-595
-553
-447
-341
-252
-200
184
184
440
596
653
799
931
1022
634
819
1045
1595
1527
936
641
875
1096
1104
974
895
577
394
394
717
209
-374
-412
-283
-387
-470
-385
-327
-760
-1081
-968
-580
-463
-829
-822
-771
-887
-905
-595
-231
-329
-660
-656
-339
422
422
515
232
247
247
277
215
291
-193
-193
-201
-408
-408
-496
-458
-461
-509
-443
-401
-539
-557
-497
-381
-246
-184
299
299
571
634
770
839
1041
822
714
954
1309
1694
1253
724
725
1062
1159
1089
924
800
328
291
291
630
562
-456
-456
-297
-264
-403
-441
-339
-515
-979
-1042
-772
-434
-674
-921
-794
-832
-918
-798
-399
-276
-568
-748
-526
268
268
525
383
194
194
290
270
265
227
-276
-276
-310
-310
-501
-496
-439
-466
-447
-374
-450
-579
-523
-412
-266
241
241
497
635
733
806
1002
1005
693
879
1108
1642
1523
910
655
946
1196
1145
983
893
547
443
443
686
-467
-467
-412
-254
-366
-515
-423
-404
-824
-1079
-939
-543
-521
-892
-819
-749
-852
-872
-551
-232
-402
-673
-599
-254
500
500
486
203
335
335
287
265
207
-202
-202
-196
-235
-235
-488
-507
-424
-384
-466
-439
-444
-505
-533
-413
-267
-208
262
262
406
653
757
845
933
1122
832
813
1081
1485
1749
1176
751
833
1198
1218
1060
920
751
246
319
319
630
369
-337
-475
-310
-318
-544
-522
-406
-685
-1069
-1053
-739
-497
-794
-907
-757
-819
-892
-708
-309
-295
-602
-644
-375
411
411
556
330
252
252
309
202
278
-300
-300
-405
-405
-546
-531
-484
-518
-502
-431
-563
-609
-551
-368
-252
339
339
588
691
772
869
1094
998
714
974
1236
1747
1428
819
705
1027
1206
1108
937
822
380
214
214
494
589
-537
-537
-403
-307
-467
-583
-443
-548
-977
-1108
-903
-526
-629
-935
-789
-778
-871
-811
-429
-208
-452
-638
-509
280
280
590
478
341
341
245
213
-283
-283
-226
-387
-387
-567
-577
-497
-501
-591
-502
-513
-550
-578
-437
-307
-202
189
189
259
491
733
825
908
1010
1152
792
923
1183
1650
1689
1026
686
923
1222
1176
989
860
582
319
319
589
-552
-552
-555
-395
-475
-656
-573
-510
-891
-1197
-1076
-728
-578
-927
-914
-796
-876
-896
-612
-248
-349
-621
-587
-271
501
501
560
301
278
278
308
204
204
-263
-263
-340
-306
-306
-563
-670
-603
-561
-612
-595
-553
-639
-664
-584
-385
-279
233
233
388
667
786
899
1020
1189
1023
810
1115
1462
1886
1406
822
768
1156
1283
1142
940
745
258
201
201
516
428
-347
-668
-506
-425
-600
-654
-539
-733
-1159
-1225
-926
-596
-786
-1012
-857
-847
-915
-783
-358
-209
-470
-615
-399
210
210
219
440
440
690
457
212
304
304
371
185
-315
-315
-258
-233
-233
-520
-646
-637
-582
-668
-695
-567
-580
-674
-621
-513
-319
-189
336
336
607
804
878
995
1191
1157
852
1019
1349
1861
1678
990
732
1001
1255
1174
1008
815
381
359
359
495
-707
-707
-669
-547
-648
-761
-659
-744
-1153
-1341
-1139
-746
-742
-1030
-956
-885
-929
-854
-480
-191
-339
-544
-432
239
239
317
401
401
731
627
332
229
229
399
277
216
-332
-332
-334
-221
-253
-465
-669
-740
-676
-718
-775
-691
-621
-689
-730
-594
-466
-270
185
185
306
566
842
971
1051
1248
1358
1003
1014
1312
1796
1998
1304
818
922
1244
1267
1106
959
572
187
187
503
-649
-649
-785
-663
-677
-825
-747
-707
-1075
-1381
-1317
-933
-715
-969
-1003
-865
-910
-897
-602
-408
-408
-401
209
209
269
307
446
326
237
393
682
796
528
345
304
345
327
246
246
-241
-241
-397
-384
-289
-458
-660
-792
-826
-828
-890
-812
-686
-767
-770
-741
-548
-358
-243
293
293
495
816
993
1114
1269
1395
1335
1009
1230
1629
2061
1802
1048
859
1082
1287
1230
1042
778
258
272
272
323
-363
-890
-849
-814
-871
-923
-821
-961
-1385
-1502
-1236
-876
-870
-1068
-947
-914
-940
-764
-361
-204
-204
-341
-194
378
378
392
511
520
382
384
551
845
774
526
382
269
310
221
217
186
-415
-415
-548
-434
-406
-561
-750
-904
-943
-921
-883
-720
-676
-778
-792
-684
-387
-200
328
328
496
807
1095
1192
1297
1458
1544
1302
1163
1540
1920
2132
1481
920
954
1198
1237
1097
869
481
-277
-277
224
224
-845
-845
-1067
-998
-1014
-1077
-996
-950
-1277
-1600
-1477
-1096
-829
-945
-985
-831
-865
-779
-472
427
427
568
588
698
656
520
616
689
761
657
463
377
278
-359
-359
-583
-722
-749
-724
-842
-945
-990
-1093
-1111
-962
-777
-738
-709
-690
-541
-278
282
282
464
552
821
1076
1328
1499
1695
1679
1431
1197
1484
1955
2321
1729
1009
845
1006
1166
1078
919
473
-564
-564
-371
-877
-877
-1227
-1275
-1320
-1342
-1216
-1049
-1278
-1632
-1658
-1294
-945
-928
-871
-718
-751
-749
-483
264
264
201
259
259
513
684
752
929
903
612
585
732
869
824
443
-196
-196
-252
-569
-809
-884
-942
-899
-1035
-1182
-1145
-1117
-1127
-1106
-927
-778
-686
-528
-436
-232
428
428
702
805
984
1172
1483
1655
1973
1988
1721
1298
1404
1902
2409
2123
1195
770
772
966
950
903
472
-201
-838
-822
-428
-307
-884
-1417
-1541
-1597
-1622
-1448
-1195
-1243
-1561
-1729
-1432
-1005
-792
-710
-485
-459
-493
-317
542
542
612
565
573
765
856
1003
1053
1162
815
630
745
724
765
287
-338
-338
-591
-622
-873
-1100
-1155
-1207
-1232
-1325
-1448
-1298
-1144
-1067
-1139
-1028
-776
-565
-278
212
212
348
688
1064
1264
1346
1394
1725
1910
2319
2268
1946
1392
1365
1873
2371
2203
1207
578
450
631
612
630
-511
-511
-1252
-1340
-932
-748
-1145
-1726
-1849
-1926
-1887
-1658
-1344
-1269
-1497
-1625
-1337
-884
-583
-412
506
506
868
1040
1022
1052
1137
1169
1103
1034
1094
964
901
707
464
-189
-189
-260
-355
-794
-1245
-1363
-1312
-1261
-1269
-1467
-1677
-1741
-1579
-1271
-1018
-929
-1061
-975
-659
-255
312
312
406
470
745
1049
1397
1661
1739
1774
1967
2132
2416
2557
2213
1626
1110
1599
2015
2241
1353
401
-650
-650
-1591
-1963
-1601
-1216
-1282
-1839
-1987
-2048
-2090
-1824
-1381
-1035
-1151
-1280
-997
-613
-217
312
312
651
643
689
895
1199
1373
1413
1453
1531
1252
1015
742
913
1024
641
427
-189
-429
-779
-764
-708
-881
-1253
-1867
-1967
-1744
-1605
-1508
-1604
-1786
-1792
-1679
-1237
-846
-588
-622
-663
-307
465
465
765
893
1013
1113
1285
1583
1826
2031
1989
2190
2168
2346
2424
2047
1431
701
1145
1589
1906
979
-624
-624
-697
-600
-361
-362
-980
-1983
-2519
-2031
-1521
-1356
-1742
-1863
-1904
-1993
-1623
-1056
-542
-534
-617
-371
322
322
552
920
1277
1261
1220
1275
1377
1473
1435
1537
1495
1179
764
299
290
-587
-587
-1062
-1561
-1573
-1392
-1333
-1518
-1946
-2143
-2049
-1774
-1474
-1320
-1283
-1341
-1239
-834
-443
316
316
598
909
1122
1256
1385
1422
1630
1733
1838
1951
1937
2061
2179
2390
1915
1298
217
400
1073
1671
1219
-912
-912
-1402
-1148
-740
-271
-621
-1688
-2577
-2440
-1754
-1276
-1179
-1331
-1413
-1678
-1486
-935
-222
216
216
358
583
714
1037
1397
1596
1535
1430
1263
1103
1009
1109
1272
1047
607
-358
-358
-648
-612
-663
-787
-1058
-1698
-1918
-2021
-1762
-1599
-1603
-1661
-1730
-1699
-1491
-1199
-837
-690
-572
-441
-282
188
188
421
655
875
1027
1067
1125
1141
1263
1490
1637
1773
1675
1622
1625
1906
2048
1712
849
200
200
765
1338
799
-951
-951
-1456
-1354
-840
-320
-635
-1513
-2186
-2060
-1623
-1177
-976
-813
-895
-1100
-925
-523
200
200
459
696
868
861
797
960
1216
1407
1497
1463
1131
742
434
583
704
671
261
-275
-708
-1169
-1111
-989
-882
-1068
-1562
-1833
-1907
-1749
-1484
-1299
-1117
-1180
-1182
-1079
-907
-590
-404
251
251
568
896
1140
1094
971
839
817
1128
1446
1683
1691
1542
1477
1655
1633
1197
346
539
539
1118
1037
197
-424
-1102
-1294
-1054
-507
-329
-998
-1729
-1985
-1658
-1278
-1054
-738
-647
-864
-879
-604
294
294
574
839
988
838
831
933
1009
1190
1299
1236
863
368
253
253
376
268
-554
-554
-972
-1266
-1283
-1131
-1100
-1169
-1404
-1556
-1625
-1531
-1384
-1173
-899
-721
-660
-630
-608
-504
-250
296
296
386
291
466
466
823
1093
1061
902
721
727
986
1303
1594
1646
1613
1733
1551
1222
358
407
407
1034
1343
607
-990
-990
-1450
-1300
-668
-484
-484
-1345
-1815
-1821
-1508
-1107
-695
-292
-454
-575
-539
-200
292
292
681
1008
1194
1056
867
817
793
892
1162
1247
1022
418
-246
-246
-392
-939
-1296
-1477
-1374
-1187
-1230
-1204
-1304
-1263
-1247
-1185
-1015
-812
-571
-304
-188
-258
-258
-232
199
199
493
474
366
211
211
419
716
854
864
691
644
782
1014
1317
1484
1599
1807
1705
1176
292
282
282
896
1261
761
-755
-755
-1480
-1534
-994
-351
-451
-977
-1401
-1580
-1625
-1405
-880
-277
533
533
1023
1342
1288
1067
826
551
507
729
963
922
470
-365
-365
-571
-648
-578
-620
-867
-1172
-1422
-1471
-1422
-1338
-1198
-1036
-947
-911
-892
-831
-699
-448
-189
250
250
350
306
249
237
324
476
588
610
660
680
818
1112
1361
1578
1801
1853
1476
675
197
197
721
1114
812
360
-304
-1056
-1488
-1349
-832
-714
-908
-1107
-1183
-1416
-1570
-1315
-698
-212
271
271
396
328
304
304
787
1272
1446
1366
1135
730
365
294
485
575
399
-204
-204
-581
-868
-1025
-1036
-1045
-1054
-1164
-1270
-1274
-1409
-1242
-1027
-744
-537
-459
-469
-421
-335
241
241
250
187
227
227
358
429
349
447
490
695
1076
1362
1694
1920
2064
1613
736
783
783
1233
967
506
-233
-1001
-1595
-1603
-1063
-880
-906
-1048
-1046
-1318
-1632
-1491
-920
-271
456
456
689
622
332
293
578
1088
1373
1499
1361
924
365
-266
-266
-636
-1064
-1392
-1502
-1457
-1306
-1140
-880
-860
-949
-1089
-1042
-809
-464
-251
-251
-327
375
375
473
545
521
538
778
1082
1574
2083
2491
2067
1120
400
400
933
985
731
-725
-725
-1474
-1751
-1498
-1336
-1217
-998
-710
-855
-1221
-1416
-1164
-667
584
584
1108
1225
867
547
481
709
1000
1277
1367
1112
569
-280
-280
-474
-593
-631
-558
-568
-777
-1015
-1373
-1461
-1469
-1349
-927
-647
-410
-401
-416
-414
-393
-232
309
309
316
284
-269
-269
-330
-258
-197
-197
-345
-394
-331
209
209
445
658
808
985
1232
1532
1863
2436
2425
1718
619
208
208
554
643
469
222
-505
-1344
-1866
-1815
-1695
-1645
-1408
-885
-663
-808
-1011
-927
-666
-289
377
1164
1636
1518
1153
865
731
684
798
945
887
522
-297
-297
-695
-1104
-1341
-1317
-1083
-1114
-1058
-1169
-1268
-1352
-1287
-891
-524
212
212
227
-431
-431
-597
-648
-570
-410
-333
-227
250
250
447
785
1163
1532
2003
2300
2722
2547
1748
668
352
352
590
501
-599
-599
-1536
-2024
-2038
-1876
-1664
-1321
-788
-489
-391
-434
-464
-404
566
566
1399
1961
2014
1681
1171
657
364
384
485
459
234
-517
-517
-1046
-1510
-1677
-1659
-1431
-1248
-886
-629
-683
-683
-815
-675
-463
405
405
720
816
587
273
-283
-283
-236
-453
-453
-814
-1013
-1044
-898
-619
-319
342
342
529
639
698
954
1298
1808
2388
2838
3191
2865
1721
425
-358
-421
228
228
-873
-873
-1838
-2348
-2397
-2299
-1942
-1238
-430
203
203
221
836
836
1670
2244
2376
2088
1385
543
-290
-290
-321
-387
-465
-597
-877
-1300
-1691
-1946
-1998
-1825
-1301
-656
383
383
744
924
950
795
502
-448
-448
-653
-752
-670
-562
-513
-594
-874
-1102
-1124
-992
-722
-341
670
670
1014
1299
1396
1517
1646
1998
2496
2968
3349
2881
1772
264
-663
-981
-835
-647
-511
-649
-1233
-1817
-2182
-2190
-2192
-1853
-1171
-262
506
983
1131
986
757
737
1144
1698
2133
2224
1947
1236
371
-382
-879
-1194
-1390
-1399
-1325
-1269
-1347
-1479
-1628
-1711
-1551
-1050
-390
247
639
800
724
592
489
539
599
646
602
541
-271
-271
-701
-1108
-1220
-1310
-1212
-1006
-858
-821
-770
-702
-623
-400
583
583
1134
1645
1975
2152
2246
2285
2481
2742
3066
2591
1710
260
-695
-1211
-1272
-1136
-1087
-1142
-1651
-1958
-2100
-1945
-1822
-1442
-932
553
553
1216
1591
1598
1404
1195
1339
1561
1828
1875
1602
889
-744
-744
-1243
-1620
-1856
-1969
-1901
-1705
-1513
-1285
-1146
-1080
-951
-659
425
425
833
1151
1185
1139
1001
851
646
404
191
-321
-321
-632
-961
-1212
-1367
-1479
-1441
-1342
-1148
-987
-712
-436
-192
374
374
775
1274
1627
2091
2249
2428
2439
2527
2662
2846
2543
1630
373
-954
-1494
-1794
-1467
-1367
-1124
-1399
-1688
-1839
-1793
-1522
-1212
-649
814
814
1488
1915
1982
1747
1394
1225
1255
1382
1434
1254
676
-932
-932
-1535
-1949
-2150
-2214
-2091
-1793
-1451
-1023
-712
-444
-364
-191
568
568
1040
1309
1343
1179
917
654
438
-466
-466
-751
-1024
-1247
-1344
-1441
-1467
-1450
-1307
-1086
-820
-531
-245
301
301
620
962
1428
1738
2049
2245
2343
2364
2379
2333
2485
2209
1412
221
-1130
-1721
-2121
-1768
-1486
-1146
-1080
-1358
-1382
-1408
-1163
-830
-380
287
897
1575
2012
2135
1944
1483
1065
832
719
747
619
258
-355
-1112
-1622
-2094
-2224
-2279
-2102
-1733
-1319
-749
-330
239
239
477
854
1174
1272
1230
937
610
214
-457
-457
-794
-1038
-1292
-1387
-1411
-1384
-1342
-1291
-1197
-1004
-756
-390
338
338
597
832
1077
1343
1634
1887
2045
2131
2127
2137
2152
2371
1997
1216
-1384
-1384
-1955
-2346
-1833
-1464
-930
-799
-986
-962
-1097
-814
-586
389
389
1007
1661
2049
2180
1952
1451
863
467
232
287
-573
-573
-1183
-1642
-2101
-2163
-2178
-1936
-1608
-1126
-517
418
418
561
514
412
458
515
786
864
899
715
465
-280
-280
-613
-979
-1214
-1422
-1433
-1355
-1155
-985
-892
-817
-733
-606
-353
365
365
689
902
1083
1330
1525
1724
1773
1815
1709
1732
1774
2064
1891
1241
-1319
-1319
-1913
-2389
-1956
-1519
-938
-635
-727
-614
-697
-413
-309
265
265
741
1335
1786
2094
1972
1529
848
341
-233
-233
-419
-714
-1175
-1501
-1839
-1869
-1910
-1766
-1531
-1141
-593
256
256
460
537
498
564
608
734
694
574
334
-383
-383
-559
-827
-1039
-1318
-1408
-1376
-1240
-1014
-879
-628
-454
-209
299
299
509
605
692
823
1100
1371
1673
1784
1847
1690
1570
1518
1711
1554
927
-1208
-1208
-1688
-2088
-1743
-1379
-918
-641
-741
-498
-478
429
429
755
1221
1537
1817
1701
1300
709
275
-205
-205
-386
-563
-820
-1213
-1436
-1649
-1581
-1606
-1467
-1258
-894
-443
389
389
500
562
391
419
417
509
483
374
194
-424
-424
-600
-819
-1042
-1224
-1233
-1151
-1000
-786
-611
-487
-309
330
330
501
613
704
830
1015
1247
1498
1534
1641
1492
1474
1460
1692
1554
963
-1149
-1149
-1628
-2064
-1753
-1395
-919
-605
-626
-356
-347
261
261
590
1016
1391
1697
1645
1292
679
285
-226
-226
-443
-607
-853
-1163
-1322
-1427
-1349
-1383
-1315
-1206
-944
-546
184
184
438
501
546
501
505
473
294
-311
-311
-381
-495
-684
-874
-1074
-1162
-1126
-979
-824
-595
-326
241
241
385
499
536
593
692
941
1100
1357
1509
1577
1510
1484
1399
1632
1522
938
215
-929
-1357
-1849
-1579
-1293
-898
-552
-614
-274
-242
314
314
565
909
1241
1480
1421
1087
565
257
-382
-382
-505
-751
-1021
-1175
-1262
-1201
-1232
-1170
-1044
-816
-460
194
194
497
471
527
439
406
322
-339
-339
-377
-479
-678
-869
-1016
-1084
-1015
-870
-680
-491
-266
224
224
314
460
477
524
566
758
907
1168
1310
1388
1344
1329
1379
1511
1653
1107
545
-600
-1190
-1671
-1647
-1304
-1016
-545
-577
-244
-193
289
289
613
918
1238
1229
1050
555
267
-239
-239
-445
-584
-753
-953
-1012
-1094
-969
-1014
-953
-1000
-816
-668
-287
312
312
521
460
453
302
234
-222
-222
-322
-350
-362
-402
-509
-678
-914
-1039
-1050
-979
-744
-489
-243
248
248
328
421
392
445
480
609
815
1010
1215
1288
1365
1339
1434
1549
1687
1312
786
-859
-859
-1264
-1532
-1230
-1031
-621
-516
-284
252
252
495
743
1050
1091
965
581
281
-194
-194
-342
-537
-682
-890
-945
-976
-856
-827
-785
-775
-692
-593
-309
214
214
388
396
418
335
255
-205
-205
-287
-313
-322
-342
-412
-586
-737
-843
-873
-785
-651
-450
-274
191
191
243
301
276
298
324
438
620
809
1009
1103
1158
1154
1176
1202
1438
1557
1257
839
-663
-663
-1166
-1351
-1195
-986
-609
-520
204
204
354
354
556
819
879
767
444
232
-201
-201
-418
-564
-737
-866
-885
-844
-650
-643
-552
-656
-571
-528
-335
288
288
246
301
221
-232
-232
-332
-331
-325
-297
-330
-428
-593
-720
-765
-708
-569
-387
-241
200
200
286
285
279
290
315
472
567
767
826
918
915
972
1026
1168
1367
1567
1311
981
233
-375
-807
-1171
-1010
-968
-517
-447
336
336
626
670
648
361
189
-190
-190
-375
-519
-598
-683
-620
-568
-397
-395
-424
-550
-584
-526
-332
-218
-218
-262
-284
-228
-244
-255
-374
-503
-605
-590
-516
-407
-295
-233
266
266
359
477
605
681
766
812
849
950
1029
1195
1470
1479
1284
852
-299
-299
-860
-973
-1001
-766
-543
-392
272
272
459
544
456
298
-248
-248
-427
-459
-529
-487
-456
-350
-320
-381
-459
-555
-531
-453
-312
-251
-251
-268
-269
-237
-235
-291
-395
-458
-483
-416
-375
-348
-338
-241
-195
187
187
255
255
277
357
400
479
543
706
787
882
933
951
1116
1349
1343
1170
836
304
-590
-590
-696
-823
-666
-666
-482
-299
228
228
350
234
191
-215
-215
-226
-311
-305
-381
-287
-359
-319
-446
-407
-418
-335
-241
-203
-203
-230
-267
-267
-324
-360
-427
-433
-407
-384
-307
-280
-192
198
198
228
313
415
543
638
785
888
1057
1182
1386
1553
1430
1199
721
324
-486
-486
-699
-804
-726
-699
-560
-440
-308
-269
-269
-229
241
241
299
233
-187
-187
-250
-283
-321
-325
-388
-415
-449
-512
-450
-426
-299
-232
-208
-208
-280
-313
-375
-360
-367
-377
-325
-324
-205
243
243
290
399
532
624
757
781
909
1000
1152
1359
1387
1228
909
505
-209
-209
-460
-631
-683
-688
-685
-569
-448
-343
-320
-302
-288
254
254
254
185
-185
-185
-197
-214
-214
-249
-248
-299
-308
-339
-298
-259
-212
-197
-220
-220
-221
-221
-243
-238
-231
-233
-238
-262
-289
-301
-318
-329
-277
-244
-189
263
263
340
464
553
632
778
836
974
1023
1167
1320
1290
1193
861
533
-221
-221
-455
-717
-771
-837
-827
-695
-589
-419
-363
-308
-240
247
247
246
212
-240
-240
-254
-353
-363
-415
-373
-294
-260
-231
-235
-188
-187
-191
-191
-223
-253
-278
-326
-359
-378
-331
-282
-229
-199
194
194
263
326
400
425
481
506
578
654
733
830
919
1021
1084
1101
961
728
387
-366
-366
-508
-595
-585
-602
-530
-490
-390
-344
-302
-227
189
189
247
281
249
219
-210
-210
-252
-306
-347
-321
-363
-321
-323
-276
-275
-228
-211
-211
-235
-264
-294
-315
-369
-393
-421
-436
-426
-369
-284
256
256
300
392
428
476
528
541
547
563
600
632
675
722
792
834
757
617
374
-229
-229
-341
-439
-443
-457
-423
-340
-256
-193
-193
-256
-246
-223
-220
-204
-204
-196
-196
-209
-236
-255
-245
-238
-260
-274
-299
-315
-321
-326
-278
-207
208
208
241
249
265
265
242
253
244
274
270
267
285
332
422
498
582
634
707
781
755
730
537
389
201
-200
-200
-189
-189
-210
-210
-189
-206
-206
-212
-282
-252
-259
-233
-245
-253
-238
-245
-220
-227
-221
-190
-193
-188
-187
-187
-208
-223
-241
-242
-221
193
193
224
251
321
360
405
449
472
528
560
675
765
775
767
603
477
301
-221
-221
-233
-189
-207
-207
-220
-270
-246
-237
-261
-236
-252
-244
-254
-239
-203
-201
-201
-223
-234
-257
-250
-235
-215
207
207
212
240
263
290
337
373
447
494
563
613
699
732
707
635
510
408
267
-197
-197
-215
-223
-227
-204
-195
-200
-195
-196
-191
-201
-219
-217
-221
197
197
248
283
316
360
407
455
497
512
525
523
554
567
557
538
476
390
296
195
-196
-196
-191
-191
-206
-201
-215
-190
191
191
196
214
245
267
279
285
288
297
305
330
353
397
430
465
468
455
414
357
300
235
201
188
188
200
219
227
239
250
261
269
265
285
305
340
390
434
457
445
407
362
303
243
201
201
218
215
234
238
227
217
210
230
257
286
321
336
352
343
327
307
275
235
-188
-188
196
196
219
242
262
271
283
285
280
274
264
261
245
243
239
242
247
240
232
219
191
190
190
186
200
200
226
251
264
268
265
259
236
214
196
-196
-196
-211
-216
-196
-187
185
185
192
192
196
198
210
210
-187
-187
-196
-187
-185
-194
-189
192
192
196
201
191
189
192
186
191
198
205
205
204
202
202
193
184
184
188
186
186
204
206
188
186
186
189
