224
224
251
287
291
300
291
288
263
229
231
231
235
247
253
258
244
239
228
216
219
211
211
-235
-235
-239
-268
-260
-259
-227
-210
-232
-232
-248
-261
-248
-252
-238
-214
256
256
295
330
367
395
431
443
471
494
502
498
463
434
372
304
216
-238
-238
-300
-362
-397
-437
-434
-436
-407
-377
-324
-267
-261
-261
-331
-385
-428
-444
-482
-479
-484
-451
-439
-388
-356
-296
-251
-209
237
237
282
322
361
382
423
430
457
453
457
459
450
445
421
408
360
313
240
-280
-280
-357
-412
-476
-511
-533
-531
-519
-488
-445
-388
-325
-262
229
229
251
272
286
280
263
251
221
-243
-243
-331
-400
-485
-533
-587
-601
-620
-612
-593
-542
-493
-440
-362
-286
231
231
289
334
369
404
441
481
497
530
553
576
583
599
623
632
621
570
492
406
314
-209
-209
-322
-434
-530
-587
-613
-635
-644
-611
-553
-490
-437
-360
-262
224
224
273
299
320
349
383
387
379
362
355
320
257
-293
-293
-374
-489
-548
-607
-627
-651
-655
-624
-581
-530
-505
-429
-373
-293
-261
263
263
310
379
394
451
488
526
526
534
542
530
511
474
471
446
436
386
345
274
-266
-266
-362
-423
-508
-550
-591
-608
-609
-587
-535
-488
-409
-347
-236
217
217
267
312
353
356
371
370
392
356
333
278
241
-329
-329
-419
-510
-597
-675
-706
-732
-725
-715
-670
-605
-524
-440
-348
-251
215
215
304
368
448
524
571
616
657
703
730
739
753
761
781
772
771
760
721
623
496
381
255
-224
-224
-367
-465
-608
-674
-713
-732
-746
-733
-655
-578
-496
-430
-311
-224
241
241
292
368
409
440
461
506
526
520
497
463
430
348
261
-224
-224
-364
-499
-622
-736
-813
-873
-874
-890
-838
-791
-691
-625
-528
-443
-323
-224
232
232
341
422
528
579
674
735
828
869
922
959
998
1014
1023
1016
953
837
678
549
367
-213
-213
-399
-539
-690
-784
-845
-880
-909
-891
-812
-751
-671
-608
-482
-378
-282
263
263
368
443
514
561
633
673
669
662
618
581
488
392
269
-315
-315
-451
-558
-699
-773
-820
-831
-857
-854
-806
-747
-688
-624
-532
-452
-363
-294
308
308
433
514
600
707
796
869
913
975
1013
1027
1019
1029
1031
1005
906
771
648
519
371
-209
-209
-371
-529
-673
-750
-813
-872
-931
-890
-838
-769
-751
-671
-543
-432
-346
-245
318
318
426
510
544
624
710
732
723
692
689
625
534
429
357
226
-287
-287
-461
-594
-732
-770
-870
-917
-981
-948
-946
-911
-861
-745
-647
-573
-457
-338
310
310
398
511
605
737
808
874
947
1020
1078
1068
1124
1132
1182
1130
1080
954
813
647
466
266
-432
-432
-580
-791
-880
-1000
-1047
-1115
-1098
-1023
-950
-875
-829
-676
-566
-426
-348
274
274
433
528
609
683
821
870
905
884
894
842
743
633
523
401
-315
-315
-524
-719
-900
-965
-1053
-1124
-1148
-1120
-1082
-1063
-975
-851
-711
-637
-509
-387
327
327
472
570
716
848
960
1022
1099
1190
1265
1265
1265
1272
1289
1233
1114
945
800
612
412
-309
-309
-523
-712
-869
-964
-1054
-1116
-1173
-1099
-1045
-958
-917
-818
-678
-550
-442
-314
384
384
533
630
705
809
931
977
978
962
949
878
755
633
525
368
-232
-232
-365
-567
-755
-940
-1028
-1122
-1220
-1255
-1244
-1213
-1191
-1100
-955
-807
-732
-575
-409
-213
221
221
352
487
594
724
856
952
986
1078
1162
1233
1236
1249
1293
1314
1297
1214
1054
881
687
491
248
-268
-268
-511
-719
-901
-1017
-1099
-1170
-1233
-1186
-1102
-994
-949
-869
-727
-603
-498
-385
-236
268
268
447
570
648
758
899
969
1003
1001
1005
948
813
698
593
453
236
-290
-290
-517
-691
-905
-1002
-1118
-1229
-1264
-1291
-1261
-1278
-1202
-1084
-918
-861
-698
-570
-334
-212
264
264
405
516
659
820
928
979
1089
1173
1291
1287
1326
1356
1395
1401
1320
1206
1025
853
639
427
-404
-404
-609
-829
-984
-1078
-1186
-1244
-1283
-1194
-1130
-1046
-1009
-857
-744
-613
-524
-365
411
411
560
670
765
936
1036
1086
1091
1103
1080
931
801
678
558
325
-248
-248
-465
-669
-870
-1039
-1147
-1292
-1362
-1409
-1391
-1409
-1361
-1266
-1092
-993
-858
-698
-500
-310
363
363
488
643
803
953
1011
1107
1205
1306
1358
1367
1434
1455
1482
1409
1313
1120
944
715
492
-378
-378
-627
-853
-1063
-1162
-1274
-1351
-1409
-1336
-1249
-1177
-1144
-1018
-857
-728
-636
-492
-287
356
356
536
656
764
931
1082
1124
1143
1152
1157
1039
882
746
636
427
-232
-232
-437
-699
-887
-1078
-1194
-1372
-1456
-1492
-1475
-1494
-1465
-1365
-1198
-1066
-950
-763
-565
-351
-215
365
365
483
634
820
976
1068
1148
1267
1381
1449
1455
1517
1559
1581
1527
1402
1225
1033
807
547
226
-361
-361
-626
-866
-1079
-1197
-1300
-1398
-1453
-1397
-1298
-1225
-1193
-1077
-898
-771
-670
-536
-325
343
343
573
695
800
979
1154
1206
1208
1213
1228
1116
952
802
679
471
213
-270
-270
-465
-724
-936
-1167
-1268
-1441
-1525
-1580
-1549
-1537
-1523
-1431
-1244
-1082
-967
-793
-596
-348
-214
415
415
550
706
881
1060
1164
1231
1340
1438
1542
1515
1596
1618
1663
1576
1420
1227
1038
801
504
-389
-389
-699
-941
-1158
-1238
-1359
-1453
-1484
-1387
-1283
-1235
-1191
-1053
-861
-757
-656
-522
-289
388
388
609
711
839
1036
1224
1249
1262
1255
1263
1125
933
787
657
455
-371
-371
-549
-841
-1067
-1244
-1332
-1464
-1554
-1537
-1487
-1464
-1456
-1312
-1131
-954
-870
-690
-477
-246
314
314
509
652
785
998
1176
1294
1335
1459
1572
1643
1646
1676
1765
1715
1572
1318
1181
971
701
303
-259
-259
-524
-811
-1053
-1138
-1273
-1386
-1501
-1401
-1327
-1270
-1291
-1161
-984
-839
-762
-627
-398
-222
346
346
568
719
804
980
1169
1245
1242
1220
1240
1140
990
797
682
482
260
-265
-265
-471
-725
-927
-1188
-1287
-1464
-1534
-1630
-1584
-1570
-1526
-1465
-1289
-1104
-948
-789
-614
-362
394
394
531
688
839
1033
1170
1265
1355
1457
1580
1594
1660
1666
1755
1689
1569
1332
1152
920
620
258
-354
-354
-658
-891
-1146
-1214
-1331
-1401
-1485
-1388
-1290
-1212
-1197
-1095
-912
-804
-706
-604
-388
-225
317
317
581
743
870
1033
1231
1304
1320
1270
1260
1138
963
766
607
404
-425
-425
-582
-836
-1034
-1240
-1333
-1441
-1519
-1548
-1518
-1479
-1452
-1358
-1194
-1002
-888
-721
-548
-294
279
279
485
661
812
981
1158
1304
1380
1468
1566
1674
1722
1734
1807
1796
1707
1439
1234
1043
797
425
-254
-254
-523
-794
-1101
-1209
-1329
-1394
-1544
-1474
-1366
-1244
-1265
-1192
-1032
-864
-777
-691
-480
-281
235
235
509
727
820
973
1161
1292
1307
1261
1248
1146
987
759
622
440
233
-360
-360
-585
-772
-1013
-1250
-1389
-1514
-1579
-1687
-1622
-1598
-1521
-1490
-1313
-1128
-909
-779
-594
-402
382
382
543
711
839
1028
1196
1332
1394
1479
1587
1675
1718
1740
1811
1765
1646
1359
1168
926
675
257
-407
-407
-663
-911
-1171
-1243
-1337
-1388
-1520
-1423
-1332
-1214
-1257
-1186
-1044
-871
-790
-692
-477
-279
340
340
626
844
932
1071
1241
1348
1325
1240
1186
1060
880
653
492
306
-247
-247
-507
-659
-864
-1081
-1303
-1425
-1517
-1590
-1645
-1615
-1557
-1502
-1420
-1253
-1027
-850
-683
-518
-275
311
311
501
662
822
965
1134
1290
1407
1467
1563
1660
1760
1781
1854
1872
1803
1566
1284
1073
825
493
-304
-304
-576
-775
-1076
-1217
-1308
-1336
-1474
-1497
-1397
-1262
-1258
-1299
-1201
-1032
-885
-838
-662
-454
-233
473
473
773
936
1018
1186
1336
1388
1290
1211
1098
937
711
527
398
-414
-414
-590
-768
-928
-1211
-1392
-1532
-1597
-1682
-1695
-1643
-1589
-1527
-1421
-1178
-956
-745
-624
-408
250
250
426
601
769
919
1051
1240
1385
1493
1531
1631
1730
1832
1860
1933
1897
1776
1470
1195
966
705
294
-490
-490
-716
-916
-1184
-1301
-1358
-1386
-1514
-1505
-1377
-1258
-1285
-1329
-1216
-1024
-889
-799
-608
-343
349
349
703
992
1122
1179
1312
1426
1422
1285
1141
1008
837
620
446
296
-465
-465
-652
-817
-1012
-1276
-1483
-1609
-1668
-1730
-1725
-1674
-1566
-1452
-1287
-1031
-776
-562
-400
244
244
417
564
692
853
1007
1168
1324
1481
1596
1680
1761
1877
1958
2036
2045
1939
1690
1340
1065
794
479
-375
-375
-663
-831
-1045
-1197
-1270
-1283
-1359
-1454
-1410
-1288
-1243
-1325
-1345
-1200
-1020
-899
-740
-472
294
294
626
982
1224
1279
1304
1371
1407
1314
1144
988
827
642
452
334
247
-394
-394
-623
-819
-1053
-1354
-1632
-1807
-1900
-1936
-1884
-1762
-1590
-1404
-1174
-901
-600
-354
346
346
440
536
692
879
1082
1282
1496
1674
1820
1890
1980
2037
2105
2081
1955
1656
1263
909
644
379
-377
-377
-656
-776
-924
-1040
-1126
-1144
-1272
-1432
-1523
-1440
-1396
-1450
-1521
-1416
-1185
-934
-721
-397
286
286
505
775
1108
1359
1407
1313
1265
1248
1208
1075
947
807
700
561
510
439
325
-279
-279
-632
-924
-1217
-1506
-1810
-2015
-2102
-2040
-1880
-1671
-1431
-1204
-958
-715
-457
-269
231
231
405
590
773
1017
1289
1562
1799
1969
2095
2125
2134
2073
2096
2025
1877
1471
1069
727
563
323
-344
-344
-569
-727
-897
-1055
-1165
-1237
-1432
-1646
-1766
-1663
-1592
-1557
-1571
-1394
-1118
-773
-478
227
227
509
668
855
1083
1275
1307
1209
1116
1072
1083
1058
1006
889
762
639
529
407
-539
-539
-992
-1366
-1647
-1840
-2022
-2152
-2177
-2027
-1750
-1435
-1202
-987
-821
-638
-489
-349
-245
467
467
763
1010
1253
1479
1729
1899
2005
2032
1997
1924
1822
1794
1763
1657
1333
977
671
535
321
-316
-316
-586
-835
-1054
-1279
-1394
-1497
-1636
-1823
-1873
-1748
-1572
-1428
-1328
-1154
-915
-610
-318
296
296
511
635
804
995
1192
1283
1286
1231
1175
1142
1139
1095
951
739
518
362
-509
-509
-867
-1228
-1532
-1793
-1917
-1967
-1953
-1943
-1830
-1615
-1341
-1090
-923
-802
-677
-526
-390
-251
408
408
657
951
1214
1443
1577
1693
1759
1844
1834
1810
1728
1735
1772
1766
1579
1227
910
670
470
-246
-246
-614
-823
-1067
-1259
-1448
-1482
-1549
-1637
-1773
-1738
-1637
-1474
-1398
-1278
-1117
-863
-572
-256
359
359
604
789
984
1134
1271
1304
1292
1165
1062
962
927
837
691
476
316
-264
-264
-658
-1074
-1463
-1751
-1987
-2070
-2081
-2008
-1899
-1691
-1423
-1093
-860
-675
-624
-552
-486
-367
-274
222
222
471
805
1112
1392
1605
1706
1739
1714
1703
1675
1647
1581
1625
1641
1633
1371
1083
781
602
337
-470
-470
-788
-1037
-1204
-1400
-1527
-1565
-1583
-1608
-1613
-1550
-1440
-1316
-1205
-1063
-922
-678
-399
261
261
523
725
941
1127
1267
1305
1296
1224
1100
956
836
763
665
534
372
220
-449
-449
-841
-1266
-1614
-1895
-2047
-2084
-1987
-1826
-1624
-1400
-1141
-891
-680
-570
-549
-562
-538
-421
-264
432
432
726
1051
1330
1556
1683
1718
1658
1575
1506
1511
1556
1692
1782
1784
1560
1237
908
663
400
-437
-437
-850
-1122
-1262
-1323
-1391
-1425
-1472
-1512
-1546
-1535
-1491
-1430
-1355
-1244
-1111
-884
-563
289
289
604
812
965
1096
1206
1233
1186
1069
917
786
715
706
714
666
567
384
212
-486
-486
-925
-1365
-1719
-1982
-2107
-2087
-1918
-1663
-1395
-1191
-1039
-931
-819
-752
-755
-780
-787
-667
-425
272
272
594
897
1143
1331
1463
1491
1468
1395
1326
1291
1356
1487
1757
2000
2132
1936
1495
964
522
-519
-519
-904
-1165
-1244
-1156
-1062
-1003
-1082
-1233
-1428
-1613
-1736
-1769
-1675
-1462
-1207
-897
-534
434
434
834
1037
1037
933
828
771
783
807
827
853
891
978
1030
1016
916
687
351
-617
-617
-1118
-1543
-1789
-1881
-1848
-1747
-1580
-1373
-1149
-1025
-1012
-1110
-1225
-1261
-1216
-1072
-878
-618
-278
475
475
783
979
1106
1144
1162
1146
1144
1177
1297
1479
1710
1928
2171
2368
2422
2176
1600
897
256
-334
-334
-430
-535
-622
-702
-699
-725
-821
-1080
-1424
-1776
-2049
-2214
-2205
-1986
-1527
-978
-480
320
320
462
552
556
485
400
420
603
923
1244
1487
1584
1542
1361
1058
700
343
-229
-229
-566
-921
-1235
-1375
-1365
-1276
-1249
-1350
-1521
-1653
-1703
-1665
-1598
-1498
-1346
-1141
-888
-652
-411
299
299
428
513
601
762
1018
1301
1524
1653
1734
1807
1914
2019
2126
2189
2183
1978
1513
935
414
-212
-212
-535
-809
-1015
-1153
-1343
-1610
-1877
-2040
-2078
-1971
-1740
-1369
-960
-591
-378
-306
-272
269
269
517
671
765
881
1099
1348
1531
1536
1399
1149
882
641
478
380
321
-613
-613
-1105
-1462
-1612
-1595
-1552
-1576
-1657
-1702
-1661
-1525
-1390
-1270
-1196
-1127
-1050
-922
-720
-400
392
392
688
849
921
997
1154
1368
1564
1679
1727
1776
1888
2070
2314
2470
2451
2089
1454
704
-305
-305
-718
-1083
-1361
-1590
-1803
-1991
-2130
-2172
-2050
-1743
-1267
-772
-402
-283
-378
-575
-667
-537
338
338
783
1060
1207
1289
1358
1403
1396
1292
1095
837
605
476
465
476
406
-276
-276
-834
-1365
-1716
-1824
-1733
-1582
-1477
-1486
-1545
-1611
-1605
-1524
-1391
-1263
-1167
-1059
-881
-600
265
265
671
930
1016
984
951
1014
1204
1486
1779
2034
2198
2292
2337
2338
2220
1878
1328
695
239
239
444
428
-394
-394
-1027
-1624
-2033
-2178
-2062
-1813
-1569
-1424
-1332
-1254
-1132
-1001
-893
-869
-895
-894
-727
-343
736
736
1139
1336
1296
1094
827
641
619
793
1069
1335
1445
1334
971
468
-556
-556
-908
-1103
-1161
-1111
-1024
-952
-981
-1118
-1353
-1621
-1834
-1916
-1831
-1597
-1226
-800
-382
386
386
649
985
1324
1610
1797
1882
1867
1792
1711
1651
1563
1412
1189
945
783
734
763
780
693
409
-538
-538
-971
-1245
-1301
-1160
-914
-697
-641
-794
-1099
-1433
-1651
-1647
-1419
-1067
-713
-457
-318
-267
-259
-257
-229
373
373
550
699
818
933
1017
1009
863
589
237
-257
-257
-263
-211
-211
-640
-1116
-1500
-1649
-1502
-1106
-642
-283
-263
-263
-519
-797
-973
-968
-750
-384
430
430
675
752
686
577
511
533
670
909
1176
1389
1481
1437
1259
1022
803
661
611
618
632
635
603
490
316
-277
-277
-397
-455
-480
-489
-521
-569
-634
-697
-737
-752
-743
-722
-678
-626
-564
-495
-452
-371
-287
215
215
214
212
225
276
337
375
356
274
-244
-244
-388
-483
-516
-493
-433
-389
-410
-503
-636
-778
-854
-835
-717
-544
-364
246
246
456
684
879
995
996
913
796
691
655
700
813
952
1042
1030
911
701
443
221
-401
-401
-544
-603
-577
-488
-389
-326
-322
-372
-436
-467
-457
-394
-283
-228
-228
-214
-214
-214
-298
-434
-586
-709
-760
-754
-687
-604
-533
-503
-509
-538
-565
-548
-456
-307
219
219
224
219
219
289
419
567
709
835
902
906
849
771
704
678
704
770
825
827
758
648
516
391
288
212
-212
-212
-246
-264
-272
-277
-290
-294
-287
-261
-218
-247
-247
-279
-287
-309
-333
-374
-424
-473
-537
-589
-621
-638
-631
-597
-547
-482
-425
-363
-311
-265
-221
227
227
307
364
395
417
439
464
515
575
622
651
668
671
650
621
591
578
565
545
507
462
414
359
298
242
-215
-215
-269
-331
-385
-429
-463
-486
-488
-480
-463
-456
-453
-457
-461
-466
-450
-415
-372
-323
-276
-232
231
231
260
289
307
322
343
362
388
426
459
481
491
488
472
451
438
429
440
455
443
419
388
354
330
311
281
246
-227
-227
-267
-300
-326
-351
-375
-397
-419
-440
-447
-450
-436
-422
-405
-397
-388
-372
-359
-338
-314
-292
-279
-256
-227
234
234
276
309
338
355
366
381
403
430
436
443
435
436
437
439
439
439
426
405
393
385
369
340
297
246
-218
-218
-281
-336
-367
-389
-408
-424
-433
-437
-437
-434
-427
-423
-418
-417
-412
-385
-345
-294
-261
-233
-267
-267
-358
-345
-247
-247
-274
-258
257
257
335
399
507
633
671
580
435
390
554
752
871
944
884
766
615
529
635
754
678
408
245
305
391
330
-414
-414
-497
-295
-315
-315
-690
-918
-795
-636
-638
-655
-676
-764
-896
-803
-404
-379
-379
-612
-517
234
234
252
494
494
409
-219
-219
-521
-814
-799
-571
-500
-775
-1001
-943
-873
-887
-849
-724
-654
-667
-472
255
255
591
821
1077
1371
1512
1523
1624
1982
2047
1579
1153
1229
1813
2099
1809
1433
971
435
458
458
621
-847
-847
-1168
-1063
-1181
-1465
-1408
-1205
-1353
-1767
-1787
-1278
-1141
-1545
-1606
-1035
-437
-443
-593
-306
484
484
1240
1161
694
675
1035
1187
1079
1241
1589
1371
698
358
442
483
-339
-339
-922
-1354
-1338
-1186
-1405
-1613
-1544
-1538
-1774
-2026
-1863
-1476
-1322
-1250
-1034
-729
-597
-600
-304
523
523
673
822
1118
1338
1392
1578
1908
2199
2281
2260
2387
2510
2317
1778
1406
1523
1897
2051
1638
1012
414
-338
-338
-296
-781
-781
-1669
-2048
-1865
-1684
-1688
-1643
-1649
-1967
-2370
-2272
-1597
-1100
-1188
-1247
-940
-574
-468
-311
559
559
574
554
907
1394
1413
1113
1088
1197
1331
1215
1122
1050
602
-322
-322
-766
-1069
-1250
-1403
-1475
-1321
-1296
-1571
-1770
-1709
-1443
-1296
-1203
-976
-746
-607
-499
278
278
598
777
1046
1353
1642
1742
1955
2178
2159
1887
1858
2232
2582
2380
1821
1429
1242
1078
878
913
868
323
-536
-1004
-914
-785
-1014
-1338
-1525
-1803
-2215
-2342
-1912
-1520
-1665
-1963
-1904
-1577
-1371
-1233
-856
-448
-380
-463
-216
296
582
577
644
911
1034
928
955
1077
1062
823
665
688
662
345
-406
-406
-666
-735
-752
-867
-1001
-1005
-1014
-1109
-1204
-977
-774
-661
-672
-499
337
337
616
903
1133
1076
908
1061
1440
1991
2133
1834
1489
1323
1337
1434
1509
1596
1329
685
345
345
338
-353
-353
-679
-1006
-1327
-1267
-873
-888
-1370
-1765
-1686
-1435
-1408
-1320
-1102
-1017
-1194
-1336
-953
-436
-320
-338
-215
509
509
604
498
499
595
507
269
250
429
432
-223
-223
-265
-416
-466
-383
-421
-658
-874
-832
-634
-593
-583
-553
-447
-379
-319
303
303
489
546
704
1026
930
744
879
1402
1918
1725
1227
1104
1165
1259
1204
1343
1470
953
264
373
373
653
248
-363
-363
-597
-940
-1106
-680
-415
-960
-1584
-1677
-1289
-1136
-1251
-1091
-994
-1208
-1520
-1326
-613
-336
-567
-615
-413
-309
-309
296
296
451
315
295
295
529
387
279
420
539
305
-292
-292
-327
-327
-557
-507
-343
-317
-504
-553
-318
-246
356
356
299
424
834
935
655
533
889
1559
1644
1200
877
1002
1135
1122
1213
1424
1184
525
337
337
809
627
-257
-257
-465
-744
-589
-225
-467
-1194
-1538
-1203
-909
-1064
-1177
-1076
-1120
-1420
-1505
-968
-479
-658
-918
-801
-441
-473
-421
439
439
402
372
372
375
218
218
-234
-234
-267
-267
-343
-247
-316
-316
-433
295
295
321
337
666
862
556
330
599
1346
1562
1061
628
759
1009
1063
1012
1215
1125
519
272
272
837
729
-504
-504
-513
-243
-243
-940
-1335
-1021
-630
-829
-1093
-996
-934
-1167
-1392
-967
-466
-628
-1014
-923
-533
-382
-547
-421
-252
-252
-216
331
331
212
212
302
278
278
-210
-210
-247
-247
-340
-340
282
282
369
385
485
883
640
285
363
987
1565
1284
647
536
821
1054
990
1031
1156
694
589
589
923
408
-214
-214
-234
-234
-470
-518
-518
-1124
-1146
-618
-449
-850
-981
-927
-970
-1206
-1112
-546
-441
-872
-1092
-794
-418
-465
-508
-323
-336
-336
-410
284
284
222
222
-222
-222
-255
-255
291
291
394
478
783
883
319
473
473
1248
1538
1012
493
470
677
929
976
1195
969
325
774
774
818
256
-343
-343
-271
-676
-676
-1082
-875
-408
-481
-731
-773
-873
-1044
-1180
-765
-316
-509
-920
-998
-678
-459
-505
-291
-272
-409
-593
-443
252
252
-287
-287
-344
-344
-232
-232
233
233
409
409
511
554
671
878
911
400
367
902
1489
1575
857
429
626
975
1129
1005
1011
840
251
315
315
844
736
-285
-285
-301
-301
-312
-831
-831
-1151
-772
-235
-424
-835
-842
-860
-1036
-1132
-652
-549
-549
-1019
-970
-487
-265
-437
-339
-367
-367
-518
-293
312
356
-288
-288
218
218
-241
-241
-319
229
229
-259
-259
-292
-292
263
263
368
368
444
389
575
844
926
498
256
786
1341
1586
1085
550
574
891
1106
1117
1025
930
435
317
317
729
849
266
-260
-260
-659
-659
-1075
-888
-352
-318
-766
-907
-883
-997
-1071
-803
-324
-507
-1004
-1054
-649
-313
-391
-453
-246
-402
-520
-338
403
403
-286
-286
236
236
215
286
286
216
216
254
254
426
368
457
734
838
765
322
517
1003
1438
1394
830
484
738
1086
1226
1014
905
780
396
317
511
892
728
-239
-239
-797
-797
-1028
-630
-426
-426
-938
-967
-889
-950
-1008
-666
-351
-739
-1097
-979
-445
-261
-449
-497
-291
-421
-505
271
271
290
-298
-298
228
228
293
293
-233
-233
322
322
425
359
453
629
773
719
433
548
991
1312
1284
766
519
784
1150
1183
892
787
777
500
399
506
780
617
-309
-309
-248
-248
-773
-964
-618
-215
-523
-1012
-997
-816
-845
-941
-683
-419
-756
-1083
-872
-356
-510
-510
-533
-312
-233
-413
-212
229
265
-248
-248
282
282
-219
-219
256
256
-247
-247
256
256
383
326
397
633
824
743
421
472
924
1315
1328
865
537
729
1135
1219
984
797
806
583
401
451
725
689
-324
-324
-662
-662
-1014
-743
-253
-434
-998
-1092
-851
-824
-983
-832
-506
-714
-1122
-1009
-494
-242
-558
-658
-389
-217
-436
-360
256
256
-304
-304
255
255
-268
-268
275
275
-282
-282
-292
-248
-248
-216
311
311
236
259
483
669
672
641
491
686
936
1243
1258
862
550
858
1267
1263
818
723
834
670
459
425
740
598
-259
-259
-476
-476
-281
-281
-796
-1039
-619
-226
-643
-1194
-1081
-741
-789
-1012
-808
-525
-838
-1134
-870
-317
-254
-618
-629
-258
-371
-371
-226
265
265
327
327
227
227
253
291
291
-315
-315
-255
-278
-278
-236
-236
451
451
579
574
716
750
527
649
1001
1487
1199
601
602
1160
1364
955
657
925
911
479
281
576
838
256
-255
247
247
-564
-564
-455
-515
-515
-1076
-1011
-450
-443
-1086
-1231
-829
-739
-1062
-1123
-661
-579
-1021
-1083
-580
-212
-434
-736
-355
-360
-360
344
344
235
235
265
291
291
222
222
-256
-256
-377
-347
-347
-252
-252
229
229
519
605
669
687
559
500
862
1325
1470
869
514
847
1379
1239
807
742
955
690
336
373
729
602
-279
-279
-415
-415
-589
-240
-237
-887
-1176
-788
-360
-717
-1204
-1077
-796
-922
-1127
-832
-463
-749
-1102
-855
-303
-220
-510
-526
-242
-242
227
227
356
333
333
244
244
285
254
254
-363
-363
-282
-321
-321
-326
-251
-251
-335
315
315
494
544
612
750
506
452
849
1456
1504
875
463
903
1395
1235
857
812
1007
630
329
422
796
570
-321
-321
-451
-451
-602
-255
-302
-995
-1259
-831
-385
-744
-1269
-1167
-866
-961
-1105
-814
-478
-762
-1141
-856
-288
-489
-489
-496
337
337
440
392
392
301
246
246
223
235
235
-416
-416
-373
-353
-353
-430
-272
-330
-361
-264
273
273
480
542
567
698
513
479
884
1429
1478
855
467
911
1419
1285
846
765
963
664
353
384
712
532
-355
-355
-425
-425
-639
-349
-368
-986
-1254
-866
-446
-771
-1287
-1188
-858
-901
-1057
-851
-533
-772
-1072
-796
-247
-441
-441
-466
314
314
455
273
273
452
291
234
234
257
-487
-487
-406
-214
-394
-394
-494
-385
-390
-417
-263
257
257
477
578
604
707
538
530
968
1501
1515
889
535
999
1469
1310
904
808
982
673
347
415
699
485
-369
-369
-529
-529
-711
-427
-451
-1079
-1320
-899
-518
-836
-1337
-1208
-881
-940
-1073
-844
-530
-730
-1021
-720
-380
-380
-349
488
488
576
276
276
572
414
221
221
-545
-545
-519
-266
-220
-470
-612
-518
-462
-487
-378
-240
-240
460
460
553
574
655
572
552
940
1423
1583
1011
640
908
1464
1405
1017
826
967
748
437
409
654
562
-335
-335
-459
-459
-699
-526
-472
-988
-1298
-1002
-587
-782
-1273
-1256
-951
-894
-1018
-869
-559
-650
-921
-734
-219
-289
-289
434
434
626
373
378
378
565
448
283
259
302
-491
-491
-576
-407
-354
-476
-635
-611
-548
-564
-428
-309
-254
-254
397
397
513
598
714
753
574
872
1351
1664
1335
756
847
1374
1512
1174
822
896
895
513
407
504
601
-372
-372
-320
-389
-389
-731
-734
-515
-857
-1335
-1236
-801
-676
-1166
-1414
-1134
-911
-953
-943
-679
-555
-826
-813
-357
-267
-267
243
243
268
319
319
606
553
272
260
456
540
363
-472
-472
-725
-621
-447
-452
-671
-798
-677
-605
-555
-401
-258
-255
-268
280
280
495
602
656
792
686
688
1128
1623
1705
1081
747
1072
1605
1452
1057
846
1006
723
401
394
632
446
-475
-475
-249
-621
-621
-833
-651
-613
-1157
-1422
-1083
-653
-876
-1355
-1300
-941
-866
-960
-795
-488
-567
-788
-541
216
216
423
301
269
542
740
480
290
371
587
465
-225
-225
-260
-263
-263
-648
-717
-603
-419
-631
-805
-730
-568
-558
-507
-368
510
510
707
690
744
774
742
1047
1457
1708
1321
810
907
1445
1563
1162
775
857
822
451
304
418
469
-525
-525
-447
-259
-540
-900
-863
-659
-1011
-1458
-1324
-842
-780
-1264
-1430
-1102
-859
-910
-873
-575
-465
-691
-614
209
209
458
458
411
217
464
761
672
280
250
443
586
230
-236
-236
-350
-242
-251
-598
-833
-737
-526
-555
-888
-825
-672
-550
-583
-471
-244
370
370
681
784
783
895
804
966
1350
1731
1659
1073
873
1234
1598
1376
949
785
875
526
309
295
459
-450
-450
-591
-386
-473
-849
-996
-774
-846
-1337
-1448
-1083
-755
-1028
-1363
-1174
-877
-813
-837
-627
-345
-451
-548
-258
283
283
433
433
538
501
522
690
691
406
314
506
578
275
-352
-352
-430
-430
-557
-808
-772
-662
-665
-941
-952
-693
-575
-574
-539
-359
319
319
651
816
838
934
955
886
1275
1697
1887
1351
885
992
1568
1564
1164
761
798
627
299
258
350
239
-369
-712
-593
-458
-826
-1105
-1019
-844
-1250
-1574
-1343
-899
-875
-1251
-1293
-992
-809
-790
-630
-319
-259
-465
-332
410
410
348
240
440
607
526
475
671
861
619
269
268
399
404
-253
-253
-513
-564
-514
-520
-866
-989
-917
-718
-839
-998
-872
-647
-532
-568
-405
381
381
620
972
1007
1062
1063
1068
1388
1708
1927
1570
1165
1039
1494
1522
1325
836
757
574
304
213
213
-394
-394
-776
-774
-622
-900
-1144
-1177
-1001
-1265
-1537
-1400
-1040
-923
-1179
-1232
-961
-756
-686
-551
-270
-234
-234
211
211
480
493
381
497
711
695
619
651
779
648
407
307
383
245
-276
-276
-536
-724
-737
-694
-861
-1013
-993
-855
-968
-979
-904
-620
-521
-508
-428
260
260
417
759
1039
1218
1258
1254
1154
1420
1810
2130
1829
1273
983
1356
1603
1375
921
641
492
-502
-502
-962
-1038
-807
-1023
-1335
-1365
-1153
-1278
-1627
-1579
-1203
-922
-1070
-1151
-948
-713
-650
-472
272
272
591
706
583
672
828
735
622
643
800
712
379
-324
-324
-314
-446
-732
-938
-952
-839
-931
-1084
-1053
-978
-1051
-1026
-843
-487
-341
-402
-327
349
349
535
699
1017
1198
1455
1473
1563
1354
1530
1861
2285
2013
1416
950
1252
1546
1349
931
506
346
-715
-715
-1208
-1361
-1061
-1221
-1512
-1567
-1360
-1359
-1670
-1597
-1241
-891
-949
-950
-741
-474
-431
445
445
362
266
541
848
1002
880
905
928
828
633
681
745
658
251
-318
-318
-513
-552
-722
-1027
-1238
-1142
-1009
-995
-1162
-1094
-1113
-1040
-931
-653
-289
-219
-219
266
266
669
902
1025
1316
1438
1830
1800
1879
1538
1589
1933
2376
2154
1460
837
989
1257
1064
748
220
-575
-575
-662
-631
-532
-1063
-1569
-1728
-1412
-1578
-1785
-1776
-1472
-1350
-1634
-1501
-1146
-771
-731
-625
-319
500
500
845
761
684
874
1079
1119
958
950
983
737
473
425
458
288
-406
-406
-507
-612
-812
-1011
-1042
-1132
-1397
-1465
-1375
-1182
-1213
-1197
-1043
-930
-806
-738
-413
222
222
416
702
1060
1245
1460
1719
1952
2258
2140
2118
1595
1602
1974
2434
2173
1316
509
561
722
712
385
-466
-466
-1197
-1252
-1176
-985
-1447
-1905
-2017
-1704
-1858
-1885
-1794
-1287
-1132
-1282
-1117
-834
-440
-269
397
397
526
453
615
961
1337
1188
1144
1186
1269
1144
906
715
742
472
262
-469
-469
-769
-897
-938
-1096
-1344
-1511
-1506
-1457
-1563
-1492
-1447
-1245
-1192
-944
-758
-533
-475
-293
431
431
641
744
932
1146
1440
1615
1845
2057
2216
2487
2344
2174
1475
1200
1625
2128
2017
1073
-520
-520
-870
-1745
-1934
-1792
-1464
-1720
-2027
-2053
-1670
-1804
-1792
-1605
-979
-612
-683
-480
-312
551
551
1076
1267
1068
1042
1195
1503
1306
1259
1240
1141
845
349
-299
-299
-584
-796
-1104
-1458
-1493
-1440
-1427
-1583
-1749
-1626
-1506
-1444
-1251
-1074
-795
-716
-523
-237
284
284
527
898
1135
1254
1383
1503
1763
1798
2050
2181
2483
2468
2077
1534
790
1073
1543
1884
1254
213
-587
-592
-679
-407
-637
-759
-1600
-2142
-2108
-1743
-1588
-1750
-1765
-1422
-1281
-1469
-1252
-893
307
307
471
490
695
1199
1663
1525
1322
1186
1210
1157
887
968
801
544
-311
-311
-500
-666
-922
-925
-1032
-1173
-1626
-1757
-1687
-1591
-1481
-1464
-1291
-1183
-1163
-1078
-741
-460
-213
229
229
436
469
620
906
1098
1189
1322
1387
1514
1516
1741
1926
2202
2195
1727
1129
381
598
1156
1596
1114
-733
-733
-854
-918
-661
-693
-702
-1364
-1934
-1967
-1630
-1446
-1487
-1411
-934
-741
-953
-907
-675
584
584
764
826
636
596
986
1480
1445
1223
974
815
652
307
355
252
-331
-331
-646
-748
-977
-1256
-1254
-1192
-1064
-1304
-1465
-1415
-1346
-1195
-1063
-753
-550
-589
-630
-475
283
283
419
472
496
531
789
923
1036
1134
1262
1395
1393
1532
1796
2038
1833
1346
516
399
779
1330
1258
561
-285
-692
-910
-830
-771
-568
-897
-1383
-1630
-1545
-1382
-1408
-1255
-836
-403
-506
-571
-578
489
489
824
1052
861
603
631
940
1096
1028
884
681
417
-283
-283
-515
-600
-660
-834
-1197
-1357
-1285
-1059
-928
-929
-970
-1053
-1094
-985
-610
-325
-289
-289
-294
-237
341
341
448
452
432
490
553
718
855
1139
1315
1505
1559
1747
1806
1560
1083
496
572
1027
1312
1018
243
-357
-668
-838
-797
-751
-639
-999
-1291
-1439
-1322
-1396
-1334
-1095
-477
-266
-262
-381
-239
581
581
929
1063
864
662
662
775
671
655
525
482
-381
-381
-536
-706
-747
-743
-689
-899
-1091
-1210
-1137
-924
-797
-598
-535
-533
-635
-634
-429
225
225
417
456
452
442
558
642
863
1107
1478
1680
1984
1914
1528
853
225
513
1101
1496
1144
316
-326
-789
-948
-871
-692
-561
-865
-1063
-1132
-1184
-1336
-1351
-929
-242
227
227
665
1022
1082
883
684
619
504
305
-221
-221
-538
-897
-1091
-1030
-826
-659
-707
-879
-943
-914
-719
-538
-357
-236
238
238
350
514
652
836
1043
1310
1693
1972
1832
1232
230
210
798
1359
1197
521
-307
-307
-812
-1076
-886
-571
-729
-823
-626
-593
-1047
-1418
-1067
237
237
348
442
311
362
362
723
749
584
587
753
507
-408
-408
-512
-457
-496
-375
-440
-798
-1196
-1280
-1006
-877
-842
-706
-393
-263
-329
-344
-259
298
298
288
-230
-230
266
266
507
811
1013
1341
1623
2072
2003
1602
892
350
556
766
1072
751
348
-779
-779
-1115
-1231
-1153
-1038
-867
-628
-502
-771
-981
-974
-497
444
444
844
912
897
720
637
665
579
563
590
635
492
-463
-463
-904
-1138
-1188
-1041
-916
-978
-1085
-1173
-1161
-1143
-1013
-769
-355
218
218
216
216
280
286
362
286
298
-294
-294
-500
-490
-417
-298
-216
368
368
680
1060
1549
1977
2405
2055
1442
548
442
442
730
959
648
262
-428
-1050
-1518
-1591
-1490
-1145
-776
-398
-375
-696
-839
-751
231
231
740
1114
1324
1309
1075
825
536
299
261
405
468
253
-322
-910
-1390
-1613
-1606
-1452
-1319
-1259
-1121
-1005
-984
-1001
-971
-665
-212
224
535
686
663
491
371
290
290
304
288
257
-486
-486
-713
-801
-715
-551
-343
-215
287
287
538
772
1136
1693
2221
2739
2563
1844
801
249
249
506
434
209
-403
-1145
-1774
-1940
-1869
-1492
-981
-416
344
344
797
1282
1770
1892
1737
1277
649
-248
-248
-681
-1037
-1433
-1781
-2030
-2004
-1764
-1444
-1043
-652
-460
-486
-518
-361
250
250
608
927
1092
971
625
329
-421
-421
-599
-711
-781
-703
-467
286
286
599
945
1149
1446
1749
2244
2706
2350
1591
589
-307
-307
-841
-1483
-1783
-1812
-1856
-1556
-1125
-455
317
317
521
498
620
934
1525
1899
1921
1735
1197
633
-249
-249
-482
-748
-1030
-1175
-1317
-1538
-1908
-2116
-2061
-1866
-1453
-972
-466
367
367
625
896
981
838
615
341
-215
-215
-445
-561
-537
-481
-457
-482
-567
-608
-529
-267
496
496
854
1307
1617
2053
2284
2655
2720
2094
1220
227
-209
-209
-227
-213
-342
-700
-1322
-1923
-2006
-1967
-1754
-1392
-838
261
261
531
805
870
880
887
1216
1750
1958
1954
1568
994
289
-419
-815
-1044
-1265
-1401
-1510
-1516
-1620
-1807
-1834
-1730
-1461
-1079
-598
235
235
367
338
298
355
416
575
729
727
573
295
-348
-348
-644
-817
-860
-748
-636
-553
-472
-402
-327
394
394
790
1284
1693
2105
2445
2686
2951
2523
1829
775
-508
-508
-777
-719
-723
-930
-1304
-1870
-2064
-2104
-1903
-1512
-1051
-450
564
564
1004
1217
1273
1309
1273
1536
1644
1767
1598
1090
472
-278
-835
-1188
-1482
-1572
-1607
-1607
-1543
-1617
-1524
-1465
-1327
-993
-628
235
235
449
544
484
430
363
380
446
384
282
-432
-432
-723
-889
-956
-936
-776
-609
-367
304
304
596
926
1320
1716
2147
2550
2907
3216
2831
2006
761
-391
-998
-1330
-1242
-1020
-885
-966
-1367
-1628
-1828
-1878
-1692
-1292
-559
278
922
1483
1732
1682
1442
1137
1116
1102
1176
1125
867
487
-770
-770
-1249
-1628
-1832
-1916
-1760
-1457
-1171
-934
-828
-733
-639
-505
445
445
617
639
609
487
320
-315
-315
-475
-612
-786
-900
-1000
-1017
-901
-736
-536
-296
424
424
735
1016
1346
1707
1955
2328
2589
2910
2831
2215
1275
-924
-924
-1511
-1669
-1376
-1149
-949
-1037
-1228
-1403
-1558
-1504
-1259
-759
692
692
1329
1769
1793
1675
1312
1030
825
677
662
476
271
-610
-610
-1054
-1510
-1797
-1933
-1854
-1554
-1166
-794
-481
-292
255
255
414
491
528
500
388
217
-257
-257
-488
-691
-865
-957
-979
-986
-947
-861
-756
-577
-369
375
375
675
982
1248
1589
1812
2131
2415
2672
2869
2413
1630
430
-684
-1337
-1747
-1602
-1342
-1022
-863
-942
-986
-1132
-1169
-1080
-779
-215
496
1090
1635
1823
1753
1470
1030
746
434
313
-288
-288
-618
-902
-1230
-1531
-1762
-1853
-1697
-1342
-891
-399
256
256
282
341
342
342
352
319
265
-437
-437
-700
-875
-977
-995
-990
-949
-839
-713
-535
-340
274
274
492
767
1025
1308
1571
1751
2048
2264
2576
2565
2020
1210
-905
-905
-1529
-1764
-1520
-1254
-890
-778
-715
-705
-779
-782
-727
-489
624
624
1223
1698
1798
1705
1278
847
451
-257
-257
-436
-620
-791
-966
-1180
-1409
-1553
-1659
-1493
-1159
-703
-249
273
273
309
365
329
265
238
220
220
-215
-215
-469
-770
-928
-1047
-1040
-943
-875
-669
-482
-311
227
227
446
755
1049
1381
1613
1764
2037
2224
2515
2316
1695
712
-467
-1181
-1719
-1722
-1442
-1106
-761
-655
-548
-492
-525
-584
-540
-248
336
872
1472
1800
1810
1585
1066
684
289
-275
-275
-550
-662
-766
-862
-951
-1170
-1356
-1528
-1541
-1254
-951
-530
-213
304
304
393
443
352
250
-283
-283
-461
-623
-757
-848
-843
-839
-716
-512
-370
-227
330
330
577
858
1114
1319
1480
1621
1857
2060
2302
2146
1573
713
-373
-1086
-1631
-1774
-1597
-1279
-909
-676
-409
-288
-266
-347
-367
284
284
759
1277
1666
1735
1587
1171
813
399
-330
-330
-643
-767
-859
-903
-924
-1045
-1192
-1343
-1418
-1255
-995
-650
-351
225
225
360
442
341
-211
-211
-295
-295
-488
-692
-850
-907
-910
-750
-491
-258
347
347
522
714
940
1160
1384
1556
1875
2089
2426
2316
1695
795
-420
-1205
-1807
-1922
-1729
-1402
-959
-652
-308
-219
-219
-304
260
260
735
1313
1720
1854
1779
1371
1004
505
-399
-399
-777
-919
-922
-844
-784
-862
-1000
-1208
-1362
-1267
-1076
-725
-448
389
389
504
381
-319
-319
-351
-257
-241
-241
-433
-649
-783
-839
-733
-498
-232
242
242
371
485
645
863
1028
1297
1473
1713
2014
2249
2375
1909
1161
-928
-928
-1575
-1955
-1840
-1604
-1191
-800
-437
-242
-242
-236
476
476
961
1466
1674
1736
1513
1155
736
247
-218
-623
-849
-914
-824
-769
-735
-829
-943
-1083
-1101
-995
-851
-664
-437
344
344
357
268
-241
-241
-396
-445
-356
-224
-291
-291
-574
-740
-934
-897
-665
-395
300
300
424
535
602
677
876
1015
1258
1507
1766
2077
2362
2372
1890
1075
-1037
-1037
-1758
-2097
-1997
-1691
-1189
-780
-328
492
492
956
1395
1639
1736
1539
1210
757
278
-270
-689
-945
-1008
-913
-826
-719
-722
-766
-884
-914
-879
-744
-553
-249
293
293
450
396
261
-322
-322
-532
-571
-470
-331
-381
-381
-599
-758
-883
-846
-654
-368
339
339
478
575
627
652
819
973
1176
1471
1718
2045
2246
2410
2175
1548
529
-607
-1428
-2020
-2120
-1923
-1459
-982
-533
258
258
625
1077
1385
1559
1476
1178
829
433
-464
-464
-800
-974
-970
-901
-768
-699
-682
-841
-918
-881
-759
-547
-356
403
403
468
429
230
-406
-406
-577
-553
-432
-320
-237
-222
-222
-337
-542
-722
-882
-944
-839
-549
315
315
456
575
632
668
739
919
1042
1266
1494
1773
2028
2189
2310
1926
1284
221
-757
-1499
-1981
-2001
-1795
-1343
-898
-453
446
446
754
1125
1328
1420
1277
1020
712
321
-472
-472
-777
-923
-962
-878
-793
-716
-685
-727
-686
-627
-539
-421
-259
365
365
450
396
-314
-314
-440
-465
-421
-368
-306
-265
-292
-420
-553
-717
-852
-869
-745
-478
305
305
506
636
705
746
804
929
1033
1271
1492
1764
1957
2077
2233
1867
1254
266
-674
-1369
-1900
-1959
-1785
-1336
-898
-476
240
240
226
226
445
683
1002
1181
1273
1109
876
632
294
-452
-452
-748
-902
-971
-908
-830
-754
-699
-705
-639
-574
-427
-291
335
335
405
421
236
-251
-251
-425
-487
-472
-435
-376
-367
-387
-472
-605
-703
-867
-858
-768
-531
-211
301
301
511
646
729
747
763
827
920
1111
1304
1517
1723
1849
2096
2079
1672
973
-765
-765
-1486
-1874
-1897
-1659
-1226
-827
-349
329
329
369
280
246
367
489
728
962
1114
1135
963
822
574
232
-554
-554
-814
-1011
-1083
-1017
-927
-817
-776
-710
-556
-425
-267
328
328
473
509
443
222
-313
-313
-479
-534
-562
-565
-517
-492
-480
-527
-567
-635
-740
-731
-626
-405
307
307
484
596
678
692
753
791
848
1001
1138
1340
1451
1555
1696
1854
1682
1187
459
-298
-919
-1408
-1579
-1535
-1252
-949
-562
365
365
329
299
332
443
550
705
853
882
767
640
487
282
-367
-367
-644
-862
-977
-1043
-967
-867
-774
-684
-518
-309
252
252
317
347
345
218
-247
-247
-416
-486
-560
-621
-663
-634
-606
-588
-554
-559
-600
-615
-549
-353
348
348
496
573
649
658
673
704
783
916
1100
1191
1312
1421
1632
1781
1512
1101
398
-764
-764
-1204
-1336
-1351
-1166
-965
-589
354
354
360
342
375
384
466
575
635
649
550
516
430
243
-358
-358
-626
-848
-978
-966
-889
-765
-643
-489
-275
238
238
223
-252
-252
-409
-530
-612
-671
-631
-566
-506
-465
-447
-439
-466
-444
-426
-318
320
320
445
508
500
496
501
508
584
677
803
952
1079
1254
1365
1566
1611
1378
994
381
-572
-572
-955
-1149
-1208
-1023
-824
-491
233
233
245
245
265
310
340
385
391
301
269
-433
-433
-557
-635
-672
-645
-571
-444
-399
-326
-273
-273
-365
-449
-494
-534
-588
-570
-544
-542
-566
-559
-503
-480
-422
-318
-214
237
237
292
316
306
326
359
375
455
539
666
783
873
996
1137
1284
1523
1532
1365
958
443
-475
-475
-753
-938
-966
-877
-722
-427
-242
-242
-313
-350
-381
-379
-363
-323
-224
-231
-231
-330
-414
-509
-544
-520
-492
-438
-412
-364
-327
-315
-281
-233
215
215
228
260
320
390
479
568
655
789
898
995
1111
1248
1487
1490
1337
989
572
210
-219
-551
-790
-907
-921
-861
-683
-486
-369
-317
-323
-266
-209
245
245
270
218
-214
-214
-269
-292
-327
-315
-275
-259
-267
-295
-267
-237
-209
-229
-229
-274
-322
-366
-427
-454
-426
-409
-380
-362
-305
-285
-326
-323
-336
-281
-246
222
222
264
310
396
492
555
666
803
947
1076
1198
1345
1513
1464
1259
873
498
-265
-265
-521
-715
-802
-851
-832
-686
-521
-426
-397
-369
-244
264
264
291
310
355
329
234
-241
-241
-286
-300
-279
-292
-312
-295
-229
-266
-266
-292
-315
-329
-332
-317
-269
-264
-292
-315
-309
-311
-314
-311
-282
-266
-253
-221
275
275
366
438
490
557
625
674
699
728
786
870
978
1103
1158
1042
794
456
-295
-295
-514
-665
-726
-706
-605
-487
-410
-368
-352
-302
211
211
-211
-211
-240
-268
-313
-370
-401
-380
-290
-210
-233
-233
-265
-287
-288
-285
-274
-228
-209
-209
-290
-349
-406
-416
-385
-341
-291
-218
215
215
299
360
424
462
491
512
564
597
664
713
778
880
989
1086
990
816
527
274
-211
-211
-403
-520
-614
-611
-544
-414
-288
-248
-209
-215
232
232
259
213
-228
-228
-320
-417
-431
-393
-311
-226
-269
-269
-277
-276
-255
-247
-245
-300
-328
-359
-384
-406
-414
-436
-410
-352
-266
228
228
248
263
302
355
414
441
425
407
401
440
480
554
629
741
824
774
656
456
261
-308
-308
-397
-459
-463
-404
-270
-234
-234
-245
-245
-210
-210
-240
-260
-298
-322
-321
-306
-322
-319
-322
-326
-349
-362
-366
-319
-275
-215
236
236
252
283
348
397
464
552
649
750
759
711
596
435
289
-230
-230
-248
-252
-270
-275
-278
-258
-220
-221
-221
-254
-307
-336
-326
-287
-236
-223
-223
-235
-242
-237
-253
-252
-239
-211
-219
-219
-231
-232
-236
-219
-221
-237
-231
222
222
238
248
286
337
412
454
502
534
597
635
627
571
455
325
-226
-226
-232
-244
-239
-237
-227
-230
-217
-210
-210
-219
-219
-244
-260
-271
-271
-260
-248
-231
-219
-236
-240
-251
-254
-244
-224
219
219
252
297
341
377
394
401
419
426
446
443
441
402
370
311
273
212
-213
-213
-215
-215
-209
-226
-223
-247
-237
-242
-242
-243
-242
-243
-239
-237
-239
-238
-231
-226
-232
-220
-225
-219
-219
-219
-219
-215
-236
-243
-249
-245
-241
-211
209
209
252
287
318
338
352
375
383
397
365
349
298
262
224
218
-215
-215
-231
-240
-238
-232
-210
-213
-213
-237
-237
-242
-240
-241
-231
-233
-227
-221
-216
230
230
257
272
287
300
306
301
267
231
-217
-217
-228
-254
-266
-275
-276
-266
-256
-239
-221
-213
-213
-227
-237
-244
-240
-237
-223
-217
214
214
213
-214
-214
-228
-237
-254
-240
-230
-210
-213
-213
-221
-221
-224
-212
-212
-212
-212
-223
-217
-225
-219
-209
