210
210
221
238
253
263
286
299
310
296
295
273
250
210
-232
-232
-266
-309
-333
-346
-348
-335
-326
-310
-298
-272
-236
-209
-209
-238
-255
-277
-288
-292
-291
-282
-275
-246
-216
221
221
242
261
277
296
307
330
357
379
393
400
417
428
425
416
385
340
274
-207
-207
-281
-327
-370
-392
-412
-423
-422
-412
-391
-364
-333
-310
-276
-239
217
217
232
240
236
220
-224
-224
-234
-256
-265
-271
-267
-269
-263
-254
-241
-216
235
235
276
314
349
373
413
438
469
492
513
535
553
576
592
609
615
601
539
469
350
252
-264
-264
-377
-478
-553
-619
-652
-685
-672
-663
-620
-584
-533
-472
-417
-356
-304
-235
230
230
257
278
282
273
247
215
-212
-212
-243
-263
-278
-289
-290
-294
-278
-271
-247
-233
-212
230
230
277
331
370
420
452
492
519
550
568
584
594
608
612
618
613
588
532
446
352
236
-244
-244
-358
-453
-530
-596
-641
-665
-676
-657
-638
-596
-553
-495
-440
-384
-324
-252
214
214
240
274
292
295
287
265
233
-237
-237
-280
-304
-325
-334
-345
-350
-337
-331
-311
-301
-278
-242
-210
222
222
268
320
367
431
472
525
557
607
636
671
698
718
754
766
769
710
631
516
407
269
-340
-340
-476
-574
-665
-709
-757
-771
-772
-750
-711
-667
-617
-564
-501
-439
-361
-287
-218
220
220
270
305
322
326
322
287
243
-222
-222
-291
-340
-381
-404
-418
-433
-421
-413
-387
-368
-340
-310
-267
-219
270
270
332
390
456
514
579
630
683
733
781
813
859
895
913
872
776
655
531
404
240
-289
-289
-437
-565
-672
-761
-813
-852
-868
-856
-826
-782
-725
-673
-615
-550
-466
-372
-287
207
207
291
367
425
472
487
479
446
393
306
224
-260
-260
-336
-386
-432
-458
-481
-482
-489
-466
-452
-424
-400
-369
-320
-268
208
208
274
344
406
465
531
589
638
678
727
764
812
860
885
925
950
946
871
737
592
463
303
-293
-293
-453
-601
-736
-831
-899
-930
-950
-936
-912
-870
-812
-749
-676
-620
-552
-460
-362
-274
224
224
309
393
463
493
503
489
447
388
291
-269
-269
-367
-436
-490
-525
-544
-558
-555
-558
-525
-498
-472
-448
-399
-352
-292
-229
274
274
347
434
499
582
638
710
740
770
797
822
853
867
900
925
980
971
925
793
651
511
354
-257
-257
-442
-585
-730
-835
-918
-951
-969
-962
-925
-887
-810
-744
-662
-598
-520
-425
-318
-227
261
261
346
416
479
514
528
499
462
382
283
-217
-217
-315
-422
-494
-556
-570
-588
-597
-606
-588
-561
-531
-487
-453
-397
-338
-271
240
240
337
425
525
599
676
731
792
839
873
900
922
958
981
1021
1029
984
853
695
557
416
240
-217
-217
-401
-558
-698
-818
-905
-969
-1008
-1019
-974
-922
-861
-799
-720
-637
-552
-452
-341
-246
294
294
367
445
502
542
552
531
489
405
306
-234
-234
-362
-475
-564
-629
-677
-703
-700
-704
-683
-652
-607
-562
-530
-482
-418
-348
-276
289
289
384
471
553
639
714
787
833
868
894
916
957
975
1010
1039
1092
1117
1092
967
813
647
489
283
-412
-412
-591
-759
-888
-984
-1040
-1065
-1056
-1020
-967
-902
-816
-718
-637
-553
-454
-319
300
300
446
550
636
689
726
727
696
627
508
365
208
-348
-348
-512
-639
-753
-851
-910
-922
-916
-898
-887
-845
-794
-721
-662
-588
-516
-427
-330
-234
232
232
360
474
571
653
736
805
854
887
914
926
938
946
968
1005
1053
1117
1177
1201
1133
992
817
667
468
222
-333
-333
-549
-742
-909
-1043
-1112
-1164
-1160
-1139
-1069
-1005
-924
-825
-728
-633
-546
-420
-279
251
251
430
583
708
815
897
945
960
932
856
732
554
362
-259
-259
-484
-688
-876
-996
-1085
-1122
-1154
-1164
-1147
-1088
-1012
-940
-881
-815
-718
-621
-505
-399
-273
275
275
415
539
645
743
835
896
951
977
986
980
970
974
987
1015
1036
1073
1124
1222
1279
1237
1067
838
651
458
221
-414
-414
-670
-869
-1027
-1127
-1187
-1219
-1224
-1205
-1115
-1012
-898
-787
-678
-606
-524
-393
-211
317
317
533
718
871
982
1061
1097
1107
1081
1002
866
659
459
249
-241
-241
-503
-760
-952
-1126
-1225
-1293
-1326
-1343
-1332
-1270
-1183
-1093
-1017
-925
-840
-723
-607
-464
-336
-208
245
245
410
547
648
760
857
958
1015
1046
1049
1027
1009
995
981
964
945
951
973
1045
1150
1218
1173
985
749
540
360
-209
-209
-548
-805
-1001
-1134
-1223
-1272
-1283
-1278
-1220
-1116
-981
-850
-728
-627
-538
-450
-315
228
228
405
625
835
981
1091
1151
1181
1171
1133
1034
863
643
415
-247
-247
-495
-729
-941
-1088
-1212
-1285
-1350
-1374
-1390
-1340
-1274
-1185
-1100
-1000
-891
-787
-637
-486
-319
255
255
410
535
634
728
837
925
997
1032
1054
1042
1031
1011
1005
980
956
936
932
961
1044
1134
1170
1059
829
586
398
211
-386
-386
-691
-905
-1040
-1127
-1185
-1201
-1201
-1165
-1092
-968
-839
-722
-611
-525
-446
-365
-213
312
312
477
677
862
981
1055
1069
1058
1004
933
803
614
383
-387
-387
-592
-775
-1005
-1155
-1279
-1331
-1384
-1423
-1443
-1404
-1316
-1206
-1086
-989
-853
-736
-564
-401
-239
298
298
439
555
680
771
874
952
1021
1066
1094
1084
1055
1015
978
944
909
897
878
902
957
1028
1056
973
754
507
312
-406
-406
-680
-889
-1013
-1098
-1135
-1139
-1111
-1063
-995
-899
-787
-665
-563
-470
-402
-336
-219
208
208
308
452
633
798
929
1000
1011
970
902
808
683
525
314
-286
-286
-437
-593
-780
-998
-1158
-1259
-1285
-1326
-1352
-1380
-1339
-1275
-1164
-1057
-935
-803
-695
-552
-402
-221
309
309
443
587
715
809
897
951
996
1037
1061
1043
1010
955
915
881
875
885
912
940
1007
1088
1104
1002
760
517
306
-439
-439
-691
-858
-964
-1026
-1048
-1039
-991
-953
-886
-830
-743
-664
-563
-485
-452
-399
-271
227
227
353
521
709
876
993
1045
1033
972
869
752
611
436
244
-311
-311
-456
-591
-761
-947
-1111
-1224
-1282
-1332
-1366
-1397
-1368
-1310
-1200
-1080
-925
-778
-646
-507
-346
230
230
345
454
584
701
815
896
956
995
1024
1054
1057
1041
998
952
906
908
920
964
1005
1090
1148
1111
921
653
432
245
-264
-264
-557
-785
-909
-987
-1033
-1059
-1056
-1027
-981
-900
-844
-776
-704
-608
-535
-468
-379
349
349
505
701
880
1035
1114
1122
1062
968
858
722
557
360
-335
-335
-512
-683
-885
-1053
-1197
-1298
-1362
-1402
-1414
-1388
-1325
-1221
-1088
-940
-764
-622
-478
-339
236
236
351
472
590
725
847
952
1028
1069
1101
1107
1105
1087
1056
1011
966
945
959
1020
1095
1197
1250
1195
988
706
464
260
-272
-272
-595
-848
-983
-1052
-1064
-1072
-1066
-1053
-1022
-944
-884
-813
-764
-680
-617
-537
-441
-249
211
211
396
549
744
917
1066
1129
1116
1022
897
758
611
448
255
-236
-236
-379
-548
-722
-918
-1090
-1247
-1372
-1457
-1512
-1513
-1474
-1394
-1290
-1141
-968
-762
-583
-429
-299
239
239
345
466
573
711
835
973
1080
1148
1178
1176
1167
1142
1131
1084
1049
1003
1007
1047
1139
1252
1333
1278
1039
726
441
238
-274
-274
-618
-895
-1061
-1114
-1093
-1068
-1046
-1042
-1017
-971
-906
-842
-763
-682
-617
-546
-433
-213
356
356
563
707
865
1025
1172
1239
1202
1076
904
733
572
421
262
-233
-233
-393
-574
-758
-938
-1104
-1275
-1419
-1520
-1556
-1522
-1431
-1321
-1200
-1054
-874
-660
-459
-303
264
264
391
531
648
771
892
1007
1108
1166
1178
1139
1079
1025
999
976
976
966
977
1020
1118
1264
1344
1247
918
538
219
-212
-212
-482
-777
-1017
-1139
-1161
-1097
-1027
-963
-957
-952
-973
-971
-928
-835
-701
-600
-514
-393
218
218
574
818
966
1051
1121
1189
1197
1130
985
793
592
413
270
-369
-369
-584
-822
-1038
-1218
-1408
-1556
-1673
-1678
-1608
-1440
-1243
-1031
-856
-667
-471
-311
265
265
432
603
778
943
1070
1184
1237
1272
1244
1191
1101
1010
942
921
954
1012
1095
1197
1340
1467
1452
1216
807
391
-427
-427
-696
-936
-1079
-1096
-1026
-930
-870
-846
-861
-910
-998
-1066
-1068
-974
-805
-644
-476
-259
465
465
824
1042
1138
1140
1104
1060
978
859
696
544
400
295
-439
-439
-775
-1106
-1330
-1487
-1583
-1660
-1692
-1645
-1461
-1212
-964
-766
-618
-496
-412
-346
-309
-237
379
379
570
790
1005
1173
1270
1275
1220
1133
1046
972
923
888
898
953
1049
1159
1281
1413
1535
1554
1336
882
332
-386
-386
-527
-638
-770
-884
-929
-873
-778
-719
-729
-821
-954
-1126
-1296
-1391
-1331
-1075
-715
-372
419
419
731
990
1131
1091
934
750
616
569
575
593
614
607
537
397
221
-427
-427
-761
-1141
-1467
-1641
-1670
-1567
-1423
-1282
-1159
-1030
-916
-823
-781
-734
-684
-634
-578
-502
-327
283
283
607
859
982
1027
1025
1022
1009
967
902
840
818
845
942
1069
1225
1362
1450
1468
1442
1395
1306
1105
732
278
-376
-376
-447
-420
-385
-393
-452
-553
-676
-842
-1016
-1181
-1287
-1353
-1383
-1380
-1268
-980
-554
228
228
412
484
511
530
574
613
626
640
676
754
844
927
952
923
796
571
255
-424
-424
-687
-896
-1070
-1201
-1269
-1256
-1187
-1083
-1024
-1012
-1055
-1099
-1139
-1162
-1137
-1021
-811
-539
-264
356
356
524
648
708
697
661
640
677
767
879
997
1112
1229
1289
1292
1237
1164
1111
1089
1097
1136
1173
1164
1014
727
386
-257
-257
-383
-559
-751
-908
-1019
-1092
-1140
-1175
-1150
-1141
-1116
-1111
-1044
-864
-586
-285
216
216
307
460
622
748
820
857
859
838
776
697
619
510
366
-300
-300
-509
-672
-786
-872
-951
-1033
-1088
-1115
-1144
-1163
-1161
-1123
-1054
-977
-884
-762
-623
-445
-246
213
213
314
415
508
598
682
786
902
992
1051
1061
1066
1070
1075
1077
1058
1029
1012
1031
1085
1170
1243
1262
1137
829
413
-275
-275
-376
-344
-273
-250
-308
-444
-622
-828
-1006
-1139
-1176
-1136
-1057
-996
-947
-835
-631
-348
257
257
426
615
803
906
881
719
498
279
-301
-301
-426
-537
-624
-701
-773
-827
-887
-962
-1070
-1156
-1196
-1131
-991
-783
-582
-426
-321
-256
344
344
476
572
640
698
737
773
781
782
754
727
706
710
740
802
880
970
1032
1067
1052
977
818
562
283
-383
-383
-632
-847
-1000
-995
-859
-624
-440
-323
-288
-295
-319
-345
-353
-351
-289
231
231
291
312
327
299
233
-215
-215
-271
-271
-454
-628
-747
-746
-665
-513
-363
-260
-225
-261
-318
-391
-461
-494
-458
-353
223
223
220
210
224
224
296
411
516
615
673
699
681
651
618
600
623
677
763
821
801
661
445
230
230
293
295
207
-235
-235
-461
-572
-537
-367
-308
-308
-457
-563
-581
-513
-338
-244
-244
-364
-431
-446
-405
-331
-232
-227
-227
-284
-296
-290
-283
-271
-252
-232
-238
-238
-262
-272
-272
-265
-235
241
241
314
367
368
348
302
271
267
307
382
470
532
556
537
457
396
314
326
384
506
605
638
595
490
364
213
-214
-214
-360
-409
-442
-411
-387
-323
-289
-281
-324
-431
-508
-576
-555
-504
-409
-348
-299
-291
-298
-316
-359
-377
-383
-332
-275
217
217
216
223
223
284
351
427
495
567
604
599
585
537
548
574
634
670
658
604
538
464
386
309
218
-296
-296
-381
-411
-438
-450
-483
-490
-514
-541
-569
-611
-621
-633
-597
-542
-485
-456
-437
-420
-384
-337
-303
-269
-262
-236
-222
217
217
291
335
381
427
483
535
598
619
631
620
620
658
688
733
716
673
598
538
470
399
310
229
-286
-286
-374
-424
-451
-481
-523
-565
-566
-555
-516
-515
-516
-531
-527
-498
-447
-395
-362
-336
-295
-222
-236
-236
-261
-267
-266
-283
-299
-306
-283
-242
215
215
306
389
459
495
531
566
621
670
669
667
629
633
649
681
681
639
561
469
413
347
288
-280
-280
-348
-414
-431
-464
-480
-533
-554
-549
-521
-474
-459
-453
-480
-475
-463
-413
-369
-334
-301
-260
-215
-215
-237
-239
-243
-257
-267
-282
-277
-277
-267
-257
-243
-230
215
215
263
319
364
405
454
500
541
587
627
670
737
781
753
649
553
501
532
650
794
778
578
319
-228
-228
-346
-449
-529
-632
-657
-663
-663
-700
-681
-605
-527
-469
-462
-473
-551
-555
-445
-219
-277
-277
-360
-360
-503
-552
-460
-422
-512
-633
-608
-504
-502
-592
-695
-706
-670
-503
-258
317
317
468
572
639
729
873
958
958
1056
1281
1492
1542
1618
1646
1384
804
383
622
1239
1485
1070
479
-409
-409
-793
-793
-368
-487
-487
-1129
-1323
-1164
-1200
-1520
-1532
-1146
-828
-894
-943
-653
-480
-659
-823
-393
300
645
509
410
471
473
434
588
1076
1360
1207
801
584
622
582
396
-392
-392
-705
-732
-748
-969
-1322
-1466
-1320
-1349
-1516
-1582
-1436
-1347
-1401
-1307
-1031
-864
-862
-748
-470
426
426
557
612
733
931
1086
1168
1280
1400
1407
1404
1451
1512
1554
1551
1597
1600
1539
1624
1411
795
924
924
1230
565
-274
-739
-922
-1209
-1294
-616
-228
-779
-1807
-2110
-1577
-1254
-1334
-1182
-747
-723
-1138
-1313
-641
708
708
837
608
580
878
1043
1034
1005
1291
1361
915
439
234
476
490
-329
-329
-591
-975
-1252
-1117
-997
-1212
-1505
-1652
-1544
-1580
-1638
-1500
-1276
-1157
-1124
-1042
-819
-601
-429
251
251
385
530
702
860
1075
1239
1304
1364
1471
1535
1651
1670
1774
1822
1791
1715
1687
1765
1451
773
312
564
1147
1118
219
-545
-812
-885
-1059
-1102
-680
-641
-1395
-2240
-2201
-1501
-1096
-1266
-1267
-1048
-1077
-1335
-1243
-405
265
209
568
568
773
629
777
1201
1328
1067
827
1021
1162
881
494
443
649
464
-562
-562
-604
-607
-809
-1052
-1049
-1113
-1538
-1829
-1795
-1442
-1328
-1488
-1542
-1460
-1251
-1148
-985
-629
-283
299
299
621
763
937
1085
1287
1340
1370
1514
1726
1824
1826
1823
1833
1907
1695
1757
1684
1345
823
545
893
1204
767
-513
-513
-670
-630
-941
-799
-683
-1031
-1728
-2149
-1703
-1196
-1168
-1423
-1353
-1276
-1234
-1355
-842
-380
-380
527
527
646
677
936
1066
931
652
824
1166
1100
785
516
484
411
-278
-278
-570
-927
-1083
-1046
-1209
-1380
-1483
-1466
-1441
-1604
-1604
-1466
-1277
-1164
-1121
-956
-648
-446
-279
354
354
473
705
937
1128
1187
1233
1404
1688
1789
1801
1830
1819
1892
1797
1965
1759
1276
763
840
1316
1399
560
-251
-420
-373
-366
-727
-634
-778
-1340
-2032
-1986
-1383
-1054
-1428
-1735
-1555
-1429
-1387
-1365
-711
-222
-342
-686
-503
520
520
468
563
849
893
681
577
1003
1371
1143
745
528
560
482
220
-463
-463
-764
-796
-714
-897
-1088
-1239
-1253
-1357
-1472
-1440
-1241
-1148
-1143
-1149
-957
-669
-483
-310
324
324
570
860
1048
1117
1211
1382
1619
1727
1828
1880
1931
1921
1923
1831
1439
1083
1059
1479
1597
1021
-320
-320
-221
-221
-519
-772
-1298
-1803
-1879
-1339
-1048
-1378
-1942
-1940
-1629
-1418
-1356
-1058
-640
-686
-947
-845
-228
251
284
247
474
617
503
517
847
1231
1065
638
469
616
654
424
247
214
-297
-297
-523
-549
-424
-631
-934
-1109
-1120
-1164
-1267
-1203
-1072
-1066
-1242
-1221
-961
-602
-502
-457
-319
508
508
824
940
881
993
1267
1586
1724
1804
1867
1874
1914
1936
1694
1372
1292
1599
1877
1428
578
253
253
437
248
-389
-389
-842
-1343
-1526
-1161
-850
-1254
-1856
-1952
-1594
-1408
-1468
-1363
-993
-953
-1195
-1117
-571
368
368
412
370
590
932
938
652
573
718
857
611
456
365
325
-357
-357
-698
-869
-854
-858
-1047
-1090
-1039
-997
-1152
-1191
-989
-737
-642
-629
-506
-305
242
242
530
700
719
819
1081
1373
1560
1638
1727
1787
1891
1751
1494
1351
1558
1889
1780
1072
449
422
655
684
289
-428
-428
-873
-1182
-1054
-726
-901
-1537
-1907
-1691
-1435
-1465
-1555
-1343
-1187
-1362
-1421
-1056
-530
-440
-548
-471
254
254
572
679
476
413
622
862
763
527
456
499
419
230
-251
-251
-405
-420
-444
-599
-774
-780
-771
-837
-923
-879
-749
-660
-686
-588
-420
-262
266
266
417
519
656
874
1141
1307
1435
1605
1779
1836
1652
1414
1477
1806
2087
1808
1064
579
667
922
877
451
-294
-294
-705
-897
-725
-564
-910
-1543
-1767
-1500
-1348
-1456
-1571
-1354
-1265
-1425
-1429
-1053
-673
-642
-728
-540
-211
434
434
601
389
289
443
726
680
581
514
482
306
236
236
292
-305
-305
-446
-390
-288
-464
-638
-729
-751
-846
-884
-735
-645
-685
-778
-643
-454
-299
-236
288
288
371
519
848
1050
1162
1268
1544
1732
1766
1472
1367
1540
1907
2053
1677
1019
702
860
1065
983
552
-280
-280
-551
-604
-448
-494
-978
-1487
-1534
-1290
-1255
-1398
-1452
-1273
-1306
-1451
-1357
-1011
-730
-774
-799
-610
-400
-356
-233
353
353
302
486
486
682
564
434
419
387
289
295
362
330
-258
-258
-261
-421
-421
-557
-571
-649
-763
-749
-628
-562
-687
-719
-575
-392
-312
-231
261
261
492
775
979
1030
1215
1459
1666
1593
1295
1261
1629
2061
1959
1275
688
864
1216
1225
744
277
-244
-244
-433
-395
-225
-591
-1291
-1581
-1218
-998
-1288
-1558
-1403
-1117
-1342
-1521
-1222
-760
-746
-997
-895
-472
-337
-437
-276
366
366
296
296
659
625
397
350
462
357
273
361
488
276
-264
-264
-459
-459
-525
-488
-614
-666
-558
-450
-571
-741
-638
-343
-240
-287
-258
291
291
564
794
806
877
1157
1493
1559
1341
1151
1308
1684
1880
1665
1124
869
949
1169
1069
725
364
-228
-228
-261
-352
-736
-1173
-1241
-1095
-1128
-1397
-1498
-1339
-1261
-1441
-1469
-1220
-946
-945
-1029
-854
-604
-495
-435
-242
412
412
497
356
297
414
500
386
246
263
262
-342
-342
-442
-488
-586
-697
-703
-593
-590
-667
-740
-601
-437
-351
-304
392
392
624
721
775
963
1263
1461
1481
1296
1230
1390
1758
1887
1609
1085
870
1062
1259
1129
715
368
-310
-310
-748
-1100
-1135
-1003
-1114
-1337
-1373
-1229
-1254
-1434
-1411
-1134
-903
-917
-967
-822
-637
-488
-342
517
517
556
373
234
393
454
432
361
372
261
-383
-383
-506
-491
-604
-711
-693
-618
-624
-774
-772
-620
-461
-428
-408
-280
332
332
495
658
689
941
1213
1392
1406
1229
1196
1368
1750
1825
1547
978
887
1094
1271
1045
604
346
-398
-398
-791
-1143
-1118
-1023
-1190
-1425
-1451
-1253
-1301
-1508
-1492
-1206
-1004
-1041
-1072
-902
-702
-630
-457
493
493
612
410
222
326
492
518
475
394
290
-406
-406
-492
-453
-496
-639
-689
-662
-663
-738
-762
-606
-516
-448
-445
-297
319
319
510
615
696
918
1252
1418
1476
1300
1250
1416
1759
1914
1628
1081
913
1157
1364
1158
667
396
230
-321
-321
-696
-1049
-1061
-966
-1107
-1360
-1417
-1226
-1246
-1466
-1474
-1220
-974
-1026
-1109
-977
-763
-632
-474
-272
421
421
604
430
247
293
469
509
490
331
306
-328
-328
-479
-481
-512
-648
-711
-745
-705
-813
-845
-770
-639
-556
-539
-453
-324
324
324
485
580
810
1105
1300
1377
1224
1204
1389
1784
1899
1608
1031
933
1196
1406
1175
692
468
298
-246
-246
-620
-1009
-1035
-942
-1091
-1350
-1414
-1204
-1243
-1483
-1508
-1203
-930
-991
-1123
-1012
-752
-598
-440
-256
462
462
677
496
330
356
560
573
585
435
343
-348
-348
-440
-440
-439
-621
-704
-760
-757
-800
-857
-743
-668
-598
-587
-466
-322
287
287
400
563
739
1045
1166
1325
1310
1247
1277
1523
1845
1808
1309
850
1010
1344
1365
850
483
394
269
-364
-364
-807
-1082
-991
-968
-1203
-1431
-1294
-1112
-1315
-1539
-1396
-998
-878
-1073
-1111
-853
-622
-515
-407
477
477
529
404
389
466
444
454
415
422
327
-318
-318
-429
-499
-614
-672
-698
-670
-719
-812
-785
-709
-576
-516
-440
-341
-216
261
261
450
577
723
988
1156
1347
1268
1189
1284
1662
1904
1691
1113
880
1184
1427
1270
700
481
405
263
-452
-452
-922
-1027
-856
-958
-1260
-1434
-1190
-1127
-1408
-1553
-1265
-896
-934
-1163
-1094
-784
-607
-499
-369
-225
-225
362
362
634
462
227
256
531
586
526
412
339
216
-288
-288
-464
-443
-388
-549
-705
-741
-741
-767
-853
-761
-665
-616
-619
-510
-358
-238
259
259
382
470
591
911
1149
1254
1312
1277
1210
1314
1609
1863
1643
1016
778
1065
1366
1125
573
367
322
-229
-229
-216
-484
-945
-1086
-959
-1010
-1267
-1363
-1116
-1079
-1397
-1526
-1218
-812
-838
-1053
-979
-703
-530
-431
-254
349
349
589
584
380
397
370
435
455
445
399
-211
-211
-487
-512
-606
-630
-683
-673
-665
-771
-819
-771
-606
-498
-440
-364
-242
405
405
613
672
882
1082
1299
1359
1186
1195
1439
1816
1789
1334
828
962
1277
1355
900
433
341
-398
-398
-842
-1151
-998
-927
-1142
-1435
-1363
-1136
-1285
-1521
-1398
-979
-823
-1026
-1116
-828
-551
-426
-344
311
311
519
503
386
448
583
516
389
389
456
407
-370
-370
-518
-595
-688
-726
-694
-714
-833
-958
-872
-673
-605
-624
-573
-406
-217
449
449
507
656
853
1225
1340
1450
1448
1335
1337
1523
1922
1923
1415
808
905
1281
1381
851
379
274
-315
-315
-282
-439
-872
-1238
-1150
-1038
-1194
-1416
-1335
-1119
-1290
-1522
-1406
-938
-730
-921
-1009
-773
-460
-319
-210
385
385
629
640
549
535
586
555
434
405
454
374
-280
-280
-456
-583
-630
-788
-884
-855
-796
-840
-964
-938
-764
-633
-586
-504
-341
345
345
524
703
826
1110
1323
1464
1511
1432
1401
1564
1878
1968
1583
966
911
1219
1385
981
448
268
-305
-305
-348
-460
-868
-1302
-1293
-1127
-1223
-1466
-1465
-1231
-1291
-1531
-1454
-1032
-754
-883
-1031
-809
-472
-274
240
240
374
374
661
795
699
561
572
580
594
565
532
356
-487
-487
-707
-695
-697
-755
-871
-923
-961
-975
-901
-771
-690
-653
-563
-364
294
294
561
708
858
1081
1388
1541
1693
1605
1452
1469
1778
2157
1991
1336
809
1013
1366
1331
735
345
-273
-273
-382
-337
-667
-1186
-1442
-1253
-1191
-1404
-1590
-1391
-1236
-1447
-1611
-1346
-872
-788
-958
-941
-625
-372
-236
213
213
326
274
262
539
855
854
718
591
589
562
589
543
501
216
-382
-382
-643
-802
-811
-881
-929
-989
-976
-1045
-1044
-969
-786
-670
-584
-466
-291
240
240
519
704
868
1025
1317
1550
1727
1775
1542
1488
1690
2150
2186
1637
925
945
1303
1443
944
417
218
-240
-240
-413
-377
-581
-1092
-1482
-1353
-1222
-1383
-1627
-1519
-1250
-1381
-1595
-1465
-988
-740
-864
-919
-661
-358
238
238
416
357
384
548
867
919
835
714
685
593
593
584
605
307
-325
-325
-621
-770
-813
-879
-939
-997
-963
-1048
-1034
-957
-808
-720
-641
-486
-224
470
470
754
910
1034
1282
1560
1765
1871
1725
1531
1568
1984
2319
2013
1199
776
1049
1449
1233
603
-282
-282
-486
-500
-540
-983
-1522
-1603
-1358
-1334
-1618
-1692
-1417
-1303
-1525
-1606
-1232
-798
-734
-839
-723
-423
231
231
510
548
415
519
768
973
928
793
731
643
518
466
545
456
-234
-234
-304
-237
-318
-609
-883
-941
-1020
-1074
-1134
-1064
-1055
-1114
-1082
-932
-766
-672
-554
-337
355
355
750
1018
1175
1332
1600
1812
1998
1917
1655
1578
1888
2333
2226
1465
797
888
1327
1351
770
246
-338
-338
-554
-597
-557
-914
-1512
-1736
-1495
-1349
-1569
-1741
-1505
-1281
-1431
-1573
-1318
-822
-641
-714
-631
-352
274
274
632
775
617
597
668
1019
1069
1051
834
623
403
452
523
482
-242
-242
-392
-467
-428
-669
-795
-1029
-1127
-1288
-1231
-1177
-1068
-1079
-1090
-970
-876
-689
-528
-234
363
363
759
1057
1281
1404
1664
1845
2052
2133
1940
1625
1659
2161
2472
1990
969
604
967
1370
990
301
-416
-416
-716
-883
-775
-865
-1402
-1971
-1865
-1527
-1510
-1825
-1800
-1415
-1312
-1518
-1503
-1036
-612
-533
-573
-325
252
252
645
926
866
660
717
1066
1214
1032
722
639
582
548
382
334
-230
-230
-528
-582
-500
-672
-1012
-1285
-1231
-1215
-1257
-1375
-1265
-1154
-1108
-1040
-906
-682
-563
-376
256
256
390
651
1058
1343
1486
1617
1862
2121
2305
2254
1914
1560
1743
2294
2525
1868
862
456
794
1063
762
-318
-318
-755
-1126
-1175
-1005
-1053
-1603
-2027
-1941
-1659
-1696
-1810
-1621
-1227
-1190
-1386
-1317
-846
-387
239
239
305
516
989
1321
1137
836
786
1096
1228
1061
729
556
417
308
-484
-484
-752
-806
-883
-1127
-1373
-1386
-1271
-1299
-1454
-1538
-1325
-1077
-881
-831
-742
-646
-440
281
281
498
555
643
939
1352
1666
1884
1986
2141
2244
2335
2127
1665
1560
2009
2538
2202
1079
224
396
844
838
226
-356
-857
-1374
-1520
-1251
-1012
-1454
-2135
-2276
-1836
-1638
-1741
-1734
-1309
-1069
-1213
-1235
-857
-302
289
289
529
544
592
928
1429
1592
1186
751
729
1050
1212
1005
554
-500
-500
-979
-1285
-1261
-1200
-1316
-1520
-1558
-1495
-1463
-1468
-1372
-1136
-849
-702
-630
-566
-415
319
319
682
830
830
962
1261
1719
2093
2250
2265
2294
2374
2226
1760
1448
1860
2488
2451
1272
518
518
665
291
-307
-901
-1583
-1910
-1562
-1085
-1263
-2039
-2368
-2041
-1660
-1695
-1641
-1232
-861
-946
-1037
-736
329
329
601
846
857
711
892
1380
1749
1562
928
596
638
938
935
609
-322
-322
-503
-469
-513
-687
-1037
-1418
-1473
-1499
-1486
-1620
-1562
-1456
-1299
-1319
-1283
-1192
-811
-481
-275
-232
-266
342
342
878
1100
1182
1182
1381
1649
2023
2288
2485
2517
2398
2038
1441
1291
1792
2513
2426
1199
-398
-398
432
432
-360
-360
-1050
-1847
-2177
-1851
-1257
-1267
-1813
-2146
-1947
-1734
-1695
-1498
-935
-495
-558
-688
-554
316
316
667
1015
1198
1053
764
819
1258
1641
1587
1063
554
308
380
438
408
-310
-310
-812
-1071
-1089
-982
-1048
-1289
-1570
-1714
-1737
-1693
-1474
-1232
-1031
-1130
-1177
-1122
-760
-398
348
348
786
1142
1344
1426
1506
1625
1865
2104
2438
2596
2567
1998
1200
897
1567
2447
2436
1097
-272
-715
-319
-362
-362
-1041
-1899
-2327
-1973
-1401
-1290
-1682
-1761
-1590
-1502
-1639
-1429
-740
304
304
722
1294
1578
1381
862
670
909
1337
1418
1225
684
-327
-327
-940
-1294
-1373
-1306
-1273
-1222
-1323
-1425
-1596
-1649
-1454
-1126
-876
-728
-689
-717
-700
-501
241
241
402
429
485
736
982
1188
1443
1654
1857
1831
1958
2153
2508
2507
1901
943
825
1562
2424
2040
623
-504
-736
-402
-281
-273
-539
-1213
-2112
-2270
-1804
-1281
-1543
-1784
-1537
-1149
-1208
-1508
-1218
-523
227
227
318
325
316
271
703
1338
1706
1443
861
603
701
933
1034
903
603
-484
-484
-590
-494
-360
-587
-954
-1190
-1379
-1545
-1597
-1424
-1142
-1121
-1225
-1392
-1382
-1158
-889
-591
-359
-380
-469
-480
329
329
576
718
897
936
953
1127
1483
1822
1980
2088
2213
2408
2451
1777
839
652
1541
2577
2135
536
-773
-1024
-638
-401
-270
-372
-1178
-2190
-2498
-1872
-1264
-1439
-1633
-1270
-858
-979
-1392
-1106
-334
311
632
759
751
466
225
575
1351
1870
1642
940
474
388
521
729
729
571
-648
-648
-967
-971
-720
-677
-832
-1067
-1319
-1538
-1661
-1471
-1062
-818
-770
-983
-1113
-1098
-869
-539
-289
-289
-240
604
604
916
1141
1049
945
1042
1385
1823
2165
2385
2591
2567
1913
788
276
1026
2355
2527
1151
-484
-1203
-1250
-1030
-590
-212
-620
-1784
-2566
-2309
-1641
-1535
-1561
-1058
-425
-484
-1024
-1118
-561
689
689
1194
1424
1004
290
678
678
1432
1654
1348
794
286
283
283
-393
-393
-829
-1065
-1134
-1136
-1051
-862
-704
-821
-1184
-1466
-1338
-1091
-675
-369
-342
-572
-842
-901
-588
-220
-245
-245
372
372
836
1096
1092
1090
1155
1378
1694
2076
2495
2832
2879
1959
540
817
817
2296
2363
959
-538
-1346
-1607
-1544
-997
-410
-722
-1692
-2255
-2029
-1686
-1839
-1598
-672
-314
-314
-527
-421
753
753
1618
1995
1434
518
278
278
781
1103
1117
800
-300
-300
-567
-571
-453
-327
-444
-693
-1071
-1252
-1200
-1103
-948
-705
-549
-679
-953
-1098
-1000
-610
-306
-299
-299
-527
-712
-728
-494
-224
439
439
766
1060
1361
1621
1706
1847
2068
2553
2991
2548
1331
287
415
1578
2043
1256
-895
-895
-1374
-1736
-1598
-1040
-908
-1434
-2014
-1837
-1466
-1648
-1812
-1253
418
418
432
291
868
868
1734
1857
1266
507
214
214
368
419
275
-460
-460
-685
-839
-908
-739
-598
-541
-595
-799
-933
-962
-798
-463
-265
-303
-558
-707
-683
-542
-416
-379
-437
-495
-620
-681
-622
-550
-433
-336
397
397
593
723
905
1237
1572
1948
2230
2466
2661
3037
2913
1685
273
-227
829
1818
1404
-944
-944
-1640
-2278
-2348
-1649
-976
-1195
-1733
-1630
-1186
-1300
-1716
-1232
867
867
1141
1128
941
445
378
378
1298
1863
1481
704
-315
-315
-563
-608
-391
-228
-317
-450
-586
-768
-1068
-1256
-1094
-524
-634
-634
-829
-741
-415
-249
-249
-515
-633
-676
-749
-830
-847
-752
-579
-487
-463
-470
-518
-350
760
760
1263
1399
1506
1661
2050
2395
2640
3017
3199
2367
958
212
212
1043
1004
276
-545
-1088
-1797
-2395
-2274
-1770
-1525
-1553
-1234
-715
-688
-1184
-1133
-398
446
974
1372
1680
1334
625
242
513
867
793
582
409
-542
-542
-1064
-1188
-1117
-1009
-728
-357
-475
-475
-827
-906
-653
-268
442
442
419
-276
-276
-320
-395
-602
-634
-544
-480
-621
-980
-1246
-1356
-1199
-932
-598
-383
-340
-367
-222
234
800
1277
1596
1869
2105
2345
2635
2887
3042
3121
2328
927
-207
-346
383
508
-821
-821
-1292
-1876
-2424
-2474
-1917
-1506
-1261
-743
-444
-444
-477
772
772
1247
1585
1918
1650
916
246
-234
-234
-406
-406
-884
-1336
-1554
-1494
-1387
-979
-386
238
238
599
828
680
282
-460
-460
-754
-1008
-1092
-943
-789
-767
-1011
-1266
-1470
-1481
-1232
-767
-259
302
302
412
705
1144
1605
1963
2279
2514
2741
2938
3056
3135
2441
913
-550
-973
-332
208
-723
-723
-1360
-1959
-2469
-2512
-1921
-1374
-1002
-500
234
691
500
263
263
616
994
1460
1921
1861
1072
-399
-399
-639
-866
-972
-910
-922
-1118
-1312
-1378
-1397
-1487
-1272
-623
659
659
804
801
627
379
293
485
639
623
380
-659
-659
-1202
-1621
-1736
-1605
-1277
-999
-873
-1059
-1246
-1290
-1018
-583
418
418
745
1076
1420
1768
1935
2010
2052
2245
2504
2811
2949
2805
1889
286
-1176
-1630
-1155
-590
-528
-734
-981
-1510
-2104
-2182
-1670
-1142
-696
1049
1049
1597
1353
824
658
631
575
772
1326
1517
881
-778
-778
-1207
-1633
-1845
-1637
-1283
-1160
-1096
-880
-630
-661
-704
-351
339
947
1280
1400
1270
883
434
268
232
-233
-233
-534
-667
-900
-1273
-1721
-1966
-1926
-1633
-1259
-879
-673
-638
-668
-508
533
533
808
1184
1616
1995
2187
2136
1943
1732
1780
2019
2268
2394
1791
464
-1098
-1841
-1666
-1099
-825
-712
-644
-845
-1278
-1455
-1110
-810
-607
811
811
1667
1829
1424
1005
583
314
314
651
352
-299
-817
-1136
-1518
-1837
-1887
-1663
-1396
-1003
-408
259
259
450
450
744
971
1162
1161
907
543
240
-409
-409
-896
-1182
-1236
-1240
-1279
-1420
-1509
-1550
-1463
-1205
-855
-525
-316
291
291
504
656
763
969
1268
1651
1939
2037
1936
1702
1600
1626
1888
2042
1524
338
-1036
-1593
-1381
-903
-612
-490
-465
-703
-999
-944
-631
-462
-424
714
714
1393
1548
1417
1064
566
-290
-290
-586
-586
-841
-1070
-1341
-1555
-1542
-1488
-1348
-940
-209
442
651
644
633
799
813
854
890
761
499
-490
-490
-983
-1332
-1487
-1506
-1468
-1348
-1222
-1168
-1062
-905
-601
-360
-253
388
388
573
683
761
823
991
1249
1528
1690
1639
1484
1435
1508
1730
1915
1615
535
-850
-1625
-1518
-965
-542
-332
-207
-394
-761
-831
-618
-440
-505
-251
429
1208
1501
1441
1146
616
-566
-566
-422
-312
-312
-678
-841
-933
-1103
-1299
-1374
-1358
-1342
-1048
-339
515
976
1033
898
817
684
544
522
495
384
-208
-208
-398
-678
-1059
-1390
-1553
-1508
-1442
-1298
-1024
-790
-598
-536
-415
-229
386
386
620
761
820
914
1045
1243
1409
1603
1654
1605
1618
1716
2019
1903
1021
-417
-1463
-1686
-1269
-709
-305
-497
-497
-704
-561
-368
-443
-371
912
912
1454
1688
1571
1119
-566
-566
-735
-574
-517
-717
-814
-877
-1012
-1182
-1212
-1203
-1301
-1271
-781
785
785
1168
1264
1192
887
537
341
285
-244
-244
-347
-661
-1068
-1368
-1564
-1651
-1504
-1178
-841
-557
-415
-232
245
245
432
609
727
809
905
995
1182
1220
1284
1306
1419
1657
1993
2201
1579
-1235
-1235
-1828
-1575
-1013
-542
-376
-376
-442
-297
-485
-642
-378
350
1103
1552
1741
1495
691
-315
-851
-966
-976
-1088
-1088
-919
-836
-790
-813
-847
-1103
-1313
-1072
-340
500
1081
1404
1440
1191
704
291
-305
-305
-517
-616
-431
-298
-345
-603
-1018
-1388
-1611
-1558
-1243
-793
-364
339
339
604
818
1029
1190
1296
1368
1350
1393
1467
1620
1961
2162
1743
455
-1004
-1797
-1774
-1253
-787
-336
-212
-212
-266
-327
-327
-326
919
919
1577
1825
1676
1097
-580
-580
-1086
-1186
-1235
-1303
-1333
-1179
-859
-681
-700
-880
-993
-973
-640
783
783
1301
1403
1247
1005
773
354
-626
-626
-876
-921
-773
-560
-467
-561
-863
-1180
-1303
-1288
-1156
-817
-419
279
279
402
361
361
361
603
875
1114
1377
1464
1417
1320
1257
1438
1838
2131
1616
255
-1134
-1847
-1716
-1238
-848
-423
-357
-357
-386
1002
1002
1535
1703
1599
1087
208
-629
-1133
-1280
-1473
-1698
-1647
-1265
-755
-552
-547
-679
-831
-856
-570
776
776
1180
1223
1122
986
703
-332
-332
-753
-963
-981
-837
-548
-408
-500
-775
-994
-1069
-1084
-977
-718
-346
334
334
496
523
373
216
216
420
697
1051
1405
1632
1648
1617
1524
1578
1812
1761
1106
-320
-1523
-1991
-1729
-1127
-695
-235
-235
548
548
1235
1735
1810
1677
970
-825
-825
-1263
-1328
-1554
-1703
-1656
-1281
-860
-624
-555
-595
-719
-742
-453
845
845
1142
1205
1125
1034
715
-339
-339
-742
-967
-1021
-928
-677
-510
-599
-731
-861
-919
-1002
-1015
-804
-420
269
269
468
544
423
215
316
316
695
1142
1463
1554
1545
1436
1384
1551
1817
1705
782
-708
-1737
-1941
-1519
-988
-565
224
224
710
710
1354
1691
1719
1500
789
-806
-806
-1130
-1335
-1681
-1873
-1703
-1196
-744
-504
-424
-488
-634
-656
-344
265
761
960
970
943
837
443
-515
-515
-838
-1026
-1069
-839
-581
-482
-582
-735
-769
-809
-882
-840
-586
-216
385
385
602
626
512
307
210
237
238
365
642
1094
1514
1740
1809
1779
1721
1776
1668
1135
-1390
-1390
-1955
-1872
-1236
-698
-239
548
548
1148
1670
1835
1758
1328
438
-351
-988
-1227
-1484
-1715
-1713
-1471
-1049
-754
-591
-537
-580
-599
-455
434
434
749
947
968
922
765
306
-675
-675
-956
-1044
-967
-779
-575
-503
-563
-674
-702
-833
-916
-871
-655
509
509
647
631
493
344
243
236
236
480
951
1404
1631
1716
1611
1600
1683
1889
1716
952
-473
-1560
-1929
-1697
-1141
-804
-307
280
280
608
608
1201
1650
1667
1593
1044
380
-305
-822
-1218
-1754
-2015
-1964
-1457
-930
-557
-425
-393
-474
-426
-291
368
368
488
647
701
828
605
-314
-314
-738
-969
-1030
-935
-719
-600
-555
-552
-576
-530
-704
-753
-745
-427
320
320
612
686
630
498
377
321
309
237
402
646
1158
1540
1750
1782
1676
1679
1736
1610
968
-268
-1470
-1963
-1867
-1254
-834
-353
272
272
445
445
1047
1554
1682
1624
1167
499
-698
-698
-1023
-1546
-1855
-1930
-1540
-1037
-610
-364
-270
-313
-360
-240
349
349
479
638
717
795
644
254
-244
-717
-1017
-1114
-999
-788
-581
-560
-458
-456
-443
-571
-727
-755
-585
-223
522
522
683
690
553
481
365
300
394
394
793
1236
1495
1676
1602
1604
1614
1778
1607
897
-426
-1523
-1901
-1764
-1228
-909
-422
-223
369
369
481
481
1023
1449
1497
1473
1073
518
-492
-492
-897
-1541
-1966
-2024
-1518
-960
-529
-311
-220
-293
-316
-237
274
274
294
398
493
653
497
-322
-322
-726
-990
-1081
-918
-707
-546
-494
-408
-372
-372
-583
-733
-712
-485
222
222
553
673
681
565
517
467
339
239
331
595
1040
1389
1580
1655
1594
1629
1795
1821
1370
347
-948
-1650
-1830
-1480
-1053
-642
-245
372
372
302
692
692
1188
1439
1440
1276
802
332
-524
-524
-1070
-1637
-1919
-1739
-1197
-695
-323
224
224
313
495
527
271
-579
-579
-880
-1041
-1012
-854
-693
-604
-505
-412
-356
-446
-631
-722
-637
-350
302
302
521
605
598
565
539
448
268
297
297
603
1066
1345
1538
1502
1479
1506
1675
1802
1395
596
-634
-1355
-1648
-1503
-1154
-855
-474
-259
380
380
293
465
465
897
1183
1178
1162
777
445
-329
-329
-854
-1481
-1813
-1739
-1303
-821
-454
-248
257
257
382
207
-425
-425
-687
-887
-910
-882
-777
-703
-601
-429
-326
-335
-481
-534
-501
-307
397
397
544
595
655
683
620
485
385
467
740
1093
1358
1517
1553
1627
1667
1862
1643
1046
-1188
-1188
-1656
-1775
-1381
-1045
-592
-247
350
350
371
-266
-266
518
518
1011
1133
1199
972
596
223
-618
-618
-1218
-1674
-1776
-1461
-978
-521
-267
378
378
347
-280
-280
-603
-842
-937
-951
-830
-704
-612
-464
-398
-328
-472
-604
-642
-512
-264
238
238
418
520
573
572
530
406
212
207
328
652
1010
1236
1400
1401
1418
1458
1588
1748
1436
850
-986
-986
-1365
-1541
-1287
-1079
-717
-405
374
374
336
450
450
772
798
904
723
563
340
-530
-530
-1153
-1528
-1592
-1334
-938
-565
-307
234
234
-213
-213
-497
-740
-865
-922
-861
-836
-707
-530
-416
-301
-391
-395
-435
-361
-225
333
333
458
582
650
648
537
399
455
567
849
1041
1212
1337
1453
1573
1744
1851
1475
796
-285
-1110
-1549
-1611
-1351
-1020
-594
-284
264
264
410
324
-231
-231
415
415
757
857
888
711
513
265
-560
-560
-1109
-1462
-1492
-1239
-785
-436
244
244
243
-528
-528
-761
-876
-920
-832
-785
-633
-505
-394
-359
-453
-509
-546
-464
-298
312
312
428
556
581
536
367
235
235
503
766
1018
1189
1270
1355
1462
1525
1672
1540
1149
533
-366
-913
-1351
-1420
-1277
-1046
-643
-337
217
217
260
328
328
431
526
580
478
409
-603
-603
-1028
-1230
-1264
-1075
-844
-630
-364
-231
-320
-320
-517
-642
-745
-777
-824
-854
-737
-624
-439
-356
-339
-330
-337
-230
265
265
380
471
546
564
454
397
374
462
647
804
1021
1149
1294
1404
1564
1799
1765
1430
721
-878
-878
-1388
-1525
-1350
-1070
-661
-325
304
304
341
207
-243
-243
-245
341
341
508
582
526
494
272
-468
-468
-866
-1071
-1115
-934
-702
-488
-261
-317
-317
-497
-622
-719
-764
-795
-777
-685
-585
-458
-430
-440
-466
-458
-344
305
305
363
392
342
207
373
373
590
837
1008
1141
1239
1318
1389
1540
1644
1479
1100
433
-226
-802
-1205
-1324
-1243
-1022
-780
-458
248
248
367
382
408
370
244
-347
-347
-638
-858
-966
-917
-772
-540
-309
-310
-310
-435
-588
-695
-796
-800
-735
-627
-495
-384
-260
266
266
294
272
264
256
310
426
570
760
912
1095
1278
1456
1650
1854
1879
1625
1140
473
-844
-844
-1262
-1445
-1317
-1091
-811
-471
-229
311
311
438
505
558
489
347
-289
-289
-590
-744
-827
-808
-680
-515
-303
-235
-235
-318
-318
-431
-579
-702
-781
-783
-679
-552
-415
-313
-249
-230
-228
-244
-243
-236
241
241
263
210
317
317
479
659
877
1035
1203
1286
1371
1457
1553
1606
1443
1151
650
-464
-464
-953
-1280
-1369
-1315
-1198
-916
-592
-225
208
208
330
362
426
448
443
271
-392
-392
-587
-662
-620
-493
-354
-249
-243
-243
-219
-254
-254
-326
-408
-465
-562
-572
-581
-521
-481
-410
-371
-365
-378
-395
-370
-338
-260
236
236
269
320
388
487
584
704
805
916
1001
1063
1102
1151
1229
1368
1376
1236
915
487
-470
-470
-892
-1178
-1225
-1146
-972
-722
-437
223
223
297
367
409
397
280
-293
-293
-444
-574
-565
-451
-347
-275
-275
-325
-332
-294
-231
-231
-329
-471
-578
-662
-692
-646
-584
-509
-435
-377
-350
-369
-370
-336
-290
267
267
355
412
451
452
439
477
524
606
675
747
819
824
834
855
890
954
992
944
850
645
409
-468
-468
-744
-857
-860
-743
-575
-378
214
214
215
220
209
-262
-262
-343
-369
-351
-315
-254
-208
-208
-210
-207
-214
-214
-279
-361
-422
-509
-535
-569
-570
-548
-496
-425
-330
-280
-268
-253
-229
253
253
341
424
471
472
428
360
312
274
287
300
361
419
473
517
531
543
557
572
627
721
783
790
686
568
436
291
-246
-246
-379
-424
-364
-284
-267
-267
-345
-359
-327
-301
-263
-244
-233
-237
-237
-220
-230
-235
-253
-269
-239
-236
-254
-281
-335
-374
-390
-401
-405
-407
-395
-364
-291
-229
252
252
337
417
475
517
560
583
618
682
787
876
912
878
771
660
524
378
215
-244
-244
-253
-267
-267
-351
-390
-437
-398
-363
-320
-257
-214
-208
-208
-211
-255
-255
-266
-284
-294
-284
-264
-224
238
238
273
330
397
449
497
538
549
569
575
588
607
620
651
634
616
538
452
403
337
276
-221
-221
-234
-214
-208
-229
-244
-269
-254
-221
-209
-209
-220
-223
-216
-208
-214
-230
-249
-271
-276
-268
-233
-233
-232
-237
-242
-230
-222
-220
-207
237
237
283
304
323
331
346
346
361
348
354
363
365
381
381
386
395
414
465
501
512
499
444
414
365
328
292
253
236
-209
-209
-209
-215
-221
-221
-234
-266
-300
-316
-310
-292
-276
-260
-241
-215
212
212
230
240
262
282
298
302
300
322
343
365
367
369
359
349
312
285
269
252
259
251
250
244
259
240
211
-222
-222
-227
-232
-232
-222
-208
-228
-228
-252
-248
-241
-228
-212
223
223
227
236
236
226
210
221
221
249
277
296
307
300
294
285
278
272
261
255
268
268
271
268
243
-221
-221
-239
-250
-265
-272
-265
-253
-245
-230
-226
-219
-222
-226
-226
-216
-208
-212
222
222
257
273
274
256
235
209
-207
-207
-215
-224
-232
-230
-218
-208
-208
-232
-244
-242
-226
-210
