330
330
387
442
466
505
500
513
511
507
547
513
543
509
535
532
561
580
563
566
503
480
346
-348
-348
-473
-573
-616
-646
-612
-583
-492
-414
-321
-338
-338
-377
-369
-361
-365
-385
-364
-349
-323
-323
-337
-313
314
314
465
638
821
986
1132
1252
1356
1457
1499
1514
1442
1346
1199
952
679
-401
-401
-694
-879
-1003
-1037
-1003
-1008
-882
-840
-659
-595
-435
-364
369
369
405
407
416
358
330
-415
-415
-445
-504
-513
-581
-701
-793
-894
-898
-948
-918
-948
-883
-847
-768
-664
-537
-323
489
489
734
999
1233
1452
1658
1865
2058
2188
2235
2162
1973
1684
1331
994
623
-615
-615
-945
-1159
-1277
-1379
-1408
-1448
-1384
-1315
-1169
-1041
-917
-814
-721
-628
-515
-342
423
423
627
802
909
982
980
942
858
762
613
463
-331
-331
-403
-547
-641
-652
-729
-768
-982
-1063
-1170
-1195
-1181
-1236
-1144
-1148
-968
-896
-718
-594
-380
559
559
737
1010
1146
1438
1659
1952
2188
2363
2491
2485
2355
2079
1730
1369
977
492
-565
-565
-922
-1220
-1391
-1582
-1621
-1670
-1562
-1484
-1351
-1204
-1083
-921
-863
-763
-716
-546
-409
572
572
824
979
1153
1205
1281
1192
1095
893
708
476
-332
-332
-424
-464
-596
-666
-788
-821
-882
-955
-1062
-1195
-1270
-1330
-1320
-1285
-1204
-1092
-971
-822
-652
-456
492
492
707
919
1140
1350
1565
1795
2040
2263
2463
2607
2611
2445
2118
1720
1357
914
452
-704
-704
-1130
-1423
-1589
-1748
-1755
-1790
-1678
-1598
-1405
-1246
-1034
-906
-810
-761
-684
-484
-331
392
392
695
949
1145
1274
1348
1364
1284
1179
966
746
451
-413
-413
-494
-584
-636
-688
-698
-737
-837
-946
-1081
-1191
-1290
-1394
-1432
-1443
-1350
-1251
-1099
-913
-703
-469
474
474
659
793
971
1157
1399
1629
1863
2100
2339
2575
2750
2764
2561
2193
1748
1335
836
-353
-353
-900
-1366
-1667
-1851
-1939
-1886
-1847
-1708
-1612
-1361
-1158
-913
-791
-711
-704
-626
-441
516
516
852
1108
1356
1500
1555
1504
1373
1214
985
710
349
-458
-458
-597
-618
-692
-727
-810
-820
-870
-857
-905
-1019
-1160
-1360
-1372
-1444
-1288
-1321
-1153
-1116
-864
-678
-427
413
413
505
763
859
1106
1225
1495
1743
2056
2345
2555
2779
2847
2793
2467
2001
1518
1049
515
-788
-788
-1266
-1668
-1816
-1991
-1956
-1949
-1806
-1669
-1516
-1328
-1155
-935
-874
-781
-828
-649
-490
466
466
785
1136
1342
1569
1603
1637
1469
1329
1065
845
555
-411
-411
-598
-694
-626
-730
-715
-929
-870
-989
-986
-1055
-1206
-1218
-1419
-1342
-1437
-1269
-1198
-1016
-907
-743
-580
-362
378
378
634
762
1003
1208
1485
1769
2074
2347
2616
2849
2947
2929
2581
2141
1569
1148
609
-648
-648
-1124
-1556
-1730
-1864
-1897
-1807
-1794
-1630
-1589
-1371
-1262
-1023
-985
-881
-931
-757
-547
594
594
837
1267
1461
1706
1742
1736
1546
1354
1078
842
581
-331
-331
-450
-584
-608
-701
-734
-838
-882
-1051
-1140
-1362
-1443
-1561
-1659
-1674
-1688
-1465
-1364
-1067
-933
-638
-482
454
454
542
846
1005
1384
1631
2020
2301
2620
2851
2972
3091
2829
2518
1770
1319
704
-949
-949
-1383
-1756
-1710
-1901
-1709
-1789
-1594
-1650
-1487
-1443
-1284
-1173
-1131
-1042
-1128
-825
-622
513
513
712
1113
1427
1682
1782
1736
1651
1358
1161
816
669
350
-422
-422
-530
-471
-412
-457
-624
-746
-851
-948
-1155
-1387
-1587
-1737
-1768
-1804
-1648
-1513
-1162
-976
-678
-528
362
362
599
738
1107
1381
1799
2106
2459
2723
2929
3045
3007
2915
2492
1975
1192
756
-820
-820
-1176
-1589
-1695
-1685
-1708
-1541
-1649
-1483
-1639
-1451
-1517
-1258
-1283
-1062
-1104
-894
-620
362
362
608
979
1105
1518
1574
1827
1675
1637
1298
1097
775
566
378
-313
-313
-478
-335
-460
-502
-821
-1009
-1255
-1417
-1571
-1737
-1827
-1902
-1830
-1675
-1397
-1116
-791
-605
-394
347
347
628
909
1202
1574
1905
2325
2596
2935
3069
3161
3073
2792
2334
1675
1141
614
-396
-396
-980
-1307
-1578
-1587
-1697
-1638
-1657
-1598
-1629
-1613
-1579
-1490
-1390
-1320
-1185
-1128
-789
-487
374
374
743
984
1332
1559
1714
1748
1656
1524
1226
1041
721
649
390
-516
-516
-662
-1015
-1125
-1427
-1543
-1779
-1842
-1888
-1873
-1720
-1538
-1185
-944
-624
-525
-317
443
443
687
1058
1348
1759
2053
2442
2659
2921
2981
3028
2956
2715
2304
1626
1062
542
-826
-826
-1210
-1523
-1589
-1685
-1689
-1700
-1718
-1723
-1773
-1716
-1641
-1465
-1316
-1124
-1042
-769
-441
491
491
797
1012
1219
1450
1569
1635
1556
1449
1213
1015
757
655
483
369
-363
-363
-453
-609
-814
-1129
-1319
-1576
-1715
-1904
-1935
-1972
-1853
-1797
-1527
-1358
-979
-777
-552
-458
-374
448
448
828
1088
1514
1806
2178
2416
2655
2857
3006
3100
3012
2774
2272
1690
1067
701
-819
-819
-1165
-1534
-1586
-1681
-1684
-1703
-1787
-1805
-1901
-1787
-1723
-1489
-1416
-1208
-1135
-808
-474
483
483
790
991
1208
1455
1584
1701
1631
1552
1275
1104
849
801
644
542
-337
-337
-377
-613
-814
-1185
-1411
-1673
-1863
-2022
-2075
-2045
-1978
-1861
-1687
-1384
-1074
-732
-598
-464
-443
523
523
829
1229
1564
1959
2209
2515
2686
2933
3026
3071
3014
2751
2378
1712
1177
682
345
-649
-649
-1121
-1479
-1611
-1705
-1745
-1802
-1873
-1948
-1985
-1938
-1809
-1661
-1448
-1254
-1108
-865
-514
481
481
808
999
1183
1381
1554
1625
1656
1548
1383
1181
986
879
760
667
431
-361
-361
-507
-652
-923
-1248
-1588
-1833
-2032
-2144
-2183
-2138
-2024
-1911
-1700
-1495
-1132
-846
-587
-516
-464
-422
-314
521
521
897
1242
1626
1941
2238
2435
2610
2746
2898
2964
2971
2819
2512
2001
1387
952
541
-361
-361
-903
-1347
-1656
-1747
-1887
-1866
-1975
-2016
-2088
-2041
-1930
-1706
-1495
-1263
-1104
-950
-656
652
652
922
1055
1272
1439
1611
1690
1710
1585
1401
1182
1017
905
782
648
348
-373
-373
-583
-736
-868
-1124
-1485
-1778
-2027
-2126
-2203
-2166
-2082
-1972
-1821
-1657
-1395
-1070
-742
-521
-444
-444
-386
413
413
737
1098
1462
1817
2121
2366
2526
2645
2810
2935
3056
2993
2815
2356
1784
1200
838
473
-578
-578
-1108
-1542
-1748
-1838
-1921
-1895
-2033
-2065
-2177
-2062
-1924
-1638
-1435
-1209
-1116
-906
-568
492
492
820
1043
1160
1395
1537
1721
1778
1779
1588
1371
1119
978
869
779
601
-391
-391
-598
-831
-978
-1273
-1556
-1888
-2140
-2271
-2325
-2205
-2123
-1960
-1844
-1635
-1365
-1026
-740
-535
-489
-447
-444
-351
428
428
722
1108
1492
1889
2169
2372
2465
2608
2720
2880
2933
2951
2829
2451
1910
1278
921
565
-404
-404
-997
-1551
-1813
-1911
-1971
-1985
-2109
-2155
-2253
-2147
-2030
-1724
-1485
-1190
-1106
-960
-723
369
369
764
1012
1104
1301
1479
1706
1814
1859
1715
1529
1257
1073
912
821
708
452
-554
-554
-733
-901
-1149
-1460
-1771
-2016
-2217
-2284
-2316
-2166
-2055
-1866
-1725
-1496
-1199
-861
-584
-487
-467
-485
-383
331
331
646
967
1347
1726
2083
2349
2466
2540
2607
2764
2917
3010
2990
2763
2309
1707
1173
821
500
-611
-611
-1211
-1717
-1908
-2027
-2002
-2047
-2141
-2255
-2312
-2187
-2000
-1696
-1435
-1196
-1116
-942
-644
473
473
882
1097
1231
1410
1569
1794
1916
1945
1785
1551
1276
1085
922
849
708
469
-316
-316
-542
-721
-884
-1256
-1567
-1882
-2064
-2244
-2383
-2342
-2309
-2053
-1938
-1714
-1550
-1228
-892
-660
-559
-582
-525
-443
587
587
952
1260
1636
1985
2237
2371
2414
2519
2651
2831
2946
3042
2888
2590
1958
1417
954
648
-379
-379
-975
-1595
-1826
-2011
-1953
-1980
-2016
-2155
-2234
-2219
-2094
-1869
-1588
-1285
-1164
-1001
-818
850
850
1165
1357
1467
1610
1775
1919
1982
1877
1680
1407
1184
954
895
798
680
343
-451
-451
-737
-926
-1158
-1407
-1717
-2011
-2251
-2400
-2407
-2300
-2117
-1900
-1782
-1616
-1451
-1128
-814
-558
-472
-466
-444
-364
314
314
572
799
1108
1400
1790
2090
2279
2336
2330
2418
2589
2861
3063
3186
3000
2565
1832
1264
857
586
-518
-518
-1158
-1755
-1953
-2048
-1894
-1888
-1959
-2165
-2317
-2353
-2278
-2038
-1720
-1397
-1269
-1116
-898
362
362
976
1319
1486
1524
1555
1676
1814
1893
1821
1672
1425
1207
969
920
901
851
500
-483
-483
-848
-1084
-1289
-1467
-1729
-1981
-2223
-2339
-2375
-2217
-2038
-1808
-1741
-1696
-1636
-1422
-1084
-772
-571
-516
-472
-420
539
539
694
883
1103
1422
1777
2057
2234
2286
2374
2504
2800
3079
3335
3351
3041
2379
1566
990
637
401
-670
-670
-1316
-1707
-1902
-1868
-1756
-1787
-1942
-2231
-2447
-2606
-2542
-2270
-1766
-1375
-1124
-967
-618
609
609
1165
1448
1535
1416
1360
1412
1571
1709
1806
1784
1687
1427
1204
1087
1045
932
553
-524
-524
-972
-1330
-1484
-1594
-1682
-1837
-2060
-2240
-2357
-2295
-2124
-1890
-1798
-1770
-1759
-1589
-1305
-950
-649
-448
-361
-345
-315
530
530
763
950
1145
1400
1727
2058
2305
2445
2524
2607
2769
2967
3228
3293
3070
2400
1570
896
459
-505
-505
-1020
-1430
-1757
-1872
-1892
-1937
-2051
-2227
-2407
-2635
-2722
-2589
-2068
-1538
-1050
-766
-472
653
653
1021
1300
1352
1396
1447
1541
1635
1836
2042
2178
2018
1706
1319
987
722
456
-520
-520
-966
-1304
-1577
-1719
-1836
-1907
-2126
-2417
-2704
-2783
-2607
-2309
-1966
-1739
-1528
-1399
-1219
-1011
-736
-528
-361
490
490
1001
1498
1799
1973
2014
2112
2217
2399
2582
2749
2905
3072
3301
3436
3280
2706
1868
1092
492
-363
-363
-752
-1126
-1426
-1596
-1696
-1757
-1919
-2104
-2302
-2480
-2721
-2865
-2752
-2305
-1729
-1168
-732
-398
580
580
833
1000
1073
1181
1369
1560
1746
1955
2182
2329
2254
1942
1512
1048
689
399
-514
-514
-757
-1044
-1408
-1739
-2027
-2251
-2533
-2779
-2947
-2873
-2598
-2188
-1780
-1498
-1325
-1238
-1150
-1069
-974
-872
-678
-431
550
550
978
1411
1790
1988
2023
1948
1905
1974
2173
2444
2736
3033
3336
3607
3666
3282
2419
1352
460
-417
-417
-503
-670
-863
-1065
-1281
-1540
-1909
-2270
-2571
-2776
-2957
-2968
-2712
-2080
-1330
-672
-326
-326
587
587
1008
1472
1847
2053
2138
2168
2140
1963
1621
1173
737
493
470
633
722
617
-679
-679
-1258
-1774
-2192
-2434
-2577
-2584
-2517
-2360
-2161
-1907
-1687
-1601
-1681
-1859
-1944
-1852
-1544
-1118
-633
546
546
766
895
1018
1153
1344
1560
1737
1897
2095
2337
2643
2876
3028
3064
3039
2984
2779
2278
1499
727
361
361
-752
-752
-1324
-1792
-2169
-2425
-2465
-2300
-2025
-1842
-1754
-1660
-1473
-1253
-1022
-925
-919
-943
-835
-477
544
544
952
1302
1513
1530
1352
1093
925
918
1105
1380
1579
1573
1407
1167
945
638
-659
-659
-937
-1111
-1187
-1296
-1436
-1626
-1764
-1894
-2045
-2205
-2306
-2243
-2061
-1795
-1528
-1270
-1036
-804
-608
-426
505
505
887
1186
1385
1484
1508
1479
1415
1343
1327
1358
1516
1730
1967
2149
2252
2224
1980
1450
779
-412
-412
-791
-1106
-1314
-1375
-1248
-932
-600
-364
-403
-403
-615
-828
-939
-929
-820
-663
-389
397
397
607
739
684
480
-394
-394
-531
-546
-453
-336
-485
-485
-783
-1109
-1321
-1387
-1271
-1041
-743
-457
-376
-376
-489
-513
-452
337
337
420
426
384
320
334
334
418
570
744
912
1043
1116
1158
1159
1076
874
604
374
355
355
511
626
616
473
-339
-339
-469
-479
-376
-415
-415
-569
-572
-440
-446
-446
-601
-630
-534
-359
-466
-466
-603
-678
-671
-605
-481
-353
-388
-388
-517
-627
-664
-616
-494
-343
341
341
321
361
361
524
691
777
754
656
539
472
455
527
649
757
791
745
659
523
372
314
314
355
354
-332
-332
-419
-450
-413
-317
-350
-350
-436
-516
-557
-538
-483
-419
-380
-366
-404
-477
-534
-543
-491
-415
-337
-324
-324
-363
-393
-394
-360
320
320
382
401
429
457
493
518
547
572
607
630
669
695
712
679
636
633
614
584
522
482
460
425
379
335
-342
-342
-395
-438
-447
-428
-403
-414
-457
-493
-520
-540
-543
-510
-480
-451
-428
-390
-359
-351
-343
-328
-334
-334
-347
-359
-345
-334
-326
-329
-323
366
366
454
531
569
584
611
667
724
797
860
887
871
806
767
745
721
667
603
556
501
443
395
340
-327
-327
-388
-443
-499
-511
-482
-465
-460
-452
-439
-419
-400
-363
-330
-326
-314
-339
-339
-357
-372
-386
-394
-402
-413
-418
-410
-382
-357
-332
354
354
437
523
578
605
626
658
703
748
808
836
825
765
699
674
650
618
547
482
430
361
320
-336
-336
-343
-337
-348
-380
-424
-421
-414
-401
-389
-373
-357
-339
-317
-323
-323
-329
-331
-346
-365
-395
-423
-431
-419
-414
-421
-441
-456
-450
-415
-375
-347
-323
-313
386
386
461
535
588
610
625
648
669
674
701
738
750
717
651
612
581
543
473
398
344
-322
-322
-387
-416
-399
-366
-335
-322
-320
-330
-332
-320
-320
-316
-316
-337
-338
-338
-339
-371
-412
-444
-450
-429
-421
-465
-517
-507
-442
-389
-415
-467
-488
-467
-400
-326
-326
-328
495
495
793
977
1056
950
696
488
490
807
1097
1186
1096
826
596
415
520
795
759
377
452
452
553
333
-314
-314
-522
-579
-578
-578
-1055
-988
-702
-583
-675
-782
-863
-1061
-1094
-739
-423
-523
-900
-989
-616
-324
-386
-386
512
512
769
554
-445
-445
-667
-530
-471
-560
-908
-1155
-1279
-1301
-1175
-1193
-1289
-1534
-1634
-1445
-1165
-901
-856
-892
-843
-624
458
458
637
771
933
1292
1710
2077
2269
2452
2767
3163
3134
2195
1397
1587
2968
3761
2934
1568
505
505
1745
1300
-479
-2726
-3057
-1671
-939
-706
-1280
-1989
-3058
-3919
-2771
-1180
-750
-1752
-2535
-1971
-1497
-1335
-757
-475
-475
-432
841
1560
1134
699
1189
1979
1834
1780
2193
2186
1437
758
1580
2457
2018
878
-948
-948
-2219
-2474
-1856
-1660
-2024
-2512
-2619
-2806
-3123
-2783
-2116
-1845
-2276
-2528
-2014
-1492
-1236
-1003
-558
539
539
1009
1127
1163
1503
1831
2042
2116
2263
2468
2560
2689
2971
3261
3443
2994
1608
943
1381
3013
3527
1991
-1235
-1235
-927
-339
483
1268
-2058
-2058
-4068
-3472
-1259
-489
-833
-2170
-3072
-3761
-3785
-1813
-1931
-1931
-2953
-1998
-916
462
462
947
705
-446
-450
1173
2180
2010
1419
1778
2126
1386
1139
1808
2477
1910
959
1132
1257
470
-400
439
439
-1057
-1057
-1606
-1779
-1938
-2270
-1846
-1385
-1974
-3038
-3319
-2482
-1811
-1940
-1958
-1862
-1971
-2253
-1736
-555
-604
-604
338
338
718
1175
1692
1877
1556
1492
2045
2662
2902
2801
3024
3238
3318
3064
1962
1701
1836
3178
3415
2125
432
-820
397
397
881
787
-2072
-2072
-3260
-2821
-942
-542
-1283
-2550
-3320
-3396
-3291
-1803
-683
-844
-2245
-3064
-2201
-1088
-503
415
415
-766
-766
-737
757
1833
1898
1171
1301
1368
977
1065
1850
2596
1914
824
555
634
576
341
474
555
-422
-1480
-1832
-1277
-1060
-1443
-1658
-1925
-2483
-2893
-2497
-1521
-1439
-2021
-2355
-2172
-1726
-1502
-845
-362
-347
-690
-645
857
857
1168
1255
1415
1538
1554
1866
2611
2999
3094
2886
3136
2516
1805
2026
3034
3983
2620
1216
646
646
1144
1151
1083
568
-849
-2024
-2081
-818
-1293
-1293
-2022
-2651
-2590
-2964
-2439
-1348
-1249
-2100
-3035
-2645
-1669
-1350
-927
-462
-392
-991
-1436
823
823
1207
792
723
1018
756
804
1483
2248
2073
1069
775
967
1002
886
832
1033
-715
-715
-1119
-728
-318
-750
-1192
-1552
-2007
-2302
-2143
-1396
-1176
-1828
-2273
-2255
-1635
-1294
-900
-588
-650
-813
-750
666
666
983
1098
1155
1358
1589
1974
2539
2892
2703
1928
1949
2402
3231
2947
2219
1563
1348
1583
1504
1405
1068
502
-621
-621
-545
-806
-806
-1250
-1596
-1696
-1969
-2337
-2018
-1730
-1826
-2310
-2471
-2137
-1917
-1823
-1402
-1057
-1053
-1476
-1295
-480
429
429
389
685
1174
1498
1158
816
858
994
951
879
954
790
-597
-597
-925
-1167
-1399
-1465
-1271
-1049
-1338
-1724
-1777
-1434
-1079
-970
-779
-657
-628
-531
415
415
777
954
1026
1284
1604
1848
1562
1634
2061
2659
2788
1911
1561
1409
2054
2218
1940
1537
980
514
315
485
854
327
-549
-943
-1034
-858
-1289
-1266
-1186
-1475
-2058
-2386
-1937
-1550
-1656
-1685
-1617
-1594
-1851
-1739
-812
-386
-511
-913
-684
582
582
892
570
561
561
1063
1167
872
759
799
524
359
359
568
444
-549
-549
-587
-642
-766
-839
-783
-1194
-1640
-1632
-1211
-947
-1144
-1350
-1201
-1071
-855
-587
571
571
1044
1302
1426
1817
1450
1187
1575
2466
3203
2129
1420
1101
1793
2219
1944
1809
1351
642
927
927
779
-669
-669
-966
-821
-1377
-1343
-897
-1068
-1701
-2440
-2139
-1651
-1702
-1594
-1452
-1450
-1888
-2161
-1181
-428
-365
-823
-836
-334
527
527
993
793
421
421
968
1164
1073
956
954
719
416
416
648
722
-397
-397
-366
-592
-640
-762
-641
-839
-1488
-1582
-1319
-1058
-1098
-1341
-1249
-1220
-1052
-774
-448
624
624
1013
1229
1498
1740
1284
1240
1692
2578
2958
2087
1537
1211
1806
2143
2020
1854
1282
685
861
861
666
-588
-588
-917
-877
-1298
-1177
-898
-1040
-1661
-2370
-2131
-1670
-1610
-1492
-1533
-1537
-1944
-2071
-1219
-509
-371
-886
-910
-516
475
475
863
689
362
362
903
1223
1112
907
898
709
383
372
660
691
-342
-342
-503
-578
-679
-612
-773
-1351
-1556
-1364
-988
-1018
-1224
-1295
-1220
-1067
-856
-530
510
510
876
1134
1347
1689
1495
997
1347
2175
3152
2414
1448
969
1522
2223
2068
1825
1408
768
777
777
1070
-598
-598
-940
-750
-1079
-1325
-877
-816
-1419
-2398
-2343
-1518
-1368
-1551
-1544
-1500
-1757
-2214
-1474
-454
-322
-901
-1185
-542
740
740
851
787
787
1276
1103
854
911
807
427
703
703
877
426
-478
-478
-363
-548
-570
-531
-585
-1258
-1746
-1468
-910
-876
-1169
-1353
-1290
-1188
-1021
-561
-367
-367
374
374
812
1092
1289
1597
1685
1072
1248
1776
2832
2729
1819
1279
1128
1874
1979
1934
1626
996
370
366
366
939
410
-759
-759
-915
-965
-1388
-1044
-868
-1125
-1894
-2409
-1936
-1562
-1534
-1417
-1470
-1554
-2062
-1877
-902
-330
-419
-949
-776
-355
608
608
961
564
439
439
967
1182
955
943
821
558
346
346
708
647
-501
-501
-490
-636
-633
-687
-584
-991
-1590
-1718
-1295
-955
-1072
-1314
-1352
-1250
-1132
-812
-402
619
619
934
1210
1458
1797
1643
1033
1369
2032
3107
2577
1653
1070
1245
1991
1961
1873
1446
772
461
461
877
-534
-534
-1021
-1049
-1274
-1572
-1075
-957
-1379
-2312
-2535
-1873
-1601
-1545
-1431
-1407
-1634
-2170
-1630
-523
-445
-445
-892
-495
386
386
950
1186
532
667
667
1227
1318
1036
1016
894
417
440
440
835
540
-565
-565
-626
-747
-816
-733
-638
-1248
-1846
-1824
-1269
-919
-1169
-1325
-1352
-1260
-1129
-750
768
768
1128
1349
1619
1838
1961
1478
1484
1940
2800
3171
2210
1374
962
1686
2171
2008
1523
835
561
561
385
-535
-1224
-1514
-1294
-1644
-1556
-1213
-1297
-2001
-2766
-2334
-1639
-1479
-1471
-1438
-1392
-1777
-1870
-813
-570
-570
-604
480
480
877
1381
1140
423
517
1155
1429
1214
928
948
585
474
474
643
-870
-870
-959
-1008
-1016
-1087
-889
-1135
-1901
-2117
-1658
-1058
-1078
-1379
-1361
-1260
-1063
-834
321
321
851
1299
1483
1761
2140
2323
1955
1520
1925
2701
3451
2766
1657
991
1354
2049
2041
1632
918
-394
-394
-441
330
330
-553
-1359
-1758
-1609
-1773
-1917
-1484
-1337
-1856
-2736
-2639
-1829
-1426
-1376
-1292
-1207
-1463
-1765
-963
519
519
-360
-360
516
516
740
1107
1626
1615
831
569
1155
1645
1476
1020
794
666
-982
-982
-1125
-1232
-1331
-1475
-1296
-1224
-1777
-2251
-2042
-1484
-1149
-1294
-1342
-1264
-1129
-829
-361
368
368
404
404
915
1453
1781
2051
2399
2628
2614
2001
1902
2428
3368
3663
2421
1281
816
1548
2089
1813
1166
-541
-541
-992
-743
-314
-314
-1419
-2155
-2324
-2070
-2313
-2129
-1672
-1790
-2543
-3120
-2478
-1640
-1382
-1262
-1100
-1074
-1465
-1357
905
905
884
759
759
1037
1328
1793
2177
1620
810
908
1600
1763
1337
796
556
-347
-347
-1073
-1073
-1655
-1655
-1752
-1831
-1847
-1587
-1756
-2406
-2525
-1993
-1391
-1163
-1335
-1254
-1106
-822
-366
792
792
692
658
994
1584
2104
2343
2608
2885
3056
3065
2385
2130
2562
3564
3934
2429
1057
449
1251
1901
1488
781
-1193
-1193
-1699
-1342
-423
-768
-2039
-2823
-2902
-2507
-2731
-2460
-1835
-1944
-2647
-3148
-2345
-1398
-1102
-822
-534
-442
-889
-768
612
1704
1694
1030
926
1396
1550
1790
2332
2596
1920
932
937
1547
1552
965
410
-1037
-1037
-1054
-892
-907
-1625
-2267
-2252
-2462
-2392
-2260
-1853
-1922
-2521
-2627
-2061
-1300
-925
-1024
-860
-640
-378
744
744
1371
1332
1319
1589
2103
2571
2776
3095
3411
3610
3494
2529
1938
2355
3562
4186
2507
627
-348
410
1366
1090
426
-819
-2041
-2734
-2331
-1081
-1146
-2433
-3328
-3428
-2959
-3070
-2653
-1706
-1564
-2203
-2850
-2115
-1000
-500
505
505
611
1158
1158
2473
2700
1961
1671
1887
1732
1820
2425
2909
2202
805
418
809
892
324
-317
-338
-1019
-1830
-2268
-1899
-1648
-2210
-2572
-2757
-2803
-2961
-2657
-1912
-1589
-1999
-2314
-1948
-1025
-485
368
368
503
1213
1895
2141
2021
2060
2402
2702
2910
3195
3556
3774
3718
3105
1800
1343
2166
3644
3576
1200
-896
-1476
485
485
-628
-628
-2035
-3361
-3819
-2709
-1316
-1674
-2922
-3490
-3298
-2904
-2881
-1870
-772
-711
-1464
-1801
-860
658
658
1450
2090
1776
756
735
2232
3341
3124
2444
2144
2009
1406
1297
1949
2235
1384
-536
-536
-530
-723
-1041
-1301
-1381
-2226
-3108
-3114
-2649
-2281
-2599
-2709
-2611
-2720
-2648
-2184
-1264
-915
-1191
-1232
-864
537
537
982
1180
1164
1156
1578
2188
2363
2363
2304
2428
2518
2580
2980
3292
3555
3249
2125
558
577
1850
3349
2400
-2035
-2035
-2201
-741
-1142
-1142
-2638
-3919
-3922
-2314
-1125
-1632
-2442
-2686
-2488
-2411
-2172
-636
387
362
-441
-574
645
645
1405
2456
3037
2239
906
1005
2249
2980
2765
2303
1767
894
373
373
1292
1063
-1258
-1258
-1514
-1570
-2044
-2051
-1705
-1841
-2694
-3517
-3079
-2389
-2248
-2065
-1929
-1634
-2092
-2002
-1175
-383
-383
375
375
563
938
1471
1604
1223
1129
1452
1852
1995
2028
2222
2153
2041
2081
2490
3158
3145
2375
570
881
881
2454
2737
552
-1399
-2386
-1515
-585
-324
-508
-1738
-3139
-3691
-2720
-1256
-1048
-1715
-1846
-1865
-1762
-1865
-879
417
734
462
542
542
741
913
1767
2708
2708
1686
954
1394
1775
1784
1793
1821
1348
-938
-938
-591
-533
-533
-1403
-1840
-2783
-2662
-1983
-1319
-1593
-2634
-2849
-2638
-2083
-1656
-1240
-927
-1001
-1328
-1173
-644
468
468
400
769
769
1252
1404
1179
950
969
1041
1344
1737
2116
2068
1849
1849
2371
2932
2834
1461
336
336
1704
2813
1470
-594
-1941
-1897
-946
-582
-323
-1054
-2537
-3576
-3133
-1624
-955
-1487
-1783
-1623
-1460
-1498
-1098
629
629
591
545
1018
1298
847
1036
2012
2797
2364
1474
1235
1282
1060
1123
1467
1546
454
-744
-965
-1054
-775
-1122
-893
-1187
-2132
-2878
-3037
-1824
-1450
-1641
-1848
-1910
-1886
-2017
-1359
-440
-378
-378
-611
-455
386
386
848
588
433
433
803
882
1147
1207
917
828
1010
1645
2113
2256
2291
2488
2874
2685
1505
519
519
1855
2855
1733
-321
-1858
-2097
-1357
-738
-783
-783
-2286
-3558
-3363
-1939
-1129
-1298
-1430
-1230
-1110
-1297
-967
690
690
928
1116
1630
1670
962
917
1693
2611
2459
1778
1380
983
450
647
647
840
-992
-992
-1336
-1312
-1533
-1976
-1819
-1519
-1715
-2196
-2298
-1888
-1703
-1746
-1414
-847
-626
-904
-978
-548
-370
-370
329
329
361
361
735
858
998
1205
1600
1873
2021
2322
3047
3546
3166
1553
661
661
2064
2957
1727
-1649
-1649
-2035
-1711
-1225
-689
-1094
-2282
-3234
-3068
-2161
-1803
-1783
-1243
-597
-384
-729
-548
797
797
1245
1802
2439
2245
1465
1314
1856
2291
1945
1558
1523
1182
333
-355
-376
-315
-671
-1438
-1492
-1614
-1985
-2365
-2337
-1784
-1888
-1762
-1586
-1210
-1063
-1212
-840
-396
325
325
-320
-320
-341
-324
-336
-387
577
577
845
1127
1591
2047
2530
2757
3295
3852
3591
2217
612
800
2088
3065
2092
-1614
-1614
-2301
-2233
-1793
-1318
-1316
-2351
-3348
-3305
-2665
-2173
-2071
-1292
506
506
1210
1658
2224
2750
2738
2064
1749
2033
2045
1447
912
1012
1039
-732
-732
-1332
-1508
-1701
-1683
-1406
-1981
-2624
-3068
-2250
-1270
-1197
-1371
-1507
-685
353
353
391
601
601
844
421
-345
-345
-608
-608
-959
-1079
-834
-843
-848
-579
-577
551
551
963
1111
1418
1948
2768
3331
3652
4150
4579
4120
2467
877
894
1943
2689
1643
-1937
-1937
-2930
-3297
-3020
-2252
-2032
-2660
-3345
-3260
-2723
-2375
-1917
-853
434
1083
1045
1214
1667
2000
2280
2776
3261
3144
2530
2216
2019
1370
373
-694
-694
-1522
-2292
-2887
-3100
-2745
-2093
-1745
-1881
-1976
-1636
-1033
-494
415
415
852
1162
1260
1221
1036
803
619
599
439
-496
-496
-999
-1251
-1525
-1813
-2061
-1984
-1654
-1370
-1174
-971
-737
924
924
1636
2193
2570
2976
3561
4085
4530
4899
5344
4875
3236
1061
758
758
1390
797
-944
-2533
-3801
-4399
-4517
-3981
-3286
-3031
-2861
-2539
-1963
-1573
-1200
1302
1302
2571
3045
3193
3386
3388
3259
3028
2938
2726
2326
1893
1298
351
-946
-2156
-2570
-2438
-2289
-2444
-2845
-3034
-3109
-2734
-2144
-1401
-1155
-847
861
861
1742
1692
1509
1319
1585
1736
1703
1543
958
328
-421
-926
-1492
-2061
-2358
-2354
-2118
-2226
-2593
-2711
-2290
-1584
-792
494
494
1046
1512
2061
2663
3198
3557
3951
4377
4858
4976
4982
4842
4001
2185
-1104
-1104
-815
-668
-668
-2162
-3486
-4627
-4998
-4932
-3951
-2740
-2063
-1598
-1138
359
359
757
1568
2721
3698
4028
3969
4067
3731
2910
1979
1221
913
325
-555
-555
-1338
-2476
-3717
-3933
-3630
-3019
-2712
-2424
-1898
-1524
-1054
-501
851
851
1309
1869
2551
2876
2687
2130
1639
1284
773
-648
-648
-1342
-2043
-2667
-3024
-3350
-3242
-2876
-2396
-2044
-1870
-1455
-968
396
396
1164
1884
2437
2863
3085
3258
3290
3373
3408
3645
3608
3621
3337
3294
2924
1849
-2065
-2065
-2632
-2452
-1486
-1515
-2182
-3048
-3921
-3894
-3486
-2111
-926
527
527
1068
1791
2202
2456
2642
2750
2843
2955
2979
2969
2143
1082
-314
-1326
-1674
-1811
-1491
-1825
-2208
-2793
-2941
-2669
-2217
-1655
-1161
-502
1067
1067
1608
1839
1595
1581
1556
1859
1999
1904
1575
711
-875
-875
-1340
-1815
-2161
-2409
-2463
-2421
-2440
-2421
-2479
-2253
-1951
-1234
-505
588
588
809
981
1232
1629
2041
2389
2470
2470
2389
2258
2173
2013
1956
1972
2030
2213
2553
2543
1934
458
-1290
-2114
-2154
-1159
-666
-650
-1242
-2108
-2370
-2413
-1543
-792
459
459
818
1526
1950
2127
1855
1296
1047
1155
1586
2011
1639
858
-361
-1238
-1672
-1713
-1377
-1429
-1345
-1494
-1297
-1021
-884
-785
-744
-471
848
848
1465
1719
1433
1045
499
439
443
533
356
-415
-415
-924
-1161
-1622
-1920
-2167
-2200
-1827
-1535
-1151
-1081
-1124
-1086
-958
-456
507
507
783
894
1100
1210
1475
1576
1626
1585
1576
1699
1806
1955
2058
2107
2279
2378
2744
2828
1951
386
-1044
-1491
-973
-581
-505
-1006
-1695
-2226
-2601
-1951
-1332
-662
-504
-338
485
1197
1951
1971
1705
1240
899
1227
1646
1915
1525
545
-1070
-1070
-1299
-1268
-1323
-1352
-1633
-1472
-1259
-813
-488
-492
-482
-494
751
751
1372
1647
1414
1074
629
464
398
-403
-403
-723
-971
-1138
-1325
-1748
-1955
-2164
-1997
-1584
-1146
-791
-821
-836
-788
-475
682
682
804
918
1165
1426
1637
1651
1513
1412
1452
1616
1814
2123
2215
2437
2182
2287
2184
1518
643
-868
-1126
-1309
-889
-864
-1087
-1105
-1816
-1776
-1736
-1006
727
727
1456
1882
1797
1950
1383
1011
738
754
1121
655
-550
-550
-1015
-1391
-1653
-1450
-1418
-1255
-1251
-924
-377
503
503
568
896
1088
1097
876
461
-355
-355
-742
-970
-1070
-1273
-1259
-1323
-1301
-1390
-1603
-1554
-1368
-953
-574
-396
494
494
661
725
866
1063
1206
1317
1376
1343
1342
1307
1553
1842
2294
2777
3123
3611
3337
2607
876
-765
-1880
-2331
-1846
-1522
-1129
-1479
-1925
-2182
-2131
-1494
-937
-316
340
1041
1945
2592
3004
2819
2124
1412
727
661
623
656
-449
-449
-1174
-1939
-2193
-2336
-2212
-1973
-1665
-1159
-495
683
683
886
884
684
679
849
1114
1359
1189
844
-324
-324
-845
-1165
-1349
-1571
-1651
-1567
-1422
-1205
-1138
-1178
-1253
-1177
-918
-474
336
336
429
429
600
730
856
1087
1223
1373
1364
1298
1335
1555
1937
2508
3129
3733
3855
3205
1817
-1449
-1449
-2368
-2375
-2072
-1774
-1613
-1875
-1904
-1967
-1544
-1066
-644
612
612
1570
2459
3054
3251
2779
2133
1177
640
316
-564
-564
-984
-1554
-1922
-2200
-2257
-2187
-2007
-1597
-930
695
695
1131
1241
1142
933
878
898
1020
949
682
-657
-657
-1143
-1514
-1872
-2032
-1988
-1762
-1399
-1083
-893
-826
-806
-689
-397
318
318
462
516
534
623
820
1089
1345
1525
1638
1694
1835
2149
2667
3357
4000
4082
3282
1683
-338
-1761
-2652
-2590
-2362
-2059
-1964
-2035
-1855
-1660
-997
-638
638
638
1603
2544
3293
3490
3035
2154
1171
469
-328
-328
-679
-1099
-1460
-1747
-1849
-1849
-1856
-1798
-1749
-1450
-757
1038
1038
1450
1677
1410
1193
983
858
884
560
327
-515
-515
-780
-994
-1244
-1613
-1913
-1990
-1882
-1457
-1005
-651
-492
-482
-470
-332
412
412
639
610
636
650
847
1118
1446
1664
1834
1943
2201
2653
3257
4022
4117
3328
1634
-572
-2040
-2898
-2827
-2528
-2287
-2093
-2306
-2011
-1648
-835
631
631
1543
2477
3294
3597
3132
2203
1118
319
-557
-557
-1009
-1526
-1889
-2083
-2026
-1802
-1658
-1661
-1648
-1492
-742
1161
1161
1677
1736
1552
1129
949
837
740
405
-533
-533
-790
-848
-892
-1053
-1324
-1664
-1808
-1671
-1238
-801
-459
-416
-431
-451
-313
431
431
652
653
613
650
788
1065
1393
1627
1713
1873
2103
2675
3374
4081
4112
3043
1109
-1178
-2544
-3218
-2954
-2631
-2315
-2215
-2252
-1872
-1360
-424
716
716
1602
2580
3421
3567
3040
1926
796
-442
-442
-871
-1336
-1897
-2259
-2294
-2167
-1778
-1594
-1431
-1433
-1172
-499
347
1251
1640
1767
1538
1264
985
772
486
-563
-563
-1058
-1317
-1343
-1309
-1401
-1546
-1721
-1786
-1633
-1269
-851
-542
-375
434
434
641
712
771
874
1040
1224
1433
1629
1869
2212
2756
3416
4053
3837
2588
443
-1779
-3118
-3645
-3277
-2832
-2325
-2189
-2080
-1697
-1017
406
406
395
856
1587
2534
3261
3389
2769
1594
428
-444
-940
-1445
-1834
-2301
-2454
-2517
-2246
-1767
-1436
-1096
-1119
-753
522
522
1193
1618
1788
1473
1126
646
371
-442
-442
-982
-1387
-1554
-1538
-1410
-1273
-1246
-1352
-1426
-1413
-1102
-836
-486
-348
-470
-470
-440
-314
419
419
684
880
958
1034
1073
1268
1430
1750
1968
2390
2909
3643
3984
3189
1600
-900
-2572
-3766
-3739
-3335
-2723
-2185
-2106
-1594
-1179
325
325
620
476
597
1057
1820
2702
3160
3013
2060
938
-803
-803
-1471
-1843
-2366
-2589
-2771
-2528
-1969
-1437
-842
-881
-615
-551
679
679
1372
1675
1612
1275
734
391
-857
-857
-1280
-1695
-1716
-1642
-1280
-1102
-1046
-1115
-1202
-1108
-946
-611
-432
571
571
889
1156
1238
1304
1286
1452
1682
2025
2440
2985
3708
3458
2625
569
-1347
-2807
-3637
-3525
-3365
-2561
-2440
-1836
-1438
-516
632
632
744
565
860
1150
1947
2523
2886
2390
1640
486
-979
-979
-1586
-2126
-2686
-2876
-2978
-2345
-1737
-906
-687
-540
-536
878
878
1351
1480
1309
866
527
-526
-526
-974
-1536
-1694
-1735
-1392
-1078
-862
-824
-1017
-969
-873
-610
-385
416
416
734
1088
1255
1369
1417
1597
1898
2236
2556
3180
3435
3017
1940
-1406
-1406
-2763
-3107
-3302
-2922
-2486
-2254
-1546
-1165
357
357
839
678
896
1117
1525
2101
2415
2473
1866
1177
-1032
-1032
-1514
-2349
-2633
-2918
-2622
-2036
-1427
-766
-744
-461
-425
508
508
978
1132
1132
866
635
416
-671
-671
-1190
-1564
-1559
-1447
-1055
-903
-680
-804
-777
-705
-567
-324
-323
442
442
786
1083
1345
1476
1564
1711
1963
2245
2705
3215
3117
2561
1150
-510
-1723
-2709
-2863
-3044
-2604
-2547
-2077
-1526
-846
544
544
882
760
1021
1140
1659
2027
2233
2007
1485
808
-1017
-1017
-1619
-2327
-2548
-2647
-2161
-1735
-1171
-928
-761
-525
351
351
692
990
955
867
698
570
422
-721
-721
-1155
-1236
-1182
-945
-788
-661
-629
-674
-496
-438
428
428
704
992
1227
1483
1706
1905
2170
2436
2807
3245
3031
2436
1131
-348
-1488
-2418
-2629
-2857
-2536
-2531
-2064
-1543
-792
514
514
885
900
1181
1352
1831
2115
2260
1915
1415
666
-499
-499
-1089
-1518
-2037
-2221
-2404
-2041
-1707
-1172
-775
-518
366
366
594
812
841
694
504
319
-356
-356
-662
-955
-1052
-1056
-844
-712
-576
-543
-548
-425
-327
326
326
442
659
978
1292
1628
1922
2154
2368
2674
3135
3224
2876
1862
464
-764
-1854
-2371
-2699
-2582
-2555
-2325
-1885
-1265
-420
542
542
678
950
1213
1649
2081
2319
2205
1773
1084
512
-706
-706
-1229
-1767
-2082
-2309
-2040
-1714
-1017
-700
-364
441
441
691
695
699
488
396
-505
-505
-876
-1044
-1081
-891
-647
-428
-409
-408
-414
-335
383
383
367
325
345
518
811
1119
1431
1672
1908
2207
2582
3018
3206
2829
1992
725
-329
-1279
-1809
-2255
-2399
-2522
-2403
-1952
-1383
-567
605
605
906
1399
1781
1940
1738
1261
753
-672
-672
-1156
-1721
-1901
-1976
-1600
-1223
-789
-569
-497
-344
434
434
386
360
-538
-538
-760
-815
-734
-602
-604
-609
-686
-712
-529
-460
-381
-381
-415
-446
480
480
522
548
604
774
982
1237
1406
1542
1775
2073
2440
2846
2814
2415
1480
426
-502
-1162
-1638
-2031
-2254
-2433
-2226
-1833
-1141
-576
523
523
960
1405
1600
1582
1187
782
-491
-491
-962
-1428
-1752
-1791
-1612
-1279
-956
-757
-650
-556
-407
-489
-489
-617
-660
-675
-732
-802
-806
-762
-684
-541
-483
-492
-460
-414
479
479
670
799
902
1077
1262
1417
1565
1750
1945
2327
2526
2418
1936
1047
-675
-675
-1214
-1610
-1866
-2107
-2235
-2078
-1673
-1098
-579
328
328
672
1060
1282
1176
861
473
-371
-371
-753
-1162
-1505
-1685
-1577
-1339
-1108
-948
-875
-791
-601
-373
-437
-437
-602
-759
-799
-708
-760
-747
-743
-652
-588
-380
544
544
792
992
1171
1299
1445
1633
1830
1984
2158
2000
1601
995
-420
-420
-929
-1399
-1753
-1938
-2158
-2057
-1805
-1383
-969
-610
-364
403
403
624
796
780
669
486
-563
-563
-887
-1300
-1315
-1549
-1175
-1359
-617
-1028
-926
-511
-511
-495
-495
-511
-511
-449
-449
-376
-376
-412
-512
-678
-741
-726
-714
-733
-661
-665
-551
-445
-342
463
463
670
837
1029
1205
1384
1558
1716
1865
1765
1501
1015
404
-700
-700
-1160
-1509
-1755
-1954
-1978
-1874
-1619
-1319
-1011
-756
-521
354
354
412
371
-459
-459
-717
-935
-1136
-1193
-1188
-1087
-958
-852
-720
-562
-411
-374
-374
-468
-625
-696
-769
-665
-617
-526
-436
469
469
616
596
632
683
797
973
640
471
-440
-440
-804
-1194
-1401
-1564
-1691
-1831
-1584
-1433
-1269
-1030
-853
-761
-559
-470
-317
-350
-350
-507
-507
-619
-604
-924
-958
-1144
-1155
-1059
-1189
-872
-834
-657
-670
-519
-329
-318
-344
-344
-440
-440
-450
-450
-391
-442
-474
-392
-335
-546
-443
-414
-414
434
434
593
732
950
1155
1243
1304
1471
1698
1792
1755
1580
936
641
-409
-409
-960
-1067
-1226
-1138
-1156
-882
-481
-404
492
492
694
732
522
641
582
-473
-473
-507
-602
-781
-572
-510
-519
-343
542
542
721
649
873
1030
942
1266
1276
1341
1250
1290
1523
1316
1360
1182
848
602
-391
-391
-337
-570
-497
-485
-374
-374
-348
-388
-517
-342
-351
-365
-365
-369
-369
443
443
574
574
786
679
893
1008
830
1012
1016
819
952
741
583
333
-378
-378
-517
-636
-817
-708
-681
-683
-394
-400
-415
-377
-377
-405
-468
-609
-588
-689
-693
-732
-680
-593
-559
-361
-350
-413
-418
-418
-367
-378
-476
-445
-469
-530
-520
-536
-551
-477
-485
-498
-406
-413
-455
-336
-325
316
316
329
329
-558
-558
-639
-558
-687
-750
-625
-568
-553
-542
-427
-440
-482
-431
-522
-529
-518
-658
-597
-639
-751
-811
-837
-813
-838
-800
-829
-776
-596
-623
-553
-418
-432
-346
-386
-386
-387
-438
-426
-503
-600
-570
-684
-682
-770
-762
-710
-619
-639
-578
-513
-433
-354
-354
-475
-511
-579
-626
-552
-602
-584
-469
-534
-548
-520
-651
-655
-681
-756
-671
-765
-760
-816
-837
-756
-812
-715
-690
-659
-595
-615
-552
-513
-483
-424
-342
-342
-324
-327
-327
-340
-340
-346
-506
-421
-427
-555
-422
-452
-525
-378
-330
-326
-326
-423
-423
-421
-363
-452
-359
-364
-388
-391
-463
-514
-559
-591
-580
-666
-668
-663
-731
-852
-920
-864
-840
-813
-837
-835
-738
-730
-615
-625
-585
-491
-563
-391
-345
-338
-341
-341
-348
-348
-333
-352
-346
-346
-459
-385
-374
-433
-430
-478
-488
-510
-528
-540
-595
-555
-600
-576
-565
-582
-546
-497
-520
-472
-435
-468
-415
-330
-345
-345
-341
-392
-401
-418
-450
-438
-433
-441
-411
-392
-376
-332
-316
316
316
313
313
335
335
316
334
323
317
326
338
350
317
-333
-333
-341
-341
-403
-348
-419
-420
-445
-442
-425
-402
-417
-446
-403
-439
-360
-402
-381
-336
-387
-325
-325
-319
-319
-314
-314
-315
-331
-331
-330
-330
-315
-344
-344
-327
-327
-313
-313
-313
-313
-317
-317
-313
-313
-319
-319
-324
-324
368
368
340
340
315
315
313
313
382
382
419
378
378
360
360
