-151
-151
-149
-147
-149
143
143
149
157
167
184
198
185
184
158
-142
-142
-171
-185
-210
-208
-221
-210
-211
-195
-192
-182
-181
-175
-163
-150
-146
-146
-161
-166
-178
-166
-166
-171
-161
-165
-158
-151
-188
-188
150
150
211
207
239
185
158
156
149
149
149
158
158
166
200
192
166
214
228
212
223
161
-169
-169
-146
-146
-145
-159
-185
-192
-197
-202
-181
-184
-160
158
158
191
251
246
142
190
226
254
325
319
349
352
433
485
489
398
338
318
223
218
-163
-163
-206
-234
-251
-265
-225
-233
-235
-258
-220
-216
-205
-170
-177
-175
-186
-157
-169
-169
-176
-268
-256
-279
-275
-234
-210
-201
-179
-167
-166
-166
-167
205
205
236
207
215
159
-173
-173
-154
-233
-220
-260
-255
-236
-201
-160
200
200
164
193
244
260
373
394
426
411
388
412
389
369
304
231
156
-163
-163
-226
-245
-297
-363
-401
-390
-456
-468
-476
-441
-404
-391
-315
-307
-290
-264
-264
-176
-159
-159
-222
-233
-222
-247
-221
-220
-231
-215
-202
193
193
246
307
357
447
495
622
653
729
702
672
574
494
517
385
310
-250
-250
-352
-393
-490
-475
-569
-558
-585
-583
-636
-720
-711
-720
-617
-541
-468
-457
-386
-293
-162
169
169
204
308
391
414
453
456
447
406
374
350
330
230
158
-178
-178
-177
-186
-232
-288
-370
-398
-403
-424
-448
-427
-440
-419
-419
-361
-321
-235
-213
147
147
192
211
264
326
408
386
384
384
413
468
415
442
394
427
349
336
261
228
160
-196
-196
-240
-292
-297
-366
-392
-441
-419
-460
-445
-402
-342
-323
-297
-264
-197
161
161
233
273
344
350
387
348
331
293
241
152
-157
-157
-210
-215
-224
-270
-275
-329
-340
-393
-421
-416
-431
-411
-426
-466
-422
-413
-395
-332
-291
-247
-199
211
211
227
267
318
306
403
415
476
493
544
634
677
716
757
736
708
654
465
458
259
-270
-270
-393
-465
-533
-613
-606
-654
-625
-667
-598
-561
-524
-600
-625
-580
-572
-475
-436
-362
-226
170
170
268
417
504
602
718
730
784
729
653
530
379
227
144
-239
-239
-262
-331
-368
-357
-433
-447
-508
-573
-581
-654
-653
-707
-726
-735
-658
-599
-505
-440
-346
-260
188
188
241
280
270
277
252
237
261
275
324
363
411
461
533
602
660
681
691
724
711
773
674
581
397
312
210
-159
-159
-360
-414
-521
-539
-632
-635
-669
-617
-668
-691
-665
-602
-603
-662
-649
-595
-521
-476
-389
-290
143
143
280
383
462
513
589
573
507
443
343
298
-253
-253
-362
-412
-396
-417
-518
-526
-613
-598
-626
-626
-673
-688
-713
-735
-684
-618
-548
-439
-362
-280
161
161
217
287
342
404
439
452
456
482
506
571
639
710
726
781
834
903
1012
1034
1057
968
813
611
466
290
-163
-163
-437
-568
-652
-703
-825
-843
-857
-809
-794
-730
-655
-595
-617
-668
-620
-555
-472
-447
-348
-230
272
272
484
645
774
851
946
936
912
800
714
548
337
181
-243
-243
-405
-526
-528
-560
-604
-645
-668
-723
-781
-841
-894
-928
-976
-988
-985
-905
-828
-655
-469
-328
-176
188
188
323
404
474
527
584
632
624
682
663
704
745
793
865
896
929
902
923
927
991
945
827
596
327
182
-248
-248
-561
-815
-932
-977
-990
-1027
-949
-884
-825
-784
-707
-641
-558
-596
-663
-629
-577
-497
-425
-325
-156
206
206
426
607
778
845
944
961
924
798
710
574
399
-241
-241
-401
-507
-650
-720
-762
-812
-840
-889
-907
-965
-1040
-1068
-1056
-1069
-1051
-1042
-933
-771
-564
-313
202
202
379
571
669
755
772
810
795
802
842
834
841
859
903
953
1008
1031
1020
1017
992
1018
969
852
555
291
-329
-329
-640
-831
-894
-915
-903
-888
-801
-696
-655
-612
-572
-505
-465
-466
-517
-505
-461
-372
-270
-153
339
339
570
758
916
997
1061
1079
980
836
670
498
336
-276
-276
-408
-507
-656
-695
-736
-758
-807
-862
-971
-1043
-1125
-1162
-1217
-1209
-1132
-1058
-908
-754
-499
-284
292
292
405
550
609
659
666
711
726
723
774
789
848
880
923
935
977
979
990
968
935
933
861
760
498
210
-150
-150
-317
-539
-795
-916
-912
-907
-905
-844
-762
-681
-663
-670
-630
-600
-593
-668
-671
-662
-542
-401
-230
322
322
534
752
895
967
999
1010
938
765
591
427
278
-146
-146
-288
-356
-440
-506
-588
-631
-695
-761
-854
-944
-1058
-1177
-1267
-1301
-1268
-1191
-1071
-917
-734
-531
-292
182
182
288
385
473
580
600
591
580
563
589
643
686
750
801
855
901
925
962
980
964
919
863
812
783
683
456
190
-239
-239
-389
-624
-734
-752
-729
-705
-731
-701
-680
-707
-731
-694
-654
-621
-644
-630
-633
-520
-361
-151
191
191
372
555
740
845
886
862
849
777
621
422
286
179
-267
-267
-343
-358
-401
-517
-620
-716
-837
-952
-1096
-1182
-1296
-1349
-1376
-1309
-1210
-1000
-815
-627
-440
-237
150
150
269
270
334
343
398
378
423
471
554
631
752
858
934
1044
1061
1053
988
970
942
892
816
741
737
705
604
407
213
-306
-306
-554
-642
-675
-694
-760
-797
-777
-780
-791
-797
-747
-694
-615
-622
-563
-529
-348
-174
254
254
403
560
723
800
797
788
780
707
572
441
361
290
-232
-232
-329
-402
-567
-753
-891
-1022
-1086
-1165
-1261
-1328
-1374
-1306
-1256
-1112
-999
-810
-633
-462
-301
161
161
223
250
344
417
532
604
680
780
865
936
986
1014
1042
1027
1026
955
892
841
803
773
755
745
730
636
452
262
-204
-204
-455
-704
-857
-895
-898
-919
-895
-890
-851
-808
-746
-665
-638
-580
-583
-554
-533
-434
-294
262
262
391
591
769
899
947
932
908
823
673
498
359
202
-163
-163
-345
-460
-587
-680
-820
-964
-1116
-1171
-1246
-1332
-1398
-1434
-1372
-1290
-1164
-1024
-815
-636
-441
-282
203
203
253
338
371
466
572
677
762
808
882
934
994
1034
1031
1001
974
899
855
762
726
713
745
771
777
717
503
296
-226
-226
-479
-750
-878
-963
-933
-932
-911
-876
-868
-813
-775
-679
-678
-625
-655
-618
-599
-478
-333
245
245
407
591
807
941
1015
1005
970
833
691
481
318
171
-187
-187
-387
-481
-581
-612
-773
-904
-1056
-1160
-1243
-1333
-1414
-1435
-1423
-1348
-1217
-1077
-829
-602
-349
-189
257
257
337
387
393
413
477
571
655
738
845
904
991
1000
994
966
933
861
782
679
613
619
621
717
742
795
692
491
244
-272
-272
-490
-816
-949
-1032
-958
-940
-835
-824
-774
-749
-693
-645
-621
-621
-616
-579
-601
-473
-356
180
180
423
551
736
894
1035
1064
996
929
764
594
353
203
-177
-177
-369
-509
-593
-645
-750
-933
-1152
-1327
-1447
-1485
-1548
-1527
-1464
-1315
-1127
-915
-677
-462
-220
206
206
281
291
323
403
551
730
875
977
1063
1088
1091
1071
1002
903
814
726
640
614
636
718
849
974
1018
904
655
372
157
-254
-254
-578
-866
-1027
-1063
-975
-908
-778
-722
-650
-655
-614
-606
-604
-655
-693
-761
-749
-640
-395
255
255
512
656
845
1009
1124
1090
998
839
620
351
-250
-250
-401
-513
-613
-673
-790
-992
-1238
-1467
-1601
-1664
-1643
-1550
-1411
-1210
-963
-712
-437
-216
144
144
215
317
395
539
703
915
1083
1204
1236
1209
1130
1010
876
736
620
523
498
487
555
667
888
1073
1092
837
436
-346
-346
-626
-974
-1224
-1276
-1186
-992
-805
-638
-565
-531
-557
-610
-691
-746
-764
-779
-809
-778
-596
-201
284
666
909
1039
1139
1202
1170
1059
862
619
334
-148
-148
-192
-148
-228
-228
-419
-579
-718
-898
-1185
-1542
-1854
-1979
-1922
-1768
-1493
-1207
-864
-581
-293
153
153
-162
-162
331
331
560
761
997
1213
1395
1452
1375
1191
965
748
560
412
377
421
548
718
913
1155
1339
1394
1113
625
-322
-322
-621
-874
-1147
-1317
-1300
-1126
-839
-560
-378
-293
-331
-470
-658
-900
-1111
-1192
-1130
-1031
-844
-585
-147
414
929
1246
1325
1265
1110
931
685
449
209
-173
-173
248
248
317
196
-496
-496
-926
-1299
-1615
-1883
-2118
-2176
-2076
-1756
-1329
-836
-443
-162
-197
-197
-313
-408
-475
-447
-276
450
450
871
1224
1418
1503
1446
1324
1090
831
549
351
226
230
368
593
890
1181
1411
1551
1625
1451
1045
403
-255
-713
-940
-1042
-1088
-1044
-856
-555
-233
-173
-173
-485
-808
-1118
-1389
-1562
-1555
-1299
-882
-416
476
476
932
1283
1414
1298
987
650
361
182
209
209
339
524
708
836
794
610
253
-229
-843
-1413
-1822
-2067
-2080
-1984
-1738
-1482
-1098
-720
-375
-177
-143
-297
-490
-686
-800
-805
-664
-404
306
306
682
1040
1300
1463
1448
1298
1019
763
516
404
377
443
604
786
1005
1188
1344
1391
1376
1272
1166
942
606
-378
-378
-636
-640
-466
-363
-320
-347
-336
-317
-323
-448
-719
-1068
-1350
-1468
-1448
-1325
-1142
-817
-411
210
210
375
467
560
624
595
469
298
203
273
487
715
863
868
793
672
531
328
-305
-305
-644
-996
-1284
-1505
-1587
-1560
-1436
-1276
-1180
-1157
-1166
-1085
-955
-828
-787
-777
-778
-706
-563
-316
166
166
355
525
636
724
803
876
965
981
950
870
811
790
830
907
952
944
911
901
936
997
1051
1122
1153
1070
777
253
-263
-570
-589
-462
-406
-475
-576
-618
-547
-439
-456
-665
-1018
-1303
-1419
-1381
-1305
-1149
-843
-422
227
227
340
376
428
525
613
556
380
200
237
495
832
1033
1011
862
654
482
282
-351
-351
-723
-1036
-1244
-1396
-1436
-1426
-1272
-1072
-964
-1003
-1138
-1213
-1191
-1042
-895
-796
-779
-697
-546
-252
282
282
446
551
607
640
661
718
811
936
1010
991
948
841
840
900
995
1016
956
882
871
916
1017
1135
1169
1055
680
150
-365
-651
-637
-459
-268
-212
-324
-454
-551
-570
-642
-848
-1131
-1378
-1461
-1388
-1224
-956
-586
-190
151
320
319
187
198
198
382
481
489
556
743
997
1168
1123
879
516
203
-236
-236
-420
-582
-718
-755
-805
-874
-1040
-1177
-1257
-1268
-1240
-1251
-1252
-1231
-1072
-837
-549
-408
-353
-412
-367
-302
243
243
423
609
780
928
997
992
967
916
889
796
730
709
792
928
1057
1152
1174
1144
1094
1074
1064
945
592
-310
-310
-513
-381
188
188
-167
-167
-434
-692
-924
-1175
-1314
-1325
-1129
-895
-701
-544
-437
-276
-148
-248
-248
-376
-301
396
396
727
878
907
869
832
748
584
383
191
150
150
242
284
-380
-380
-597
-804
-1025
-1233
-1351
-1325
-1144
-909
-706
-622
-692
-751
-793
-813
-845
-856
-750
-491
-143
241
511
675
686
660
650
641
638
598
633
741
893
1038
1120
1100
1025
892
778
685
612
578
616
753
923
982
818
403
-442
-442
-520
-365
154
154
-150
-150
-373
-642
-892
-1079
-1079
-895
-614
-409
-335
-398
-461
-476
-397
-307
-261
-273
-285
-195
234
234
395
478
506
512
454
369
218
279
279
450
459
200
-169
-563
-793
-886
-826
-675
-537
-405
-356
-368
-507
-736
-933
-959
-801
-525
-278
193
193
281
333
323
240
191
229
306
434
476
541
558
589
568
498
384
247
183
202
310
451
533
557
544
541
504
383
214
178
178
393
495
469
332
150
-238
-238
-272
-224
227
227
229
-219
-219
-471
-618
-595
-440
-235
187
187
-243
-243
-441
-501
-423
-230
167
167
183
-331
-331
-513
-584
-583
-438
-222
-265
-265
-462
-558
-517
-380
-179
150
150
189
145
-180
-180
-315
-316
-216
165
165
265
252
157
298
298
395
404
301
170
213
213
412
576
630
597
486
334
264
206
295
380
519
574
593
517
393
228
169
169
203
-195
-195
-298
-345
-331
-318
-250
-220
-180
-227
-294
-383
-468
-500
-483
-421
-351
-297
-300
-336
-393
-413
-421
-369
-324
-266
-244
-244
-267
-279
-330
-311
-305
-231
-154
-147
-147
-207
-208
-168
207
207
286
323
297
247
185
157
175
218
294
358
406
422
442
436
424
387
393
375
423
441
475
482
456
419
399
410
403
389
278
207
-191
-191
-226
-243
-289
-351
-380
-401
-361
-375
-348
-403
-430
-471
-445
-393
-317
-308
-295
-325
-315
-296
-293
-267
-270
-265
-263
-229
-192
-154
-147
-147
179
179
210
262
280
288
300
307
314
335
332
394
410
463
495
510
511
463
425
376
329
261
232
164
179
-182
-182
-240
-285
-321
-339
-325
-293
-311
-282
-307
-310
-334
-363
-342
-301
-283
-256
-259
-236
-220
-221
-210
-222
-221
-227
-227
-198
-167
-149
156
156
197
249
308
344
401
407
426
415
427
455
475
521
517
519
451
439
398
409
337
274
166
-199
-199
-244
-273
-276
-313
-324
-357
-336
-340
-317
-328
-321
-344
-365
-388
-378
-336
-307
-270
-249
-212
-206
-200
-218
-229
-250
-237
-238
-174
-146
187
187
232
294
329
352
373
381
416
420
437
438
455
487
500
546
534
530
451
412
343
316
253
176
-172
-172
-220
-254
-227
-261
-283
-319
-291
-267
-256
-259
-235
-227
-247
-266
-240
-194
-192
-200
-239
-205
-205
-199
-233
-272
-272
-234
-222
-182
-146
-146
-167
-169
-148
-174
-174
-167
-188
-206
-198
-199
-199
276
276
374
322
251
423
680
766
737
823
951
775
396
302
696
1073
929
722
622
530
-256
-256
446
446
282
-351
-555
-183
-562
-562
-878
-794
-698
-1089
-1104
-526
-627
-627
-1382
-1266
-639
-371
-466
-327
-158
-158
-611
-524
404
404
206
206
516
461
256
261
257
277
277
-250
-250
-500
-379
-251
-319
-477
-625
-614
-733
-766
-708
-617
-670
-906
-926
-691
-530
-526
-581
-416
-251
-160
191
191
388
367
363
499
724
826
829
908
1028
1136
1226
1284
1461
1540
1564
1546
1659
1540
809
1143
1143
1910
1336
252
-631
-741
-746
-435
445
702
-270
-1972
-2299
-1162
-469
-701
-1114
-918
-1004
-1621
-1605
-540
216
-362
-1073
-583
265
309
-180
713
713
758
224
341
1116
1334
647
259
610
1094
689
242
242
-489
-489
-317
-334
-334
-1127
-1385
-869
-498
-824
-1177
-1169
-1111
-1351
-1393
-867
-442
-652
-1027
-885
-286
-210
-210
253
253
403
262
352
700
978
828
790
1060
1371
1247
1061
1125
1381
1430
1326
1284
1469
1423
1334
957
430
194
337
1152
1336
582
-353
-749
-477
-265
-208
-307
-307
-962
-1643
-1396
-616
-548
-958
-1126
-969
-895
-1211
-1079
-442
-371
-371
-635
-243
422
422
895
743
233
234
621
763
622
553
667
337
-159
-159
154
306
-482
-482
-453
-488
-769
-979
-798
-613
-716
-1022
-1072
-951
-963
-1066
-832
-485
-464
-588
-640
-304
264
264
442
384
390
609
883
934
917
965
1176
1217
1103
1153
1331
1419
1363
1343
1405
1524
1113
454
297
745
1385
1244
424
-256
-372
-148
193
193
-413
-413
-1195
-1443
-893
-345
-546
-1124
-1247
-1128
-1094
-1181
-892
-466
-442
-728
-755
-340
-144
-246
-146
346
620
370
559
559
760
647
632
549
525
525
556
-531
-531
-582
-438
-451
-516
-447
-602
-867
-1138
-989
-733
-752
-947
-858
-655
-566
-666
-631
-362
161
161
257
250
334
648
936
969
838
902
1133
1308
1286
1325
1427
1451
1442
1542
1582
1058
520
429
1197
1696
1066
-372
-372
264
264
250
-724
-724
-1300
-1134
-372
-326
-1083
-1647
-1397
-973
-942
-1188
-992
-771
-815
-972
-608
-262
-417
-656
-370
314
520
-217
-217
561
561
669
622
614
342
491
491
730
353
-298
-402
-148
-234
-234
-415
-516
-588
-757
-768
-596
-651
-908
-995
-742
-543
-556
-735
-641
-388
-192
-188
146
146
161
337
643
850
831
772
946
1164
1229
1263
1370
1490
1529
1602
1552
1089
734
694
1365
1736
1079
-158
-158
215
542
436
213
-606
-606
-1033
-835
-200
-288
-1079
-1558
-1316
-897
-929
-1186
-1011
-814
-895
-1074
-771
-448
-574
-710
-425
186
186
-215
-351
529
529
561
441
244
266
266
586
548
-388
-388
-274
-411
-411
-528
-569
-558
-514
-517
-664
-908
-867
-614
-475
-572
-690
-625
-391
-250
-164
365
365
559
680
691
732
927
1067
1120
1157
1278
1404
1480
1619
1279
815
628
984
1638
1455
615
548
548
591
369
-283
-283
-637
-783
-375
-655
-655
-1356
-1350
-910
-781
-1107
-1197
-943
-807
-962
-989
-656
-593
-751
-672
-210
-162
-162
-477
-240
308
475
332
179
249
357
357
581
435
-164
-366
203
203
-238
-238
-294
-381
-477
-507
-425
-368
-640
-889
-746
-486
-527
-621
-662
-424
-345
-288
-244
178
178
340
340
559
606
641
780
995
1036
1049
1158
1456
1435
1538
1373
961
786
899
1502
1555
859
603
603
765
419
-203
-203
-446
-706
-431
-150
-402
-1198
-1371
-1017
-695
-1020
-1258
-1059
-811
-855
-1091
-855
-645
-677
-739
-372
-197
-197
-574
-414
483
483
269
159
159
276
499
398
-316
-316
264
264
-240
-240
-336
-317
-272
-410
-410
-404
-504
-785
-742
-553
-475
-645
-717
-524
-353
-341
-415
-209
327
327
435
478
583
801
935
896
984
1154
1382
1375
1518
1212
825
698
994
1668
1451
586
268
268
746
743
354
-192
-192
-476
-686
-319
-563
-563
-1243
-1219
-845
-684
-1118
-1187
-879
-683
-956
-1148
-803
-616
-672
-655
-306
-336
-336
-631
-266
325
475
177
183
183
299
299
581
500
-155
-371
307
307
204
-143
-202
-307
-395
-469
-304
-439
-439
-841
-792
-506
-398
-544
-626
-463
-390
-428
-419
148
148
399
399
498
497
612
821
927
846
1014
1242
1403
1317
1444
1299
913
699
885
1618
1583
688
176
176
686
761
361
-171
-171
-461
-743
-397
-444
-444
-1237
-1288
-910
-642
-1038
-1206
-902
-671
-904
-1166
-809
-573
-607
-673
-355
-234
-234
-598
-312
288
522
190
210
210
291
376
462
330
-232
-232
359
359
181
-208
-334
-260
-192
-327
-377
-356
-478
-703
-700
-549
-484
-621
-643
-495
-344
-398
-427
-230
289
289
424
509
643
848
924
852
922
1187
1371
1407
1387
1505
1077
723
673
1293
1814
1183
194
426
426
832
564
214
-331
-331
-690
-664
-851
-851
-1401
-1127
-716
-749
-1217
-1066
-743
-715
-1108
-1033
-592
-486
-627
-549
-178
-421
-421
-522
534
534
414
256
256
348
192
357
494
424
-267
-267
300
300
-211
-211
-278
-236
-439
-539
-418
-245
-507
-884
-870
-601
-513
-622
-643
-516
-426
-529
-400
363
363
495
489
615
818
871
864
969
1238
1315
1330
1321
1540
1114
678
580
1201
1776
1163
171
-159
353
778
549
176
-420
-420
-768
-738
-193
-149
-883
-1474
-1223
-790
-758
-1227
-1103
-795
-709
-1067
-1022
-598
-460
-554
-511
-150
-323
-323
-453
588
588
520
152
239
239
296
361
459
523
272
-211
-241
178
313
-327
-327
-402
-324
-383
-500
-478
-402
-628
-895
-826
-657
-591
-666
-675
-484
-412
-506
-490
-144
315
315
522
580
681
865
886
859
978
1263
1374
1379
1289
1402
1469
941
624
736
1472
1592
799
503
503
708
350
-285
-285
-629
-881
-588
-166
-381
-1169
-1493
-1105
-720
-894
-1156
-919
-699
-784
-1064
-814
-437
-358
-489
-328
-268
-268
-204
336
711
521
170
153
331
298
389
507
570
154
-297
-305
296
296
-358
-358
-521
-557
-577
-546
-431
-482
-807
-1055
-908
-631
-568
-650
-684
-553
-483
-433
-307
270
270
496
595
645
743
940
981
1005
1077
1297
1366
1387
1387
1501
1396
784
504
774
1533
1554
594
-274
-210
416
639
283
-155
-539
-858
-1011
-626
-228
-530
-1339
-1584
-1169
-757
-902
-1147
-936
-711
-777
-983
-695
-358
-285
-342
155
155
-157
-157
531
531
890
652
320
248
415
418
442
574
583
231
-274
-262
219
219
-381
-381
-529
-622
-720
-677
-543
-483
-835
-1091
-1076
-741
-618
-615
-629
-514
-482
-441
-287
239
239
158
285
285
547
650
714
864
1005
1073
1038
1143
1308
1381
1374
1367
1489
1552
1088
479
446
1005
1645
1175
-470
-470
430
430
461
-361
-361
-822
-1109
-1041
-455
-304
-914
-1576
-1471
-972
-747
-1010
-1024
-760
-633
-806
-821
-427
-227
-215
-147
158
305
236
236
815
968
631
300
309
319
451
512
539
395
-379
-379
-277
-363
-363
-547
-727
-793
-909
-875
-681
-720
-967
-1150
-1089
-869
-657
-569
-482
-452
-428
-421
224
224
343
331
270
401
610
783
890
1026
1127
1097
1102
1215
1343
1417
1370
1347
1417
1486
910
304
299
965
1611
1059
-711
-711
-298
306
336
-508
-508
-1047
-1331
-1144
-423
-243
-944
-1625
-1431
-861
-662
-887
-841
-591
-448
-648
-617
-237
476
476
564
253
411
411
1035
1170
761
367
252
285
423
625
586
268
-320
-597
-359
-190
-190
-556
-806
-940
-977
-967
-891
-786
-840
-1045
-1100
-940
-767
-653
-514
-356
-233
-216
-222
299
299
470
518
543
618
700
847
1016
1178
1271
1186
1098
1176
1288
1330
1343
1311
1321
1373
968
284
598
598
1406
1224
-822
-822
-692
230
230
-444
-444
-989
-1347
-1328
-721
-294
-684
-1378
-1471
-1009
-711
-779
-763
-521
-318
-372
-454
-182
310
310
674
815
520
194
295
863
1220
1028
585
315
194
291
296
324
195
-483
-483
-659
-626
-643
-665
-751
-823
-948
-1244
-1293
-1093
-751
-682
-819
-988
-1002
-750
-447
237
237
553
702
732
756
831
911
947
1047
1152
1192
1229
1190
1157
1149
1172
1245
1366
1459
1003
160
-208
255
1242
1359
232
-849
-1001
-341
-390
-390
-908
-1367
-1439
-912
-396
-618
-1180
-1284
-932
-641
-666
-688
-440
446
446
909
1098
779
345
268
708
1094
1086
769
333
189
189
-452
-452
-816
-874
-828
-885
-958
-957
-984
-1058
-1168
-1237
-1150
-974
-795
-631
-578
-664
-688
-464
192
192
303
222
217
299
447
631
822
920
896
856
841
911
1003
1035
1050
1070
1061
965
930
984
1069
1262
1019
151
-365
-159
842
1247
375
-758
-1124
-598
-203
-168
-366
-801
-1198
-1416
-1049
-525
-545
-1002
-1150
-824
-497
-496
-558
-448
160
160
232
331
260
198
371
808
1107
940
541
229
334
656
784
664
245
-337
-337
-272
-360
-586
-743
-851
-806
-972
-1234
-1372
-1239
-992
-886
-838
-1043
-1170
-1085
-763
-336
-143
-231
-450
-362
230
230
414
473
455
480
492
537
640
736
831
922
934
801
681
615
725
984
1095
1068
865
848
890
1154
916
-349
-349
984
984
1139
182
-915
-1099
-513
-353
-353
-846
-1295
-1382
-843
-344
-490
-998
-1097
-758
-323
-286
-283
-285
270
270
459
559
372
289
456
880
1106
887
492
150
245
490
637
463
-402
-402
-444
-387
-518
-810
-1062
-989
-918
-926
-1149
-1295
-1280
-1109
-765
-605
-672
-876
-919
-592
-168
-168
-168
-147
285
285
409
468
483
481
505
527
507
516
561
716
823
766
612
446
527
782
1030
1111
1020
951
945
1112
589
-300
-300
302
1235
994
-977
-977
-960
-485
-186
-400
-400
-833
-1289
-1288
-787
-496
-677
-917
-804
-470
-203
-218
-253
-227
473
473
775
708
362
265
460
885
1035
841
440
223
223
359
170
-292
-584
-561
-529
-820
-1213
-1322
-1142
-783
-821
-1047
-1208
-1253
-950
-575
-279
-332
-533
-592
-389
207
207
221
221
355
350
294
322
415
475
467
370
259
364
491
613
668
580
492
544
747
1008
1181
1194
1107
1200
806
-342
-342
1056
1056
1211
383
-642
-964
-705
-500
-314
-360
-618
-1004
-1243
-959
-774
-812
-929
-737
-323
-256
-256
450
450
916
1047
679
365
372
662
841
731
489
-481
-481
-834
-819
-634
-682
-1128
-1472
-1434
-1057
-709
-667
-784
-975
-989
-663
-289
-242
-242
-191
282
282
205
314
314
361
287
165
165
257
323
242
198
268
352
550
624
662
689
775
1033
1250
1467
1443
1419
709
-391
-391
243
1269
1139
192
-840
-980
-761
-600
-523
-687
-852
-1080
-1021
-832
-863
-1126
-1091
-644
380
380
319
-176
-176
684
684
1271
1253
768
438
452
738
767
547
170
-156
-188
-350
-350
-941
-1248
-1148
-792
-798
-1067
-1377
-1440
-1123
-829
-513
-495
-615
-589
-338
294
294
430
370
234
234
249
205
205
298
352
469
620
790
881
951
1043
1248
1556
1751
1841
1371
258
-480
-430
654
1186
673
-375
-1063
-1071
-1078
-947
-952
-1021
-1082
-1037
-716
-689
-1028
-1305
-1045
-277
532
906
769
295
365
365
1015
1393
1155
753
540
611
664
385
-533
-533
-657
-477
-169
-246
-849
-1446
-1626
-1236
-928
-969
-1170
-1249
-926
-624
-355
-301
-387
-308
272
272
456
347
253
253
312
-169
-169
-279
-307
-165
-154
-154
-192
-209
167
167
398
699
985
1192
1170
1260
1347
1620
1868
1988
1561
357
-487
-597
353
766
274
-541
-1054
-1062
-1240
-1305
-1332
-1259
-1166
-908
-453
-356
-703
-1013
-854
725
725
1194
1240
958
794
771
973
1112
946
699
453
541
557
183
-511
-1142
-1262
-971
-501
-506
-959
-1290
-1429
-1320
-1049
-853
-730
-722
-458
-271
163
163
475
475
673
579
314
-160
-160
-263
-263
-393
-535
-528
-446
-405
-381
-315
324
324
458
457
591
834
1120
1400
1569
1728
1686
1794
1853
1884
1531
343
-650
-971
-171
323
-741
-741
-1236
-1310
-1520
-1498
-1316
-1129
-1083
-880
-274
151
-460
-460
-413
254
954
1324
1471
1471
1339
976
783
714
552
271
177
177
-156
-868
-1545
-1607
-1337
-983
-839
-871
-860
-941
-793
-673
-655
-659
-639
418
418
792
642
294
282
282
340
331
178
-215
-215
-348
-444
-662
-872
-859
-683
-391
-279
-229
-198
249
249
532
820
1024
1239
1364
1522
1565
1530
1568
1648
1816
1844
1767
1203
-1121
-1121
-1471
-858
-378
-490
-789
-956
-1034
-1451
-1629
-1429
-1039
-731
-312
352
689
544
200
196
529
804
1083
1447
1763
1646
1016
408
-218
-218
-470
-568
-403
-329
-521
-987
-1341
-1419
-1434
-1319
-1072
-593
-183
-203
-203
-411
-417
535
535
803
767
473
263
-243
-243
-388
-428
-399
-382
-305
-354
-511
-881
-1162
-1117
-824
-429
169
169
402
490
445
435
607
870
1184
1439
1635
1697
1573
1403
1279
1248
1245
1262
1219
670
-501
-1397
-1572
-1089
-866
-901
-852
-659
-670
-1047
-1056
-876
-632
-505
657
657
1065
995
734
668
568
466
554
1022
1349
1118
493
-317
-317
-616
-966
-1122
-974
-754
-717
-726
-786
-848
-1017
-1029
-741
-245
176
419
502
498
207
-342
-342
-234
245
245
403
364
346
-415
-415
-794
-1000
-942
-815
-460
-299
-286
-565
-756
-816
-703
-431
460
460
863
1061
997
881
785
751
871
1043
1314
1449
1462
1286
1063
892
721
784
765
541
-385
-1174
-1384
-1018
-665
-716
-629
-492
-326
-503
-457
-279
-193
-255
490
490
945
1032
856
727
509
304
300
618
835
644
210
-152
-152
-369
-749
-1015
-996
-780
-609
-400
-273
-288
-483
-587
-404
183
183
332
479
483
188
-184
-327
-302
-276
-266
-148
199
199
-403
-403
-661
-850
-900
-773
-455
-166
-166
-278
-305
-360
-300
474
474
823
1029
1088
1083
967
741
643
740
956
1104
1209
1201
1193
1067
972
928
752
-955
-955
-1378
-1186
-591
-374
-348
-312
-302
-499
-662
-431
-270
-316
-302
224
850
1091
867
553
320
145
161
488
838
816
425
-536
-536
-914
-973
-786
-525
-312
-252
-252
-494
-479
-232
250
250
371
428
237
-230
-230
-330
-388
-470
-340
234
234
225
-350
-350
-632
-856
-834
-573
-292
-154
-154
-177
-256
-218
332
332
690
1027
1157
1034
780
607
620
762
899
1004
1089
1145
1171
1120
1117
1025
659
-245
-1180
-1425
-1125
-593
-433
-310
-249
-275
-450
-483
-338
-438
-562
-342
398
971
1127
876
601
328
443
443
664
481
225
-159
-159
-658
-1039
-1141
-971
-672
-265
-283
-283
-436
-304
-215
-215
-436
-578
-419
-144
-144
-351
-553
-676
-652
-560
-488
-429
-286
381
381
733
973
1034
951
852
854
881
888
857
878
951
1117
1199
1314
1260
920
-1163
-1163
-1636
-1562
-974
-695
-405
-224
-163
-163
-282
-267
-577
-764
-587
220
934
1306
1196
909
512
257
257
448
245
183
246
340
-446
-446
-929
-1234
-1182
-901
-394
186
186
174
174
156
-145
-410
-692
-597
-352
-366
-366
-513
-539
-592
-612
-546
-365
178
178
297
297
664
950
1062
1040
985
995
1014
958
849
851
863
983
1173
1375
1433
1115
-1081
-1081
-1655
-1663
-1114
-805
-457
-220
-452
-452
-740
-661
801
801
1318
1350
1101
661
255
153
174
193
263
263
149
-238
-765
-1217
-1286
-1034
-502
266
266
323
287
-233
-233
-262
180
180
352
-167
-167
-404
-414
-353
-277
-262
-302
-290
-301
-252
-285
-461
-666
-749
-611
-290
217
217
258
308
402
600
812
856
817
771
810
987
1141
1158
1007
874
824
950
1081
1248
1275
995
-999
-999
-1539
-1553
-1105
-940
-580
-289
198
198
202
-248
-248
-499
-501
668
668
1182
1209
1047
719
464
276
150
-158
-158
-152
-152
-595
-595
-1002
-1067
-859
-505
-266
185
185
354
424
463
367
151
-197
-197
-253
-179
-179
-269
-270
-268
-195
-252
-276
-402
-441
-465
-400
-454
-478
-508
-425
-273
163
163
311
387
613
813
899
860
725
633
671
756
857
943
947
966
1020
1143
1271
1170
549
-635
-1450
-1750
-1413
-1005
-776
-452
-203
219
219
-395
-395
-614
-359
265
856
1175
1012
792
387
193
-154
-154
-219
-272
-203
-389
-389
-889
-1056
-1035
-800
-504
-168
278
278
367
438
434
195
-339
-339
-453
-339
-284
-185
-180
-253
-320
-354
-317
-303
-270
-435
-480
-498
-440
-413
-447
-511
-566
-479
-324
301
301
393
587
740
845
810
711
576
580
640
782
936
1036
997
1017
1082
1199
1215
855
-1113
-1113
-1615
-1738
-1221
-1006
-666
-414
-144
-255
-255
-460
-551
456
456
965
1029
896
628
345
198
-223
-223
-183
-294
-241
-241
-606
-901
-981
-942
-687
-459
251
251
340
444
342
-314
-314
-539
-478
-259
-226
-226
-388
-372
-334
-331
-370
-436
-416
-315
-291
-392
-501
-663
-671
-544
-236
228
228
375
488
664
790
818
706
630
561
625
775
932
1052
1031
1062
1132
1309
1332
1056
388
-614
-1235
-1542
-1260
-932
-602
-281
338
338
441
553
269
568
568
1045
1331
1269
1070
817
637
497
401
182
182
241
173
-352
-352
-396
-489
-340
301
301
479
541
565
482
274
-161
-161
164
164
245
340
197
-177
-177
-271
-252
-275
-261
-261
-330
-313
-249
166
166
287
537
594
735
847
821
806
704
655
605
777
961
1159
1209
1259
1255
1265
1268
970
347
-620
-1213
-1620
-1345
-1052
-748
-339
-163
189
209
270
-217
-217
-302
196
196
648
857
864
649
297
253
-294
-294
-300
-313
-209
-165
-257
-344
-673
-832
-790
-736
-572
-290
-169
165
165
398
284
-231
-415
-688
-757
-543
-327
-255
-255
-265
-583
-515
-579
-513
-418
-453
-409
-537
-564
-502
-379
-161
215
215
470
608
699
719
647
549
407
504
558
797
971
1125
1355
1524
1279
719
-213
-1116
-1707
-1914
-1621
-1370
-855
-576
-354
-354
-494
-556
-164
532
532
697
664
451
224
-299
-299
-497
-635
-549
-518
-262
-222
-333
-504
-780
-939
-1031
-943
-792
-563
-257
-353
-353
-564
-597
-661
-636
-381
-224
-214
-214
-314
-537
-573
-606
-647
-480
-455
-352
-392
-428
-420
-450
-368
-265
237
237
401
562
601
649
633
601
607
641
633
838
946
996
1355
1058
841
146
-711
-1151
-1705
-1726
-1439
-1213
-827
-346
-179
214
144
-147
-168
-434
-258
273
273
599
638
546
366
-274
-274
-434
-497
-533
-278
-205
-224
-277
-476
-594
-715
-793
-665
-537
-401
-176
-197
-197
-628
-582
-611
-489
-195
-175
-375
-375
-556
-567
-521
-469
-345
-238
-354
-316
-265
-322
374
374
568
639
768
844
748
780
643
791
873
994
1244
1325
1341
997
410
-330
-960
-1489
-1581
-1531
-1183
-872
-593
-291
-291
-411
-247
330
330
577
599
661
460
391
-333
-333
-450
-364
-338
-174
-146
-195
-370
-551
-659
-757
-783
-700
-544
-308
-225
-225
-398
-495
-305
-332
-348
-348
-471
-607
-455
-362
-284
-223
-143
259
259
375
430
625
633
755
745
717
795
879
906
1006
1001
1117
1105
771
410
-575
-575
-887
-1104
-1185
-964
-748
-560
-257
181
181
287
399
413
387
235
199
-198
-198
-198
-484
-496
-592
-665
-571
-541
-426
-330
-174
-153
-153
-306
-306
-343
-338
-354
-290
-262
215
215
286
375
477
536
687
743
841
902
905
964
1035
1089
1207
1337
1138
973
466
-300
-300
-805
-897
-970
-850
-684
-365
-163
-186
-186
212
212
350
475
487
461
324
176
-194
-194
-254
-254
-367
-386
-429
-414
-273
-144
-144
-233
-252
-260
207
207
237
301
373
393
571
580
733
843
761
865
817
916
891
935
922
910
977
772
719
326
152
-159
-372
-538
-726
-614
-620
-350
-197
207
207
202
183
257
198
198
228
228
169
224
168
-309
-309
-436
-455
-449
-379
-275
-184
-184
-145
-229
-286
-215
-253
-190
-144
180
180
334
394
582
620
762
835
921
983
985
1047
1053
1069
891
597
302
-147
-147
-232
-512
-628
-554
-616
-400
-326
-243
-167
251
251
272
210
336
160
207
-161
-161
-204
-204
-219
-310
-341
-306
-259
-272
-235
-298
-320
-225
-285
-179
-193
-230
-209
-190
-175
-175
-217
-331
-280
-344
-378
-294
-260
-223
-142
169
169
220
282
378
341
493
493
607
662
701
827
797
871
828
701
524
224
-210
-210
-305
-345
-522
-463
-535
-448
-392
-299
-283
-245
-233
143
143
-219
-219
-313
-274
-292
-239
-255
-261
-341
-327
-371
-398
-432
-449
-432
-416
-277
-289
-225
-233
-222
-186
-217
-159
-159
-150
-218
-218
-200
-241
-189
-183
-168
234
234
316
425
514
570
735
710
813
883
847
791
673
455
372
177
-295
-295
-275
-355
-391
-368
-378
-395
-327
-329
-228
-162
-162
-175
-175
-223
-223
-266
-302
-368
-359
-395
-366
-420
-355
-292
-297
-196
-199
-173
-144
-172
-154
-154
-214
-149
-149
146
146
220
278
382
441
505
606
647
735
743
669
647
493
404
307
203
-204
-204
-235
-324
-365
-365
-387
-358
-313
-220
-152
-176
-176
-157
-205
-205
-205
-205
-232
-221
-269
-235
-275
-320
-293
-314
-286
-257
-294
-227
-240
-240
-202
-176
-209
-197
-145
238
238
300
337
384
409
482
483
548
558
564
492
419
354
251
252
-222
-222
-240
-351
-376
-408
-379
-355
-309
-309
-254
-214
-193
-170
-178
-168
-206
-188
-230
-178
-216
-215
-252
-268
-224
-259
-218
-272
-266
-247
-263
-250
-252
-301
-288
-272
-290
-202
-225
-242
-200
-243
-185
-212
-170
147
147
205
211
247
249
274
298
374
439
506
523
513
420
371
338
274
239
-163
-163
-269
-305
-375
-356
-374
-332
-357
-310
-290
-246
-231
-237
-205
-237
-208
-194
-186
-167
-149
-142
-142
-148
-146
-156
-175
-179
-177
-179
-181
-193
-214
-220
-192
-183
-160
-149
153
153
177
209
249
267
308
326
367
401
447
483
515
491
462
422
366
355
299
268
209
200
146
-152
-152
-178
-168
-195
-182
-213
-181
-196
-184
-177
-201
-178
-191
-156
160
160
203
243
293
329
349
376
405
428
444
460
471
500
518
528
508
477
454
392
340
268
227
162
-152
-152
-161
-188
-198
-197
-218
-206
-241
-217
-229
-190
-187
-185
-164
-159
-142
-142
149
149
206
250
282
297
315
329
353
384
400
417
423
419
404
381
346
315
262
241
196
183
151
-145
-145
-167
-185
-161
-173
-176
-210
-225
-254
-264
-252
-254
-213
-211
-187
-164
-147
-145
-145
-148
170
170
185
224
272
294
311
311
331
342
323
341
354
353
340
326
301
271
227
182
-149
-149
-160
-171
-212
-211
-230
-230
-229
-211
-208
-202
-194
-198
-185
-188
-173
-182
-167
-172
-167
-159
-144
159
159
197
207
227
244
271
299
300
343
348
356
354
319
308
270
240
205
171
-154
-154
-169
-175
-168
-177
-177
-168
-175
-173
-195
-192
-190
-183
-171
-175
-176
-162
-151
-143
-143
-160
-165
-168
-147
-163
-151
-154
-152
-144
-149
142
142
168
188
218
234
242
255
251
269
279
283
275
252
225
194
167
-143
-143
-182
-190
-208
-219
-245
-268
-276
-271
-248
-255
-259
-251
-238
-228
-209
-199
-184
-177
-174
-165
-161
-156
-155
-144
-144
-149
-149
-147
-145
-155
-158
-169
-167
-156
-143
154
154
174
219
236
242
259
259
247
242
209
188
172
150
-157
-157
-174
-179
-189
-184
-191
-210
-231
-236
-240
-227
-214
-199
-190
-202
-193
-191
-187
-169
-163
-167
154
154
157
148
156
174
181
177
187
181
167
157
153
150
150
-157
-157
-179
-200
-207
-232
-251
-272
-278
-252
-255
-252
-259
-253
-240
-197
-191
-222
-214
-215
-208
-198
-189
-168
-154
157
157
171
173
176
180
164
153
143
-143
-143
-164
-173
-182
-222
-221
-217
-196
-197
-193
-164
-164
-150
-151
150
150
149
145
142
153
153
149
145
145
-159
-159
-169
-172
-167
-166
-179
-178
-182
-194
-193
-193
-183
-194
-184
-171
-171
-161
-148
-150
-150
-144
-143
-143
-146
-146
-144
-144
-142
-142
-157
-146
-145
-147
-147
-156
-156
-145
-145
-142
-142
-148
-148
-156
-156
-154
-153
-157
-154
-142
-144
-144
-150
-150
-164
-147
-151
-151
-156
-154
-150
-148
-142
-142
-147
-153
-154
-148
-152
-143
-167
-167
-168
-149
-150
-144
-144
-145
-157
-164
-142
-142
-143
-143
-164
-164
-158
-158
143
143
145
145
161
161
152
152
147
147
148
148
162
162
177
177
178
178
174
166
194
189
189
165
192
192
171
171
173
213
213
155
146
146
