279
279
295
305
291
273
278
278
299
321
325
333
328
317
299
289
289
312
331
353
373
390
421
439
453
429
398
361
317
-283
-283
-320
-339
-344
-335
-313
-287
282
282
299
313
355
399
430
439
440
409
373
317
-333
-333
-389
-442
-460
-458
-438
-410
-363
-311
-323
-323
-369
-394
-406
-408
-397
-370
-334
-296
278
278
325
382
422
449
424
395
339
-326
-326
-427
-496
-545
-560
-568
-546
-517
-461
-393
-332
-287
289
289
314
319
311
290
-353
-353
-414
-484
-531
-564
-571
-544
-527
-482
-457
-386
-337
292
292
338
397
462
508
486
421
354
284
-313
-313
-411
-461
-507
-513
-510
-479
-437
-384
-325
274
274
311
334
328
306
-341
-341
-409
-451
-466
-454
-429
-395
-353
-312
-281
318
318
364
402
428
458
479
501
510
554
556
538
416
336
-307
-307
-381
-443
-480
-504
-520
-512
-488
-456
-416
-365
-313
-293
292
292
298
314
301
-276
-276
-327
-365
-363
-363
-349
-374
-375
-375
-338
-334
-322
-317
-288
297
297
343
383
431
458
500
523
562
597
641
666
676
634
529
421
289
-285
-285
-382
-471
-516
-548
-556
-571
-537
-490
-426
-384
-312
274
274
334
408
446
466
467
478
450
386
292
-283
-283
-351
-414
-431
-453
-448
-459
-453
-439
-421
-389
-387
-363
-348
-297
-278
273
273
322
373
412
445
468
501
513
559
585
638
680
720
695
611
500
381
283
-315
-315
-415
-479
-526
-551
-556
-527
-488
-421
-381
-312
294
294
376
432
464
485
497
475
428
333
-313
-313
-367
-423
-462
-498
-467
-465
-454
-477
-443
-410
-374
-346
-311
-282
279
279
323
372
423
461
507
537
562
589
640
692
762
802
798
696
596
462
374
-309
-309
-410
-480
-531
-555
-574
-565
-546
-493
-447
-402
-371
-350
-307
279
279
396
479
544
561
578
546
486
362
-306
-306
-387
-482
-555
-582
-586
-592
-582
-577
-564
-523
-478
-429
-400
-349
-296
273
273
329
385
474
548
626
689
761
823
907
975
1018
956
812
645
483
322
-322
-322
-456
-541
-580
-606
-609
-608
-593
-574
-533
-507
-473
-468
-444
-417
-336
304
304
474
616
711
769
786
762
695
587
446
286
-300
-300
-360
-421
-484
-549
-571
-570
-582
-612
-662
-673
-679
-645
-606
-554
-481
-392
-284
292
292
334
375
396
429
463
513
562
617
661
726
788
887
972
1028
968
820
631
475
322
-383
-383
-501
-600
-637
-668
-656
-647
-614
-596
-541
-515
-461
-457
-426
-421
-323
324
324
490
616
722
768
780
755
681
552
404
-348
-348
-404
-475
-541
-619
-653
-672
-698
-727
-775
-758
-753
-686
-639
-550
-447
-332
276
276
305
327
335
346
367
387
429
470
545
616
727
811
924
1028
1117
1095
943
737
531
369
-381
-381
-522
-589
-617
-639
-624
-607
-578
-572
-544
-545
-528
-548
-556
-569
-511
-380
297
297
528
705
829
890
906
867
777
631
440
-355
-355
-414
-451
-521
-590
-660
-663
-711
-777
-869
-927
-939
-910
-849
-777
-669
-518
-359
279
279
329
359
377
368
373
372
384
406
453
538
631
736
852
996
1118
1177
1050
833
588
419
-387
-387
-587
-683
-719
-738
-711
-683
-654
-647
-615
-624
-626
-651
-670
-709
-686
-567
-378
433
433
658
805
890
909
876
778
643
437
-404
-404
-460
-472
-505
-607
-717
-803
-865
-934
-1020
-1085
-1127
-1076
-975
-842
-688
-522
-332
305
305
351
364
354
341
296
329
329
453
610
774
933
1092
1204
1248
1106
850
541
312
-524
-524
-707
-746
-715
-684
-637
-597
-568
-572
-585
-644
-718
-798
-846
-882
-866
-737
-500
514
514
769
925
965
925
827
682
492
-286
-286
-381
-453
-495
-493
-525
-609
-750
-856
-964
-1063
-1179
-1268
-1298
-1232
-1096
-914
-732
-525
-315
322
322
402
434
428
385
332
279
279
439
644
800
979
1082
1161
1073
915
630
333
-464
-464
-651
-728
-730
-656
-571
-494
-407
-409
-446
-539
-661
-766
-879
-929
-941
-853
-673
-409
446
446
691
853
916
836
712
538
342
-313
-313
-332
-316
-295
-294
-341
-418
-556
-725
-904
-1081
-1233
-1353
-1384
-1305
-1145
-925
-711
-472
314
314
456
560
617
602
527
421
308
420
420
625
849
1054
1244
1362
1402
1240
936
528
-331
-331
-561
-707
-705
-610
-457
-318
-340
-340
-474
-651
-846
-1030
-1153
-1200
-1166
-1001
-688
-297
403
403
677
878
990
970
829
619
374
-464
-464
-759
-1066
-1333
-1539
-1638
-1630
-1502
-1262
-943
-601
-307
-289
-289
-306
393
393
609
774
859
858
775
616
419
333
333
586
855
1103
1316
1465
1536
1462
1162
700
-343
-343
-489
-649
-691
-581
-362
-417
-417
-661
-920
-1166
-1353
-1393
-1306
-1121
-809
-352
578
578
834
970
1004
940
762
523
326
326
424
401
-354
-354
-760
-1175
-1513
-1739
-1812
-1739
-1520
-1215
-851
-480
-356
-356
-471
-480
-397
364
364
667
927
1080
1112
1004
791
550
312
482
482
779
1064
1287
1427
1465
1447
1332
1057
621
-379
-379
-365
-327
-306
-587
-587
-924
-1189
-1392
-1506
-1468
-1248
-926
-560
601
601
805
830
720
554
382
394
394
573
689
731
685
510
-586
-586
-984
-1314
-1563
-1681
-1651
-1483
-1200
-887
-616
-411
-273
-337
-337
-483
-594
-624
-559
-383
458
458
742
965
1084
1093
1013
858
644
422
324
324
489
696
903
1090
1208
1263
1232
1163
1087
1017
880
622
286
-399
-399
-747
-1029
-1162
-1188
-1159
-1075
-888
-623
-338
373
373
418
387
293
409
409
537
624
688
730
745
680
526
293
-286
-286
-565
-806
-1020
-1148
-1209
-1175
-1117
-1021
-909
-786
-672
-621
-592
-606
-620
-603
-553
-451
-337
393
393
557
674
737
751
720
661
604
533
485
456
469
522
598
701
798
890
935
952
955
956
963
993
1005
920
691
359
-445
-445
-750
-1019
-1149
-1149
-1084
-973
-792
-565
-323
370
370
642
814
836
740
602
474
339
-343
-343
-582
-746
-847
-892
-887
-843
-837
-852
-911
-947
-928
-863
-775
-733
-713
-684
-579
-386
312
312
399
478
550
599
622
636
625
627
648
697
739
745
711
688
713
778
862
910
936
946
985
1023
972
731
367
-300
-300
-537
-834
-1060
-1140
-1090
-1007
-899
-743
-521
-295
-295
301
301
463
673
824
831
674
423
-337
-337
-385
-411
-482
-602
-755
-890
-975
-1019
-1040
-1045
-1006
-901
-725
-538
-418
-373
-371
-360
-310
306
306
464
604
687
714
680
629
566
517
482
496
561
665
763
828
826
775
698
644
620
640
695
730
691
536
315
-300
-300
-460
-615
-723
-757
-702
-619
-562
-542
-561
-556
-501
-404
-317
-304
-326
-317
360
360
394
401
350
-282
-282
-455
-561
-599
-607
-606
-612
-602
-577
-558
-562
-567
-547
-494
-403
-301
309
309
311
294
294
317
348
361
348
294
306
306
422
543
655
737
740
643
460
340
340
457
481
406
-413
-413
-480
-399
-301
-301
-441
-512
-502
-397
-368
-368
-411
-383
-312
-304
-304
-479
-604
-624
-545
-417
-298
-290
-290
-336
-323
283
283
324
336
318
310
330
365
389
439
474
503
512
507
494
451
417
399
403
397
358
297
-273
-273
-291
-292
-285
-290
-296
-313
-333
-356
-385
-390
-367
-328
-291
-278
-278
-302
-353
-401
-422
-419
-409
-379
-343
-300
314
314
368
414
459
495
504
516
476
464
443
461
494
516
532
535
503
448
356
-298
-298
-345
-382
-380
-361
-322
-296
-296
-316
-355
-392
-410
-400
-365
-347
-315
-300
-274
-283
-295
-320
-339
-370
-385
-391
-369
-351
-337
-326
-303
-279
287
287
310
352
400
455
470
477
462
450
460
488
526
536
537
497
460
403
340
-277
-277
-275
-275
-278
-276
-286
-286
-330
-372
-404
-401
-369
-329
-294
280
280
297
336
378
425
449
448
457
447
470
484
511
518
503
460
404
342
280
-286
-286
-281
-279
-279
-283
-286
-304
-313
-324
-325
-330
-337
-341
-340
-355
-342
-320
-292
299
299
334
371
407
443
472
486
488
485
475
483
481
494
470
442
393
358
327
290
-273
-273
-289
-313
-323
-327
-315
-309
-304
-295
-297
-321
-338
-429
-467
-372
-347
-347
-318
274
274
354
455
514
574
687
844
930
831
585
300
490
490
776
877
764
555
402
-316
-316
-580
-567
-583
-668
-487
-653
-653
-953
-764
-533
-572
-622
-411
-279
-501
-647
-401
-353
-353
-467
-278
-278
-513
-513
-488
-384
-468
-645
-704
-574
-644
-701
-559
-483
-553
-652
-479
301
301
528
671
678
741
947
1092
1163
1186
1308
1391
1366
1486
1707
1577
925
458
624
1364
1670
1114
570
-281
-281
-273
-537
-537
-1132
-869
-516
-1031
-1427
-1176
-854
-1086
-1418
-1049
-763
-1169
-1514
-1007
-275
-336
-688
-538
448
448
458
321
425
577
633
574
539
633
639
525
349
-326
-326
-562
-715
-627
-691
-833
-985
-938
-855
-984
-1032
-1015
-925
-876
-844
-626
-509
-472
-434
-279
358
358
484
603
682
762
857
931
979
1040
1160
1262
1217
1143
1176
1335
1415
1483
1232
617
395
395
1155
1333
649
-844
-844
-1222
-754
-407
-827
-1165
-1013
-882
-1037
-1088
-718
-566
-918
-1064
-650
-283
-283
-567
-431
286
286
283
467
467
447
360
360
-383
-383
-405
-313
-437
-650
-625
-548
-673
-916
-877
-605
-525
-587
-661
-572
-453
-426
-302
414
414
533
510
629
841
932
883
947
1073
1177
1204
1237
1402
1458
1383
873
574
695
1126
1471
1091
472
320
320
350
-515
-515
-931
-773
-405
-474
-1012
-1153
-1074
-1062
-1113
-1063
-866
-1016
-1263
-1135
-675
-515
-774
-870
-546
363
363
321
308
308
344
-345
-345
-485
-472
-462
-605
-730
-616
-444
-470
-532
-551
-429
-345
-346
283
283
488
583
655
766
919
935
972
1142
1298
1362
1358
1293
1014
819
890
1327
1496
1019
479
424
642
632
439
306
-513
-513
-374
-421
-421
-967
-1052
-853
-793
-996
-1070
-934
-995
-1197
-1154
-823
-749
-938
-966
-654
-431
-478
-598
-380
389
389
275
275
-451
-451
-602
-461
-281
-380
-380
-393
-346
-274
325
325
518
543
590
727
886
957
1057
1185
1330
1086
792
892
1299
1679
1226
659
522
791
956
805
582
417
-663
-663
-973
-699
-491
-641
-1011
-941
-894
-1024
-1087
-814
-637
-944
-1191
-901
-459
-462
-783
-810
-408
-280
-280
-334
-342
-342
-314
-391
-391
326
326
322
404
614
668
705
819
1029
1098
1142
1036
800
834
1049
1500
1398
810
411
628
973
948
632
380
-780
-780
-661
-396
-370
-739
-815
-732
-758
-929
-834
-585
-662
-929
-851
-503
-445
-658
-782
-430
-425
-425
-365
-307
-307
-318
-318
-377
-377
380
380
584
657
597
624
831
979
1072
1041
686
663
805
1353
1429
896
395
475
858
990
700
458
351
351
-672
-672
-646
-381
-557
-557
-713
-619
-659
-821
-834
-559
-547
-811
-826
-518
-421
-605
-798
-478
-428
-428
-418
-317
-317
-293
-293
-283
426
426
600
563
607
708
906
921
1055
871
650
701
999
1479
1187
578
351
718
1030
883
545
343
298
298
-378
-378
-737
-511
-281
-281
-669
-638
-595
-696
-900
-734
-495
-640
-925
-781
-532
-542
-774
-763
-349
-438
-438
-587
-419
-280
-280
-294
-294
-364
427
427
479
425
501
666
812
801
929
803
523
565
880
1398
1087
412
674
674
996
795
445
328
296
296
311
-368
-763
-474
-673
-673
-638
-511
-634
-870
-728
-407
-565
-909
-805
-496
-454
-715
-753
-338
-430
-430
-593
-376
-305
-305
-286
-286
-369
-369
312
312
405
423
465
598
636
657
755
1003
720
457
516
1012
1384
798
345
345
782
889
586
409
324
418
418
-662
-662
-768
-360
-411
-411
-768
-585
-590
-779
-931
-595
-415
-763
-1009
-728
-424
-524
-834
-680
-296
-296
-544
-580
-286
-286
-412
-412
-385
-343
-343
-396
298
298
286
313
437
609
606
622
739
943
766
440
526
952
1340
869
347
334
743
870
632
440
353
366
366
-513
-513
-753
-381
-381
-381
-767
-636
-556
-734
-937
-685
-442
-694
-986
-798
-442
-514
-811
-765
-335
-478
-478
-595
-333
-281
-281
-279
-334
-334
-403
-279
-300
-300
-361
-283
-283
298
298
332
369
476
689
700
685
763
999
890
491
565
931
1392
995
378
313
690
900
685
446
345
313
313
-498
-498
-869
-489
-377
-377
-795
-693
-621
-815
-997
-770
-440
-693
-1040
-898
-505
-489
-746
-769
-354
-426
-426
-551
-312
-365
-365
-461
-295
-323
-323
-384
-318
-325
-325
335
335
361
470
633
733
681
799
974
1080
653
542
793
1270
1303
689
327
544
856
831
580
430
338
338
-820
-820
-705
-321
-286
-609
-824
-655
-735
-898
-904
-541
-550
-923
-1007
-602
-389
-582
-804
-554
-407
-407
-378
291
291
280
-372
-372
-492
-401
-292
-292
-482
-496
-350
-322
-322
-288
357
357
325
371
542
783
793
793
886
1131
928
606
736
1125
1521
1039
474
451
825
957
722
520
384
325
325
-590
-590
-898
-547
-326
-494
-873
-749
-747
-909
-1069
-811
-525
-821
-1098
-898
-521
-537
-793
-771
-375
-355
-355
-461
346
346
283
-282
-282
-309
-356
-356
-514
-458
-379
-364
-386
-402
-322
-368
-362
424
424
506
559
704
821
878
971
1140
1176
720
698
968
1549
1463
706
319
620
984
952
599
424
320
320
-298
-995
-816
-435
-345
-745
-911
-813
-898
-1013
-982
-590
-646
-1029
-1042
-626
-407
-589
-787
-528
-298
-298
-310
378
378
535
282
-335
-335
-429
-603
-603
-759
-541
-350
-285
-467
-526
-499
-376
501
501
628
665
692
845
1009
1114
1254
1260
862
720
983
1582
1666
908
338
488
947
1025
677
418
-292
-292
-274
-274
-1043
-1091
-679
-487
-805
-1052
-999
-1051
-1131
-1123
-755
-693
-1000
-1074
-738
-410
-497
-683
-546
278
278
405
438
365
412
412
610
443
-364
-364
-432
-442
-349
-401
-653
-759
-645
-492
-476
-541
-543
-413
280
280
451
606
754
790
918
1109
1332
1345
1362
1366
979
941
1218
1720
1684
899
403
494
948
947
577
308
-408
-408
-462
-486
-486
-1205
-1253
-948
-748
-1041
-1140
-1094
-1181
-1262
-1210
-832
-733
-921
-939
-632
-323
-389
-476
-281
302
302
433
433
595
673
639
529
323
342
525
628
455
-296
-296
-550
-702
-745
-678
-642
-687
-893
-1036
-860
-711
-619
-642
-631
-467
368
368
510
747
880
985
1060
1227
1416
1625
1659
1729
1615
1110
979
1286
1913
1877
973
287
277
735
761
462
-336
-336
-832
-944
-555
-776
-776
-1551
-1678
-1357
-1113
-1316
-1341
-1295
-1331
-1390
-1274
-837
-700
-807
-755
-374
481
481
827
796
603
594
710
876
986
1013
792
412
324
324
477
-509
-509
-484
-471
-635
-776
-966
-1045
-1150
-1156
-1111
-1127
-1117
-1159
-972
-819
-717
-669
-448
332
332
537
782
984
1135
1329
1414
1456
1598
1720
1851
1903
1925
2015
1526
871
769
1310
1964
1398
275
-321
-439
-439
-1164
-1643
-1513
-846
-776
-1546
-2045
-1938
-1488
-1410
-1441
-1289
-1209
-1143
-1088
-692
-281
-286
573
573
814
615
426
665
1274
1549
1342
1004
862
887
932
939
836
462
-336
-336
-396
-354
-632
-914
-1191
-1224
-1291
-1489
-1589
-1584
-1386
-1438
-1459
-1408
-1295
-1098
-893
-618
-390
555
555
860
965
1083
1253
1464
1620
1620
1655
1697
1825
1868
1831
1829
1747
1884
1722
725
1069
1069
1426
413
-667
-1121
-764
-591
-574
-561
-1213
-1946
-2189
-1597
-915
-1208
-1904
-2035
-1578
-1133
-1038
-818
-720
-610
-383
473
473
618
479
473
968
1583
1590
1248
868
1081
1573
1624
1337
891
536
350
-432
-432
-995
-1381
-1378
-1481
-1473
-1754
-1812
-1784
-1899
-1869
-1790
-1444
-1287
-1172
-1074
-911
-572
-343
506
506
689
835
1006
1231
1359
1463
1457
1603
1631
1522
1496
1378
1429
1447
1427
1266
1234
1164
1227
808
-586
-586
-293
805
829
-294
-1233
-1461
-914
-741
-496
-604
-1244
-1817
-1769
-966
-498
-936
-1425
-1272
-661
403
403
899
1249
921
600
556
1174
1691
1563
934
317
474
885
944
574
-499
-499
-715
-770
-666
-913
-1241
-1862
-1957
-1665
-1541
-1448
-1819
-1711
-1482
-1208
-1053
-979
-711
-622
-285
350
350
358
480
753
1041
1169
1087
984
983
1048
1199
1145
1164
997
862
821
840
917
863
853
799
886
1069
574
-518
-726
984
984
1041
-945
-945
-1115
-575
-474
-784
-784
-1267
-1275
-543
-738
-738
-1210
-915
-341
-341
397
397
822
1162
723
329
741
741
1229
1136
545
445
445
449
-448
-448
-652
-807
-855
-849
-957
-1138
-1532
-1612
-1378
-1100
-1122
-1293
-1235
-935
-589
-547
-481
-346
319
319
420
391
361
474
650
800
714
634
601
640
636
643
716
743
720
597
601
719
891
898
1018
962
1245
692
-431
-431
1283
1283
1076
-630
-630
-724
-443
-551
-317
-357
-690
-1149
-1173
-683
-579
-1082
-1330
-1020
-287
-287
-487
758
758
991
726
385
629
629
922
895
343
335
335
319
-706
-706
-850
-894
-808
-791
-936
-1205
-1617
-1564
-1289
-918
-867
-1115
-1062
-793
-416
-413
-386
-278
302
302
285
548
548
677
567
372
323
423
520
547
594
654
720
764
776
937
995
1106
1110
1401
1474
388
-330
-447
713
1387
723
-748
-748
-551
-721
-670
-606
-746
-1009
-1244
-874
-631
-916
-1405
-1410
-738
359
359
549
549
1015
1040
896
494
564
797
845
508
313
313
-565
-565
-944
-1134
-1179
-1127
-1023
-998
-1250
-1419
-1485
-1175
-982
-930
-815
-641
333
333
372
391
336
336
439
410
363
354
322
319
429
578
777
867
923
1004
1096
1194
1280
1520
1677
755
-396
-396
434
1194
698
-660
-660
-598
-871
-914
-879
-1047
-1262
-1404
-877
-586
-863
-1407
-1476
-890
434
434
586
340
605
605
1158
1183
1002
598
748
1010
929
437
-346
-440
-335
-453
-453
-983
-1542
-1639
-1453
-1081
-1023
-1195
-1258
-1233
-913
-820
-724
-595
-415
462
462
328
428
428
505
467
385
385
416
560
602
799
1067
1263
1501
1515
1670
1792
1788
803
545
545
1124
621
-594
-594
-771
-1185
-1181
-1160
-1318
-1533
-1348
-684
-508
-885
-1401
-1306
-764
755
755
1083
912
648
628
933
1354
1194
922
682
935
1074
794
-728
-728
-978
-900
-534
-428
-669
-1159
-1669
-1722
-1498
-1371
-1238
-1252
-892
-676
-324
-301
-414
-370
-306
281
580
864
588
341
-285
-285
439
439
574
728
902
1188
1402
1602
1769
1907
2125
2251
1402
358
709
709
465
-549
-549
-735
-1225
-1556
-1569
-1808
-1800
-1635
-756
-357
-461
-904
-1106
-685
808
808
1349
1494
1383
1260
1375
1417
1119
645
356
612
879
721
-887
-887
-1426
-1646
-1344
-1147
-1029
-1179
-1346
-1393
-1379
-1244
-1308
-1036
-652
328
328
488
336
580
580
837
799
568
310
-364
-364
-565
-657
-549
-352
-329
-329
-418
-341
416
416
799
1210
1496
1813
1930
2047
2054
2124
2306
2361
1579
363
-548
-548
-943
-1085
-1451
-1835
-1835
-2002
-1971
-1641
-695
558
558
1101
1549
1842
1889
1819
1720
1505
915
-611
-611
-1379
-1807
-1961
-1874
-1694
-1501
-1297
-1189
-971
-671
-536
-514
-468
317
317
759
992
918
686
419
282
328
375
-441
-441
-746
-1071
-1232
-1137
-864
-564
-284
396
396
728
1083
1457
1946
2339
2576
2605
2513
2342
2156
2015
1288
-729
-729
-942
-630
-813
-1150
-1377
-1456
-1702
-2100
-1959
-1811
-1547
-1186
-401
480
480
599
721
978
1129
1356
1717
2010
2069
1804
1402
944
314
-353
-852
-969
-924
-1048
-1319
-1664
-1836
-1932
-1820
-1616
-1281
-947
-635
294
294
468
293
293
652
874
1019
915
765
437
-285
-285
-578
-860
-785
-775
-736
-939
-1192
-1309
-1264
-1069
-720
550
550
829
1153
1408
1596
1803
2051
2439
2633
2643
2492
2184
1919
1573
954
-435
-1425
-1756
-1463
-1226
-1374
-1360
-1406
-1459
-1799
-1640
-1319
-997
-662
878
878
1283
1468
1417
1387
1154
1103
1313
1640
1769
1339
807
-930
-930
-1525
-1749
-1676
-1529
-1496
-1422
-1336
-1256
-1251
-1140
-812
-410
535
535
880
956
798
620
560
623
494
357
305
-457
-457
-836
-1072
-1246
-1190
-1019
-912
-927
-971
-931
-867
-637
-311
524
524
958
1338
1675
1842
1856
1835
1946
2050
2102
2088
1962
1697
1435
1096
620
-466
-1686
-2070
-1983
-1448
-1360
-1118
-858
-776
-913
-1032
-730
-530
-327
924
924
1544
1798
1704
1471
1030
700
594
729
880
669
342
-474
-474
-955
-1549
-1853
-1908
-1663
-1397
-1034
-611
-415
-363
-416
310
310
610
881
1007
834
775
463
-363
-363
-345
-277
-316
-451
-517
-751
-1041
-1181
-1191
-1097
-863
-750
-597
-351
400
400
644
1014
1418
1714
1957
1885
1724
1638
1651
1582
1521
1499
1365
1380
1006
464
-888
-1796
-2147
-1932
-1297
-1091
-549
-424
-328
-328
-334
-282
-482
-290
1141
1141
1686
1858
1621
1171
608
-342
-342
-955
-1512
-1957
-1915
-1511
-1161
-514
284
284
301
301
528
552
649
548
-507
-507
-743
-695
-663
-653
-640
-626
-696
-742
-784
-958
-902
-842
-678
-357
472
472
621
892
1141
1288
1397
1539
1521
1506
1558
1413
1307
1158
1077
1070
1142
848
-1098
-1098
-1849
-2079
-1662
-1063
-920
-440
-349
-358
-358
279
279
1238
1640
1738
1273
877
452
-377
-377
-502
-389
-323
-867
-867
-1327
-1846
-1573
-1219
-706
-319
359
359
656
573
467
397
397
-360
-360
-720
-776
-789
-717
-794
-696
-521
-506
-394
-539
-705
-817
-721
-493
314
314
452
645
815
1071
1177
1214
1240
1268
1278
1314
1385
1239
1108
1046
1002
1255
1109
685
-453
-1613
-1963
-1973
-1158
-1080
-553
-291
329
329
322
367
-320
-314
701
701
1356
1647
1435
1021
564
-510
-510
-803
-608
-528
-460
-460
-873
-1452
-1586
-1303
-963
-392
355
355
665
706
593
-299
-299
-338
-338
-509
-746
-671
-734
-734
-712
-717
-517
-377
-419
-419
-562
-784
-637
-392
380
380
586
756
1028
1171
1267
1063
964
880
1040
1166
1219
1210
1150
1142
1215
1128
793
-1439
-1439
-1966
-2172
-1424
-1060
-527
411
411
286
499
-305
-305
400
1052
1497
1527
1112
740
-364
-364
-485
-782
-698
-701
-337
-329
-547
-985
-1317
-1188
-1063
-564
-342
368
368
532
592
512
295
-433
-433
-507
-442
-442
-604
-630
-625
-636
-629
-537
-338
-278
-278
-450
-619
-646
-499
407
407
640
803
972
1109
1171
1075
912
868
916
1020
1156
1209
1293
1256
1346
1154
775
-1455
-1455
-2016
-2375
-1667
-1289
-578
545
545
343
550
-356
-356
809
809
1305
1505
1159
855
-467
-467
-526
-806
-754
-767
-441
-343
-460
-722
-1057
-961
-1058
-675
-545
-511
-511
-302
-335
-368
-368
-479
-550
-521
-647
-561
-565
-397
-423
-316
-373
-325
-348
618
618
770
1018
1053
1178
1074
1053
925
916
935
1016
1244
1387
1575
1459
1078
401
-839
-1748
-2340
-2252
-1720
-1229
-363
639
639
564
619
287
506
506
838
1438
1303
1207
655
-614
-614
-783
-947
-779
-674
-297
-337
-341
-731
-817
-980
-917
-799
-580
360
360
-457
-457
-534
-459
-318
-339
-339
-464
-649
-732
-756
-568
-425
395
395
574
855
1055
1225
1218
1108
979
909
942
1010
1179
1348
1508
1521
1116
532
-758
-1729
-2403
-2411
-1872
-1425
-544
555
555
541
735
377
408
408
710
1363
1199
1215
676
365
-550
-550
-814
-1046
-889
-746
-295
-279
-595
-595
-676
-890
-870
-855
-742
-498
-276
381
381
-418
-418
-481
-521
-294
-402
-402
-756
-836
-918
-705
-541
-306
292
292
467
800
1029
1222
1269
1227
1083
965
954
1009
1186
1273
1438
1415
1102
521
-608
-1576
-2288
-2477
-2112
-1633
-768
-282
454
627
832
588
331
331
583
1131
1126
1169
775
455
-408
-408
-740
-1047
-980
-807
-393
-383
-383
-508
-691
-873
-950
-907
-636
-312
324
324
429
294
-413
-413
-480
-395
-445
-445
-713
-857
-895
-726
-557
-342
454
454
760
1027
1226
1302
1288
1172
1097
1039
1045
1181
1297
1518
1276
905
-972
-972
-1747
-2419
-2280
-2104
-1381
-803
499
499
669
798
404
278
384
384
820
1071
1081
987
639
382
-466
-466
-889
-982
-965
-683
-395
-426
-426
-515
-688
-733
-821
-695
-559
-292
-362
-362
-385
-357
-406
-406
-626
-811
-801
-677
-518
-330
290
290
440
615
847
1059
1276
1373
1361
1319
1283
1380
1431
1670
1707
1385
837
-1108
-1108
-1906
-2284
-2263
-1995
-1394
-843
381
381
688
563
334
312
312
562
996
1074
1162
955
768
401
-487
-487
-876
-951
-879
-578
-383
-291
-394
-491
-572
-681
-755
-816
-697
-439
398
398
340
-361
-361
-394
-329
-387
-387
-633
-720
-664
-527
-381
386
386
636
899
1123
1287
1323
1331
1328
1322
1400
1460
1672
1687
1416
884
-953
-953
-1803
-2220
-2284
-1953
-1494
-885
308
308
572
565
399
292
292
603
857
1078
1047
983
777
507
-315
-315
-599
-712
-609
-489
-384
-366
-414
-509
-605
-628
-691
-654
-554
-349
305
305
-398
-398
-524
-490
-447
-335
-276
366
366
518
716
905
1106
1273
1323
1402
1387
1502
1599
1804
1858
1628
1169
384
-423
-1309
-1777
-2073
-1875
-1622
-1075
-521
340
340
382
369
496
496
716
965
1058
1071
978
726
390
-365
-365
-600
-609
-586
-481
-379
-382
-379
-491
-520
-639
-610
-568
-405
-401
-401
-466
-470
-391
-322
345
345
457
577
718
900
1071
1223
1369
1446
1594
1718
1894
1825
1518
935
-658
-658
-1286
-1698
-1789
-1631
-1320
-911
-479
295
295
537
820
954
1006
943
807
569
-322
-322
-462
-540
-519
-470
-465
-493
-553
-546
-510
-510
-491
-463
-334
-328
-328
-300
-364
-341
-293
313
313
375
436
549
699
885
996
1115
1219
1452
1654
1924
1913
1654
1164
451
-286
-966
-1345
-1617
-1514
-1345
-926
-580
317
317
533
748
846
909
834
628
326
-376
-376
-418
-450
-379
-396
-384
-503
-498
-549
-575
-588
-547
-425
-311
-275
-275
-284
-317
-336
-282
356
356
479
664
848
923
1086
1197
1410
1590
1744
1551
1168
619
-596
-596
-1094
-1316
-1432
-1212
-985
-608
-303
-279
-279
321
321
515
675
755
720
612
347
-282
-282
-374
-351
-323
-287
-403
-403
-399
-523
-488
-568
-529
-488
-366
292
292
290
290
402
596
708
863
986
1182
1391
1578
1596
1276
916
310
-713
-713
-1011
-1208
-1174
-994
-757
-410
-308
-308
381
381
526
559
574
387
-324
-324
-326
-304
-295
-324
-356
-316
-316
-279
-367
-424
-467
-380
-327
-287
-287
-274
-274
-336
-310
320
320
387
504
568
706
853
1070
1220
1362
1263
994
597
-328
-328
-769
-1026
-1211
-1091
-968
-649
-461
-274
-274
-275
314
314
352
411
330
-273
-273
-366
-409
-428
-428
-326
-281
-281
-358
-400
-380
-331
-283
-287
-287
-347
-391
-483
-431
-368
286
286
301
311
405
469
597
744
872
994
1122
1179
978
777
342
-462
-462
-744
-993
-1042
-915
-817
-539
-450
-326
-326
316
316
302
280
-289
-289
-317
-426
-413
-438
-329
-292
-292
-302
-302
-305
-305
-387
-430
-453
-403
-340
313
313
376
428
432
495
520
648
685
824
903
1060
1040
897
659
281
-460
-460
-697
-951
-926
-900
-731
-535
-410
-322
-352
-288
-314
-278
-278
-350
-460
-484
-485
-410
-276
-276
-278
-293
-293
-350
-372
-327
330
330
386
439
481
535
635
695
787
870
987
969
870
657
404
-366
-366
-596
-711
-755
-707
-612
-491
-471
-400
-368
-285
-278
-278
-339
-402
-366
-298
-284
-284
356
356
423
468
487
544
607
716
835
942
911
843
642
475
-381
-381
-487
-532
-481
-469
-397
-426
-368
-370
-296
-276
-285
-285
-285
-285
293
293
367
375
417
442
518
604
726
775
733
661
532
448
315
-323
-323
-318
-313
310
310
353
399
444
515
545
545
526
526
540
525
484
396
317
-278
-278
303
303
355
408
468
491
520
537
567
614
617
596
519
454
373
308
289
289
315
344
387
438
488
504
485
446
411
379
345
293
323
323
334
334
330
330
339
333
334
316
283
280
-310
-310
-512
-535
-590
-757
-732
-776
-888
-933
-872
-874
-874
-753
-851
-790
-720
-769
-685
-745
-710
-625
-641
-614
-600
-584
-600
-578
-582
-619
-576
-564
-544
-527
-497
-605
-489
-417
-476
-438
-416
-401
-356
-320
-349
-322
-308
-288
-288
299
299
286
286
316
316
286
286
313
313
321
284
284
299
299
313
313
-360
-360
-303
-303
283
283
295
277
347
307
312
328
299
291
295
284
317
311
288
308
293
293
282
282
351
277
338
387
363
387
371
505
417
468
518
519
492
585
574
606
632
584
617
634
664
641
656
777
566
594
573
546
578
354
476
415
315
349
286
274
313
-367
-367
-281
-462
-459
-499
-661
-454
-629
-522
-413
-610
-402
-481
-637
-421
-471
-550
-453
-396
-431
-432
-301
-419
-388
-377
-377
-281
-281
-299
-299
-289
-324
-307
-378
-378
-289
-356
-454
-342
-434
-576
-435
-586
-682
-575
-659
-697
-708
-726
-770
-861
-800
-905
-892
-869
-1009
-975
-1029
-1000
-1073
-1106
-1039
-1086
-1142
-1067
-1241
-1122
-1087
-1304
-1114
-1113
-1326
-980
-1294
-1109
-1385
-960
-897
-1843
-337
-1323
-1204
-496
-1396
-831
-732
-1165
-729
-829
-992
-1309
-1309
-592
-819
-796
-484
-954
-713
-748
-748
-604
-661
-602
-549
-604
-549
-475
-553
-493
-417
-455
-538
-384
-510
-340
-360
-436
-306
-458
-724
-724
385
-902
30748
7664
-32768
32211
10458
-25435
30179
-8356
-5534
16188
-8446
2617
6109
-4423
2035
1792
729
1762
1762
-1018
-1609
2232
-1887
634
537
-1394
882
-447
542
542
-850
-316
-316
632
632
-552
-326
-326
-279
-279
-276
-276
-561
1407
26742
1486
-24143
26234
-7125
-7231
15166
-9915
2397
-421
956
-1658
4292
-4152
1251
11374
2836
-9803
7171
696
-4979
2840
-1832
-1644
4147
-1969
3627
1786
-3239
2050
-472
-1052
2136
662
846
1289
-672
613
641
-318
665
323
323
1441
682
611
611
953
448
371
371
557
336
484
484
675
677
387
441
441
678
488
663
284
425
425
527
459
380
397
397
392
460
460
428
278
278
609
301
301
327
327
-279
-328
-328
-450
-372
-724
-724
-551
-481
-540
-376
-372
-457
-621
-630
-673
-486
-464
-568
-673
-754
-815
-745
-694
-593
-615
-809
-806
-786
-772
-735
-797
-730
-791
-727
-712
-673
-748
-779
-724
-915
-818
-871
-839
-721
-764
-753
-737
-766
-752
-679
-821
-685
-739
-708
-623
-709
-664
-644
-670
-643
-709
-713
-678
-671
-591
-660
-585
-599
-640
-588
-675
-650
-508
-621
-480
-496
-630
-581
-635
-537
-579
-554
-452
-536
-585
-536
-603
-600
-543
-509
-462
-507
-534
-487
-471
-529
-460
-608
-582
-665
-636
-621
-573
-583
-599
-623
-653
-642
-587
-609
-620
-615
-650
-600
-632
-643
-575
-472
-420
-486
-575
-619
-648
-593
-490
-456
-540
-463
-630
-587
-526
-630
-402
-453
-610
-482
-567
-595
-463
-628
-473
-518
-640
-560
-506
-514
-420
-512
-555
-387
-499
-515
-406
-504
-453
-435
-497
-416
-368
-355
-469
-386
-414
-402
-343
-397
-318
-351
-420
-368
-286
-350
-404
-402
-468
-415
-348
-311
-311
-390
-384
-447
-342
-338
-366
-433
-413
-450
-322
-358
-365
-362
-298
-298
-298
-364
-544
-341
-341
-322
-322
-292
-292
292
292
294
294
401
328
304
304
327
327
370
335
339
306
325
326
381
339
360
315
311
346
349
334
390
298
423
339
412
503
602
602
369
569
515
416
415
472
381
494
438
423
457
441
436
372
451
476
440
421
422
368
407
354
338
367
341
378
366
388
374
372
377
385
366
385
367
355
342
313
322
308
342
293
289
403
403
332
286
286
276
276
316
303
336
509
509
441
364
364
579
579
471
395
544
465
458
527
420
460
454
451
567
525
547
628
573
609
621
531
637
536
543
562
607
751
645
635
610
582
594
542
514
498
515
468
491
533
501
570
521
526
499
487
480
415
426
400
428
451
492
566
498
562
567
492
539
490
483
481
473
482
495
497
513
504
514
544
514
511
474
450
450
381
398
377
347
348
308
298
300
281
281
