2
9
9
10
10
10
10
9
10
12
12
12
10
12
12
12
12
12
12
12
25
26
26
26
25
12
12
25
12
26
26
26
26
26
26
26
12
10
10
25
26
25
12
12
26
26
25
12
26
26
10
9
9
10
10
12
31
28
27
26
25
26
27
28
28
31
31
31
31
32
32
32
32
32
32
32
32
32
31
29
29
24
24
22
22
22
22
24
24
30
28
27
27
27
27
27
27
27
27
27
27
27
27
27
27
27
27
27
27
27
27
28
28
28
28
28
28
28
28
28
28
28
28
28
28
31
31
31
31
31
31
31
32
32
32
32
32
32
32
32
32
32
32
32
32
32
32
32
32
32
32
32
32
32
32
32
32
32
32
32
32
