17
19
19
19
20
23
23
22
24
29
28
31
32
30
32
32
32
31
29
24
24
24
24
24
24
24
23
23
23
23
24
30
30
29
28
28
28
28
27
27
27
27
27
27
27
27
26
26
26
26
27
27
27
27
27
27
27
26
26
26
27
27
27
27
27
27
27
27
27
27
28
28
28
28
28
28
27
27
27
27
27
27
27
28
28
28
28
28
28
28
28
28
28
28
28
31
31
31
31
31
31
31
32
32
32
32
32
32
32
32
32
32
32
32
32
32
32
32
32
32
32
32
32
32
32
32
32
32
32
