17
19
19
19
19
20
20
20
21
22
22
24
24
29
31
32
32
32
32
32
32
32
31
29
24
24
24
24
24
24
24
30
30
30
30
31
28
28
28
27
27
27
27
27
27
27
27
27
27
27
27
27
27
28
28
27
27
27
27
27
27
27
27
27
27
27
27
28
28
28
28
27
27
27
27
27
27
27
27
28
28
28
28
28
28
28
28
28
28
28
28
28
28
28
28
28
31
31
31
31
31
31
31
31
31
31
31
32
32
32
32
32
32
32
32
32
32
32
32
32
32
32
32
32
32
32
32
32
32
32
