1
9
9
9
12
25
10
9
10
10
10
10
12
26
26
26
12
12
26
27
31
27
27
27
26
26
26
26
12
25
26
26
26
27
25
26
31
31
28
28
31
31
32
31
31
31
31
31
32
32
32
32
31
32
32
31
28
29
29
22
22
24
29
29
29
29
29
29
29
30
31
31
31
31
28
28
28
28
28
28
28
28
28
28
28
28
28
28
31
29
29
29
24
22
22
22
22
22
22
22
22
24
30
30
29
28
28
28
28
28
28
31
31
31
28
28
28
28
28
28
28
28
28
28
31
31
31
31
31
31
31
31
31
31
32
32
32
32
32
32
32
32
